timestamp,event_type,packet_id,message_id,src,dst,size,prev_hop,next_hop,flags
1769500632.717,RECEIVED,e27cdf4a-e834-41ae-9afd-76faf5bd8709,b184102d-69c9-4d34-a7bb-f4df18bffbe4,c3,DROP,1456,p3,?,
1769500632.8671706,RECEIVED,23cc0dd3-5b57-4eb3-812f-f43b9f1381ab,a10dad72-6db9-4339-b64d-22dd3498eb60,c2,DROP,1455,p2,?,
1769500632.9835308,RECEIVED,e8f99e3c-fd3b-434a-bd15-82495470564c,d2f66fa9-3206-41ed-b5cd-9927f715eb0d,c1,c5,2455,p1,?,
1769500633.3076391,RECEIVED,88fd222a-af57-4d2f-89d4-250e57c5b2e3,04dcf553-6b1d-4827-bbcc-117c34177bb2,c4,DROP,1457,p1,?,
1769500633.4446216,RECEIVED,350ea9f7-4b48-416b-a0d0-9e64c096fcac,84622dc0-09b2-48c4-bfa0-67976f5897a9,c1,DROP,1444,p1,?,
1769500633.5855782,RECEIVED,e2d6002a-504e-4bd9-988d-e6ea8007191e,35a1ad6b-3978-4d2d-b6ca-b85598576859,c1,c5,2468,p1,?,
1769500633.6192281,SENT,88fd222a-af57-4d2f-89d4-250e57c5b2e3,04dcf553-6b1d-4827-bbcc-117c34177bb2,c4,DROP,1020,?,i10,
1769500633.6193604,FORWARDED,88fd222a-af57-4d2f-89d4-250e57c5b2e3,04dcf553-6b1d-4827-bbcc-117c34177bb2,c4,DROP,1020,?,i10,
1769500633.6332004,RECEIVED,62246829-25d6-49a7-b0b5-f27fc4a8f2f6,4c43cb87-8145-40ef-a043-5f799c177c7b,c4,DROP,442,x11,?,
1769500633.6578898,SENT,e2d6002a-504e-4bd9-988d-e6ea8007191e,35a1ad6b-3978-4d2d-b6ca-b85598576859,c1,c5,1777,?,i4,
1769500633.6579998,FORWARDED,e2d6002a-504e-4bd9-988d-e6ea8007191e,35a1ad6b-3978-4d2d-b6ca-b85598576859,c1,c5,1777,?,i4,
1769500633.6919382,RECEIVED,2f3c5c2e-c78d-4915-b618-5b206ca9b387,e08bf75f-8016-457d-94eb-95dc1ca48c99,c5,DROP,442,x8,?,
1769500633.697839,SENT,350ea9f7-4b48-416b-a0d0-9e64c096fcac,84622dc0-09b2-48c4-bfa0-67976f5897a9,c1,DROP,1011,?,i5,
1769500633.6979682,FORWARDED,350ea9f7-4b48-416b-a0d0-9e64c096fcac,84622dc0-09b2-48c4-bfa0-67976f5897a9,c1,DROP,1011,?,i5,
1769500633.8218071,SENT,e8f99e3c-fd3b-434a-bd15-82495470564c,d2f66fa9-3206-41ed-b5cd-9927f715eb0d,c1,c5,1768,?,i4,
1769500633.8219268,FORWARDED,e8f99e3c-fd3b-434a-bd15-82495470564c,d2f66fa9-3206-41ed-b5cd-9927f715eb0d,c1,c5,1768,?,i4,
1769500634.0424776,SENT,e27cdf4a-e834-41ae-9afd-76faf5bd8709,b184102d-69c9-4d34-a7bb-f4df18bffbe4,c3,DROP,1020,?,i12,
1769500634.0431752,FORWARDED,e27cdf4a-e834-41ae-9afd-76faf5bd8709,b184102d-69c9-4d34-a7bb-f4df18bffbe4,c3,DROP,1020,?,i12,
1769500634.2101038,RECEIVED,d680c156-5927-4d97-8674-fee85ad89127,57ac917f-3648-456e-9516-542f87c12460,c5,c2,2468,p2,?,
1769500634.493215,SENT,d680c156-5927-4d97-8674-fee85ad89127,57ac917f-3648-456e-9516-542f87c12460,c5,c2,1777,?,i11,
1769500634.4932992,FORWARDED,d680c156-5927-4d97-8674-fee85ad89127,57ac917f-3648-456e-9516-542f87c12460,c5,c2,1777,?,i11,
1769500634.504538,SENT,23cc0dd3-5b57-4eb3-812f-f43b9f1381ab,a10dad72-6db9-4339-b64d-22dd3498eb60,c2,DROP,1020,?,i7,
1769500634.5046105,FORWARDED,23cc0dd3-5b57-4eb3-812f-f43b9f1381ab,a10dad72-6db9-4339-b64d-22dd3498eb60,c2,DROP,1020,?,i7,
1769500634.5337012,RECEIVED,5194d962-3757-46df-982e-e31dfc77867c,df5f8396-2487-4771-9abe-4b9ffe77fceb,c4,DROP,1446,p1,?,
1769500634.6288962,RECEIVED,5353e8b8-796f-4d89-97b3-fc4a2905777d,94372141-ee22-4fe8-b4b5-104c57ab3697,c3,DROP,1444,p3,?,
1769500634.783913,RECEIVED,90d0814c-e35c-4adf-9b98-e72253b414c2,585d6fc6-17a0-472c-be57-92bae13054d2,c3,DROP,1443,p3,?,
1769500634.8124225,RECEIVED,12e94629-843c-41d6-9659-75241fa79e7a,7a1d11a7-7bcd-40bf-a7f8-86bfe823a726,c4,DROP,1439,p1,?,
1769500634.879987,RECEIVED,7b03a03d-74d0-4afc-8fc0-d4f2f1b317e4,d0a4f6fb-3df8-47ca-b578-2010902e852c,c3,DROP,441,x12,?,
1769500634.9644513,RECEIVED,8ca6e9ed-7f84-4f0d-a28e-2a0c6dfa6ecf,459905cd-2b89-4a86-a31c-49cba7326c5c,c4,DROP,442,x1,?,
1769500634.9783819,SENT,5353e8b8-796f-4d89-97b3-fc4a2905777d,94372141-ee22-4fe8-b4b5-104c57ab3697,c3,DROP,1011,?,i6,
1769500634.9784646,FORWARDED,5353e8b8-796f-4d89-97b3-fc4a2905777d,94372141-ee22-4fe8-b4b5-104c57ab3697,c3,DROP,1011,?,i6,
1769500634.9871998,RECEIVED,ad45e142-2fad-4459-9fef-5fb0eff1ea4b,b0bdec04-968d-408e-b6ae-2d32d9371743,c1,DROP,1442,p1,?,
1769500635.2474682,RECEIVED,fbeae749-2792-415a-9c44-83f88c94a81f,b2868449-360f-4c93-bcd8-3f579cd7d8fb,c5,DROP,1456,p2,?,
1769500635.3161356,SENT,90d0814c-e35c-4adf-9b98-e72253b414c2,585d6fc6-17a0-472c-be57-92bae13054d2,c3,DROP,1011,?,i4,
1769500635.316201,FORWARDED,90d0814c-e35c-4adf-9b98-e72253b414c2,585d6fc6-17a0-472c-be57-92bae13054d2,c3,DROP,1011,?,i4,
1769500635.377939,RECEIVED,5dc8a0b2-184a-4de2-9e6f-4cb1500396a8,c285ac12-21e5-4a0e-b2c7-b69e70ca5a3a,c1,DROP,441,x9,?,
1769500635.379006,RECEIVED,c8d6c69a-8bf7-4ef6-8b1c-bf5a49aaaa5f,384ba37d-bc38-4e5b-8314-162d9600331c,c5,DROP,1460,p2,?,
1769500635.6194131,SENT,5194d962-3757-46df-982e-e31dfc77867c,df5f8396-2487-4771-9abe-4b9ffe77fceb,c4,DROP,1014,?,i5,
1769500635.6195347,FORWARDED,5194d962-3757-46df-982e-e31dfc77867c,df5f8396-2487-4771-9abe-4b9ffe77fceb,c4,DROP,1014,?,i5,
1769500635.62336,RECEIVED,dcc217a3-014d-4cc6-9cc2-9d0af1fd94bb,5a33b617-bf79-48f6-94ef-3756203cbda4,c3,DROP,442,x2,?,
1769500635.751541,RECEIVED,2a64d852-256d-4e59-a041-752278acd010,cde3004a-437e-451d-be80-51c2449a4796,c3,c4,2455,p3,?,
1769500635.8925529,SENT,c8d6c69a-8bf7-4ef6-8b1c-bf5a49aaaa5f,384ba37d-bc38-4e5b-8314-162d9600331c,c5,DROP,1021,?,i12,
1769500635.8926675,FORWARDED,c8d6c69a-8bf7-4ef6-8b1c-bf5a49aaaa5f,384ba37d-bc38-4e5b-8314-162d9600331c,c5,DROP,1021,?,i12,
1769500635.933504,RECEIVED,2c79fa9c-a2ad-4326-982f-3d62f3752af3,a3711a9d-b7c3-4bb6-ae00-72683876dd7b,c3,DROP,1448,p3,?,
1769500635.9662447,RECEIVED,ddfaad02-fd78-43a8-bd94-47593bfac4b4,60c896a9-a1c1-4f87-9433-e7483475d3bc,c3,c4,2455,p3,?,
1769500636.1208587,RECEIVED,fa7a8fbe-b9ee-47ba-a705-325f5c7f53b9,0c3b91f9-161e-4dce-8eff-a0bbda897f05,c3,DROP,1449,p3,?,
1769500636.151985,RECEIVED,da89a63d-f190-4441-a648-537df8268eb5,fb95cda4-426f-4de4-88e6-1f1f14259246,c5,DROP,1450,p2,?,
1769500636.1946788,SENT,fa7a8fbe-b9ee-47ba-a705-325f5c7f53b9,0c3b91f9-161e-4dce-8eff-a0bbda897f05,c3,DROP,1013,?,i5,
1769500636.1947317,FORWARDED,fa7a8fbe-b9ee-47ba-a705-325f5c7f53b9,0c3b91f9-161e-4dce-8eff-a0bbda897f05,c3,DROP,1013,?,i5,
1769500636.218261,SENT,2c79fa9c-a2ad-4326-982f-3d62f3752af3,a3711a9d-b7c3-4bb6-ae00-72683876dd7b,c3,DROP,1013,?,i4,
1769500636.2183137,FORWARDED,2c79fa9c-a2ad-4326-982f-3d62f3752af3,a3711a9d-b7c3-4bb6-ae00-72683876dd7b,c3,DROP,1013,?,i4,
1769500636.3307323,RECEIVED,320a7a95-b959-40cf-abc6-a6b8dcd1ff8c,2229a9e4-21b6-4405-8daf-549a10ada86c,c4,DROP,1440,p1,?,
1769500636.3638718,SENT,12e94629-843c-41d6-9659-75241fa79e7a,7a1d11a7-7bcd-40bf-a7f8-86bfe823a726,c4,DROP,1008,?,i9,
1769500636.3639238,FORWARDED,12e94629-843c-41d6-9659-75241fa79e7a,7a1d11a7-7bcd-40bf-a7f8-86bfe823a726,c4,DROP,1008,?,i9,
1769500636.3812077,SENT,ddfaad02-fd78-43a8-bd94-47593bfac4b4,60c896a9-a1c1-4f87-9433-e7483475d3bc,c3,c4,1768,?,i2,
1769500636.3812616,FORWARDED,ddfaad02-fd78-43a8-bd94-47593bfac4b4,60c896a9-a1c1-4f87-9433-e7483475d3bc,c3,c4,1768,?,i2,
1769500636.4096148,SENT,320a7a95-b959-40cf-abc6-a6b8dcd1ff8c,2229a9e4-21b6-4405-8daf-549a10ada86c,c4,DROP,1008,?,i3,
1769500636.409658,FORWARDED,320a7a95-b959-40cf-abc6-a6b8dcd1ff8c,2229a9e4-21b6-4405-8daf-549a10ada86c,c4,DROP,1008,?,i3,
1769500636.454149,SENT,fbeae749-2792-415a-9c44-83f88c94a81f,b2868449-360f-4c93-bcd8-3f579cd7d8fb,c5,DROP,1020,?,i11,
1769500636.4551117,FORWARDED,fbeae749-2792-415a-9c44-83f88c94a81f,b2868449-360f-4c93-bcd8-3f579cd7d8fb,c5,DROP,1020,?,i11,
1769500636.6864471,RECEIVED,d9dfc6a6-f227-4875-8455-0d23c6a121eb,2ab1323f-7981-4e93-a2cb-9dc8b35bd0af,c2,DROP,1442,p2,?,
1769500636.7129173,RECEIVED,75e4f311-5a4d-46c5-9545-338db3fe9d5c,09e599bf-99ae-42e2-963e-c1e13163223e,c5,None,2226,p2,?,
1769500636.8419454,SENT,2a64d852-256d-4e59-a041-752278acd010,cde3004a-437e-451d-be80-51c2449a4796,c3,c4,1768,?,i9,
1769500636.8420057,FORWARDED,2a64d852-256d-4e59-a041-752278acd010,cde3004a-437e-451d-be80-51c2449a4796,c3,c4,1768,?,i9,
1769500636.8841734,SENT,d9dfc6a6-f227-4875-8455-0d23c6a121eb,2ab1323f-7981-4e93-a2cb-9dc8b35bd0af,c2,DROP,1009,?,i5,
1769500636.8842165,FORWARDED,d9dfc6a6-f227-4875-8455-0d23c6a121eb,2ab1323f-7981-4e93-a2cb-9dc8b35bd0af,c2,DROP,1009,?,i5,
1769500636.9784942,RECEIVED,ea56a3de-0981-4419-836f-29329232ae6c,1ec4bb28-96af-4940-9a41-b921ec782875,c2,DROP,1455,p2,?,
1769500637.0765753,RECEIVED,cc2ee4c7-1da2-4ee8-8de1-cefee674d078,5a4eb086-cef7-4787-a1cc-a13429dd0cba,c3,DROP,441,x5,?,
1769500637.1832988,RECEIVED,529c0902-1df0-4f22-9a2f-b0dd754125cc,a2d317f2-035a-4310-be2f-da4b7f89e6a5,c3,DROP,1448,p3,?,
1769500637.2222373,SENT,529c0902-1df0-4f22-9a2f-b0dd754125cc,a2d317f2-035a-4310-be2f-da4b7f89e6a5,c3,DROP,1014,?,i7,
1769500637.2222812,FORWARDED,529c0902-1df0-4f22-9a2f-b0dd754125cc,a2d317f2-035a-4310-be2f-da4b7f89e6a5,c3,DROP,1014,?,i7,
1769500637.29222,RECEIVED,a7c16058-992d-424e-96ff-830abe36137a,1ad0e871-8930-442e-837e-06f2401821a5,c3,DROP,1444,p3,?,
1769500637.302628,RECEIVED,4f830d6d-0604-4bfe-9c36-8b365e8bbfd5,f167bf00-2223-47f1-af05-3eff9b4f39fb,c5,DROP,441,x9,?,
1769500637.3835013,SENT,ad45e142-2fad-4459-9fef-5fb0eff1ea4b,b0bdec04-968d-408e-b6ae-2d32d9371743,c1,DROP,1009,?,i3,
1769500637.3835428,FORWARDED,ad45e142-2fad-4459-9fef-5fb0eff1ea4b,b0bdec04-968d-408e-b6ae-2d32d9371743,c1,DROP,1009,?,i3,
1769500637.4126167,SENT,da89a63d-f190-4441-a648-537df8268eb5,fb95cda4-426f-4de4-88e6-1f1f14259246,c5,DROP,1016,?,i6,
1769500637.4126575,FORWARDED,da89a63d-f190-4441-a648-537df8268eb5,fb95cda4-426f-4de4-88e6-1f1f14259246,c5,DROP,1016,?,i6,
1769500637.4614913,RECEIVED,b35e3b09-d723-4a3d-b22b-64b33ce81e9c,707c71a1-c5cf-4e4d-9978-bc3ae7c1aca9,c2,c1,2460,p2,?,
1769500637.688169,RECEIVED,4d4b65c1-485e-4695-b5be-7e57b060f359,773a6918-ba25-40a7-a267-5c989c11456c,c4,DROP,1447,p1,?,
1769500637.7283847,RECEIVED,417dc809-45aa-460b-acfd-115383285f6e,424c2f91-c001-4921-9c59-8d505e65ed30,c5,DROP,442,x8,?,
1769500637.736964,SENT,a7c16058-992d-424e-96ff-830abe36137a,1ad0e871-8930-442e-837e-06f2401821a5,c3,DROP,1009,?,i12,
1769500637.7370055,FORWARDED,a7c16058-992d-424e-96ff-830abe36137a,1ad0e871-8930-442e-837e-06f2401821a5,c3,DROP,1009,?,i12,
1769500637.791177,RECEIVED,65ea0184-e757-4b9b-ab08-ba2fd5923bec,b7d7f44c-635f-412b-be48-9b0bcb159b5d,c1,c5,2460,p1,?,
1769500637.8250268,SENT,b35e3b09-d723-4a3d-b22b-64b33ce81e9c,707c71a1-c5cf-4e4d-9978-bc3ae7c1aca9,c2,c1,1772,?,i7,
1769500637.825075,FORWARDED,b35e3b09-d723-4a3d-b22b-64b33ce81e9c,707c71a1-c5cf-4e4d-9978-bc3ae7c1aca9,c2,c1,1772,?,i7,
1769500637.8277793,RECEIVED,ba8927d5-8f83-432b-b60c-ac88eef49089,d58b24db-6616-42c7-9a03-8616d281fc32,c5,None,2228,p2,?,
1769500637.8605585,RECEIVED,31f17d4a-e9a9-4bb4-a1b9-309518b0c592,a7468ab7-ba50-4a5a-a838-7ac935613063,c2,DROP,1451,p2,?,
1769500637.9067767,RECEIVED,c5b1bb62-adb4-407f-b049-9f1d2ac145b2,58219d51-e568-4c18-8ffc-cce6d30288d5,c3,DROP,1447,p3,?,
1769500637.9277208,RECEIVED,e40169e3-310e-4313-837c-3a49247b6897,23edf61e-8ac5-4059-964f-580417be9ed4,c5,DROP,443,x5,?,
1769500637.9673042,SENT,31f17d4a-e9a9-4bb4-a1b9-309518b0c592,a7468ab7-ba50-4a5a-a838-7ac935613063,c2,DROP,1016,?,i1,
1769500637.9673438,FORWARDED,31f17d4a-e9a9-4bb4-a1b9-309518b0c592,a7468ab7-ba50-4a5a-a838-7ac935613063,c2,DROP,1016,?,i1,
1769500637.9859684,SENT,65ea0184-e757-4b9b-ab08-ba2fd5923bec,b7d7f44c-635f-412b-be48-9b0bcb159b5d,c1,c5,1771,?,i6,
1769500637.9860108,FORWARDED,65ea0184-e757-4b9b-ab08-ba2fd5923bec,b7d7f44c-635f-412b-be48-9b0bcb159b5d,c1,c5,1771,?,i6,
1769500638.040977,SENT,ba8927d5-8f83-432b-b60c-ac88eef49089,d58b24db-6616-42c7-9a03-8616d281fc32,c5,None,1597,?,i1,
1769500638.0410194,FORWARDED,ba8927d5-8f83-432b-b60c-ac88eef49089,d58b24db-6616-42c7-9a03-8616d281fc32,c5,None,1597,?,i1,
1769500638.061613,RECEIVED,2021bdec-6b6f-44b8-a0a5-3e8a646db0df,e9a99dad-1bd2-4517-8098-10eb1a250733,c3,DROP,441,x8,?,
1769500638.0809917,SENT,75e4f311-5a4d-46c5-9545-338db3fe9d5c,09e599bf-99ae-42e2-963e-c1e13163223e,c5,None,1599,?,i5,
1769500638.0810359,FORWARDED,75e4f311-5a4d-46c5-9545-338db3fe9d5c,09e599bf-99ae-42e2-963e-c1e13163223e,c5,None,1599,?,i5,
1769500638.2135792,SENT,ea56a3de-0981-4419-836f-29329232ae6c,1ec4bb28-96af-4940-9a41-b921ec782875,c2,DROP,1018,?,i1,
1769500638.2136228,FORWARDED,ea56a3de-0981-4419-836f-29329232ae6c,1ec4bb28-96af-4940-9a41-b921ec782875,c2,DROP,1018,?,i1,
1769500638.2467165,SENT,4d4b65c1-485e-4695-b5be-7e57b060f359,773a6918-ba25-40a7-a267-5c989c11456c,c4,DROP,1013,?,i10,
1769500638.2467577,FORWARDED,4d4b65c1-485e-4695-b5be-7e57b060f359,773a6918-ba25-40a7-a267-5c989c11456c,c4,DROP,1013,?,i10,
1769500638.759196,SENT,c5b1bb62-adb4-407f-b049-9f1d2ac145b2,58219d51-e568-4c18-8ffc-cce6d30288d5,c3,DROP,1012,?,i2,
1769500638.7592463,FORWARDED,c5b1bb62-adb4-407f-b049-9f1d2ac145b2,58219d51-e568-4c18-8ffc-cce6d30288d5,c3,DROP,1012,?,i2,
1769500638.766159,RECEIVED,56d43aa9-db25-4ce7-9992-449fa9a1f8aa,e92e28b6-d83d-468e-adbe-8437825e0699,c1,DROP,1435,p1,?,
1769500638.7823305,RECEIVED,fc79c458-0bca-46e8-904d-54936b5148a2,257e918a-5afa-4daa-9c9b-7f7182220068,c3,c4,2448,p3,?,
1769500638.7918272,RECEIVED,3287a556-4ee7-4fbe-b789-43225ef5e63c,8e72e09d-6532-4d8b-812f-e7a821089fde,c1,DROP,442,x7,?,
1769500638.824004,RECEIVED,090b77c2-c8fb-4382-94c7-299ecc8fbd4c,efc34cb3-86b2-4684-9681-61cd1065c34d,c5,DROP,442,x9,?,
1769500638.853127,RECEIVED,e9c1a40e-998a-42a6-91aa-aeaf2adb70e0,2c270d14-4df6-4b02-997d-417a46bcf931,c5,None,2227,p2,?,
1769500638.8719783,SENT,fc79c458-0bca-46e8-904d-54936b5148a2,257e918a-5afa-4daa-9c9b-7f7182220068,c3,c4,1764,?,i4,
1769500638.8720164,FORWARDED,fc79c458-0bca-46e8-904d-54936b5148a2,257e918a-5afa-4daa-9c9b-7f7182220068,c3,c4,1764,?,i4,
1769500638.9346843,RECEIVED,7cfedc27-8bb4-401b-af81-0bf5a8355ad5,ae01eac1-e2d1-4120-a55e-55383faddc2d,c1,DROP,1445,p1,?,
1769500638.9486065,SENT,7cfedc27-8bb4-401b-af81-0bf5a8355ad5,ae01eac1-e2d1-4120-a55e-55383faddc2d,c1,DROP,1009,?,i5,
1769500638.9486482,FORWARDED,7cfedc27-8bb4-401b-af81-0bf5a8355ad5,ae01eac1-e2d1-4120-a55e-55383faddc2d,c1,DROP,1009,?,i5,
1769500638.9885957,RECEIVED,f8a9ec34-be95-48c9-a797-e4fe84a2eb26,bf453b6d-b725-4e74-b57b-5cf5a23d5e94,c5,DROP,441,x2,?,
1769500639.0930862,RECEIVED,c3a92846-961e-43e4-bdbf-6a6066abfd1e,84790db6-2193-4747-a687-8ec256545481,c2,c1,2458,p2,?,
1769500639.3747675,RECEIVED,b80d3812-eac3-41c4-bad0-f8c16bbeaa77,927d2552-a00a-4abc-ad5a-a287849ce115,c2,c1,2447,p2,?,
1769500639.4885893,RECEIVED,831a0674-78d2-4403-b445-efd69b5abf25,0c7dcf06-2df5-43e5-8eba-c754a1749587,c5,DROP,1450,p2,?,
1769500639.524962,RECEIVED,7ca1fee3-bbe0-4000-9693-77b06cb3b6b3,68164744-6818-4712-b3d0-60fb4245bdfa,c5,DROP,441,x7,?,
1769500639.6445212,SENT,56d43aa9-db25-4ce7-9992-449fa9a1f8aa,e92e28b6-d83d-468e-adbe-8437825e0699,c1,DROP,1003,?,i7,
1769500639.6445603,FORWARDED,56d43aa9-db25-4ce7-9992-449fa9a1f8aa,e92e28b6-d83d-468e-adbe-8437825e0699,c1,DROP,1003,?,i7,
1769500639.6651752,SENT,b80d3812-eac3-41c4-bad0-f8c16bbeaa77,927d2552-a00a-4abc-ad5a-a287849ce115,c2,c1,1764,?,i2,
1769500639.6652129,FORWARDED,b80d3812-eac3-41c4-bad0-f8c16bbeaa77,927d2552-a00a-4abc-ad5a-a287849ce115,c2,c1,1764,?,i2,
1769500639.7142675,SENT,c3a92846-961e-43e4-bdbf-6a6066abfd1e,84790db6-2193-4747-a687-8ec256545481,c2,c1,1771,?,i6,
1769500639.7143078,FORWARDED,c3a92846-961e-43e4-bdbf-6a6066abfd1e,84790db6-2193-4747-a687-8ec256545481,c2,c1,1771,?,i6,
1769500639.921342,RECEIVED,2db00a70-21d8-4003-b1de-51ec1f8ba9ca,2e849df6-99bd-47ed-a0c4-bf87a31e473d,c2,DROP,441,x1,?,
1769500639.929273,SENT,e9c1a40e-998a-42a6-91aa-aeaf2adb70e0,2c270d14-4df6-4b02-997d-417a46bcf931,c5,None,1599,?,i8,
1769500639.9293149,FORWARDED,e9c1a40e-998a-42a6-91aa-aeaf2adb70e0,2c270d14-4df6-4b02-997d-417a46bcf931,c5,None,1599,?,i8,
1769500640.002714,RECEIVED,be970261-df60-4d5b-99d1-c67501a444a8,d6de3470-677d-4aac-b43a-43f6b9856aec,c1,DROP,1439,p1,?,
1769500640.041693,RECEIVED,bdc7be31-8ada-4516-8b68-72df0cdb7de8,80023591-a23b-44f4-861c-a49f02b36fb3,c1,DROP,1453,p1,?,
1769500640.2262626,RECEIVED,0904cd64-c1f6-4a14-948b-c2bcb991fa33,09e65da8-8b28-44ce-9a18-c5af9be2f2c7,c2,DROP,1452,p2,?,
1769500640.2299907,SENT,831a0674-78d2-4403-b445-efd69b5abf25,0c7dcf06-2df5-43e5-8eba-c754a1749587,c5,DROP,1015,?,i6,
1769500640.2300277,FORWARDED,831a0674-78d2-4403-b445-efd69b5abf25,0c7dcf06-2df5-43e5-8eba-c754a1749587,c5,DROP,1015,?,i6,
1769500640.270636,RECEIVED,ac4b1eaf-589f-4209-91e5-b0931d5ae4e8,182df5ab-bf90-451f-b3f4-12238ecfa00c,c5,DROP,1456,p2,?,
1769500640.374373,RECEIVED,f0237a60-89bd-4d0e-b163-9dbc92565710,450dc6ad-479c-4ee4-b045-f6479474efcc,c4,None,2239,p1,?,
1769500640.4787347,RECEIVED,a9dbf420-5147-457a-9e56-efe66680e91b,fb12a195-2cab-462c-a922-817855afa3a7,c5,DROP,1448,p2,?,
1769500640.507993,SENT,bdc7be31-8ada-4516-8b68-72df0cdb7de8,80023591-a23b-44f4-861c-a49f02b36fb3,c1,DROP,1015,?,i10,
1769500640.5080433,FORWARDED,bdc7be31-8ada-4516-8b68-72df0cdb7de8,80023591-a23b-44f4-861c-a49f02b36fb3,c1,DROP,1015,?,i10,
1769500640.5344346,SENT,a9dbf420-5147-457a-9e56-efe66680e91b,fb12a195-2cab-462c-a922-817855afa3a7,c5,DROP,1014,?,i5,
1769500640.534474,FORWARDED,a9dbf420-5147-457a-9e56-efe66680e91b,fb12a195-2cab-462c-a922-817855afa3a7,c5,DROP,1014,?,i5,
1769500640.5938578,SENT,0904cd64-c1f6-4a14-948b-c2bcb991fa33,09e65da8-8b28-44ce-9a18-c5af9be2f2c7,c2,DROP,1015,?,i6,
1769500640.5938969,FORWARDED,0904cd64-c1f6-4a14-948b-c2bcb991fa33,09e65da8-8b28-44ce-9a18-c5af9be2f2c7,c2,DROP,1015,?,i6,
1769500640.6591065,SENT,f0237a60-89bd-4d0e-b163-9dbc92565710,450dc6ad-479c-4ee4-b045-f6479474efcc,c4,None,1608,?,i5,
1769500640.6591516,FORWARDED,f0237a60-89bd-4d0e-b163-9dbc92565710,450dc6ad-479c-4ee4-b045-f6479474efcc,c4,None,1608,?,i5,
1769500640.7279563,RECEIVED,e9e4b5d7-fef3-4a69-9f75-fd2d4d236ac2,2b9658c3-cf89-48c6-8e2c-e78e731a377f,c2,DROP,442,x8,?,
1769500640.7411237,SENT,be970261-df60-4d5b-99d1-c67501a444a8,d6de3470-677d-4aac-b43a-43f6b9856aec,c1,DROP,1008,?,i3,
1769500640.7412105,FORWARDED,be970261-df60-4d5b-99d1-c67501a444a8,d6de3470-677d-4aac-b43a-43f6b9856aec,c1,DROP,1008,?,i3,
1769500640.7959633,SENT,ac4b1eaf-589f-4209-91e5-b0931d5ae4e8,182df5ab-bf90-451f-b3f4-12238ecfa00c,c5,DROP,1019,?,i12,
1769500640.7960103,FORWARDED,ac4b1eaf-589f-4209-91e5-b0931d5ae4e8,182df5ab-bf90-451f-b3f4-12238ecfa00c,c5,DROP,1019,?,i12,
1769500640.9055007,RECEIVED,ef17791b-bddf-4cad-a6b1-f98616ab2e95,ca90508c-e890-4973-ab04-ffffd7dcf8a6,c4,DROP,1443,p1,?,
1769500641.0168335,RECEIVED,dd988011-69fa-424f-a04f-7f2e73aa4ffd,2574aaf6-7c79-4f4d-8da4-e3a632227a8d,c1,DROP,443,x4,?,
1769500641.0644517,RECEIVED,e1161a31-6b19-4b81-9b3d-948ff8dc05aa,1cf736cf-c6dd-4f63-bce6-ae72af638538,c2,DROP,1440,p2,?,
1769500641.1304576,RECEIVED,ab42fd10-9f64-4ebc-a033-55ec46198fc5,f854ad4c-1aab-4138-8a2b-473dc96ce684,c4,DROP,1444,p1,?,
1769500641.1575568,RECEIVED,54bfc3ea-2557-4474-861a-f90a2455919a,df80312a-9664-42e2-aacc-cafef2bca5c4,c3,DROP,1456,p3,?,
1769500641.3700328,SENT,54bfc3ea-2557-4474-861a-f90a2455919a,df80312a-9664-42e2-aacc-cafef2bca5c4,c3,DROP,1019,?,i11,
1769500641.3700988,FORWARDED,54bfc3ea-2557-4474-861a-f90a2455919a,df80312a-9664-42e2-aacc-cafef2bca5c4,c3,DROP,1019,?,i11,
1769500641.377972,SENT,ab42fd10-9f64-4ebc-a033-55ec46198fc5,f854ad4c-1aab-4138-8a2b-473dc96ce684,c4,DROP,1011,?,i6,
1769500641.3780131,FORWARDED,ab42fd10-9f64-4ebc-a033-55ec46198fc5,f854ad4c-1aab-4138-8a2b-473dc96ce684,c4,DROP,1011,?,i6,
1769500641.4290345,RECEIVED,c0854e64-af81-45c3-837a-0a74a7d80020,43d7f464-5ccd-499a-be2c-cdc0727f2399,c5,DROP,1451,p2,?,
1769500641.4397566,RECEIVED,ca0ac57d-0236-4b01-973b-f18b000743c6,8bc117c0-cd1c-4243-b82c-9dca717008a4,c2,DROP,441,x4,?,
1769500641.445481,SENT,ef17791b-bddf-4cad-a6b1-f98616ab2e95,ca90508c-e890-4973-ab04-ffffd7dcf8a6,c4,DROP,1011,?,i6,
1769500641.4455214,FORWARDED,ef17791b-bddf-4cad-a6b1-f98616ab2e95,ca90508c-e890-4973-ab04-ffffd7dcf8a6,c4,DROP,1011,?,i6,
1769500641.452583,RECEIVED,90dd4c0b-305f-4117-94f1-422a07f2d153,51200dc2-ec0f-40f9-8815-c573f771fc3e,c2,c1,2459,p2,?,
1769500641.4578075,SENT,e1161a31-6b19-4b81-9b3d-948ff8dc05aa,1cf736cf-c6dd-4f63-bce6-ae72af638538,c2,DROP,1008,?,i10,
1769500641.457848,FORWARDED,e1161a31-6b19-4b81-9b3d-948ff8dc05aa,1cf736cf-c6dd-4f63-bce6-ae72af638538,c2,DROP,1008,?,i10,
1769500641.7847266,RECEIVED,452990bb-5c21-4927-b5c9-a375bff067d4,ef3c9358-3034-4905-8716-a45ed3490bcb,c1,DROP,1443,p1,?,
1769500641.8042932,RECEIVED,54fa04a7-1631-44f3-96dd-fc2de3b11b50,5c1a8d3a-0d5d-4998-a232-6ab012fdbc60,c5,DROP,1446,p2,?,
1769500641.8215058,RECEIVED,b1cf3955-2348-4d85-a81f-ef07033d2020,bc3eca3a-5f9e-4a5d-beca-53a628641009,c3,DROP,1440,p3,?,
1769500641.9186597,SENT,b1cf3955-2348-4d85-a81f-ef07033d2020,bc3eca3a-5f9e-4a5d-beca-53a628641009,c3,DROP,1006,?,i2,
1769500641.9187005,FORWARDED,b1cf3955-2348-4d85-a81f-ef07033d2020,bc3eca3a-5f9e-4a5d-beca-53a628641009,c3,DROP,1006,?,i2,
1769500642.0302997,RECEIVED,045e7505-3569-4719-bde2-343cd7d8f886,319c6932-ce4b-471b-be94-983ebc6896a6,c1,DROP,442,x9,?,
1769500642.0310106,RECEIVED,557ca95b-d276-490a-9fc8-33f1e28adc81,c49d20c3-a01c-43f9-81e2-4975d120e0e9,c4,DROP,1452,p1,?,
1769500642.0396688,RECEIVED,0f3a7de8-f9db-4600-b107-fa826e6eedad,9778de7f-db71-4f34-aff2-182b46508832,c3,c4,2467,p3,?,
1769500642.218014,RECEIVED,eab4cc77-08ec-461a-8f20-42d03a65ac17,ab36563a-4ba1-454e-9d09-e8d6c08d26dd,c3,DROP,443,x7,?,
1769500642.2676334,SENT,90dd4c0b-305f-4117-94f1-422a07f2d153,51200dc2-ec0f-40f9-8815-c573f771fc3e,c2,c1,1772,?,i3,
1769500642.2676747,FORWARDED,90dd4c0b-305f-4117-94f1-422a07f2d153,51200dc2-ec0f-40f9-8815-c573f771fc3e,c2,c1,1772,?,i3,
1769500642.3006413,SENT,557ca95b-d276-490a-9fc8-33f1e28adc81,c49d20c3-a01c-43f9-81e2-4975d120e0e9,c4,DROP,1016,?,i3,
1769500642.300683,FORWARDED,557ca95b-d276-490a-9fc8-33f1e28adc81,c49d20c3-a01c-43f9-81e2-4975d120e0e9,c4,DROP,1016,?,i3,
1769500642.3323708,SENT,c0854e64-af81-45c3-837a-0a74a7d80020,43d7f464-5ccd-499a-be2c-cdc0727f2399,c5,DROP,1015,?,i4,
1769500642.3324125,FORWARDED,c0854e64-af81-45c3-837a-0a74a7d80020,43d7f464-5ccd-499a-be2c-cdc0727f2399,c5,DROP,1015,?,i4,
1769500642.3581493,RECEIVED,be43ced4-1625-4fbd-a322-64081a959a7a,f4a5a424-a510-4e25-819c-e444e7bdfa60,c4,DROP,1434,p1,?,
1769500642.3825288,RECEIVED,00e43a7f-6ca4-423f-9e52-1d8aaece3196,3c42ee43-deff-4a46-a447-c02ca675ef02,c2,DROP,1464,p2,?,
1769500642.4140818,RECEIVED,a3cf07f7-e5d6-45aa-a838-4d12a2e72058,94a482db-53c1-4e23-9a9f-3819d6f02c64,c5,None,2227,p2,?,
1769500642.41652,RECEIVED,b0e5bec8-18a5-4b5a-9549-e76a581b7a4e,aa5dc8bf-e120-4647-b941-83ee4526aab5,c5,DROP,441,x5,?,
1769500642.5061142,RECEIVED,f43a60e5-40a8-4ce1-8e77-71d0e8a4b40a,3a1441b3-24fc-4a23-95f4-0a53172d25bd,c4,None,2224,p1,?,
1769500642.5071707,RECEIVED,e6feb805-d12b-479d-9278-822cacdaa0e1,d0aee726-1e6c-47b2-a36f-34736cf73484,c1,DROP,442,x6,?,
1769500642.6333456,SENT,f43a60e5-40a8-4ce1-8e77-71d0e8a4b40a,3a1441b3-24fc-4a23-95f4-0a53172d25bd,c4,None,1595,?,i11,
1769500642.6333883,FORWARDED,f43a60e5-40a8-4ce1-8e77-71d0e8a4b40a,3a1441b3-24fc-4a23-95f4-0a53172d25bd,c4,None,1595,?,i11,
1769500642.644264,RECEIVED,1c791d2a-d0b4-4ec6-957a-bf75c8107c8a,f5e57cb0-6d7e-429a-9fae-82f472605e11,c2,DROP,1440,p2,?,
1769500642.722971,SENT,1c791d2a-d0b4-4ec6-957a-bf75c8107c8a,f5e57cb0-6d7e-429a-9fae-82f472605e11,c2,DROP,1007,?,i5,
1769500642.723013,FORWARDED,1c791d2a-d0b4-4ec6-957a-bf75c8107c8a,f5e57cb0-6d7e-429a-9fae-82f472605e11,c2,DROP,1007,?,i5,
1769500642.8271942,RECEIVED,0cd722cb-9529-4b10-af3c-4ee97137da78,ff2d11ef-a3cd-40cb-bbfb-20b11b6752ff,c2,DROP,1444,p2,?,
1769500642.8283849,SENT,0f3a7de8-f9db-4600-b107-fa826e6eedad,9778de7f-db71-4f34-aff2-182b46508832,c3,c4,1779,?,i7,
1769500642.828423,FORWARDED,0f3a7de8-f9db-4600-b107-fa826e6eedad,9778de7f-db71-4f34-aff2-182b46508832,c3,c4,1779,?,i7,
1769500642.909633,RECEIVED,fb90f4e8-b025-48a8-a59f-f80fbb2b43e2,829aed1f-f350-41b3-a787-9c3f27935ed6,c1,DROP,1447,p1,?,
1769500643.0103061,SENT,a3cf07f7-e5d6-45aa-a838-4d12a2e72058,94a482db-53c1-4e23-9a9f-3819d6f02c64,c5,None,1599,?,i11,
1769500643.0103493,FORWARDED,a3cf07f7-e5d6-45aa-a838-4d12a2e72058,94a482db-53c1-4e23-9a9f-3819d6f02c64,c5,None,1599,?,i11,
1769500643.095298,SENT,54fa04a7-1631-44f3-96dd-fc2de3b11b50,5c1a8d3a-0d5d-4998-a232-6ab012fdbc60,c5,DROP,1014,?,i5,
1769500643.0953362,FORWARDED,54fa04a7-1631-44f3-96dd-fc2de3b11b50,5c1a8d3a-0d5d-4998-a232-6ab012fdbc60,c5,DROP,1014,?,i5,
1769500643.0999787,RECEIVED,0fb4dd70-ff17-4a3a-8978-9e2e310025be,35d5c8c3-c96b-4c5e-9f3b-bfffbeba383b,c1,DROP,440,x10,?,
1769500643.1031384,RECEIVED,98a30302-b64b-4ee4-abbd-273f3a3b1fad,36d5e498-87c3-4c32-839a-02ea39fc7415,c2,None,2235,p2,?,
1769500643.1976268,RECEIVED,ef4347dc-9004-42fe-8272-d549592d40e4,870e132f-735e-40ac-af3d-6f8db3b44b68,c4,DROP,1441,p1,?,
1769500643.298839,SENT,ef4347dc-9004-42fe-8272-d549592d40e4,870e132f-735e-40ac-af3d-6f8db3b44b68,c4,DROP,1008,?,i12,
1769500643.29888,FORWARDED,ef4347dc-9004-42fe-8272-d549592d40e4,870e132f-735e-40ac-af3d-6f8db3b44b68,c4,DROP,1008,?,i12,
1769500643.3600323,RECEIVED,fd88290b-8334-4516-a0bb-c46f1979d0e5,c506e53c-44a1-48d0-9d0e-3cf82567aa2c,c1,c5,2459,p1,?,
1769500643.412534,RECEIVED,71192494-f9e8-4e26-aa33-3fd39adeace0,844a60b2-50f1-4667-b7b3-3e1ca4f943a6,c2,DROP,1450,p2,?,
1769500643.4628606,SENT,fb90f4e8-b025-48a8-a59f-f80fbb2b43e2,829aed1f-f350-41b3-a787-9c3f27935ed6,c1,DROP,1012,?,i3,
1769500643.4629018,FORWARDED,fb90f4e8-b025-48a8-a59f-f80fbb2b43e2,829aed1f-f350-41b3-a787-9c3f27935ed6,c1,DROP,1012,?,i3,
1769500643.525158,SENT,98a30302-b64b-4ee4-abbd-273f3a3b1fad,36d5e498-87c3-4c32-839a-02ea39fc7415,c2,None,1603,?,i3,
1769500643.525202,FORWARDED,98a30302-b64b-4ee4-abbd-273f3a3b1fad,36d5e498-87c3-4c32-839a-02ea39fc7415,c2,None,1603,?,i3,
1769500643.5737143,SENT,71192494-f9e8-4e26-aa33-3fd39adeace0,844a60b2-50f1-4667-b7b3-3e1ca4f943a6,c2,DROP,1015,?,i9,
1769500643.5737536,FORWARDED,71192494-f9e8-4e26-aa33-3fd39adeace0,844a60b2-50f1-4667-b7b3-3e1ca4f943a6,c2,DROP,1015,?,i9,
1769500643.5815082,RECEIVED,74349e5d-d232-4978-a3a3-d0f09c23b8ba,34c26fda-5804-450a-b08b-8d06d1c4d155,c4,c3,2447,p1,?,
1769500643.5922441,RECEIVED,7cc9a8fa-2105-429b-94a1-83ed3f9bf4de,2e27524c-6e62-49dd-b617-fe0b40063f42,c2,DROP,441,x10,?,
1769500643.6490073,RECEIVED,eabf8522-bdcc-4683-bd80-fe36390efe8c,62601fda-85f0-41e1-857b-4d234bbb3776,c2,DROP,1451,p2,?,
1769500643.6953385,RECEIVED,4ca80ded-ffb1-48b8-94d9-b7847b20a40f,179624a8-97be-4765-9f4b-fe9ae1881cb1,c5,None,2231,p2,?,
1769500643.7074409,SENT,00e43a7f-6ca4-423f-9e52-1d8aaece3196,3c42ee43-deff-4a46-a447-c02ca675ef02,c2,DROP,1025,?,i11,
1769500643.7074742,FORWARDED,00e43a7f-6ca4-423f-9e52-1d8aaece3196,3c42ee43-deff-4a46-a447-c02ca675ef02,c2,DROP,1025,?,i11,
1769500643.7278523,RECEIVED,36d69216-e0be-4859-9635-aad7f5ba6cbb,e415487c-2bce-45d6-b102-7814aa71e8c3,c1,None,2223,p1,?,
1769500643.7288842,RECEIVED,63c8ebb5-0305-4890-820e-3103e30e19cb,52530b72-9ec8-4fe1-b14b-31afcac2cfc6,c4,DROP,441,x1,?,
1769500643.7453473,RECEIVED,27fb7096-f2e7-4856-ac52-56b19bf34663,392c1c8b-e954-407a-93bb-0dae5515d3a0,c4,DROP,1438,p1,?,
1769500643.9995875,SENT,36d69216-e0be-4859-9635-aad7f5ba6cbb,e415487c-2bce-45d6-b102-7814aa71e8c3,c1,None,1596,?,i2,
1769500643.9996297,FORWARDED,36d69216-e0be-4859-9635-aad7f5ba6cbb,e415487c-2bce-45d6-b102-7814aa71e8c3,c1,None,1596,?,i2,
1769500644.0303185,RECEIVED,5cead72c-52b7-4b07-b3e2-e5b1d4e4589b,0c7a2f99-b8f2-42b2-a97f-d84f39e7b00d,c4,DROP,443,x4,?,
1769500644.102888,SENT,eabf8522-bdcc-4683-bd80-fe36390efe8c,62601fda-85f0-41e1-857b-4d234bbb3776,c2,DROP,1016,?,i7,
1769500644.102928,FORWARDED,eabf8522-bdcc-4683-bd80-fe36390efe8c,62601fda-85f0-41e1-857b-4d234bbb3776,c2,DROP,1016,?,i7,
1769500644.11989,RECEIVED,143bbd9d-8c55-40d6-924f-da4ff78df066,1248987c-e60b-4b80-9d82-07d04f676b67,c1,DROP,442,x1,?,
1769500644.1242266,RECEIVED,50e93c7b-d06e-4782-8a0d-8381e4ea7819,af4593d4-e4a0-461e-95d0-3b20aeebcbb3,c3,None,2239,p3,?,
1769500644.1755898,RECEIVED,ffef19d8-820c-4982-ac3d-138c773d9b64,3d42aea5-8f75-4b33-b451-5124da0a724a,c1,DROP,1443,p1,?,
1769500644.201402,RECEIVED,dcc8d001-c277-466b-a64c-39a3cf862d36,b937f504-d9a7-4b90-adc9-ead314348648,c3,DROP,441,x10,?,
1769500644.226042,SENT,74349e5d-d232-4978-a3a3-d0f09c23b8ba,34c26fda-5804-450a-b08b-8d06d1c4d155,c4,c3,1763,?,i2,
1769500644.2260888,FORWARDED,74349e5d-d232-4978-a3a3-d0f09c23b8ba,34c26fda-5804-450a-b08b-8d06d1c4d155,c4,c3,1763,?,i2,
1769500644.2609148,RECEIVED,3ae6d3e7-d5ca-40c7-95d7-506d1ab184b5,ff922aca-5c27-4902-b4b4-728db04508cc,c3,DROP,443,x5,?,
1769500644.3029768,SENT,be43ced4-1625-4fbd-a322-64081a959a7a,f4a5a424-a510-4e25-819c-e444e7bdfa60,c4,DROP,1003,?,i4,
1769500644.3037071,FORWARDED,be43ced4-1625-4fbd-a322-64081a959a7a,f4a5a424-a510-4e25-819c-e444e7bdfa60,c4,DROP,1003,?,i4,
1769500644.3342545,RECEIVED,ef08e7a8-b04d-4db1-80f3-b120e51babf9,f14be35d-33a3-41e2-912d-694613bde248,c4,DROP,1451,p1,?,
1769500644.4027045,SENT,27fb7096-f2e7-4856-ac52-56b19bf34663,392c1c8b-e954-407a-93bb-0dae5515d3a0,c4,DROP,1008,?,i9,
1769500644.4027464,FORWARDED,27fb7096-f2e7-4856-ac52-56b19bf34663,392c1c8b-e954-407a-93bb-0dae5515d3a0,c4,DROP,1008,?,i9,
1769500644.4116035,SENT,452990bb-5c21-4927-b5c9-a375bff067d4,ef3c9358-3034-4905-8716-a45ed3490bcb,c1,DROP,1011,?,i1,
1769500644.4116452,FORWARDED,452990bb-5c21-4927-b5c9-a375bff067d4,ef3c9358-3034-4905-8716-a45ed3490bcb,c1,DROP,1011,?,i1,
1769500644.4849267,SENT,fd88290b-8334-4516-a0bb-c46f1979d0e5,c506e53c-44a1-48d0-9d0e-3cf82567aa2c,c1,c5,1773,?,i9,
1769500644.4849687,FORWARDED,fd88290b-8334-4516-a0bb-c46f1979d0e5,c506e53c-44a1-48d0-9d0e-3cf82567aa2c,c1,c5,1773,?,i9,
1769500644.6969843,SENT,4ca80ded-ffb1-48b8-94d9-b7847b20a40f,179624a8-97be-4765-9f4b-fe9ae1881cb1,c5,None,1600,?,i1,
1769500644.6970258,FORWARDED,4ca80ded-ffb1-48b8-94d9-b7847b20a40f,179624a8-97be-4765-9f4b-fe9ae1881cb1,c5,None,1600,?,i1,
1769500644.792966,RECEIVED,c6e31a95-fbbf-42af-93d4-8eb06e370e64,b707a842-def0-47e5-aaec-00983f8baed1,c5,DROP,1436,p2,?,
1769500644.8238833,SENT,ffef19d8-820c-4982-ac3d-138c773d9b64,3d42aea5-8f75-4b33-b451-5124da0a724a,c1,DROP,1011,?,i4,
1769500644.8239253,FORWARDED,ffef19d8-820c-4982-ac3d-138c773d9b64,3d42aea5-8f75-4b33-b451-5124da0a724a,c1,DROP,1011,?,i4,
1769500644.8701062,SENT,ef08e7a8-b04d-4db1-80f3-b120e51babf9,f14be35d-33a3-41e2-912d-694613bde248,c4,DROP,1016,?,i5,
1769500644.8701487,FORWARDED,ef08e7a8-b04d-4db1-80f3-b120e51babf9,f14be35d-33a3-41e2-912d-694613bde248,c4,DROP,1016,?,i5,
1769500644.8742385,RECEIVED,2bf6dcd2-09a1-4b9e-bf76-89ed4f379be5,445bfc03-6128-4711-85ec-756d8d8168cd,c2,DROP,1460,p2,?,
1769500644.917587,SENT,c6e31a95-fbbf-42af-93d4-8eb06e370e64,b707a842-def0-47e5-aaec-00983f8baed1,c5,DROP,1004,?,i2,
1769500644.9176292,FORWARDED,c6e31a95-fbbf-42af-93d4-8eb06e370e64,b707a842-def0-47e5-aaec-00983f8baed1,c5,DROP,1004,?,i2,
1769500644.9985578,RECEIVED,b35d4ca3-c216-4c04-bc14-1db16360644e,056c9c49-0ecb-44b0-9591-bfd40d482d0b,c5,DROP,1435,p2,?,
1769500645.0546005,SENT,0cd722cb-9529-4b10-af3c-4ee97137da78,ff2d11ef-a3cd-40cb-bbfb-20b11b6752ff,c2,DROP,1011,?,i12,
1769500645.0546403,FORWARDED,0cd722cb-9529-4b10-af3c-4ee97137da78,ff2d11ef-a3cd-40cb-bbfb-20b11b6752ff,c2,DROP,1011,?,i12,
1769500645.1721373,RECEIVED,26eee802-245e-4094-ab7a-aa77a8cbff4f,44c3d242-033b-4275-909f-ad2884c6882f,c2,DROP,1451,p2,?,
1769500645.2566283,SENT,2bf6dcd2-09a1-4b9e-bf76-89ed4f379be5,445bfc03-6128-4711-85ec-756d8d8168cd,c2,DROP,1021,?,i11,
1769500645.2566686,FORWARDED,2bf6dcd2-09a1-4b9e-bf76-89ed4f379be5,445bfc03-6128-4711-85ec-756d8d8168cd,c2,DROP,1021,?,i11,
1769500645.3050742,SENT,b35d4ca3-c216-4c04-bc14-1db16360644e,056c9c49-0ecb-44b0-9591-bfd40d482d0b,c5,DROP,1003,?,i3,
1769500645.3051164,FORWARDED,b35d4ca3-c216-4c04-bc14-1db16360644e,056c9c49-0ecb-44b0-9591-bfd40d482d0b,c5,DROP,1003,?,i3,
1769500645.396725,RECEIVED,3e08e297-8c97-4672-90bd-4b4d3e7b52c9,a2635729-4cc1-43e6-af80-99f198d17da0,c3,DROP,1455,p3,?,
1769500645.4365602,RECEIVED,036c29b7-e6dd-4cdc-8c9d-25ecd439f765,09ca0b91-5a2e-4f59-818f-7302afe85f1c,c2,None,2227,p2,?,
1769500645.5891461,RECEIVED,c59665b4-ac47-4622-84fd-a05166b34a5c,34170771-9096-4646-90da-1c2c5cb93bff,c3,c4,2464,p3,?,
1769500645.6221452,RECEIVED,dc721ab4-f1f2-412c-924b-b9a79004c5cb,674fbfb7-f81c-4a7a-b2f0-3cad7d05d0ad,c4,DROP,1441,p1,?,
1769500645.8121314,SENT,dc721ab4-f1f2-412c-924b-b9a79004c5cb,674fbfb7-f81c-4a7a-b2f0-3cad7d05d0ad,c4,DROP,1006,?,i12,
1769500645.8121781,FORWARDED,dc721ab4-f1f2-412c-924b-b9a79004c5cb,674fbfb7-f81c-4a7a-b2f0-3cad7d05d0ad,c4,DROP,1006,?,i12,
1769500645.9003067,SENT,26eee802-245e-4094-ab7a-aa77a8cbff4f,44c3d242-033b-4275-909f-ad2884c6882f,c2,DROP,1015,?,i8,
1769500645.9003484,FORWARDED,26eee802-245e-4094-ab7a-aa77a8cbff4f,44c3d242-033b-4275-909f-ad2884c6882f,c2,DROP,1015,?,i8,
1769500645.9277544,RECEIVED,31691219-66fa-4476-b625-6e46ff54b248,dca5cfb7-a120-4619-8ae5-26b9baba04b0,c4,None,2239,p1,?,
1769500646.0344837,SENT,036c29b7-e6dd-4cdc-8c9d-25ecd439f765,09ca0b91-5a2e-4f59-818f-7302afe85f1c,c2,None,1599,?,i5,
1769500646.0345252,FORWARDED,036c29b7-e6dd-4cdc-8c9d-25ecd439f765,09ca0b91-5a2e-4f59-818f-7302afe85f1c,c2,None,1599,?,i5,
1769500646.074219,SENT,c59665b4-ac47-4622-84fd-a05166b34a5c,34170771-9096-4646-90da-1c2c5cb93bff,c3,c4,1775,?,i2,
1769500646.074255,FORWARDED,c59665b4-ac47-4622-84fd-a05166b34a5c,34170771-9096-4646-90da-1c2c5cb93bff,c3,c4,1775,?,i2,
1769500646.184879,SENT,50e93c7b-d06e-4782-8a0d-8381e4ea7819,af4593d4-e4a0-461e-95d0-3b20aeebcbb3,c3,None,1608,?,i4,
1769500646.184927,FORWARDED,50e93c7b-d06e-4782-8a0d-8381e4ea7819,af4593d4-e4a0-461e-95d0-3b20aeebcbb3,c3,None,1608,?,i4,
1769500646.1939628,RECEIVED,67186a5b-3ea1-4a7c-82cd-43214e97741d,019bd68f-9eb7-43b2-a553-5effef0ce8de,c3,c4,2455,p3,?,
1769500646.2918496,RECEIVED,eb7973a8-3b32-4c4c-807c-03d711775dbc,9aaa039a-6438-4a63-acc3-665b8f2ab9d6,c2,DROP,1451,p2,?,
1769500646.3251722,SENT,31691219-66fa-4476-b625-6e46ff54b248,dca5cfb7-a120-4619-8ae5-26b9baba04b0,c4,None,1608,?,i6,
1769500646.3252146,FORWARDED,31691219-66fa-4476-b625-6e46ff54b248,dca5cfb7-a120-4619-8ae5-26b9baba04b0,c4,None,1608,?,i6,
1769500646.4208794,SENT,eb7973a8-3b32-4c4c-807c-03d711775dbc,9aaa039a-6438-4a63-acc3-665b8f2ab9d6,c2,DROP,1016,?,i8,
1769500646.4209197,FORWARDED,eb7973a8-3b32-4c4c-807c-03d711775dbc,9aaa039a-6438-4a63-acc3-665b8f2ab9d6,c2,DROP,1016,?,i8,
1769500646.4968073,SENT,3e08e297-8c97-4672-90bd-4b4d3e7b52c9,a2635729-4cc1-43e6-af80-99f198d17da0,c3,DROP,1020,?,i11,
1769500646.4968483,FORWARDED,3e08e297-8c97-4672-90bd-4b4d3e7b52c9,a2635729-4cc1-43e6-af80-99f198d17da0,c3,DROP,1020,?,i11,
1769500646.507781,RECEIVED,d0eb438d-d206-443a-82a8-39aedec0c4af,44819d83-7d29-4251-81e5-ce8c7020e12a,c2,DROP,442,x7,?,
1769500646.5644748,RECEIVED,dc0c25a9-cb31-41df-bc66-14abad435b58,a71d7406-fb02-4f75-b958-18e6039a34b5,c4,DROP,1445,p1,?,
1769500646.584286,RECEIVED,90b5548b-0c5e-4a56-8240-d54bdbc4bc1e,ee6fe5e0-0921-4658-b89c-6ec6d69d8330,c2,DROP,1455,p2,?,
1769500646.6228514,RECEIVED,f126cca0-eb52-4be1-8003-765758b02023,b83c15e1-faf4-47d5-a86f-47c8a12848e5,c5,DROP,1440,p2,?,
1769500646.6992488,SENT,f126cca0-eb52-4be1-8003-765758b02023,b83c15e1-faf4-47d5-a86f-47c8a12848e5,c5,DROP,1008,?,i7,
1769500646.6992905,FORWARDED,f126cca0-eb52-4be1-8003-765758b02023,b83c15e1-faf4-47d5-a86f-47c8a12848e5,c5,DROP,1008,?,i7,
1769500646.7884448,SENT,dc0c25a9-cb31-41df-bc66-14abad435b58,a71d7406-fb02-4f75-b958-18e6039a34b5,c4,DROP,1011,?,i10,
1769500646.7884939,FORWARDED,dc0c25a9-cb31-41df-bc66-14abad435b58,a71d7406-fb02-4f75-b958-18e6039a34b5,c4,DROP,1011,?,i10,
1769500646.892337,RECEIVED,5eecf65d-588d-4070-8e8f-79d0243b3db2,d0582681-e1a6-45cb-9268-4166b79df179,c3,c4,2464,p3,?,
1769500646.9485104,SENT,67186a5b-3ea1-4a7c-82cd-43214e97741d,019bd68f-9eb7-43b2-a553-5effef0ce8de,c3,c4,1768,?,i2,
1769500646.9485502,FORWARDED,67186a5b-3ea1-4a7c-82cd-43214e97741d,019bd68f-9eb7-43b2-a553-5effef0ce8de,c3,c4,1768,?,i2,
1769500647.0891397,SENT,5eecf65d-588d-4070-8e8f-79d0243b3db2,d0582681-e1a6-45cb-9268-4166b79df179,c3,c4,1776,?,i2,
1769500647.0891821,FORWARDED,5eecf65d-588d-4070-8e8f-79d0243b3db2,d0582681-e1a6-45cb-9268-4166b79df179,c3,c4,1776,?,i2,
1769500647.0977197,RECEIVED,f28a6102-5ae5-40cb-a29b-bafedf342e8a,210c5c2a-df3c-4536-9b69-84327cd8820f,c3,DROP,1440,p3,?,
1769500647.1346326,RECEIVED,23152af0-f996-459a-8f34-ad44763efaf0,96298df8-d569-4c18-9102-edf1230715c8,c3,None,2232,p3,?,
1769500647.192217,SENT,23152af0-f996-459a-8f34-ad44763efaf0,96298df8-d569-4c18-9102-edf1230715c8,c3,None,1601,?,i5,
1769500647.1922584,FORWARDED,23152af0-f996-459a-8f34-ad44763efaf0,96298df8-d569-4c18-9102-edf1230715c8,c3,None,1601,?,i5,
1769500647.242812,RECEIVED,78d2ccf5-88a4-4b97-b8f2-50b1efdee8e3,f49161d8-eb34-4135-a0db-6602b3edc21d,c1,c5,2463,p1,?,
1769500647.3286176,RECEIVED,427830db-ecf1-495e-95b7-ffa40af42a4c,dfd1f30b-836d-4d64-bafc-54bf65771334,c5,DROP,1440,p2,?,
1769500647.4580266,RECEIVED,3d1c6c36-18f6-4985-a11e-54a1ef289df1,03f4c688-ea7f-4980-8422-586c64e4b5a7,c4,None,2231,p1,?,
1769500647.482967,SENT,90b5548b-0c5e-4a56-8240-d54bdbc4bc1e,ee6fe5e0-0921-4658-b89c-6ec6d69d8330,c2,DROP,1020,?,i11,
1769500647.4830062,FORWARDED,90b5548b-0c5e-4a56-8240-d54bdbc4bc1e,ee6fe5e0-0921-4658-b89c-6ec6d69d8330,c2,DROP,1020,?,i11,
1769500647.5283937,SENT,f28a6102-5ae5-40cb-a29b-bafedf342e8a,210c5c2a-df3c-4536-9b69-84327cd8820f,c3,DROP,1008,?,i10,
1769500647.528435,FORWARDED,f28a6102-5ae5-40cb-a29b-bafedf342e8a,210c5c2a-df3c-4536-9b69-84327cd8820f,c3,DROP,1008,?,i10,
1769500647.8324397,RECEIVED,c583802e-ba24-4930-9b76-87c4c7f9ec08,d3a90549-90c3-4ad7-a13b-875a43353e23,c2,c1,2471,p2,?,
1769500647.94578,RECEIVED,74601131-d9b5-40d6-922d-419db6b94a94,1818151d-d3f4-4a47-88f6-87aac371778e,c3,DROP,1452,p3,?,
1769500648.0654948,RECEIVED,7a966ca9-ffe9-4891-ae06-aa4fba09fe4e,6174dab5-5e18-4a83-adb0-9a54a5d1ea98,c1,DROP,445,x11,?,
1769500648.073032,SENT,427830db-ecf1-495e-95b7-ffa40af42a4c,dfd1f30b-836d-4d64-bafc-54bf65771334,c5,DROP,1008,?,i12,
1769500648.07308,FORWARDED,427830db-ecf1-495e-95b7-ffa40af42a4c,dfd1f30b-836d-4d64-bafc-54bf65771334,c5,DROP,1008,?,i12,
1769500648.13298,RECEIVED,c14e5c1c-6d9d-4738-823e-adde27e1799a,762126d7-7b3c-4a48-bf35-a8fc270c29ad,c5,DROP,1439,p2,?,
1769500648.2507608,RECEIVED,086690c3-777e-4b7d-9429-f10d71a4573d,b9abd0ba-6247-4137-a4e5-caf71ffd5d8e,c2,DROP,1448,p2,?,
1769500648.2844975,RECEIVED,0a53599e-edb4-4bce-8c6e-f8490c8e7b08,350d06dd-bc26-4554-b36c-2c125d8e55d5,c3,DROP,1454,p3,?,
1769500648.3278701,SENT,0a53599e-edb4-4bce-8c6e-f8490c8e7b08,350d06dd-bc26-4554-b36c-2c125d8e55d5,c3,DROP,1016,?,i1,
1769500648.327912,FORWARDED,0a53599e-edb4-4bce-8c6e-f8490c8e7b08,350d06dd-bc26-4554-b36c-2c125d8e55d5,c3,DROP,1016,?,i1,
1769500648.3311074,SENT,086690c3-777e-4b7d-9429-f10d71a4573d,b9abd0ba-6247-4137-a4e5-caf71ffd5d8e,c2,DROP,1013,?,i2,
1769500648.3311489,FORWARDED,086690c3-777e-4b7d-9429-f10d71a4573d,b9abd0ba-6247-4137-a4e5-caf71ffd5d8e,c2,DROP,1013,?,i2,
1769500648.4214795,RECEIVED,158ba3ea-4a40-44f3-b4ad-c6a303a42f65,f24829ad-854e-4313-b146-5d46414ee9ec,c3,DROP,445,x10,?,
1769500648.4358096,SENT,74601131-d9b5-40d6-922d-419db6b94a94,1818151d-d3f4-4a47-88f6-87aac371778e,c3,DROP,1016,?,i9,
1769500648.43585,FORWARDED,74601131-d9b5-40d6-922d-419db6b94a94,1818151d-d3f4-4a47-88f6-87aac371778e,c3,DROP,1016,?,i9,
1769500648.447358,RECEIVED,efa44b7a-00ac-4a44-9f1c-0b34951946f8,b2b9d755-740b-4238-ab98-2dd465b926c0,c1,c5,2463,p1,?,
1769500648.4501352,RECEIVED,52ff0e83-38d9-4f8b-9426-6480613dd5ee,9f3e3c76-7d9e-43ad-a0f5-5c4c9ef76c47,c2,None,2228,p2,?,
1769500648.457145,SENT,3d1c6c36-18f6-4985-a11e-54a1ef289df1,03f4c688-ea7f-4980-8422-586c64e4b5a7,c4,None,1600,?,i8,
1769500648.457189,FORWARDED,3d1c6c36-18f6-4985-a11e-54a1ef289df1,03f4c688-ea7f-4980-8422-586c64e4b5a7,c4,None,1600,?,i8,
1769500648.4776855,SENT,52ff0e83-38d9-4f8b-9426-6480613dd5ee,9f3e3c76-7d9e-43ad-a0f5-5c4c9ef76c47,c2,None,1597,?,i2,
1769500648.4777257,FORWARDED,52ff0e83-38d9-4f8b-9426-6480613dd5ee,9f3e3c76-7d9e-43ad-a0f5-5c4c9ef76c47,c2,None,1597,?,i2,
1769500648.5971441,RECEIVED,4b163221-adf7-4a40-9dc2-29ce4bce1882,fb0612fc-015e-42c4-8a67-f2bd58d08fd5,c4,DROP,1461,p1,?,
1769500648.6153474,RECEIVED,c6d5c44a-5744-4dd7-ad50-71698e12bbff,e1429f66-6e76-43fb-9943-33eff8970b09,c3,DROP,1451,p3,?,
1769500648.7366998,RECEIVED,84e01bd0-38c1-444e-aa1f-65b427da2ce1,5b791715-c555-4c8b-95e6-de5cefa16e42,c1,DROP,437,x8,?,
1769500648.7986867,SENT,4b163221-adf7-4a40-9dc2-29ce4bce1882,fb0612fc-015e-42c4-8a67-f2bd58d08fd5,c4,DROP,1021,?,i11,
1769500648.7987237,FORWARDED,4b163221-adf7-4a40-9dc2-29ce4bce1882,fb0612fc-015e-42c4-8a67-f2bd58d08fd5,c4,DROP,1021,?,i11,
1769500648.8683567,RECEIVED,872e6ec8-d43c-420a-8e03-8caedfe0338a,b56544ea-6132-4e83-922d-2ced721e1b0e,c3,DROP,1439,p3,?,
1769500648.873917,RECEIVED,22701bd9-06a7-4734-a190-088df020d31f,ed6d2020-6d2a-4f21-b7b9-8d5be7609977,c4,DROP,442,x6,?,
1769500648.9321144,SENT,c583802e-ba24-4930-9b76-87c4c7f9ec08,d3a90549-90c3-4ad7-a13b-875a43353e23,c2,c1,1780,?,i6,
1769500648.9321597,FORWARDED,c583802e-ba24-4930-9b76-87c4c7f9ec08,d3a90549-90c3-4ad7-a13b-875a43353e23,c2,c1,1780,?,i6,
1769500648.9513514,RECEIVED,8b3e6170-367c-4a45-87e6-d76dffa91a92,6e378496-01ee-40ee-bc5a-fd4077b92a7f,c4,DROP,1440,p1,?,
1769500649.070698,SENT,c14e5c1c-6d9d-4738-823e-adde27e1799a,762126d7-7b3c-4a48-bf35-a8fc270c29ad,c5,DROP,1007,?,i5,
1769500649.0707383,FORWARDED,c14e5c1c-6d9d-4738-823e-adde27e1799a,762126d7-7b3c-4a48-bf35-a8fc270c29ad,c5,DROP,1007,?,i5,
1769500649.1435792,RECEIVED,2c82b1ba-efac-4784-b104-2e6e2a7c8851,fb32bfb0-5bb6-4b22-8c46-1d7457b0880d,c4,DROP,1457,p1,?,
1769500649.1579714,SENT,8b3e6170-367c-4a45-87e6-d76dffa91a92,6e378496-01ee-40ee-bc5a-fd4077b92a7f,c4,DROP,1007,?,i1,
1769500649.158021,FORWARDED,8b3e6170-367c-4a45-87e6-d76dffa91a92,6e378496-01ee-40ee-bc5a-fd4077b92a7f,c4,DROP,1007,?,i1,
1769500649.2012436,RECEIVED,551071c5-e16e-42d0-8c38-4352dda2a4c7,e0b59d7a-0e48-4596-be81-0b3352ae7d2b,c5,DROP,1439,p2,?,
1769500649.2075827,SENT,78d2ccf5-88a4-4b97-b8f2-50b1efdee8e3,f49161d8-eb34-4135-a0db-6602b3edc21d,c1,c5,1775,?,i8,
1769500649.207624,FORWARDED,78d2ccf5-88a4-4b97-b8f2-50b1efdee8e3,f49161d8-eb34-4135-a0db-6602b3edc21d,c1,c5,1775,?,i8,
1769500649.2702932,RECEIVED,29166b78-0fe6-49de-81d2-93ff52623b0b,9bea8c21-6abb-4601-b04a-3196ec7627a1,c3,DROP,440,x2,?,
1769500649.3628762,SENT,efa44b7a-00ac-4a44-9f1c-0b34951946f8,b2b9d755-740b-4238-ab98-2dd465b926c0,c1,c5,1774,?,i6,
1769500649.362976,FORWARDED,efa44b7a-00ac-4a44-9f1c-0b34951946f8,b2b9d755-740b-4238-ab98-2dd465b926c0,c1,c5,1774,?,i6,
1769500649.4094217,SENT,2c82b1ba-efac-4784-b104-2e6e2a7c8851,fb32bfb0-5bb6-4b22-8c46-1d7457b0880d,c4,DROP,1020,?,i12,
1769500649.409464,FORWARDED,2c82b1ba-efac-4784-b104-2e6e2a7c8851,fb32bfb0-5bb6-4b22-8c46-1d7457b0880d,c4,DROP,1020,?,i12,
1769500649.4545193,SENT,c6d5c44a-5744-4dd7-ad50-71698e12bbff,e1429f66-6e76-43fb-9943-33eff8970b09,c3,DROP,1016,?,i4,
1769500649.4545617,FORWARDED,c6d5c44a-5744-4dd7-ad50-71698e12bbff,e1429f66-6e76-43fb-9943-33eff8970b09,c3,DROP,1016,?,i4,
1769500649.4555488,RECEIVED,714a3a21-40c6-4cdf-b0b3-35fc595bdcfa,d4faac58-88f6-4b50-a415-1b03ba8cad27,c3,DROP,437,x11,?,
1769500649.4673996,RECEIVED,eda9c7d1-e517-49f4-88eb-2f22b6dd0cf8,71c9e81c-5ff7-4089-91c6-437a83ac4cc7,c2,c1,2449,p2,?,
1769500649.5214705,RECEIVED,8ccbd35d-07c5-4336-9073-c61543125ef5,96a9ea13-a3f1-4f71-850e-dcd46b27fcd3,c1,c5,2459,p1,?,
1769500649.5401175,RECEIVED,fbd8d09b-6bcb-4296-93b5-c2014af1dfae,1fc49b41-67f5-4ba3-b715-5571de1ba2bb,c4,DROP,1448,p1,?,
1769500649.5686681,SENT,872e6ec8-d43c-420a-8e03-8caedfe0338a,b56544ea-6132-4e83-922d-2ced721e1b0e,c3,DROP,1008,?,i8,
1769500649.5687096,FORWARDED,872e6ec8-d43c-420a-8e03-8caedfe0338a,b56544ea-6132-4e83-922d-2ced721e1b0e,c3,DROP,1008,?,i8,
1769500649.5767133,SENT,eda9c7d1-e517-49f4-88eb-2f22b6dd0cf8,71c9e81c-5ff7-4089-91c6-437a83ac4cc7,c2,c1,1763,?,i10,
1769500649.5767531,FORWARDED,eda9c7d1-e517-49f4-88eb-2f22b6dd0cf8,71c9e81c-5ff7-4089-91c6-437a83ac4cc7,c2,c1,1763,?,i10,
1769500649.7247655,RECEIVED,e9e06139-f564-477f-9f2f-cfd454b8d332,7d6b1ec9-3c0e-4dae-8975-265f0ae51f6f,c1,DROP,1443,p1,?,
1769500649.7570415,SENT,8ccbd35d-07c5-4336-9073-c61543125ef5,96a9ea13-a3f1-4f71-850e-dcd46b27fcd3,c1,c5,1771,?,i4,
1769500649.7570941,FORWARDED,8ccbd35d-07c5-4336-9073-c61543125ef5,96a9ea13-a3f1-4f71-850e-dcd46b27fcd3,c1,c5,1771,?,i4,
1769500649.7659883,SENT,fbd8d09b-6bcb-4296-93b5-c2014af1dfae,1fc49b41-67f5-4ba3-b715-5571de1ba2bb,c4,DROP,1012,?,i4,
1769500649.766028,FORWARDED,fbd8d09b-6bcb-4296-93b5-c2014af1dfae,1fc49b41-67f5-4ba3-b715-5571de1ba2bb,c4,DROP,1012,?,i4,
1769500649.7834685,RECEIVED,736cb3fd-8892-43f7-9863-fcc9c2f94851,72f1c1ea-f399-4182-bdc3-42ebebc4190a,c4,DROP,1451,p1,?,
1769500649.9037101,RECEIVED,6571ca9a-b79c-4243-89e8-36951d6521dd,38346fdc-2241-4559-98ac-ece84e47591a,c5,DROP,441,x8,?,
1769500649.9715052,RECEIVED,44bdc8b9-c8ac-4d09-a3d1-3eed9cdbfc23,6a6b0fa4-f569-4d21-aa2c-79a3e74a783f,c3,c4,2446,p3,?,
1769500650.0439126,RECEIVED,273419f7-f63f-4ea8-98c2-9c8081ba3935,a6ad7ec3-728b-455f-be06-0b5eae845c74,c1,c5,2447,p1,?,
1769500650.1367857,RECEIVED,72e5cefe-4394-4530-8a61-bdc62965dbd7,649b9664-3a6b-4cae-8b99-dd198304e010,c3,None,2232,p3,?,
1769500650.2011435,RECEIVED,c94c2e42-b8f4-44c4-86ff-1b68919b5066,11505921-1697-4e13-b231-71c7a08f7d2b,c2,None,2240,p2,?,
1769500650.214154,SENT,72e5cefe-4394-4530-8a61-bdc62965dbd7,649b9664-3a6b-4cae-8b99-dd198304e010,c3,None,1600,?,i6,
1769500650.214195,FORWARDED,72e5cefe-4394-4530-8a61-bdc62965dbd7,649b9664-3a6b-4cae-8b99-dd198304e010,c3,None,1600,?,i6,
1769500650.2759821,SENT,e9e06139-f564-477f-9f2f-cfd454b8d332,7d6b1ec9-3c0e-4dae-8975-265f0ae51f6f,c1,DROP,1011,?,i5,
1769500650.2760248,FORWARDED,e9e06139-f564-477f-9f2f-cfd454b8d332,7d6b1ec9-3c0e-4dae-8975-265f0ae51f6f,c1,DROP,1011,?,i5,
1769500650.2983167,RECEIVED,4539beec-59fa-4511-88db-6ab04ab71d0b,b986eb29-b4a0-4de9-a0c6-3a56fc87315f,c1,None,2222,p1,?,
1769500650.3614502,SENT,44bdc8b9-c8ac-4d09-a3d1-3eed9cdbfc23,6a6b0fa4-f569-4d21-aa2c-79a3e74a783f,c3,c4,1763,?,i1,
1769500650.3614912,FORWARDED,44bdc8b9-c8ac-4d09-a3d1-3eed9cdbfc23,6a6b0fa4-f569-4d21-aa2c-79a3e74a783f,c3,c4,1763,?,i1,
1769500650.366829,SENT,c94c2e42-b8f4-44c4-86ff-1b68919b5066,11505921-1697-4e13-b231-71c7a08f7d2b,c2,None,1607,?,i5,
1769500650.3668754,FORWARDED,c94c2e42-b8f4-44c4-86ff-1b68919b5066,11505921-1697-4e13-b231-71c7a08f7d2b,c2,None,1607,?,i5,
1769500650.371274,SENT,736cb3fd-8892-43f7-9863-fcc9c2f94851,72f1c1ea-f399-4182-bdc3-42ebebc4190a,c4,DROP,1016,?,i7,
1769500650.371311,FORWARDED,736cb3fd-8892-43f7-9863-fcc9c2f94851,72f1c1ea-f399-4182-bdc3-42ebebc4190a,c4,DROP,1016,?,i7,
1769500650.3980033,SENT,551071c5-e16e-42d0-8c38-4352dda2a4c7,e0b59d7a-0e48-4596-be81-0b3352ae7d2b,c5,DROP,1008,?,i8,
1769500650.3984387,FORWARDED,551071c5-e16e-42d0-8c38-4352dda2a4c7,e0b59d7a-0e48-4596-be81-0b3352ae7d2b,c5,DROP,1008,?,i8,
1769500650.4630847,RECEIVED,05b3428b-3d71-412d-9102-d550cb4e4987,38c5acf5-7f08-4cf5-ad9e-f4eca1e939c9,c3,DROP,442,x1,?,
1769500650.4748938,RECEIVED,13e50c57-9359-4c9b-9e96-62bd58760145,5bea0361-637f-46f1-9db6-3b0f8b9b2c37,c4,DROP,442,x1,?,
1769500650.5079749,RECEIVED,c84737ac-506c-40b0-ac0c-804d497858aa,5e32837a-4e0a-4de1-8a7f-07d2b9a15f97,c3,DROP,442,x2,?,
1769500650.6099913,RECEIVED,452bfc7b-b95e-4fba-b149-320fbe26dcf8,abdb1396-bec9-4e3f-bfe8-41ede9cfc3b1,c4,DROP,1439,p1,?,
1769500650.7612383,RECEIVED,6d3a37b4-452c-4f2e-9beb-1bd93711989c,d62ecb45-31ae-45e1-9b9d-9eaddbb707b0,c4,DROP,1439,p1,?,
1769500650.7892332,SENT,273419f7-f63f-4ea8-98c2-9c8081ba3935,a6ad7ec3-728b-455f-be06-0b5eae845c74,c1,c5,1763,?,i7,
1769500650.789272,FORWARDED,273419f7-f63f-4ea8-98c2-9c8081ba3935,a6ad7ec3-728b-455f-be06-0b5eae845c74,c1,c5,1763,?,i7,
1769500651.1046822,SENT,4539beec-59fa-4511-88db-6ab04ab71d0b,b986eb29-b4a0-4de9-a0c6-3a56fc87315f,c1,None,1595,?,i2,
1769500651.1047256,FORWARDED,4539beec-59fa-4511-88db-6ab04ab71d0b,b986eb29-b4a0-4de9-a0c6-3a56fc87315f,c1,None,1595,?,i2,
1769500651.2124336,RECEIVED,9109ef39-e49c-4647-9fc4-6e0e1d930929,232dc0ac-eaf9-495f-a62c-59b546e408c3,c2,c1,2449,p2,?,
1769500651.2458973,SENT,9109ef39-e49c-4647-9fc4-6e0e1d930929,232dc0ac-eaf9-495f-a62c-59b546e408c3,c2,c1,1764,?,i4,
1769500651.2459369,FORWARDED,9109ef39-e49c-4647-9fc4-6e0e1d930929,232dc0ac-eaf9-495f-a62c-59b546e408c3,c2,c1,1764,?,i4,
1769500651.363821,SENT,6d3a37b4-452c-4f2e-9beb-1bd93711989c,d62ecb45-31ae-45e1-9b9d-9eaddbb707b0,c4,DROP,1007,?,i4,
1769500651.3638618,FORWARDED,6d3a37b4-452c-4f2e-9beb-1bd93711989c,d62ecb45-31ae-45e1-9b9d-9eaddbb707b0,c4,DROP,1007,?,i4,
1769500651.3698785,RECEIVED,819cb886-47b6-4057-b2fa-5bd0b66ee968,a1eba20d-948e-4758-8754-32280997cbb5,c1,DROP,1456,p1,?,
1769500651.4222772,RECEIVED,5445890b-100d-4416-bf1b-63ac49ab4ed3,e4a8f92d-024c-48d2-b0a6-70d3feb6e6f8,c1,None,2228,p1,?,
1769500651.4268923,SENT,452bfc7b-b95e-4fba-b149-320fbe26dcf8,abdb1396-bec9-4e3f-bfe8-41ede9cfc3b1,c4,DROP,1007,?,i2,
1769500651.426935,FORWARDED,452bfc7b-b95e-4fba-b149-320fbe26dcf8,abdb1396-bec9-4e3f-bfe8-41ede9cfc3b1,c4,DROP,1007,?,i2,
1769500651.4282598,RECEIVED,c61884dc-f600-44d1-af24-835b0eb55885,b1a21676-d16b-4471-891e-14e0ffc2bd15,c1,c5,2447,p1,?,
1769500651.5070899,RECEIVED,4e234708-503e-4c36-a896-9727a030ce51,f7c3b974-0cc6-4361-9ec3-ace27969dac8,c3,DROP,1444,p3,?,
1769500651.519143,RECEIVED,db7e3b75-dd70-41ce-9930-e4e1df82e85e,2bba6714-db91-42ab-b896-9af162b262d2,c3,DROP,1441,p3,?,
1769500651.5435405,SENT,db7e3b75-dd70-41ce-9930-e4e1df82e85e,2bba6714-db91-42ab-b896-9af162b262d2,c3,DROP,1008,?,i7,
1769500651.5436742,FORWARDED,db7e3b75-dd70-41ce-9930-e4e1df82e85e,2bba6714-db91-42ab-b896-9af162b262d2,c3,DROP,1008,?,i7,
1769500651.6788187,SENT,4e234708-503e-4c36-a896-9727a030ce51,f7c3b974-0cc6-4361-9ec3-ace27969dac8,c3,DROP,1009,?,i9,
1769500651.6788595,FORWARDED,4e234708-503e-4c36-a896-9727a030ce51,f7c3b974-0cc6-4361-9ec3-ace27969dac8,c3,DROP,1009,?,i9,
1769500651.7447283,SENT,819cb886-47b6-4057-b2fa-5bd0b66ee968,a1eba20d-948e-4758-8754-32280997cbb5,c1,DROP,1020,?,i4,
1769500651.7447803,FORWARDED,819cb886-47b6-4057-b2fa-5bd0b66ee968,a1eba20d-948e-4758-8754-32280997cbb5,c1,DROP,1020,?,i4,
1769500651.7579007,RECEIVED,3e1c4ebe-d77a-4402-900f-fa381e07edf7,55bbc20a-0497-4099-b136-b41243a0737e,c1,DROP,1438,p1,?,
1769500651.8312306,RECEIVED,2339c786-5196-4525-8115-6ef297cfcafe,9bbcaaf0-36af-460b-91e3-59bc6ab21aed,c5,DROP,1440,p2,?,
1769500652.0489097,RECEIVED,10f1593c-0bfc-45a0-83f7-aff7384a78c0,0b51d757-1341-4084-a878-a35226d74348,c5,DROP,442,x8,?,
1769500652.0565798,RECEIVED,0c7a8599-287f-4a64-b984-fc0ae979c278,e13b3b95-6e79-4d33-a398-a64cda677c62,c4,c3,2473,p1,?,
1769500652.0705194,SENT,3e1c4ebe-d77a-4402-900f-fa381e07edf7,55bbc20a-0497-4099-b136-b41243a0737e,c1,DROP,1007,?,i1,
1769500652.070559,FORWARDED,3e1c4ebe-d77a-4402-900f-fa381e07edf7,55bbc20a-0497-4099-b136-b41243a0737e,c1,DROP,1007,?,i1,
1769500652.1019611,SENT,2339c786-5196-4525-8115-6ef297cfcafe,9bbcaaf0-36af-460b-91e3-59bc6ab21aed,c5,DROP,1008,?,i12,
1769500652.1020017,FORWARDED,2339c786-5196-4525-8115-6ef297cfcafe,9bbcaaf0-36af-460b-91e3-59bc6ab21aed,c5,DROP,1008,?,i12,
1769500652.2564979,RECEIVED,ce2fb43b-33f6-4470-bd7a-40fd069709b3,b9d1ad4f-972a-44dc-ad1e-fde9a0e4f79b,c5,c2,2449,p2,?,
1769500652.2697644,RECEIVED,b090b1cf-b8e4-4d8c-a50d-6d943316eb1d,9f24fea1-79bf-4db0-abea-d38d11537c1a,c5,DROP,1444,p2,?,
1769500652.2939162,RECEIVED,52d16e7b-88b1-427f-9786-b049cb53db71,7e8380fc-cc86-4414-b5a5-11e243f7b5b5,c2,c1,2455,p2,?,
1769500652.317177,SENT,0c7a8599-287f-4a64-b984-fc0ae979c278,e13b3b95-6e79-4d33-a398-a64cda677c62,c4,c3,1782,?,i11,
1769500652.3172152,FORWARDED,0c7a8599-287f-4a64-b984-fc0ae979c278,e13b3b95-6e79-4d33-a398-a64cda677c62,c4,c3,1782,?,i11,
1769500652.4213295,RECEIVED,1554afbc-1e58-4b81-a68b-cfb3c752675f,68215908-00c0-44bb-8ec6-bdd66d2a19a8,c1,DROP,441,x4,?,
1769500652.457281,RECEIVED,b43d9e98-d0fb-4018-b078-b02b59865b76,8099a93f-81ef-4079-a74e-c13eed61f9af,c2,c1,2447,p2,?,
1769500652.4872935,RECEIVED,37892d48-cfb0-41de-8550-e4b1fe2531e8,349f2418-13f4-466f-b0b3-313ccb61a32d,c5,DROP,1461,p2,?,
1769500652.5071623,SENT,5445890b-100d-4416-bf1b-63ac49ab4ed3,e4a8f92d-024c-48d2-b0a6-70d3feb6e6f8,c1,None,1599,?,i10,
1769500652.5072086,FORWARDED,5445890b-100d-4416-bf1b-63ac49ab4ed3,e4a8f92d-024c-48d2-b0a6-70d3feb6e6f8,c1,None,1599,?,i10,
1769500652.5380628,SENT,ce2fb43b-33f6-4470-bd7a-40fd069709b3,b9d1ad4f-972a-44dc-ad1e-fde9a0e4f79b,c5,c2,1764,?,i10,
1769500652.5381038,FORWARDED,ce2fb43b-33f6-4470-bd7a-40fd069709b3,b9d1ad4f-972a-44dc-ad1e-fde9a0e4f79b,c5,c2,1764,?,i10,
1769500652.5429919,RECEIVED,7b3a77fd-8b5d-45b9-a22e-dee2b44ff10a,bd6f8edb-aeb5-41c5-b4d0-fac212113d05,c4,DROP,1442,p1,?,
1769500652.5478735,RECEIVED,0b096d42-5cde-402c-8c76-de4705b9ee55,0f09d011-953c-45e7-b0f0-cbec69ae6b46,c1,c5,2454,p1,?,
1769500652.5735278,SENT,7b3a77fd-8b5d-45b9-a22e-dee2b44ff10a,bd6f8edb-aeb5-41c5-b4d0-fac212113d05,c4,DROP,1008,?,i11,
1769500652.573647,FORWARDED,7b3a77fd-8b5d-45b9-a22e-dee2b44ff10a,bd6f8edb-aeb5-41c5-b4d0-fac212113d05,c4,DROP,1008,?,i11,
1769500652.5765164,SENT,c61884dc-f600-44d1-af24-835b0eb55885,b1a21676-d16b-4471-891e-14e0ffc2bd15,c1,c5,1762,?,i1,
1769500652.5765562,FORWARDED,c61884dc-f600-44d1-af24-835b0eb55885,b1a21676-d16b-4471-891e-14e0ffc2bd15,c1,c5,1762,?,i1,
1769500652.6051114,RECEIVED,e34c064d-c45e-41f9-b771-fe9912638abf,ff65d1f8-2069-4b16-b5b9-76cd40187330,c2,DROP,1459,p2,?,
1769500652.678169,SENT,e34c064d-c45e-41f9-b771-fe9912638abf,ff65d1f8-2069-4b16-b5b9-76cd40187330,c2,DROP,1020,?,i11,
1769500652.6782095,FORWARDED,e34c064d-c45e-41f9-b771-fe9912638abf,ff65d1f8-2069-4b16-b5b9-76cd40187330,c2,DROP,1020,?,i11,
1769500652.8953507,SENT,52d16e7b-88b1-427f-9786-b049cb53db71,7e8380fc-cc86-4414-b5a5-11e243f7b5b5,c2,c1,1768,?,i6,
1769500652.8953874,FORWARDED,52d16e7b-88b1-427f-9786-b049cb53db71,7e8380fc-cc86-4414-b5a5-11e243f7b5b5,c2,c1,1768,?,i6,
1769500652.93281,SENT,37892d48-cfb0-41de-8550-e4b1fe2531e8,349f2418-13f4-466f-b0b3-313ccb61a32d,c5,DROP,1021,?,i10,
1769500652.932856,FORWARDED,37892d48-cfb0-41de-8550-e4b1fe2531e8,349f2418-13f4-466f-b0b3-313ccb61a32d,c5,DROP,1021,?,i10,
1769500653.0157025,RECEIVED,d274f617-4957-4df5-bc0c-e5be457c89da,69398150-57e8-449c-9615-9ce0898a8376,c2,DROP,1439,p2,?,
1769500653.1055393,SENT,b090b1cf-b8e4-4d8c-a50d-6d943316eb1d,9f24fea1-79bf-4db0-abea-d38d11537c1a,c5,DROP,1009,?,i11,
1769500653.1055777,FORWARDED,b090b1cf-b8e4-4d8c-a50d-6d943316eb1d,9f24fea1-79bf-4db0-abea-d38d11537c1a,c5,DROP,1009,?,i11,
1769500653.1253657,RECEIVED,4a812087-3c20-4b0e-ac7d-3945109c8e03,5a5e4c18-56f8-46c0-af9e-e83af6b9f22c,c3,DROP,1439,p3,?,
1769500653.3704245,RECEIVED,1ac821e7-2ebd-48d7-99d9-08ac4c6b810b,9b9d2c0d-a905-479c-8d10-d766acf7d60f,c4,DROP,1451,p1,?,
1769500653.3911045,RECEIVED,1c93f3ef-035a-4624-8c85-1fac126f61eb,f5bffdd9-3a5f-4123-8b5a-ebcc114946f2,c3,DROP,1440,p3,?,
1769500653.3927279,RECEIVED,1b0ed709-defb-49bc-a530-11e62e745423,438dde9c-adbc-4bc1-94d3-9969ce505b62,c4,None,2237,p1,?,
1769500653.3933854,SENT,b43d9e98-d0fb-4018-b078-b02b59865b76,8099a93f-81ef-4079-a74e-c13eed61f9af,c2,c1,1763,?,i5,
1769500653.393423,FORWARDED,b43d9e98-d0fb-4018-b078-b02b59865b76,8099a93f-81ef-4079-a74e-c13eed61f9af,c2,c1,1763,?,i5,
1769500653.4254544,RECEIVED,da4051d4-e6c9-4687-b67a-1872f3c12f73,6171ed03-9049-4c1b-8ffd-b7d78edb3352,c2,None,2236,p2,?,
1769500653.5045907,SENT,1c93f3ef-035a-4624-8c85-1fac126f61eb,f5bffdd9-3a5f-4123-8b5a-ebcc114946f2,c3,DROP,1008,?,i9,
1769500653.5046318,FORWARDED,1c93f3ef-035a-4624-8c85-1fac126f61eb,f5bffdd9-3a5f-4123-8b5a-ebcc114946f2,c3,DROP,1008,?,i9,
1769500653.5935512,SENT,0b096d42-5cde-402c-8c76-de4705b9ee55,0f09d011-953c-45e7-b0f0-cbec69ae6b46,c1,c5,1768,?,i1,
1769500653.5935903,FORWARDED,0b096d42-5cde-402c-8c76-de4705b9ee55,0f09d011-953c-45e7-b0f0-cbec69ae6b46,c1,c5,1768,?,i1,
1769500653.6067843,RECEIVED,19ae85c4-b73c-4bcc-ad78-8ca60fd9a1a0,398ab2a6-bc5b-42ac-a3cc-95d0f3094361,c4,c3,2467,p1,?,
1769500653.6581924,RECEIVED,4159af6e-6dbc-4041-b9f7-7234e31bb2b7,11d1ffda-f934-4b9f-b4f1-56a5c51e3e71,c5,c2,2464,p2,?,
1769500653.667885,RECEIVED,96f15401-c84f-4753-916c-bfb88c5e897a,cce7372b-cc7e-4100-9e30-be7992e59b6b,c2,DROP,1442,p2,?,
1769500653.697517,RECEIVED,d88ef83d-2a3f-4c46-98ef-924d10c09a0e,94e7955b-9480-47d8-875c-9648252a7e39,c1,None,2235,p1,?,
1769500653.713856,SENT,96f15401-c84f-4753-916c-bfb88c5e897a,cce7372b-cc7e-4100-9e30-be7992e59b6b,c2,DROP,1008,?,i12,
1769500653.7138965,FORWARDED,96f15401-c84f-4753-916c-bfb88c5e897a,cce7372b-cc7e-4100-9e30-be7992e59b6b,c2,DROP,1008,?,i12,
1769500653.714166,RECEIVED,92c33050-24f7-4825-8892-8c72bebc7b30,b6939dcb-2d6c-4b63-abf6-bd55ef227ea9,c5,None,2236,p2,?,
1769500653.7218485,SENT,1b0ed709-defb-49bc-a530-11e62e745423,438dde9c-adbc-4bc1-94d3-9969ce505b62,c4,None,1603,?,i12,
1769500653.7218893,FORWARDED,1b0ed709-defb-49bc-a530-11e62e745423,438dde9c-adbc-4bc1-94d3-9969ce505b62,c4,None,1603,?,i12,
1769500653.7771363,SENT,19ae85c4-b73c-4bcc-ad78-8ca60fd9a1a0,398ab2a6-bc5b-42ac-a3cc-95d0f3094361,c4,c3,1777,?,i8,
1769500653.7771778,FORWARDED,19ae85c4-b73c-4bcc-ad78-8ca60fd9a1a0,398ab2a6-bc5b-42ac-a3cc-95d0f3094361,c4,c3,1777,?,i8,
1769500653.7892797,SENT,92c33050-24f7-4825-8892-8c72bebc7b30,b6939dcb-2d6c-4b63-abf6-bd55ef227ea9,c5,None,1604,?,i8,
1769500653.7893217,FORWARDED,92c33050-24f7-4825-8892-8c72bebc7b30,b6939dcb-2d6c-4b63-abf6-bd55ef227ea9,c5,None,1604,?,i8,
1769500653.851543,SENT,4a812087-3c20-4b0e-ac7d-3945109c8e03,5a5e4c18-56f8-46c0-af9e-e83af6b9f22c,c3,DROP,1008,?,i9,
1769500653.8515863,FORWARDED,4a812087-3c20-4b0e-ac7d-3945109c8e03,5a5e4c18-56f8-46c0-af9e-e83af6b9f22c,c3,DROP,1008,?,i9,
1769500653.8766978,RECEIVED,f0da98a0-377c-45f7-be74-447c6d4e5c41,4938cadc-7acf-47e6-8121-f191764c3af1,c4,c3,2463,p1,?,
1769500654.0581944,SENT,da4051d4-e6c9-4687-b67a-1872f3c12f73,6171ed03-9049-4c1b-8ffd-b7d78edb3352,c2,None,1604,?,i10,
1769500654.0582364,FORWARDED,da4051d4-e6c9-4687-b67a-1872f3c12f73,6171ed03-9049-4c1b-8ffd-b7d78edb3352,c2,None,1604,?,i10,
1769500654.1950955,SENT,d274f617-4957-4df5-bc0c-e5be457c89da,69398150-57e8-449c-9615-9ce0898a8376,c2,DROP,1007,?,i8,
1769500654.195134,FORWARDED,d274f617-4957-4df5-bc0c-e5be457c89da,69398150-57e8-449c-9615-9ce0898a8376,c2,DROP,1007,?,i8,
1769500654.3030846,RECEIVED,f665e215-b5cd-40c2-95b0-ae0e4db785b8,73e321c5-db66-4013-9a3f-e4911a1383c0,c5,DROP,443,x4,?,
1769500654.3448179,RECEIVED,b8709050-156d-4c2f-8f23-f4c2e920b206,556af191-479b-467f-abac-3bd775b5a1a6,c4,DROP,1443,p1,?,
1769500654.4265583,SENT,4159af6e-6dbc-4041-b9f7-7234e31bb2b7,11d1ffda-f934-4b9f-b4f1-56a5c51e3e71,c5,c2,1775,?,i11,
1769500654.4266624,FORWARDED,4159af6e-6dbc-4041-b9f7-7234e31bb2b7,11d1ffda-f934-4b9f-b4f1-56a5c51e3e71,c5,c2,1775,?,i11,
1769500654.440531,SENT,1ac821e7-2ebd-48d7-99d9-08ac4c6b810b,9b9d2c0d-a905-479c-8d10-d766acf7d60f,c4,DROP,1015,?,i5,
1769500654.4405727,FORWARDED,1ac821e7-2ebd-48d7-99d9-08ac4c6b810b,9b9d2c0d-a905-479c-8d10-d766acf7d60f,c4,DROP,1015,?,i5,
1769500654.5415597,SENT,d88ef83d-2a3f-4c46-98ef-924d10c09a0e,94e7955b-9480-47d8-875c-9648252a7e39,c1,None,1603,?,i3,
1769500654.5416036,FORWARDED,d88ef83d-2a3f-4c46-98ef-924d10c09a0e,94e7955b-9480-47d8-875c-9648252a7e39,c1,None,1603,?,i3,
1769500654.830218,SENT,b8709050-156d-4c2f-8f23-f4c2e920b206,556af191-479b-467f-abac-3bd775b5a1a6,c4,DROP,1011,?,i8,
1769500654.830259,FORWARDED,b8709050-156d-4c2f-8f23-f4c2e920b206,556af191-479b-467f-abac-3bd775b5a1a6,c4,DROP,1011,?,i8,
1769500654.8960063,SENT,f0da98a0-377c-45f7-be74-447c6d4e5c41,4938cadc-7acf-47e6-8121-f191764c3af1,c4,c3,1775,?,i5,
1769500654.896055,FORWARDED,f0da98a0-377c-45f7-be74-447c6d4e5c41,4938cadc-7acf-47e6-8121-f191764c3af1,c4,c3,1775,?,i5,
1769500655.0121727,RECEIVED,949649e1-e249-4948-9792-fcc36a05ff71,301d857f-9366-4260-81f0-dbfd7958b60e,c1,DROP,1452,p1,?,
1769500655.0470066,RECEIVED,15776851-7965-49b8-96c2-009b50dca2df,7bf0e6f7-469e-4607-b475-74e9a5f411f0,c5,c2,2449,p2,?,
1769500655.0528476,SENT,949649e1-e249-4948-9792-fcc36a05ff71,301d857f-9366-4260-81f0-dbfd7958b60e,c1,DROP,1016,?,i2,
1769500655.052895,FORWARDED,949649e1-e249-4948-9792-fcc36a05ff71,301d857f-9366-4260-81f0-dbfd7958b60e,c1,DROP,1016,?,i2,
1769500655.0633402,RECEIVED,568b2f8a-2308-48f3-ac83-f15632496910,d2b30af0-2752-45df-9277-3e685aa84f66,c2,c1,2451,p2,?,
1769500655.0788982,SENT,15776851-7965-49b8-96c2-009b50dca2df,7bf0e6f7-469e-4607-b475-74e9a5f411f0,c5,c2,1763,?,i7,
1769500655.0789413,FORWARDED,15776851-7965-49b8-96c2-009b50dca2df,7bf0e6f7-469e-4607-b475-74e9a5f411f0,c5,c2,1763,?,i7,
1769500655.1938047,RECEIVED,6dbb493d-1f82-49be-a847-6f437002ed0a,1063129a-6d20-4cd0-b131-7f1b3b73869c,c5,DROP,441,x3,?,
1769500655.1994846,RECEIVED,3eb1c332-5172-4f6a-8ae2-87ce4e89cfdc,29a3ea8e-bddd-47b4-be25-11a1f5ad10ce,c4,DROP,1457,p1,?,
1769500655.2474933,RECEIVED,0901d7b3-141c-4be7-ab93-ab45865ec78b,cf8ec388-8d8d-4f87-8972-7908de0faa55,c1,DROP,1449,p1,?,
1769500655.3425872,SENT,3eb1c332-5172-4f6a-8ae2-87ce4e89cfdc,29a3ea8e-bddd-47b4-be25-11a1f5ad10ce,c4,DROP,1019,?,i11,
1769500655.3426297,FORWARDED,3eb1c332-5172-4f6a-8ae2-87ce4e89cfdc,29a3ea8e-bddd-47b4-be25-11a1f5ad10ce,c4,DROP,1019,?,i11,
1769500655.8410194,RECEIVED,16fbde40-c127-4f3e-b797-601e01416def,0defbf0a-4631-4e8a-b4a7-88f21abe39a1,c3,None,2226,p3,?,
1769500655.8885493,RECEIVED,3f871295-2a03-4bdf-8ddb-89041f6a7e43,e1a45db3-7849-4bb0-a9fd-04d719ba08fb,c2,None,2225,p2,?,
1769500655.9073775,RECEIVED,50526680-e1bb-4a7a-b574-e55d41c78e66,a806b41d-6b1d-456f-a301-61abcf154873,c5,DROP,1441,p2,?,
1769500655.916669,SENT,568b2f8a-2308-48f3-ac83-f15632496910,d2b30af0-2752-45df-9277-3e685aa84f66,c2,c1,1767,?,i3,
1769500655.9167097,FORWARDED,568b2f8a-2308-48f3-ac83-f15632496910,d2b30af0-2752-45df-9277-3e685aa84f66,c2,c1,1767,?,i3,
1769500656.0396864,SENT,3f871295-2a03-4bdf-8ddb-89041f6a7e43,e1a45db3-7849-4bb0-a9fd-04d719ba08fb,c2,None,1595,?,i10,
1769500656.0397296,FORWARDED,3f871295-2a03-4bdf-8ddb-89041f6a7e43,e1a45db3-7849-4bb0-a9fd-04d719ba08fb,c2,None,1595,?,i10,
1769500656.0454278,SENT,50526680-e1bb-4a7a-b574-e55d41c78e66,a806b41d-6b1d-456f-a301-61abcf154873,c5,DROP,1007,?,i12,
1769500656.0454757,FORWARDED,50526680-e1bb-4a7a-b574-e55d41c78e66,a806b41d-6b1d-456f-a301-61abcf154873,c5,DROP,1007,?,i12,
1769500656.2948678,RECEIVED,65bdb500-4228-4845-a5f1-82112de9dd3c,27bc937f-c4ab-43e5-a902-583e5a4444d1,c3,DROP,442,x12,?,
1769500656.388539,SENT,0901d7b3-141c-4be7-ab93-ab45865ec78b,cf8ec388-8d8d-4f87-8972-7908de0faa55,c1,DROP,1015,?,i3,
1769500656.3885891,FORWARDED,0901d7b3-141c-4be7-ab93-ab45865ec78b,cf8ec388-8d8d-4f87-8972-7908de0faa55,c1,DROP,1015,?,i3,
1769500656.5277386,RECEIVED,f46bb14b-1e09-40d3-98c5-cb986ac86939,485a7a7c-21f8-45ff-9f10-b01892c04b11,c5,DROP,1451,p2,?,
1769500656.7259936,RECEIVED,9dcb2573-a907-4e9d-bd80-bd3028de5e3e,ad8260cb-75ea-452c-a0d1-f79c34428536,c2,DROP,1443,p2,?,
1769500656.739537,RECEIVED,1dd33261-6693-4ded-9e4d-028b90b1cdf3,7fd478d3-9f8e-4f68-9f06-63d37ee9c165,c5,DROP,440,x6,?,
1769500656.7740908,RECEIVED,90d154b2-958e-4e3f-aa68-4965b77dd53d,eb82ac51-63bc-4627-bab0-95c534e57333,c5,DROP,1439,p2,?,
1769500656.8227985,RECEIVED,e7d64b83-2b37-4ae1-967c-29aa733f99d3,3cba18bf-907a-4917-9e0f-93681b454f1a,c3,DROP,1444,p3,?,
1769500656.9316185,SENT,e7d64b83-2b37-4ae1-967c-29aa733f99d3,3cba18bf-907a-4917-9e0f-93681b454f1a,c3,DROP,1011,?,i7,
1769500656.9316618,FORWARDED,e7d64b83-2b37-4ae1-967c-29aa733f99d3,3cba18bf-907a-4917-9e0f-93681b454f1a,c3,DROP,1011,?,i7,
1769500656.9482205,RECEIVED,a40674ef-951e-4eae-95c7-7901355b0f99,6239d4e9-ad07-4751-9835-eccc40c4c78c,c4,DROP,441,x9,?,
1769500657.1420755,SENT,90d154b2-958e-4e3f-aa68-4965b77dd53d,eb82ac51-63bc-4627-bab0-95c534e57333,c5,DROP,1006,?,i1,
1769500657.1421185,FORWARDED,90d154b2-958e-4e3f-aa68-4965b77dd53d,eb82ac51-63bc-4627-bab0-95c534e57333,c5,DROP,1006,?,i1,
1769500657.1632307,SENT,16fbde40-c127-4f3e-b797-601e01416def,0defbf0a-4631-4e8a-b4a7-88f21abe39a1,c3,None,1597,?,i4,
1769500657.1632712,FORWARDED,16fbde40-c127-4f3e-b797-601e01416def,0defbf0a-4631-4e8a-b4a7-88f21abe39a1,c3,None,1597,?,i4,
1769500657.2802525,RECEIVED,54156389-b15f-42dc-b0b8-f1dced70c9da,6e4173f0-4dc6-4633-b460-fdb07054009d,c3,DROP,1452,p3,?,
1769500657.286091,RECEIVED,2f1c1642-2e31-4afa-88f2-f436e2b78866,92845d10-91c8-4629-b400-56682cd1257a,c3,DROP,1460,p3,?,
1769500657.394746,RECEIVED,271687e3-aa77-4d6b-bbc4-9164f168bb57,ff151d27-027e-41e4-adb8-778dea471715,c4,DROP,1457,p1,?,
1769500657.402115,SENT,9dcb2573-a907-4e9d-bd80-bd3028de5e3e,ad8260cb-75ea-452c-a0d1-f79c34428536,c2,DROP,1009,?,i5,
1769500657.4021537,FORWARDED,9dcb2573-a907-4e9d-bd80-bd3028de5e3e,ad8260cb-75ea-452c-a0d1-f79c34428536,c2,DROP,1009,?,i5,
1769500657.5720975,SENT,271687e3-aa77-4d6b-bbc4-9164f168bb57,ff151d27-027e-41e4-adb8-778dea471715,c4,DROP,1020,?,i10,
1769500657.5721335,FORWARDED,271687e3-aa77-4d6b-bbc4-9164f168bb57,ff151d27-027e-41e4-adb8-778dea471715,c4,DROP,1020,?,i10,
1769500657.5825744,RECEIVED,3a4104e8-823e-4b68-8989-c0d35e6da704,c453094c-5aa4-4ede-98c0-9b6734c4b02b,c4,None,2231,p1,?,
1769500657.6616857,SENT,2f1c1642-2e31-4afa-88f2-f436e2b78866,92845d10-91c8-4629-b400-56682cd1257a,c3,DROP,1021,?,i11,
1769500657.6617265,FORWARDED,2f1c1642-2e31-4afa-88f2-f436e2b78866,92845d10-91c8-4629-b400-56682cd1257a,c3,DROP,1021,?,i11,
1769500657.7192395,SENT,54156389-b15f-42dc-b0b8-f1dced70c9da,6e4173f0-4dc6-4633-b460-fdb07054009d,c3,DROP,1017,?,i1,
1769500657.719283,FORWARDED,54156389-b15f-42dc-b0b8-f1dced70c9da,6e4173f0-4dc6-4633-b460-fdb07054009d,c3,DROP,1017,?,i1,
1769500657.7613218,RECEIVED,68ae6c51-30f7-4eca-9528-26f5dcc4f53e,2159a213-a31a-451f-b90c-2488f69fce01,c1,DROP,442,x8,?,
1769500657.7833302,SENT,f46bb14b-1e09-40d3-98c5-cb986ac86939,485a7a7c-21f8-45ff-9f10-b01892c04b11,c5,DROP,1016,?,i6,
1769500657.783369,FORWARDED,f46bb14b-1e09-40d3-98c5-cb986ac86939,485a7a7c-21f8-45ff-9f10-b01892c04b11,c5,DROP,1016,?,i6,
1769500657.8138325,RECEIVED,a94c9fc4-7a65-4b3b-a680-54fb2347a0d8,b1f30816-4bfe-4820-aa92-93d83606fa9c,c1,DROP,1440,p1,?,
1769500657.8655007,RECEIVED,110110e5-a851-47b3-ba86-e2f891f3a1b0,bce0e208-47f6-45e4-8274-9a1d58c1f517,c3,c4,2447,p3,?,
1769500657.8721187,RECEIVED,20b55ec9-d86b-48e3-a0e5-5074cd41efeb,8f895c25-8c1e-47b7-9889-b16ff833c86e,c2,DROP,1441,p2,?,
1769500657.885352,SENT,a94c9fc4-7a65-4b3b-a680-54fb2347a0d8,b1f30816-4bfe-4820-aa92-93d83606fa9c,c1,DROP,1008,?,i8,
1769500657.8853931,FORWARDED,a94c9fc4-7a65-4b3b-a680-54fb2347a0d8,b1f30816-4bfe-4820-aa92-93d83606fa9c,c1,DROP,1008,?,i8,
1769500657.9784474,RECEIVED,bb0fdf45-362b-4aee-a878-94ef7b7fe154,791d9e66-a11e-4c8c-bdb4-66acfb833f03,c1,DROP,1441,p1,?,
1769500657.9948363,SENT,20b55ec9-d86b-48e3-a0e5-5074cd41efeb,8f895c25-8c1e-47b7-9889-b16ff833c86e,c2,DROP,1008,?,i12,
1769500657.994875,FORWARDED,20b55ec9-d86b-48e3-a0e5-5074cd41efeb,8f895c25-8c1e-47b7-9889-b16ff833c86e,c2,DROP,1008,?,i12,
1769500658.0129147,SENT,bb0fdf45-362b-4aee-a878-94ef7b7fe154,791d9e66-a11e-4c8c-bdb4-66acfb833f03,c1,DROP,1007,?,i12,
1769500658.0129511,FORWARDED,bb0fdf45-362b-4aee-a878-94ef7b7fe154,791d9e66-a11e-4c8c-bdb4-66acfb833f03,c1,DROP,1007,?,i12,
1769500658.0373695,RECEIVED,4bd472f0-7bb2-4ce7-933a-9d2307c3f5b8,0f55f314-a05d-44b0-b960-afba1c89b094,c2,DROP,441,x12,?,
1769500658.2677393,RECEIVED,989ac119-8c06-41b6-860f-b2b02b8b513f,489b889e-099b-4d6b-a062-b887c97536db,c1,DROP,440,x6,?,
1769500658.2847724,RECEIVED,7bb00a4a-3013-4437-ad0b-95b99bc1385a,d8c68424-25c6-4823-917c-82ffee1955c3,c5,DROP,1444,p2,?,
1769500658.3193831,SENT,3a4104e8-823e-4b68-8989-c0d35e6da704,c453094c-5aa4-4ede-98c0-9b6734c4b02b,c4,None,1600,?,i7,
1769500658.3195057,FORWARDED,3a4104e8-823e-4b68-8989-c0d35e6da704,c453094c-5aa4-4ede-98c0-9b6734c4b02b,c4,None,1600,?,i7,
1769500658.3614025,SENT,110110e5-a851-47b3-ba86-e2f891f3a1b0,bce0e208-47f6-45e4-8274-9a1d58c1f517,c3,c4,1763,?,i9,
1769500658.3614435,FORWARDED,110110e5-a851-47b3-ba86-e2f891f3a1b0,bce0e208-47f6-45e4-8274-9a1d58c1f517,c3,c4,1763,?,i9,
1769500658.5044231,SENT,7bb00a4a-3013-4437-ad0b-95b99bc1385a,d8c68424-25c6-4823-917c-82ffee1955c3,c5,DROP,1011,?,i5,
1769500658.5044646,FORWARDED,7bb00a4a-3013-4437-ad0b-95b99bc1385a,d8c68424-25c6-4823-917c-82ffee1955c3,c5,DROP,1011,?,i5,
1769500658.6053665,RECEIVED,d8dd3c68-70b2-418e-8cfb-e00517761f05,d1935e04-82b2-4fc1-88a3-4465469f4ec5,c3,c4,2451,p3,?,
1769500658.8006647,RECEIVED,7992fe06-23da-4edd-95e9-735d431c8f02,a41bb06b-262a-480e-bc18-410f12a1b78d,c5,c2,2477,p2,?,
1769500658.8805883,RECEIVED,97d6a4f0-9982-4c86-b7ea-e5593d1613df,6043bd63-01e5-4f70-bb0f-811fb0c4ed07,c5,DROP,1443,p2,?,
1769500658.9289875,SENT,7992fe06-23da-4edd-95e9-735d431c8f02,a41bb06b-262a-480e-bc18-410f12a1b78d,c5,c2,1784,?,i12,
1769500658.9290261,FORWARDED,7992fe06-23da-4edd-95e9-735d431c8f02,a41bb06b-262a-480e-bc18-410f12a1b78d,c5,c2,1784,?,i12,
1769500659.2248993,SENT,97d6a4f0-9982-4c86-b7ea-e5593d1613df,6043bd63-01e5-4f70-bb0f-811fb0c4ed07,c5,DROP,1010,?,i3,
1769500659.224942,FORWARDED,97d6a4f0-9982-4c86-b7ea-e5593d1613df,6043bd63-01e5-4f70-bb0f-811fb0c4ed07,c5,DROP,1010,?,i3,
1769500659.2342346,RECEIVED,508def8a-8106-4e14-8a4e-58ea8b4b1d2a,6c030062-98e3-4dc9-bccc-ace5f08c6807,c1,None,2224,p1,?,
1769500659.2923229,RECEIVED,bc32fece-ad5e-4e37-9b3a-498df8123431,8aa2fe32-946b-4d69-bb2c-172e608aad2f,c3,DROP,1448,p3,?,
1769500659.3277462,SENT,508def8a-8106-4e14-8a4e-58ea8b4b1d2a,6c030062-98e3-4dc9-bccc-ace5f08c6807,c1,None,1595,?,i8,
1769500659.3277876,FORWARDED,508def8a-8106-4e14-8a4e-58ea8b4b1d2a,6c030062-98e3-4dc9-bccc-ace5f08c6807,c1,None,1595,?,i8,
1769500659.398574,SENT,d8dd3c68-70b2-418e-8cfb-e00517761f05,d1935e04-82b2-4fc1-88a3-4465469f4ec5,c3,c4,1765,?,i7,
1769500659.3986154,FORWARDED,d8dd3c68-70b2-418e-8cfb-e00517761f05,d1935e04-82b2-4fc1-88a3-4465469f4ec5,c3,c4,1765,?,i7,
1769500659.4716272,RECEIVED,ae7e97b4-71c8-4f6f-a9e4-38cb2943a87a,67f11de8-b18e-4e55-87a8-1cf715d57ff2,c1,DROP,441,x6,?,
1769500659.4922435,RECEIVED,573d5423-bf1a-4feb-9af2-1eec21b50854,5548e9ab-cb8e-4883-99d1-eeb50007a99a,c5,DROP,1439,p2,?,
1769500659.5103946,SENT,bc32fece-ad5e-4e37-9b3a-498df8123431,8aa2fe32-946b-4d69-bb2c-172e608aad2f,c3,DROP,1012,?,i8,
1769500659.5104337,FORWARDED,bc32fece-ad5e-4e37-9b3a-498df8123431,8aa2fe32-946b-4d69-bb2c-172e608aad2f,c3,DROP,1012,?,i8,
1769500659.6445591,RECEIVED,b4ec39d6-bf36-4178-aae2-ff1761a12115,bf10c89c-4c15-4171-be8a-6a5f09ce79b9,c1,c5,2460,p1,?,
1769500659.6982656,RECEIVED,569da209-b5a3-4b18-8780-13c6b184fc97,d2bc9848-2a56-4111-9055-f19f03c83d2c,c5,DROP,1455,p2,?,
1769500659.7944193,RECEIVED,ab294420-92e9-41a0-bbf4-8ce7c00351c9,e1eeaec7-f582-4e01-9589-395b9194cacf,c2,None,2234,p2,?,
1769500659.9333804,RECEIVED,ad50d4eb-e548-4753-b2da-6915f7a8b6a3,263dbf57-f901-4fb2-8133-c28a179b4bbf,c3,DROP,1439,p3,?,
1769500660.0397072,SENT,b4ec39d6-bf36-4178-aae2-ff1761a12115,bf10c89c-4c15-4171-be8a-6a5f09ce79b9,c1,c5,1771,?,i6,
1769500660.0397465,FORWARDED,b4ec39d6-bf36-4178-aae2-ff1761a12115,bf10c89c-4c15-4171-be8a-6a5f09ce79b9,c1,c5,1771,?,i6,
1769500660.1509206,SENT,573d5423-bf1a-4feb-9af2-1eec21b50854,5548e9ab-cb8e-4883-99d1-eeb50007a99a,c5,DROP,1007,?,i3,
1769500660.1509626,FORWARDED,573d5423-bf1a-4feb-9af2-1eec21b50854,5548e9ab-cb8e-4883-99d1-eeb50007a99a,c5,DROP,1007,?,i3,
1769500660.2441187,RECEIVED,d14f9219-076c-4787-874f-ec53bd0cc776,1aecb1e2-97e7-4546-af32-85cc008d2a13,c2,DROP,1441,p2,?,
1769500660.2676077,RECEIVED,b491abd7-fd1c-47cd-97c8-953ef82f6ce2,935ffec5-fa92-48a4-a18e-ebb803f6aa29,c4,DROP,1440,p1,?,
1769500660.2789283,RECEIVED,1886be56-fddf-4be2-b8f8-40eea3255353,f29b0a45-c049-4a37-8b66-00806c893d11,c2,DROP,1442,p2,?,
1769500660.3398888,RECEIVED,e8088228-6885-4b1d-b8e8-168ac6ca33a7,0e2417f6-f85e-4432-b6ee-96f1f7776c8a,c5,c2,2457,p2,?,
1769500660.3792243,RECEIVED,cefa3f06-8c47-48b7-ac2d-dbfe7ef5ec2d,f8bbbd21-88fd-49ec-82f8-48c64c1a8366,c2,DROP,445,x10,?,
1769500660.4290974,RECEIVED,21a47160-0ef4-4715-be80-4a86809ac175,539723be-2f5b-460d-aab8-68c62d1f3622,c2,DROP,1451,p2,?,
1769500660.4490707,SENT,d14f9219-076c-4787-874f-ec53bd0cc776,1aecb1e2-97e7-4546-af32-85cc008d2a13,c2,DROP,1008,?,i11,
1769500660.4491115,FORWARDED,d14f9219-076c-4787-874f-ec53bd0cc776,1aecb1e2-97e7-4546-af32-85cc008d2a13,c2,DROP,1008,?,i11,
1769500660.4592006,SENT,569da209-b5a3-4b18-8780-13c6b184fc97,d2bc9848-2a56-4111-9055-f19f03c83d2c,c5,DROP,1020,?,i6,
1769500660.4592407,FORWARDED,569da209-b5a3-4b18-8780-13c6b184fc97,d2bc9848-2a56-4111-9055-f19f03c83d2c,c5,DROP,1020,?,i6,
1769500660.4951413,SENT,b491abd7-fd1c-47cd-97c8-953ef82f6ce2,935ffec5-fa92-48a4-a18e-ebb803f6aa29,c4,DROP,1007,?,i7,
1769500660.495183,FORWARDED,b491abd7-fd1c-47cd-97c8-953ef82f6ce2,935ffec5-fa92-48a4-a18e-ebb803f6aa29,c4,DROP,1007,?,i7,
1769500660.4989653,RECEIVED,12fecf98-c50b-45f8-9e43-6065424546da,9a80b842-d774-4297-af8a-b7f1eafd2909,c1,DROP,442,x9,?,
1769500660.6015015,RECEIVED,3a52b4eb-030c-461c-aae4-b15fc1a48ca2,bd1f74bf-bd9d-4e6e-b085-02659e6280a7,c5,c2,2463,p2,?,
1769500660.6347735,SENT,ad50d4eb-e548-4753-b2da-6915f7a8b6a3,263dbf57-f901-4fb2-8133-c28a179b4bbf,c3,DROP,1007,?,i2,
1769500660.634815,FORWARDED,ad50d4eb-e548-4753-b2da-6915f7a8b6a3,263dbf57-f901-4fb2-8133-c28a179b4bbf,c3,DROP,1007,?,i2,
1769500660.699077,SENT,e8088228-6885-4b1d-b8e8-168ac6ca33a7,0e2417f6-f85e-4432-b6ee-96f1f7776c8a,c5,c2,1770,?,i10,
1769500660.6991231,FORWARDED,e8088228-6885-4b1d-b8e8-168ac6ca33a7,0e2417f6-f85e-4432-b6ee-96f1f7776c8a,c5,c2,1770,?,i10,
1769500660.7126517,SENT,21a47160-0ef4-4715-be80-4a86809ac175,539723be-2f5b-460d-aab8-68c62d1f3622,c2,DROP,1015,?,i4,
1769500660.7126942,FORWARDED,21a47160-0ef4-4715-be80-4a86809ac175,539723be-2f5b-460d-aab8-68c62d1f3622,c2,DROP,1015,?,i4,
1769500660.718629,SENT,1886be56-fddf-4be2-b8f8-40eea3255353,f29b0a45-c049-4a37-8b66-00806c893d11,c2,DROP,1011,?,i9,
1769500660.7186642,FORWARDED,1886be56-fddf-4be2-b8f8-40eea3255353,f29b0a45-c049-4a37-8b66-00806c893d11,c2,DROP,1011,?,i9,
1769500661.198247,RECEIVED,e084919e-a323-472f-9f56-3e1493201f65,be4a521b-514e-497b-8208-69240c1595b7,c4,c3,2461,p1,?,
1769500661.2484634,SENT,ab294420-92e9-41a0-bbf4-8ce7c00351c9,e1eeaec7-f582-4e01-9589-395b9194cacf,c2,None,1603,?,i4,
1769500661.2485046,FORWARDED,ab294420-92e9-41a0-bbf4-8ce7c00351c9,e1eeaec7-f582-4e01-9589-395b9194cacf,c2,None,1603,?,i4,
1769500661.3838668,RECEIVED,7941a919-88c2-4bf7-bd3b-a1c44044969f,27dc6183-1a9a-4f33-a932-cb1ceb7ff006,c1,DROP,1440,p1,?,
1769500661.4152107,SENT,e084919e-a323-472f-9f56-3e1493201f65,be4a521b-514e-497b-8208-69240c1595b7,c4,c3,1771,?,i12,
1769500661.4152508,FORWARDED,e084919e-a323-472f-9f56-3e1493201f65,be4a521b-514e-497b-8208-69240c1595b7,c4,c3,1771,?,i12,
1769500661.463572,RECEIVED,61127599-6659-46dd-83c2-d8ef42012dc6,5f42c026-f618-494f-b892-4792b218b7ac,c1,None,2240,p1,?,
1769500661.564716,SENT,61127599-6659-46dd-83c2-d8ef42012dc6,5f42c026-f618-494f-b892-4792b218b7ac,c1,None,1608,?,i4,
1769500661.5647588,FORWARDED,61127599-6659-46dd-83c2-d8ef42012dc6,5f42c026-f618-494f-b892-4792b218b7ac,c1,None,1608,?,i4,
1769500661.630677,RECEIVED,25367ef9-4f3e-4314-978b-a18698e42950,ac9df99e-786b-4ef5-8c68-b28aa78431c3,c3,c4,2463,p3,?,
1769500661.8027117,SENT,3a52b4eb-030c-461c-aae4-b15fc1a48ca2,bd1f74bf-bd9d-4e6e-b085-02659e6280a7,c5,c2,1775,?,i1,
1769500661.8027523,FORWARDED,3a52b4eb-030c-461c-aae4-b15fc1a48ca2,bd1f74bf-bd9d-4e6e-b085-02659e6280a7,c5,c2,1775,?,i1,
1769500661.9216733,RECEIVED,151518f6-5301-453b-92ce-98898be449d8,b7e90b8c-1585-4cfe-96f5-e45b4dbdb04f,c4,None,2231,p1,?,
1769500661.9526713,RECEIVED,d5016901-c4c5-4fa9-96d6-d8a5998362cd,634b7850-c651-442a-aa50-2ccf03c1a03f,c1,DROP,1444,p1,?,
1769500661.9615254,RECEIVED,e06240fa-10b4-4f5f-a1a4-588c90491633,365a7b95-3fbe-4b3b-af8b-6620e4bebd78,c2,c1,2465,p2,?,
1769500661.9668536,RECEIVED,737dc3e4-1dbd-4453-862f-afcce841a130,2cf8d451-6849-4ee1-ad05-5b6053e5f3f2,c1,DROP,1461,p1,?,
1769500662.0013454,RECEIVED,714dae61-e724-4dfa-b0d4-8b85b1b87839,8c1db9b3-1f3a-476a-b3a8-5154f6de6a8a,c5,DROP,1441,p2,?,
1769500662.0192902,SENT,e06240fa-10b4-4f5f-a1a4-588c90491633,365a7b95-3fbe-4b3b-af8b-6620e4bebd78,c2,c1,1775,?,i2,
1769500662.0193284,FORWARDED,e06240fa-10b4-4f5f-a1a4-588c90491633,365a7b95-3fbe-4b3b-af8b-6620e4bebd78,c2,c1,1775,?,i2,
1769500662.0230205,SENT,714dae61-e724-4dfa-b0d4-8b85b1b87839,8c1db9b3-1f3a-476a-b3a8-5154f6de6a8a,c5,DROP,1008,?,i9,
1769500662.0230706,FORWARDED,714dae61-e724-4dfa-b0d4-8b85b1b87839,8c1db9b3-1f3a-476a-b3a8-5154f6de6a8a,c5,DROP,1008,?,i9,
1769500662.1469069,SENT,737dc3e4-1dbd-4453-862f-afcce841a130,2cf8d451-6849-4ee1-ad05-5b6053e5f3f2,c1,DROP,1021,?,i10,
1769500662.146949,FORWARDED,737dc3e4-1dbd-4453-862f-afcce841a130,2cf8d451-6849-4ee1-ad05-5b6053e5f3f2,c1,DROP,1021,?,i10,
1769500662.2000072,RECEIVED,c4048237-eee5-4cbc-b055-7e3478b19709,22824b88-b8fa-45c1-9c33-2085337aa6fd,c2,c1,2476,p2,?,
1769500662.2556896,RECEIVED,f671853d-2174-40d5-b985-03513290157b,8543af36-100d-4ad5-850d-46b86da75e75,c3,DROP,1439,p3,?,
1769500662.2598877,RECEIVED,cf4fa96a-6a81-4aaa-83a0-47dd5099d27b,258f15ab-bcf5-4bfc-b7fb-74c56b4e6b17,c2,DROP,1449,p2,?,
1769500662.3060298,RECEIVED,d815b6a6-badc-4219-b303-2365001f934d,7aabb425-f0ab-4b5c-80a1-4a04d9b33bfa,c1,DROP,1443,p1,?,
1769500662.3748682,SENT,d5016901-c4c5-4fa9-96d6-d8a5998362cd,634b7850-c651-442a-aa50-2ccf03c1a03f,c1,DROP,1011,?,i12,
1769500662.3749092,FORWARDED,d5016901-c4c5-4fa9-96d6-d8a5998362cd,634b7850-c651-442a-aa50-2ccf03c1a03f,c1,DROP,1011,?,i12,
1769500662.392215,RECEIVED,c57d0242-960a-4def-860d-ff6e4e3466a7,2903cc9e-7246-466b-a601-e085c0b27e20,c5,DROP,1439,p2,?,
1769500662.426376,SENT,7941a919-88c2-4bf7-bd3b-a1c44044969f,27dc6183-1a9a-4f33-a932-cb1ceb7ff006,c1,DROP,1008,?,i10,
1769500662.4264169,FORWARDED,7941a919-88c2-4bf7-bd3b-a1c44044969f,27dc6183-1a9a-4f33-a932-cb1ceb7ff006,c1,DROP,1008,?,i10,
1769500662.4341192,SENT,f671853d-2174-40d5-b985-03513290157b,8543af36-100d-4ad5-850d-46b86da75e75,c3,DROP,1008,?,i5,
1769500662.4341593,FORWARDED,f671853d-2174-40d5-b985-03513290157b,8543af36-100d-4ad5-850d-46b86da75e75,c3,DROP,1008,?,i5,
1769500662.541191,RECEIVED,e09a612f-8f52-4481-8a35-a655d8727a2b,36179388-e59c-4241-be43-994047134ee1,c5,None,2231,p2,?,
1769500662.663203,SENT,c57d0242-960a-4def-860d-ff6e4e3466a7,2903cc9e-7246-466b-a601-e085c0b27e20,c5,DROP,1008,?,i9,
1769500662.663243,FORWARDED,c57d0242-960a-4def-860d-ff6e4e3466a7,2903cc9e-7246-466b-a601-e085c0b27e20,c5,DROP,1008,?,i9,
1769500662.6767576,SENT,cf4fa96a-6a81-4aaa-83a0-47dd5099d27b,258f15ab-bcf5-4bfc-b7fb-74c56b4e6b17,c2,DROP,1012,?,i11,
1769500662.6768703,FORWARDED,cf4fa96a-6a81-4aaa-83a0-47dd5099d27b,258f15ab-bcf5-4bfc-b7fb-74c56b4e6b17,c2,DROP,1012,?,i11,
1769500662.7255623,RECEIVED,1b641367-9f27-41f6-a2bb-b89fa15178ab,89f38ad5-1e35-42af-b2d3-23d9abfbbf9c,c4,c3,2463,p1,?,
1769500662.7312398,SENT,c4048237-eee5-4cbc-b055-7e3478b19709,22824b88-b8fa-45c1-9c33-2085337aa6fd,c2,c1,1784,?,i10,
1769500662.7312803,FORWARDED,c4048237-eee5-4cbc-b055-7e3478b19709,22824b88-b8fa-45c1-9c33-2085337aa6fd,c2,c1,1784,?,i10,
1769500662.7550185,RECEIVED,bf573565-3d8f-49aa-9d58-3001e96c9fe8,77aeadd7-9186-4b9a-91dd-6aa1e4e8733d,c5,DROP,1445,p2,?,
1769500662.7777085,RECEIVED,765b4370-a498-41c3-9631-a386d621ebb3,5597bbc0-b82c-4531-be21-227164a4019e,c5,c2,2472,p2,?,
1769500662.8987598,SENT,e09a612f-8f52-4481-8a35-a655d8727a2b,36179388-e59c-4241-be43-994047134ee1,c5,None,1601,?,i2,
1769500662.898801,FORWARDED,e09a612f-8f52-4481-8a35-a655d8727a2b,36179388-e59c-4241-be43-994047134ee1,c5,None,1601,?,i2,
1769500663.0674884,SENT,d815b6a6-badc-4219-b303-2365001f934d,7aabb425-f0ab-4b5c-80a1-4a04d9b33bfa,c1,DROP,1009,?,i5,
1769500663.067532,FORWARDED,d815b6a6-badc-4219-b303-2365001f934d,7aabb425-f0ab-4b5c-80a1-4a04d9b33bfa,c1,DROP,1009,?,i5,
1769500663.1677053,RECEIVED,90f9a2a8-afc4-4bc7-ba03-6520fdf6bf79,31108c9e-3deb-450c-a95f-3194b875e423,c5,DROP,1443,p2,?,
1769500663.1708708,RECEIVED,065e25d4-939e-464a-a120-cc29cf96ed53,b379440f-73a2-4639-977c-69817cd1322c,c3,c4,2463,p3,?,
1769500663.2111337,SENT,bf573565-3d8f-49aa-9d58-3001e96c9fe8,77aeadd7-9186-4b9a-91dd-6aa1e4e8733d,c5,DROP,1011,?,i12,
1769500663.2111776,FORWARDED,bf573565-3d8f-49aa-9d58-3001e96c9fe8,77aeadd7-9186-4b9a-91dd-6aa1e4e8733d,c5,DROP,1011,?,i12,
1769500663.2322,SENT,765b4370-a498-41c3-9631-a386d621ebb3,5597bbc0-b82c-4531-be21-227164a4019e,c5,c2,1780,?,i5,
1769500663.2322423,FORWARDED,765b4370-a498-41c3-9631-a386d621ebb3,5597bbc0-b82c-4531-be21-227164a4019e,c5,c2,1780,?,i5,
1769500663.3013418,SENT,1b641367-9f27-41f6-a2bb-b89fa15178ab,89f38ad5-1e35-42af-b2d3-23d9abfbbf9c,c4,c3,1775,?,i4,
1769500663.3013787,FORWARDED,1b641367-9f27-41f6-a2bb-b89fa15178ab,89f38ad5-1e35-42af-b2d3-23d9abfbbf9c,c4,c3,1775,?,i4,
1769500663.3023677,RECEIVED,de7a856a-5cf2-4fff-a7de-55883528c4d5,4e271e07-628d-4ed7-b28e-0c14a3515841,c1,DROP,1444,p1,?,
1769500663.337185,RECEIVED,2cd080d3-a701-467f-9f7e-e491cf32f307,3cccd7d3-e357-435d-9b06-af46d44243ba,c1,c5,2460,p1,?,
1769500663.391445,SENT,151518f6-5301-453b-92ce-98898be449d8,b7e90b8c-1585-4cfe-96f5-e45b4dbdb04f,c4,None,1600,?,i4,
1769500663.3914878,FORWARDED,151518f6-5301-453b-92ce-98898be449d8,b7e90b8c-1585-4cfe-96f5-e45b4dbdb04f,c4,None,1600,?,i4,
1769500663.3982666,RECEIVED,4f57b34f-5784-4f18-b7b1-1d8068c6d790,763a7046-4743-4806-8ebc-c80ee4a572bf,c2,DROP,1451,p2,?,
1769500663.4061134,SENT,de7a856a-5cf2-4fff-a7de-55883528c4d5,4e271e07-628d-4ed7-b28e-0c14a3515841,c1,DROP,1011,?,i7,
1769500663.4061515,FORWARDED,de7a856a-5cf2-4fff-a7de-55883528c4d5,4e271e07-628d-4ed7-b28e-0c14a3515841,c1,DROP,1011,?,i7,
1769500663.4970903,SENT,065e25d4-939e-464a-a120-cc29cf96ed53,b379440f-73a2-4639-977c-69817cd1322c,c3,c4,1776,?,i7,
1769500663.4971347,FORWARDED,065e25d4-939e-464a-a120-cc29cf96ed53,b379440f-73a2-4639-977c-69817cd1322c,c3,c4,1776,?,i7,
1769500663.555348,RECEIVED,b78d934e-31f5-4efb-9ba2-c32ebef0e0ac,d5b627da-9ee1-4d65-b4a7-187ab80b80f4,c1,c5,2465,p1,?,
1769500663.6043699,RECEIVED,3c421214-15ac-4190-b0a9-96e6ff613867,bae0e22f-fcb2-4022-89f8-dada1542e3ba,c4,c3,2471,p1,?,
1769500663.6432614,SENT,b78d934e-31f5-4efb-9ba2-c32ebef0e0ac,d5b627da-9ee1-4d65-b4a7-187ab80b80f4,c1,c5,1776,?,i11,
1769500663.6433022,FORWARDED,b78d934e-31f5-4efb-9ba2-c32ebef0e0ac,d5b627da-9ee1-4d65-b4a7-187ab80b80f4,c1,c5,1776,?,i11,
1769500663.921856,RECEIVED,273c4c27-7e77-4466-bc1b-2bb006cf2633,b3d52209-c7f8-470e-8d47-37ba555f1ffe,c1,DROP,1447,p1,?,
1769500663.9593801,SENT,4f57b34f-5784-4f18-b7b1-1d8068c6d790,763a7046-4743-4806-8ebc-c80ee4a572bf,c2,DROP,1017,?,i6,
1769500663.9594245,FORWARDED,4f57b34f-5784-4f18-b7b1-1d8068c6d790,763a7046-4743-4806-8ebc-c80ee4a572bf,c2,DROP,1017,?,i6,
1769500663.979691,RECEIVED,50740d50-548b-4f98-b0f8-c58ada0fbaa1,ada692b6-0edb-4267-9e12-fe0067680dfb,c3,DROP,1448,p3,?,
1769500664.010105,RECEIVED,82abd145-d2d1-4ff0-8773-8db45963f7c1,0ceb69e8-c48f-4ed5-b23b-3cfffe358408,c4,DROP,1447,p1,?,
1769500664.0239825,RECEIVED,69cef419-723a-4e21-bd1c-543823890825,4b6c128a-ef8e-45f5-a3f3-0ae63b79c90a,c5,DROP,1461,p2,?,
1769500664.0632613,SENT,69cef419-723a-4e21-bd1c-543823890825,4b6c128a-ef8e-45f5-a3f3-0ae63b79c90a,c5,DROP,1021,?,i12,
1769500664.063303,FORWARDED,69cef419-723a-4e21-bd1c-543823890825,4b6c128a-ef8e-45f5-a3f3-0ae63b79c90a,c5,DROP,1021,?,i12,
1769500664.0768833,SENT,25367ef9-4f3e-4314-978b-a18698e42950,ac9df99e-786b-4ef5-8c68-b28aa78431c3,c3,c4,1776,?,i1,
1769500664.0769215,FORWARDED,25367ef9-4f3e-4314-978b-a18698e42950,ac9df99e-786b-4ef5-8c68-b28aa78431c3,c3,c4,1776,?,i1,
1769500664.1320891,SENT,50740d50-548b-4f98-b0f8-c58ada0fbaa1,ada692b6-0edb-4267-9e12-fe0067680dfb,c3,DROP,1013,?,i3,
1769500664.1321309,FORWARDED,50740d50-548b-4f98-b0f8-c58ada0fbaa1,ada692b6-0edb-4267-9e12-fe0067680dfb,c3,DROP,1013,?,i3,
1769500664.211361,RECEIVED,2e496c10-8c38-4304-8aa7-36ce5a566650,30951721-51dc-4a08-ad2a-d88462be09a7,c3,None,2223,p3,?,
1769500664.2243927,SENT,82abd145-d2d1-4ff0-8773-8db45963f7c1,0ceb69e8-c48f-4ed5-b23b-3cfffe358408,c4,DROP,1012,?,i8,
1769500664.2244341,FORWARDED,82abd145-d2d1-4ff0-8773-8db45963f7c1,0ceb69e8-c48f-4ed5-b23b-3cfffe358408,c4,DROP,1012,?,i8,
1769500664.3790264,SENT,273c4c27-7e77-4466-bc1b-2bb006cf2633,b3d52209-c7f8-470e-8d47-37ba555f1ffe,c1,DROP,1012,?,i5,
1769500664.379076,FORWARDED,273c4c27-7e77-4466-bc1b-2bb006cf2633,b3d52209-c7f8-470e-8d47-37ba555f1ffe,c1,DROP,1012,?,i5,
1769500664.3970323,SENT,2e496c10-8c38-4304-8aa7-36ce5a566650,30951721-51dc-4a08-ad2a-d88462be09a7,c3,None,1595,?,i3,
1769500664.3970814,FORWARDED,2e496c10-8c38-4304-8aa7-36ce5a566650,30951721-51dc-4a08-ad2a-d88462be09a7,c3,None,1595,?,i3,
1769500664.4157255,SENT,2cd080d3-a701-467f-9f7e-e491cf32f307,3cccd7d3-e357-435d-9b06-af46d44243ba,c1,c5,1771,?,i10,
1769500664.4157665,FORWARDED,2cd080d3-a701-467f-9f7e-e491cf32f307,3cccd7d3-e357-435d-9b06-af46d44243ba,c1,c5,1771,?,i10,
1769500664.4475424,RECEIVED,1403f633-1933-4d38-bdc9-f4cad46f0345,3ed82219-8f6f-4b04-842f-f65216773d6a,c4,DROP,1440,p1,?,
1769500664.4738562,SENT,3c421214-15ac-4190-b0a9-96e6ff613867,bae0e22f-fcb2-4022-89f8-dada1542e3ba,c4,c3,1780,?,i6,
1769500664.4738941,FORWARDED,3c421214-15ac-4190-b0a9-96e6ff613867,bae0e22f-fcb2-4022-89f8-dada1542e3ba,c4,c3,1780,?,i6,
1769500664.475903,RECEIVED,e26c19b7-d6fc-4168-8f56-6633aea0a3d6,7e3663a6-d190-4a99-8924-573a0115b5cb,c5,DROP,1441,p2,?,
1769500664.5756097,SENT,e26c19b7-d6fc-4168-8f56-6633aea0a3d6,7e3663a6-d190-4a99-8924-573a0115b5cb,c5,DROP,1007,?,i12,
1769500664.575648,FORWARDED,e26c19b7-d6fc-4168-8f56-6633aea0a3d6,7e3663a6-d190-4a99-8924-573a0115b5cb,c5,DROP,1007,?,i12,
1769500664.6129212,RECEIVED,e8c9f360-02b9-479a-aa92-4f91d6b8e47c,4d78843b-909b-4ca1-9c3b-1deaafbad293,c5,DROP,1452,p2,?,
1769500664.7366834,SENT,90f9a2a8-afc4-4bc7-ba03-6520fdf6bf79,31108c9e-3deb-450c-a95f-3194b875e423,c5,DROP,1011,?,i8,
1769500664.7367225,FORWARDED,90f9a2a8-afc4-4bc7-ba03-6520fdf6bf79,31108c9e-3deb-450c-a95f-3194b875e423,c5,DROP,1011,?,i8,
1769500664.8393133,SENT,e8c9f360-02b9-479a-aa92-4f91d6b8e47c,4d78843b-909b-4ca1-9c3b-1deaafbad293,c5,DROP,1016,?,i7,
1769500664.8393524,FORWARDED,e8c9f360-02b9-479a-aa92-4f91d6b8e47c,4d78843b-909b-4ca1-9c3b-1deaafbad293,c5,DROP,1016,?,i7,
1769500664.945858,SENT,1403f633-1933-4d38-bdc9-f4cad46f0345,3ed82219-8f6f-4b04-842f-f65216773d6a,c4,DROP,1008,?,i8,
1769500664.945896,FORWARDED,1403f633-1933-4d38-bdc9-f4cad46f0345,3ed82219-8f6f-4b04-842f-f65216773d6a,c4,DROP,1008,?,i8,
1769500664.9584298,RECEIVED,5e5161fa-ff02-4183-a334-ef345920536c,70fca002-d152-449e-a048-65458712cfa0,c2,DROP,1435,p2,?,
1769500665.043388,RECEIVED,4476bd82-23e2-476e-902f-4d4a23bbc04c,2b3af6d2-98cc-4778-8e42-68de69f6dc97,c3,c4,2463,p3,?,
1769500665.3438003,RECEIVED,e18c5388-db36-495c-80b2-2c364d984b1b,c6dc31d1-b543-4942-abec-c281ead678ed,c2,c1,2471,p2,?,
1769500665.885731,SENT,4476bd82-23e2-476e-902f-4d4a23bbc04c,2b3af6d2-98cc-4778-8e42-68de69f6dc97,c3,c4,1776,?,i1,
1769500665.885772,FORWARDED,4476bd82-23e2-476e-902f-4d4a23bbc04c,2b3af6d2-98cc-4778-8e42-68de69f6dc97,c3,c4,1776,?,i1,
1769500665.9687974,RECEIVED,43e3728f-727b-4cb1-b72c-c4ab4dfeba0b,d04d6cf4-55c6-49a8-8f05-5230c434682f,c2,DROP,1452,p2,?,
1769500666.083235,RECEIVED,48361bbb-e3d1-4613-b7ec-3ff13035d7aa,f1e4da07-1d8c-498b-ab95-3586a59eecfd,c2,DROP,441,x4,?,
1769500666.1504965,SENT,e18c5388-db36-495c-80b2-2c364d984b1b,c6dc31d1-b543-4942-abec-c281ead678ed,c2,c1,1781,?,i1,
1769500666.1505358,FORWARDED,e18c5388-db36-495c-80b2-2c364d984b1b,c6dc31d1-b543-4942-abec-c281ead678ed,c2,c1,1781,?,i1,
1769500666.1543024,RECEIVED,56764a35-975e-45b9-a895-f11539c45a43,97c076b9-d746-4cad-b7f1-28548d04b0c0,c5,c2,2467,p2,?,
1769500666.1708944,RECEIVED,8484db6d-9d52-45d2-8ffe-c69275c2e146,0d830fc0-2d4d-4538-aef3-32b02d1213ea,c1,None,2240,p1,?,
1769500666.1821887,RECEIVED,7f5ab97a-ef67-4f2b-aa00-d21e85bf751d,6bc01c1a-c4d8-4a52-a6a5-a2127bfa04f9,c2,None,2225,p2,?,
1769500666.2040274,RECEIVED,8d2ef670-2fdc-4042-869b-c2d40c41d21f,18d0b6c9-9707-4c79-8eb0-cbf1ce567d75,c2,DROP,445,x3,?,
1769500666.205757,RECEIVED,8873e9d4-b210-420b-aa2f-44a3af8a9476,5fa5caac-31f4-4bc2-9c92-0fdfa12c8194,c1,DROP,1444,p1,?,
1769500666.2521884,SENT,7f5ab97a-ef67-4f2b-aa00-d21e85bf751d,6bc01c1a-c4d8-4a52-a6a5-a2127bfa04f9,c2,None,1595,?,i2,
1769500666.2522318,FORWARDED,7f5ab97a-ef67-4f2b-aa00-d21e85bf751d,6bc01c1a-c4d8-4a52-a6a5-a2127bfa04f9,c2,None,1595,?,i2,
1769500666.414238,SENT,5e5161fa-ff02-4183-a334-ef345920536c,70fca002-d152-449e-a048-65458712cfa0,c2,DROP,1004,?,i4,
1769500666.4144754,FORWARDED,5e5161fa-ff02-4183-a334-ef345920536c,70fca002-d152-449e-a048-65458712cfa0,c2,DROP,1004,?,i4,
1769500666.4461484,SENT,8873e9d4-b210-420b-aa2f-44a3af8a9476,5fa5caac-31f4-4bc2-9c92-0fdfa12c8194,c1,DROP,1009,?,i9,
1769500666.4461875,FORWARDED,8873e9d4-b210-420b-aa2f-44a3af8a9476,5fa5caac-31f4-4bc2-9c92-0fdfa12c8194,c1,DROP,1009,?,i9,
1769500666.4471636,RECEIVED,1fd27cf0-d5be-4f55-83d1-455906891093,8521bd0c-8326-4b95-895d-6b65e604c830,c2,None,2256,p2,?,
1769500666.4597363,RECEIVED,120948b0-3742-457f-a4a2-8430386afe75,94d9135f-18bb-4615-8bd2-9d8ecf9f026b,c4,DROP,1441,p1,?,
1769500666.495438,SENT,120948b0-3742-457f-a4a2-8430386afe75,94d9135f-18bb-4615-8bd2-9d8ecf9f026b,c4,DROP,1008,?,i3,
1769500666.4954765,FORWARDED,120948b0-3742-457f-a4a2-8430386afe75,94d9135f-18bb-4615-8bd2-9d8ecf9f026b,c4,DROP,1008,?,i3,
1769500666.5003715,SENT,43e3728f-727b-4cb1-b72c-c4ab4dfeba0b,d04d6cf4-55c6-49a8-8f05-5230c434682f,c2,DROP,1015,?,i11,
1769500666.500411,FORWARDED,43e3728f-727b-4cb1-b72c-c4ab4dfeba0b,d04d6cf4-55c6-49a8-8f05-5230c434682f,c2,DROP,1015,?,i11,
1769500666.5052426,SENT,56764a35-975e-45b9-a895-f11539c45a43,97c076b9-d746-4cad-b7f1-28548d04b0c0,c5,c2,1779,?,i7,
1769500666.5052755,FORWARDED,56764a35-975e-45b9-a895-f11539c45a43,97c076b9-d746-4cad-b7f1-28548d04b0c0,c5,c2,1779,?,i7,
1769500666.610562,SENT,8484db6d-9d52-45d2-8ffe-c69275c2e146,0d830fc0-2d4d-4538-aef3-32b02d1213ea,c1,None,1607,?,i5,
1769500666.6106057,FORWARDED,8484db6d-9d52-45d2-8ffe-c69275c2e146,0d830fc0-2d4d-4538-aef3-32b02d1213ea,c1,None,1607,?,i5,
1769500666.7429552,RECEIVED,422a3f59-f8dd-4b97-a313-8d9b7d5db839,9a47e8ad-1c44-442b-8707-8364958664e3,c5,DROP,1445,p2,?,
1769500666.7437978,SENT,1fd27cf0-d5be-4f55-83d1-455906891093,8521bd0c-8326-4b95-895d-6b65e604c830,c2,None,1620,?,i11,
1769500666.7438388,FORWARDED,1fd27cf0-d5be-4f55-83d1-455906891093,8521bd0c-8326-4b95-895d-6b65e604c830,c2,None,1620,?,i11,
1769500666.8486054,SENT,422a3f59-f8dd-4b97-a313-8d9b7d5db839,9a47e8ad-1c44-442b-8707-8364958664e3,c5,DROP,1009,?,i11,
1769500666.8486414,FORWARDED,422a3f59-f8dd-4b97-a313-8d9b7d5db839,9a47e8ad-1c44-442b-8707-8364958664e3,c5,DROP,1009,?,i11,
1769500666.8791287,RECEIVED,fc5536ca-fcd3-40e9-a9d6-7614617260c7,7818f8c9-41df-4807-bb54-8021cd60bfd8,c2,DROP,1452,p2,?,
1769500666.949083,RECEIVED,d9de9e44-3efb-4b06-9d06-68a5e13f1a2b,752d4930-7763-45c1-8bb6-56a6ea893c59,c2,DROP,1447,p2,?,
1769500666.9518661,RECEIVED,b7732b1e-cf53-496a-a2ab-5607e94ebfe0,f1ac0e02-d6ae-4abf-997b-c3e2f01e3e35,c2,DROP,441,x11,?,
1769500667.1771593,RECEIVED,142aecf5-0e56-441e-a728-20460c84e17b,120d6142-4b22-485e-a7ec-d499e4165526,c3,DROP,444,x7,?,
1769500667.2058017,SENT,d9de9e44-3efb-4b06-9d06-68a5e13f1a2b,752d4930-7763-45c1-8bb6-56a6ea893c59,c2,DROP,1012,?,i9,
1769500667.2058427,FORWARDED,d9de9e44-3efb-4b06-9d06-68a5e13f1a2b,752d4930-7763-45c1-8bb6-56a6ea893c59,c2,DROP,1012,?,i9,
1769500667.2476017,RECEIVED,b62e5ac4-044c-4116-8dea-ccdd000d20e8,c779d035-5ed6-4206-9c7c-44c864cfeab9,c1,DROP,1440,p1,?,
1769500667.3208563,SENT,fc5536ca-fcd3-40e9-a9d6-7614617260c7,7818f8c9-41df-4807-bb54-8021cd60bfd8,c2,DROP,1016,?,i11,
1769500667.3209012,FORWARDED,fc5536ca-fcd3-40e9-a9d6-7614617260c7,7818f8c9-41df-4807-bb54-8021cd60bfd8,c2,DROP,1016,?,i11,
1769500667.4716687,RECEIVED,f4f7c70f-b949-4c38-ac24-49cb82c05bfd,74013fec-1f3b-40b5-bba1-d028afc3cfc6,c3,None,2235,p3,?,
1769500667.5092595,RECEIVED,da1ebd1b-56a9-47d7-9812-0c9b95f7e588,619abe73-204c-4754-b5fb-bd3dc0d79898,c4,c3,2471,p1,?,
1769500667.5604167,SENT,da1ebd1b-56a9-47d7-9812-0c9b95f7e588,619abe73-204c-4754-b5fb-bd3dc0d79898,c4,c3,1780,?,i8,
1769500667.5604563,FORWARDED,da1ebd1b-56a9-47d7-9812-0c9b95f7e588,619abe73-204c-4754-b5fb-bd3dc0d79898,c4,c3,1780,?,i8,
1769500667.6423547,SENT,f4f7c70f-b949-4c38-ac24-49cb82c05bfd,74013fec-1f3b-40b5-bba1-d028afc3cfc6,c3,None,1603,?,i2,
1769500667.6423962,FORWARDED,f4f7c70f-b949-4c38-ac24-49cb82c05bfd,74013fec-1f3b-40b5-bba1-d028afc3cfc6,c3,None,1603,?,i2,
1769500667.812657,SENT,b62e5ac4-044c-4116-8dea-ccdd000d20e8,c779d035-5ed6-4206-9c7c-44c864cfeab9,c1,DROP,1007,?,i10,
1769500667.8126974,FORWARDED,b62e5ac4-044c-4116-8dea-ccdd000d20e8,c779d035-5ed6-4206-9c7c-44c864cfeab9,c1,DROP,1007,?,i10,
1769500667.84047,RECEIVED,c0c01696-f7a0-426b-bfda-5f285a2cac62,a582a51b-d4e4-40e1-a797-f0e43a320065,c4,DROP,1451,p1,?,
1769500667.8651943,RECEIVED,75ec24f3-7613-4d68-8e7d-83669664d7f6,bf122d51-9cde-4707-95ed-4477bedf33d7,c2,c1,2456,p2,?,
1769500667.8741035,RECEIVED,3d99c017-32d2-4d61-8e94-4521ed067e64,a9069e22-0a90-4477-8d6f-dfc50e7abe5b,c3,DROP,441,x4,?,
1769500667.8974414,RECEIVED,ce3d9be4-d9e8-423b-a167-6ff711d31e05,de9de33a-465d-44e8-8da0-aaf4808738c8,c5,DROP,1444,p2,?,
1769500667.9412215,SENT,ce3d9be4-d9e8-423b-a167-6ff711d31e05,de9de33a-465d-44e8-8da0-aaf4808738c8,c5,DROP,1010,?,i5,
1769500667.9412591,FORWARDED,ce3d9be4-d9e8-423b-a167-6ff711d31e05,de9de33a-465d-44e8-8da0-aaf4808738c8,c5,DROP,1010,?,i5,
1769500667.9870343,SENT,c0c01696-f7a0-426b-bfda-5f285a2cac62,a582a51b-d4e4-40e1-a797-f0e43a320065,c4,DROP,1016,?,i1,
1769500667.9870894,FORWARDED,c0c01696-f7a0-426b-bfda-5f285a2cac62,a582a51b-d4e4-40e1-a797-f0e43a320065,c4,DROP,1016,?,i1,
1769500668.091212,RECEIVED,9e608245-1ee2-407a-904e-003d763d76dd,d78d9f8e-c0f2-4309-932a-7dcc2f08d7b7,c3,DROP,1439,p3,?,
1769500668.1396503,SENT,75ec24f3-7613-4d68-8e7d-83669664d7f6,bf122d51-9cde-4707-95ed-4477bedf33d7,c2,c1,1768,?,i9,
1769500668.1396863,FORWARDED,75ec24f3-7613-4d68-8e7d-83669664d7f6,bf122d51-9cde-4707-95ed-4477bedf33d7,c2,c1,1768,?,i9,
1769500668.2422302,RECEIVED,0e81c12d-6ec0-4131-9196-b092e212e11f,519ad150-ec27-4c29-b1f9-0abb4e52303c,c5,DROP,1447,p2,?,
1769500668.3476923,RECEIVED,19c4bb7a-eab9-49e5-b24f-438d716b5820,0e0dce5a-db48-4b2f-a5a2-48f74e0dc8f0,c5,DROP,442,x7,?,
1769500668.5132043,RECEIVED,97b95729-3022-4ab5-893e-a851ddb435f4,01f53b53-4af2-4f20-b8cb-8196dd83fd0f,c4,DROP,1439,p1,?,
1769500668.5717828,RECEIVED,3f5b180c-b979-43f7-892f-7c9170770cef,4a9b6e59-77eb-4eef-852e-f433a4b7b68e,c1,c5,2452,p1,?,
1769500668.7707672,RECEIVED,e350bbf6-5dd0-42e2-ab28-b0e472bd6deb,e706d5be-c7f0-4f11-b101-3dfe8b2cd4dd,c1,DROP,1439,p1,?,
1769500668.7826984,RECEIVED,51003122-e99e-4204-bb45-2816e4eb31d2,3cc25880-267c-4f84-ae47-f194417ae12e,c2,DROP,441,x7,?,
1769500668.8031943,RECEIVED,c24e0eb6-0a9a-42d2-90dc-c9413aa35814,7a432c87-eb51-4daa-b206-2172e3a47f12,c4,c3,2452,p1,?,
1769500668.8242903,RECEIVED,9ff93e73-7a14-4bd8-9ce7-290a2064e7c9,522c83f8-e96f-41cd-a36a-7bc3d48ed59f,c3,None,2227,p3,?,
1769500668.8544118,SENT,97b95729-3022-4ab5-893e-a851ddb435f4,01f53b53-4af2-4f20-b8cb-8196dd83fd0f,c4,DROP,1007,?,i2,
1769500668.8544524,FORWARDED,97b95729-3022-4ab5-893e-a851ddb435f4,01f53b53-4af2-4f20-b8cb-8196dd83fd0f,c4,DROP,1007,?,i2,
1769500668.879793,SENT,c24e0eb6-0a9a-42d2-90dc-c9413aa35814,7a432c87-eb51-4daa-b206-2172e3a47f12,c4,c3,1767,?,i9,
1769500668.8798325,FORWARDED,c24e0eb6-0a9a-42d2-90dc-c9413aa35814,7a432c87-eb51-4daa-b206-2172e3a47f12,c4,c3,1767,?,i9,
1769500669.0194707,RECEIVED,a77a0c17-16a7-4fb5-b609-a27533d35de7,cd7bcbe6-bd59-402b-b1b6-96a16f2a1a48,c4,DROP,1443,p1,?,
1769500669.0677626,SENT,3f5b180c-b979-43f7-892f-7c9170770cef,4a9b6e59-77eb-4eef-852e-f433a4b7b68e,c1,c5,1765,?,i7,
1769500669.0678115,FORWARDED,3f5b180c-b979-43f7-892f-7c9170770cef,4a9b6e59-77eb-4eef-852e-f433a4b7b68e,c1,c5,1765,?,i7,
1769500669.0712924,RECEIVED,f666720c-1226-4415-b28c-60bd6c8dafea,e5bb4d86-43d7-46a8-8330-7e0f5996d3bd,c1,DROP,1431,p1,?,
1769500669.2489355,SENT,a77a0c17-16a7-4fb5-b609-a27533d35de7,cd7bcbe6-bd59-402b-b1b6-96a16f2a1a48,c4,DROP,1011,?,i3,
1769500669.2489753,FORWARDED,a77a0c17-16a7-4fb5-b609-a27533d35de7,cd7bcbe6-bd59-402b-b1b6-96a16f2a1a48,c4,DROP,1011,?,i3,
1769500669.327197,RECEIVED,258967df-4279-4dcb-b108-b42334f98a08,b5f761cb-3207-4936-b673-9647ee108602,c3,DROP,441,x2,?,
1769500669.5072422,RECEIVED,3aa470c2-59e9-475a-995d-9e8dd09f6242,b3f5b020-899f-4cb1-872f-a6bef0d0e87c,c4,DROP,442,x4,?,
1769500669.590685,SENT,0e81c12d-6ec0-4131-9196-b092e212e11f,519ad150-ec27-4c29-b1f9-0abb4e52303c,c5,DROP,1013,?,i1,
1769500669.5913608,FORWARDED,0e81c12d-6ec0-4131-9196-b092e212e11f,519ad150-ec27-4c29-b1f9-0abb4e52303c,c5,DROP,1013,?,i1,
1769500669.629368,SENT,e350bbf6-5dd0-42e2-ab28-b0e472bd6deb,e706d5be-c7f0-4f11-b101-3dfe8b2cd4dd,c1,DROP,1008,?,i10,
1769500669.629407,FORWARDED,e350bbf6-5dd0-42e2-ab28-b0e472bd6deb,e706d5be-c7f0-4f11-b101-3dfe8b2cd4dd,c1,DROP,1008,?,i10,
1769500669.634667,RECEIVED,65af2c6e-6271-42b8-a5c4-00589f7b403c,542e197c-fae2-442b-ba49-213e5e6b935f,c2,DROP,1440,p2,?,
1769500669.6847334,SENT,65af2c6e-6271-42b8-a5c4-00589f7b403c,542e197c-fae2-442b-ba49-213e5e6b935f,c2,DROP,1008,?,i2,
1769500669.6847708,FORWARDED,65af2c6e-6271-42b8-a5c4-00589f7b403c,542e197c-fae2-442b-ba49-213e5e6b935f,c2,DROP,1008,?,i2,
1769500669.6915781,SENT,9ff93e73-7a14-4bd8-9ce7-290a2064e7c9,522c83f8-e96f-41cd-a36a-7bc3d48ed59f,c3,None,1597,?,i3,
1769500669.6916113,FORWARDED,9ff93e73-7a14-4bd8-9ce7-290a2064e7c9,522c83f8-e96f-41cd-a36a-7bc3d48ed59f,c3,None,1597,?,i3,
1769500669.7278125,RECEIVED,13c937c3-b8f8-4990-ad76-9504ffd2aeae,11cfcfa0-89cc-4b89-862a-93295677fb85,c4,None,2236,p1,?,
1769500669.739404,RECEIVED,84f93cda-f00e-4072-9461-6fb34c8da0c3,e8e8323f-270f-416f-a922-ff813d557f38,c2,DROP,1447,p2,?,
1769500669.779822,RECEIVED,d51bf1d2-a6f5-4e5e-903b-1580c627789d,c9dc6967-ce85-41f7-8b10-7db520f9c248,c2,DROP,1443,p2,?,
1769500669.834305,SENT,9e608245-1ee2-407a-904e-003d763d76dd,d78d9f8e-c0f2-4309-932a-7dcc2f08d7b7,c3,DROP,1008,?,i2,
1769500669.8343441,FORWARDED,9e608245-1ee2-407a-904e-003d763d76dd,d78d9f8e-c0f2-4309-932a-7dcc2f08d7b7,c3,DROP,1008,?,i2,
1769500669.8471255,SENT,13c937c3-b8f8-4990-ad76-9504ffd2aeae,11cfcfa0-89cc-4b89-862a-93295677fb85,c4,None,1603,?,i3,
1769500669.847166,FORWARDED,13c937c3-b8f8-4990-ad76-9504ffd2aeae,11cfcfa0-89cc-4b89-862a-93295677fb85,c4,None,1603,?,i3,
1769500670.0743804,SENT,f666720c-1226-4415-b28c-60bd6c8dafea,e5bb4d86-43d7-46a8-8330-7e0f5996d3bd,c1,DROP,1002,?,i6,
1769500670.0744176,FORWARDED,f666720c-1226-4415-b28c-60bd6c8dafea,e5bb4d86-43d7-46a8-8330-7e0f5996d3bd,c1,DROP,1002,?,i6,
1769500670.0792394,RECEIVED,0adbdb0c-671a-4fe0-8910-71fd8162d21e,21703569-0eb9-4f2c-8e66-2b92d5db895e,c5,DROP,1452,p2,?,
1769500670.1906207,RECEIVED,cd4a962f-d19a-4fac-8794-fef0dbf28493,3996f358-622d-4738-8016-a4b9ade512e9,c3,DROP,1452,p3,?,
1769500670.2096512,RECEIVED,8cbabec9-1895-4652-bcf1-2ea5c4fd8434,ab952e7d-a97c-483e-845d-46aaa3f10c65,c5,None,2237,p2,?,
1769500670.223176,RECEIVED,97cc4401-18d8-4872-9289-3de2684d98c2,b252e673-ce79-4326-baf9-7c8e5e87a916,c1,c5,2459,p1,?,
1769500670.2556896,RECEIVED,6a8208eb-3412-41eb-bd2c-2ec6c27d315b,65704bea-5cab-437b-8db1-a17471341fa8,c5,DROP,1445,p2,?,
1769500670.3564312,SENT,8cbabec9-1895-4652-bcf1-2ea5c4fd8434,ab952e7d-a97c-483e-845d-46aaa3f10c65,c5,None,1604,?,i12,
1769500670.356474,FORWARDED,8cbabec9-1895-4652-bcf1-2ea5c4fd8434,ab952e7d-a97c-483e-845d-46aaa3f10c65,c5,None,1604,?,i12,
1769500670.415546,RECEIVED,5cda5ff7-615a-4c47-8191-68c0b9589741,48b4a918-efe5-4581-9b48-5c2abae3f4aa,c5,DROP,1440,p2,?,
1769500670.4357615,SENT,0adbdb0c-671a-4fe0-8910-71fd8162d21e,21703569-0eb9-4f2c-8e66-2b92d5db895e,c5,DROP,1015,?,i7,
1769500670.4358032,FORWARDED,0adbdb0c-671a-4fe0-8910-71fd8162d21e,21703569-0eb9-4f2c-8e66-2b92d5db895e,c5,DROP,1015,?,i7,
1769500670.4508913,RECEIVED,0f24b501-9644-42ee-9ada-096ae5ad041f,fffa1071-d52c-491d-b95c-31322b42e2cf,c5,c2,2463,p2,?,
1769500670.4777436,RECEIVED,6300a8a4-0e80-472c-bb7b-0fba5740ed6d,e85fb394-a514-47de-b8e4-357043b6d880,c4,None,2242,p1,?,
1769500670.5204499,RECEIVED,1447c508-a570-48ba-a28c-02ac1ee06a9a,a6c0916c-2a31-4ebd-8443-27f74739036f,c4,c3,2455,p1,?,
1769500670.5373,SENT,6300a8a4-0e80-472c-bb7b-0fba5740ed6d,e85fb394-a514-47de-b8e4-357043b6d880,c4,None,1607,?,i11,
1769500670.5373425,FORWARDED,6300a8a4-0e80-472c-bb7b-0fba5740ed6d,e85fb394-a514-47de-b8e4-357043b6d880,c4,None,1607,?,i11,
1769500670.5699148,SENT,6a8208eb-3412-41eb-bd2c-2ec6c27d315b,65704bea-5cab-437b-8db1-a17471341fa8,c5,DROP,1011,?,i11,
1769500670.5699556,FORWARDED,6a8208eb-3412-41eb-bd2c-2ec6c27d315b,65704bea-5cab-437b-8db1-a17471341fa8,c5,DROP,1011,?,i11,
1769500670.5832143,RECEIVED,079c0770-2055-454a-a33a-6abbf37dd5da,064a3f25-d017-4c0f-b972-3ddaaf44224c,c2,DROP,1439,p2,?,
1769500670.5927842,SENT,cd4a962f-d19a-4fac-8794-fef0dbf28493,3996f358-622d-4738-8016-a4b9ade512e9,c3,DROP,1015,?,i10,
1769500670.5928245,FORWARDED,cd4a962f-d19a-4fac-8794-fef0dbf28493,3996f358-622d-4738-8016-a4b9ade512e9,c3,DROP,1015,?,i10,
1769500670.6473472,SENT,97cc4401-18d8-4872-9289-3de2684d98c2,b252e673-ce79-4326-baf9-7c8e5e87a916,c1,c5,1771,?,i7,
1769500670.6473894,FORWARDED,97cc4401-18d8-4872-9289-3de2684d98c2,b252e673-ce79-4326-baf9-7c8e5e87a916,c1,c5,1771,?,i7,
1769500670.657918,SENT,84f93cda-f00e-4072-9461-6fb34c8da0c3,e8e8323f-270f-416f-a922-ff813d557f38,c2,DROP,1013,?,i7,
1769500670.6580093,FORWARDED,84f93cda-f00e-4072-9461-6fb34c8da0c3,e8e8323f-270f-416f-a922-ff813d557f38,c2,DROP,1013,?,i7,
1769500670.6708405,RECEIVED,5207ab4a-d32d-47b3-8e07-04f534a26f4d,1803fe41-6982-48fa-b6ad-283a7d6f6a03,c2,DROP,1438,p2,?,
1769500670.6855505,SENT,5cda5ff7-615a-4c47-8191-68c0b9589741,48b4a918-efe5-4581-9b48-5c2abae3f4aa,c5,DROP,1007,?,i10,
1769500670.6855924,FORWARDED,5cda5ff7-615a-4c47-8191-68c0b9589741,48b4a918-efe5-4581-9b48-5c2abae3f4aa,c5,DROP,1007,?,i10,
1769500670.8303823,RECEIVED,6ea9a329-c1ff-4e45-91ff-10a4372284cc,fc710850-41c2-403e-a06f-d12b603f7ca0,c4,DROP,1441,p1,?,
1769500670.8892047,SENT,6ea9a329-c1ff-4e45-91ff-10a4372284cc,fc710850-41c2-403e-a06f-d12b603f7ca0,c4,DROP,1008,?,i5,
1769500670.8893576,FORWARDED,6ea9a329-c1ff-4e45-91ff-10a4372284cc,fc710850-41c2-403e-a06f-d12b603f7ca0,c4,DROP,1008,?,i5,
1769500671.2164881,RECEIVED,4dd005ab-6e28-4754-a4d2-debd09b76e59,0eace8b1-a119-480e-a6e8-95de0d27e334,c3,DROP,437,x8,?,
1769500671.2605176,SENT,0f24b501-9644-42ee-9ada-096ae5ad041f,fffa1071-d52c-491d-b95c-31322b42e2cf,c5,c2,1775,?,i9,
1769500671.2605588,FORWARDED,0f24b501-9644-42ee-9ada-096ae5ad041f,fffa1071-d52c-491d-b95c-31322b42e2cf,c5,c2,1775,?,i9,
1769500671.283019,SENT,1447c508-a570-48ba-a28c-02ac1ee06a9a,a6c0916c-2a31-4ebd-8443-27f74739036f,c4,c3,1769,?,i3,
1769500671.2830727,FORWARDED,1447c508-a570-48ba-a28c-02ac1ee06a9a,a6c0916c-2a31-4ebd-8443-27f74739036f,c4,c3,1769,?,i3,
1769500671.344289,RECEIVED,ec6f0e98-40b7-4128-a4d0-b72615680c6c,d9f6cfa4-634f-4170-9456-663d6f8b802a,c1,DROP,1443,p1,?,
1769500671.4790392,RECEIVED,d41768cb-0a7b-446f-a89c-fd2d0fff03a8,2a493cf0-f3a0-4085-9b03-3d9806e332b7,c5,c2,2464,p2,?,
1769500671.5258932,RECEIVED,01e75e8e-14cc-4c63-b4b1-7f8fd19582bc,56981303-46bb-42c6-a431-8699339eea3e,c2,DROP,1448,p2,?,
1769500671.5598795,SENT,079c0770-2055-454a-a33a-6abbf37dd5da,064a3f25-d017-4c0f-b972-3ddaaf44224c,c2,DROP,1007,?,i5,
1769500671.5599244,FORWARDED,079c0770-2055-454a-a33a-6abbf37dd5da,064a3f25-d017-4c0f-b972-3ddaaf44224c,c2,DROP,1007,?,i5,
1769500671.5708172,SENT,01e75e8e-14cc-4c63-b4b1-7f8fd19582bc,56981303-46bb-42c6-a431-8699339eea3e,c2,DROP,1012,?,i2,
1769500671.5708575,FORWARDED,01e75e8e-14cc-4c63-b4b1-7f8fd19582bc,56981303-46bb-42c6-a431-8699339eea3e,c2,DROP,1012,?,i2,
1769500671.6016185,SENT,d41768cb-0a7b-446f-a89c-fd2d0fff03a8,2a493cf0-f3a0-4085-9b03-3d9806e332b7,c5,c2,1776,?,i4,
1769500671.6016543,FORWARDED,d41768cb-0a7b-446f-a89c-fd2d0fff03a8,2a493cf0-f3a0-4085-9b03-3d9806e332b7,c5,c2,1776,?,i4,
1769500671.818651,SENT,d51bf1d2-a6f5-4e5e-903b-1580c627789d,c9dc6967-ce85-41f7-8b10-7db520f9c248,c2,DROP,1009,?,i4,
1769500671.8187022,FORWARDED,d51bf1d2-a6f5-4e5e-903b-1580c627789d,c9dc6967-ce85-41f7-8b10-7db520f9c248,c2,DROP,1009,?,i4,
1769500671.9220364,RECEIVED,35debcc0-bea4-4420-8c1e-ddcb3694bee9,bcbac50d-6ad3-4895-aa49-23ac10133e57,c1,c5,2455,p1,?,
1769500672.0462089,RECEIVED,ba8664f5-4323-4185-9dd6-3b7771f34782,3635577b-3666-4591-8e1b-f8829f32e184,c4,DROP,1451,p1,?,
1769500672.1025522,RECEIVED,e6c3760f-9a24-4ba2-ab02-9b968b1efd68,31bde6f1-5b75-4f8a-8fe4-b77cbefa57fd,c5,DROP,1445,p2,?,
1769500672.1117592,SENT,ec6f0e98-40b7-4128-a4d0-b72615680c6c,d9f6cfa4-634f-4170-9456-663d6f8b802a,c1,DROP,1011,?,i4,
1769500672.1117957,FORWARDED,ec6f0e98-40b7-4128-a4d0-b72615680c6c,d9f6cfa4-634f-4170-9456-663d6f8b802a,c1,DROP,1011,?,i4,
1769500672.295107,RECEIVED,1a464da0-4ef0-46a2-b5a6-976beab74333,9c556dec-f11a-4968-b6f1-4f88b536f4ca,c1,DROP,1444,p1,?,
1769500672.3674355,SENT,1a464da0-4ef0-46a2-b5a6-976beab74333,9c556dec-f11a-4968-b6f1-4f88b536f4ca,c1,DROP,1009,?,i9,
1769500672.367475,FORWARDED,1a464da0-4ef0-46a2-b5a6-976beab74333,9c556dec-f11a-4968-b6f1-4f88b536f4ca,c1,DROP,1009,?,i9,
1769500672.5854151,RECEIVED,7308b169-6f73-4466-b70c-5ffdaf8f38f6,e34e3228-d86f-4a4c-bc71-ba74d0e38cbb,c2,None,2240,p2,?,
1769500672.5866346,SENT,ba8664f5-4323-4185-9dd6-3b7771f34782,3635577b-3666-4591-8e1b-f8829f32e184,c4,DROP,1017,?,i4,
1769500672.586677,FORWARDED,ba8664f5-4323-4185-9dd6-3b7771f34782,3635577b-3666-4591-8e1b-f8829f32e184,c4,DROP,1017,?,i4,
1769500672.6014898,SENT,e6c3760f-9a24-4ba2-ab02-9b968b1efd68,31bde6f1-5b75-4f8a-8fe4-b77cbefa57fd,c5,DROP,1011,?,i12,
1769500672.6015303,FORWARDED,e6c3760f-9a24-4ba2-ab02-9b968b1efd68,31bde6f1-5b75-4f8a-8fe4-b77cbefa57fd,c5,DROP,1011,?,i12,
1769500672.631925,RECEIVED,40ab5e88-f040-48cb-9454-df63b7d8a9fb,d75dc233-b354-4da5-b136-abf62c64268d,c5,c2,2468,p2,?,
1769500672.720976,SENT,5207ab4a-d32d-47b3-8e07-04f534a26f4d,1803fe41-6982-48fa-b6ad-283a7d6f6a03,c2,DROP,1007,?,i4,
1769500672.7210164,FORWARDED,5207ab4a-d32d-47b3-8e07-04f534a26f4d,1803fe41-6982-48fa-b6ad-283a7d6f6a03,c2,DROP,1007,?,i4,
1769500672.8586938,SENT,40ab5e88-f040-48cb-9454-df63b7d8a9fb,d75dc233-b354-4da5-b136-abf62c64268d,c5,c2,1779,?,i1,
1769500672.8587346,FORWARDED,40ab5e88-f040-48cb-9454-df63b7d8a9fb,d75dc233-b354-4da5-b136-abf62c64268d,c5,c2,1779,?,i1,
1769500672.8728228,SENT,35debcc0-bea4-4420-8c1e-ddcb3694bee9,bcbac50d-6ad3-4895-aa49-23ac10133e57,c1,c5,1768,?,i4,
1769500672.8728626,FORWARDED,35debcc0-bea4-4420-8c1e-ddcb3694bee9,bcbac50d-6ad3-4895-aa49-23ac10133e57,c1,c5,1768,?,i4,
1769500672.9064584,RECEIVED,121b2de0-039e-4251-946a-60989d4c7979,9d2f1d5d-092a-4bfa-96d8-cde26d14aacf,c5,DROP,1447,p2,?,
1769500672.981567,RECEIVED,73ec91ee-783d-41cc-9a67-944693ce3642,d27712c1-dc33-4465-80f5-d80221e7db78,c4,DROP,1447,p1,?,
1769500673.022288,SENT,7308b169-6f73-4466-b70c-5ffdaf8f38f6,e34e3228-d86f-4a4c-bc71-ba74d0e38cbb,c2,None,1607,?,i5,
1769500673.022325,FORWARDED,7308b169-6f73-4466-b70c-5ffdaf8f38f6,e34e3228-d86f-4a4c-bc71-ba74d0e38cbb,c2,None,1607,?,i5,
1769500673.0246477,RECEIVED,341c767e-46f4-4369-8bb3-8c0437ce0265,9aa04ba1-5066-47e4-9119-1bcbccf1adb9,c2,None,2224,p2,?,
1769500673.086056,RECEIVED,e7dbdb24-112a-405c-b70e-b2fd87ad7d3b,d2fa383b-e7ad-4295-8341-2ed0cbb0b90b,c1,DROP,441,x7,?,
1769500673.1308599,RECEIVED,6b49dc8d-03f6-4e4a-bd80-477af1c0817f,c4d01548-dbbd-48d2-b0ea-e2db7d3bd921,c2,DROP,1443,p2,?,
1769500673.2188935,RECEIVED,c63ffc87-75cc-4549-b0d4-dd2eb207027e,df83f9f5-6f66-4b17-9e15-215d44a9995e,c2,None,2228,p2,?,
1769500673.2589679,RECEIVED,ebeb2aa6-ca61-473a-9053-9caa81c03e31,eb273f4d-ee8c-4ddf-a566-a0be121a3885,c1,DROP,1438,p1,?,
1769500673.3097975,SENT,341c767e-46f4-4369-8bb3-8c0437ce0265,9aa04ba1-5066-47e4-9119-1bcbccf1adb9,c2,None,1595,?,i12,
1769500673.3098404,FORWARDED,341c767e-46f4-4369-8bb3-8c0437ce0265,9aa04ba1-5066-47e4-9119-1bcbccf1adb9,c2,None,1595,?,i12,
1769500673.3137653,RECEIVED,b6eeeceb-b98c-41a1-b2a6-872b648772f6,ef1dc2a3-8596-4b38-b835-df942e9e80fb,c1,DROP,1440,p1,?,
1769500673.3697536,RECEIVED,a7be53f6-82c0-4dff-82e8-964a5a3a54e2,c706eb7f-c52c-49ed-b9e5-dfd72c5b01d5,c1,DROP,1440,p1,?,
1769500673.4698262,RECEIVED,ac4a3403-2ec6-412c-8a8f-1e465a9c7ae8,7a7b6ec7-2d6d-4a4e-b8f4-c1a0d6459e19,c3,None,2239,p3,?,
1769500673.4793105,RECEIVED,ef747369-8388-4be5-8eb9-56307bc17443,2f9ea3ce-1e43-48a7-8b4e-d090bc22d2e4,c1,DROP,1440,p1,?,
1769500673.502274,RECEIVED,5b932c79-9f7f-4c81-a10c-8e10255c32fe,135d073e-a62d-468d-bd1a-47c1e7057128,c1,None,2224,p1,?,
1769500673.5902846,SENT,c63ffc87-75cc-4549-b0d4-dd2eb207027e,df83f9f5-6f66-4b17-9e15-215d44a9995e,c2,None,1599,?,i4,
1769500673.5903223,FORWARDED,c63ffc87-75cc-4549-b0d4-dd2eb207027e,df83f9f5-6f66-4b17-9e15-215d44a9995e,c2,None,1599,?,i4,
1769500673.6281915,SENT,a7be53f6-82c0-4dff-82e8-964a5a3a54e2,c706eb7f-c52c-49ed-b9e5-dfd72c5b01d5,c1,DROP,1007,?,i8,
1769500673.628232,FORWARDED,a7be53f6-82c0-4dff-82e8-964a5a3a54e2,c706eb7f-c52c-49ed-b9e5-dfd72c5b01d5,c1,DROP,1007,?,i8,
1769500673.6412153,SENT,ef747369-8388-4be5-8eb9-56307bc17443,2f9ea3ce-1e43-48a7-8b4e-d090bc22d2e4,c1,DROP,1006,?,i1,
1769500673.6412554,FORWARDED,ef747369-8388-4be5-8eb9-56307bc17443,2f9ea3ce-1e43-48a7-8b4e-d090bc22d2e4,c1,DROP,1006,?,i1,
1769500673.7018015,SENT,5b932c79-9f7f-4c81-a10c-8e10255c32fe,135d073e-a62d-468d-bd1a-47c1e7057128,c1,None,1595,?,i11,
1769500673.7018416,FORWARDED,5b932c79-9f7f-4c81-a10c-8e10255c32fe,135d073e-a62d-468d-bd1a-47c1e7057128,c1,None,1595,?,i11,
1769500673.7061203,SENT,b6eeeceb-b98c-41a1-b2a6-872b648772f6,ef1dc2a3-8596-4b38-b835-df942e9e80fb,c1,DROP,1007,?,i8,
1769500673.7061598,FORWARDED,b6eeeceb-b98c-41a1-b2a6-872b648772f6,ef1dc2a3-8596-4b38-b835-df942e9e80fb,c1,DROP,1007,?,i8,
1769500673.729541,SENT,73ec91ee-783d-41cc-9a67-944693ce3642,d27712c1-dc33-4465-80f5-d80221e7db78,c4,DROP,1012,?,i6,
1769500673.7295814,FORWARDED,73ec91ee-783d-41cc-9a67-944693ce3642,d27712c1-dc33-4465-80f5-d80221e7db78,c4,DROP,1012,?,i6,
1769500673.7478375,RECEIVED,8b50d1d5-bbbe-4ebf-a92e-05ce941e9485,421400a7-8540-4bda-acec-72166b83a994,c5,DROP,1444,p2,?,
1769500673.8748767,SENT,8b50d1d5-bbbe-4ebf-a92e-05ce941e9485,421400a7-8540-4bda-acec-72166b83a994,c5,DROP,1011,?,i3,
1769500673.874919,FORWARDED,8b50d1d5-bbbe-4ebf-a92e-05ce941e9485,421400a7-8540-4bda-acec-72166b83a994,c5,DROP,1011,?,i3,
1769500673.9675136,SENT,121b2de0-039e-4251-946a-60989d4c7979,9d2f1d5d-092a-4bfa-96d8-cde26d14aacf,c5,DROP,1013,?,i7,
1769500673.9678125,FORWARDED,121b2de0-039e-4251-946a-60989d4c7979,9d2f1d5d-092a-4bfa-96d8-cde26d14aacf,c5,DROP,1013,?,i7,
1769500674.043435,RECEIVED,d821ffaa-bf7a-4653-84bd-33754dc53e7c,f49eeaf4-584f-4f0b-b810-83df575ff866,c1,DROP,1439,p1,?,
1769500674.0532877,SENT,6b49dc8d-03f6-4e4a-bd80-477af1c0817f,c4d01548-dbbd-48d2-b0ea-e2db7d3bd921,c2,DROP,1011,?,i7,
1769500674.0533288,FORWARDED,6b49dc8d-03f6-4e4a-bd80-477af1c0817f,c4d01548-dbbd-48d2-b0ea-e2db7d3bd921,c2,DROP,1011,?,i7,
1769500674.0934,RECEIVED,b361db2e-feba-48e8-aac5-a9ba5ebcc690,fd21d0e5-f9f6-49c4-a71d-5110617ed096,c3,DROP,442,x4,?,
1769500674.1235502,RECEIVED,3146875d-20ec-43cd-9d18-b525fe0ab9c9,93be9041-39e0-419c-b28e-48484bd0908f,c1,DROP,1452,p1,?,
1769500674.1346545,RECEIVED,e00a2b52-5dd6-49a1-975c-ed90de9d8fdb,a641e83c-9851-4170-aec9-6f17a08e399d,c3,c4,2473,p3,?,
1769500674.1454005,SENT,e00a2b52-5dd6-49a1-975c-ed90de9d8fdb,a641e83c-9851-4170-aec9-6f17a08e399d,c3,c4,1780,?,i12,
1769500674.1454434,FORWARDED,e00a2b52-5dd6-49a1-975c-ed90de9d8fdb,a641e83c-9851-4170-aec9-6f17a08e399d,c3,c4,1780,?,i12,
1769500674.2825823,SENT,3146875d-20ec-43cd-9d18-b525fe0ab9c9,93be9041-39e0-419c-b28e-48484bd0908f,c1,DROP,1017,?,i8,
1769500674.2826173,FORWARDED,3146875d-20ec-43cd-9d18-b525fe0ab9c9,93be9041-39e0-419c-b28e-48484bd0908f,c1,DROP,1017,?,i8,
1769500674.4701607,SENT,ebeb2aa6-ca61-473a-9053-9caa81c03e31,eb273f4d-ee8c-4ddf-a566-a0be121a3885,c1,DROP,1007,?,i4,
1769500674.4701972,FORWARDED,ebeb2aa6-ca61-473a-9053-9caa81c03e31,eb273f4d-ee8c-4ddf-a566-a0be121a3885,c1,DROP,1007,?,i4,
1769500674.5315614,RECEIVED,431f80e7-bb70-446b-919d-19402591ef40,f0b14141-5f94-4ad6-a54b-efd69ba1901c,c2,DROP,440,x2,?,
1769500674.5449407,RECEIVED,92148a94-80bc-4e33-9dc2-6fcfe2940fe5,35efd244-f4c0-4f83-81de-63086254aabb,c1,c5,2448,p1,?,
1769500674.6054025,SENT,92148a94-80bc-4e33-9dc2-6fcfe2940fe5,35efd244-f4c0-4f83-81de-63086254aabb,c1,c5,1764,?,i6,
1769500674.6054428,FORWARDED,92148a94-80bc-4e33-9dc2-6fcfe2940fe5,35efd244-f4c0-4f83-81de-63086254aabb,c1,c5,1764,?,i6,
1769500674.682186,RECEIVED,ad4ad069-8405-44fc-b1e1-c1adb012e2f3,181ce369-f58f-4bee-aba1-f61155509661,c2,DROP,441,x5,?,
1769500674.7328963,RECEIVED,19740a79-e024-4455-a264-e940f84d9b05,3c938971-8458-49c1-92de-a2f84123c914,c5,DROP,1443,p2,?,
1769500674.7441294,RECEIVED,29c12a82-082f-4093-a3b3-e06084ceebd1,4025bb20-8c52-4179-b599-230c8c477409,c5,DROP,1463,p2,?,
1769500674.7881994,RECEIVED,a5877ab4-6c00-4ef2-8e31-056e70238eb4,0cf116a5-22f8-47d7-825c-9483e3e32aec,c1,DROP,441,x1,?,
1769500675.0069926,RECEIVED,a8271f04-f9c3-4179-85fa-7968a466dbbf,17440d4c-fbe3-4709-98aa-726d8aae336a,c2,DROP,1452,p2,?,
1769500675.007498,SENT,d821ffaa-bf7a-4653-84bd-33754dc53e7c,f49eeaf4-584f-4f0b-b810-83df575ff866,c1,DROP,1008,?,i6,
1769500675.0075388,FORWARDED,d821ffaa-bf7a-4653-84bd-33754dc53e7c,f49eeaf4-584f-4f0b-b810-83df575ff866,c1,DROP,1008,?,i6,
1769500675.0397189,SENT,ac4a3403-2ec6-412c-8a8f-1e465a9c7ae8,7a7b6ec7-2d6d-4a4e-b8f4-c1a0d6459e19,c3,None,1606,?,i3,
1769500675.0397606,FORWARDED,ac4a3403-2ec6-412c-8a8f-1e465a9c7ae8,7a7b6ec7-2d6d-4a4e-b8f4-c1a0d6459e19,c3,None,1606,?,i3,
1769500675.047186,SENT,29c12a82-082f-4093-a3b3-e06084ceebd1,4025bb20-8c52-4179-b599-230c8c477409,c5,DROP,1024,?,i1,
1769500675.0472262,FORWARDED,29c12a82-082f-4093-a3b3-e06084ceebd1,4025bb20-8c52-4179-b599-230c8c477409,c5,DROP,1024,?,i1,
1769500675.062942,RECEIVED,5d4d83a2-cae4-4ff8-b97b-e2ad113989df,18241230-034c-419a-ae6e-1a763a7ce9e6,c3,DROP,1435,p3,?,
1769500675.137703,RECEIVED,4bc66968-4abf-4781-80a3-d39f68ead363,620b95f3-d475-4d8f-8428-f45165eabff8,c3,c4,2450,p3,?,
1769500675.2603364,RECEIVED,035b81ef-91db-42d6-a049-954d2e71d1a8,d6f0b5de-a4f0-4d3e-a475-77601926703f,c5,DROP,1452,p2,?,
1769500675.3257682,RECEIVED,c262d136-89f4-4cab-884f-9470fdba7f37,6b3d9a27-0f85-4a22-b100-a97ef9e070f8,c1,DROP,1434,p1,?,
1769500675.3442533,SENT,a8271f04-f9c3-4179-85fa-7968a466dbbf,17440d4c-fbe3-4709-98aa-726d8aae336a,c2,DROP,1016,?,i8,
1769500675.3442922,FORWARDED,a8271f04-f9c3-4179-85fa-7968a466dbbf,17440d4c-fbe3-4709-98aa-726d8aae336a,c2,DROP,1016,?,i8,
1769500675.3902113,RECEIVED,e534e22f-321d-4852-a545-a9c0b1e783d8,42bc2cc1-8f0d-42e2-ad06-bee9feb8464e,c1,None,2235,p1,?,
1769500675.4091897,SENT,e534e22f-321d-4852-a545-a9c0b1e783d8,42bc2cc1-8f0d-42e2-ad06-bee9feb8464e,c1,None,1601,?,i11,
1769500675.4092326,FORWARDED,e534e22f-321d-4852-a545-a9c0b1e783d8,42bc2cc1-8f0d-42e2-ad06-bee9feb8464e,c1,None,1601,?,i11,
1769500675.480892,RECEIVED,bea093af-b79d-4023-9fa1-77da3b5535bc,1e6c1210-89e6-47c6-a5af-867b87ca4928,c2,DROP,1439,p2,?,
1769500675.5855503,RECEIVED,81e4f8af-8f5a-49d2-94c8-29384e7f1035,7ff359cc-282b-4f82-b253-89f782db7b2e,c1,DROP,1439,p1,?,
1769500675.663165,SENT,c262d136-89f4-4cab-884f-9470fdba7f37,6b3d9a27-0f85-4a22-b100-a97ef9e070f8,c1,DROP,1003,?,i8,
1769500675.663206,FORWARDED,c262d136-89f4-4cab-884f-9470fdba7f37,6b3d9a27-0f85-4a22-b100-a97ef9e070f8,c1,DROP,1003,?,i8,
1769500676.0127869,RECEIVED,d0b3dfd7-768e-4d51-9044-9430c5d5eca7,546bef41-9a09-483b-bdf6-dda3112def2a,c3,c4,2472,p3,?,
1769500676.015761,RECEIVED,e68688eb-3310-43de-a906-3d64a25e55a2,ef3a75cd-b80a-493e-a28f-77ec190263dc,c1,DROP,1439,p1,?,
1769500676.041815,RECEIVED,24403c73-7571-4668-82c8-2a5e23910c4e,128977fc-98e7-42ab-b80d-44dca50cced8,c3,DROP,1447,p3,?,
1769500676.0836525,SENT,d0b3dfd7-768e-4d51-9044-9430c5d5eca7,546bef41-9a09-483b-bdf6-dda3112def2a,c3,c4,1780,?,i11,
1769500676.0840113,FORWARDED,d0b3dfd7-768e-4d51-9044-9430c5d5eca7,546bef41-9a09-483b-bdf6-dda3112def2a,c3,c4,1780,?,i11,
1769500676.215314,SENT,19740a79-e024-4455-a264-e940f84d9b05,3c938971-8458-49c1-92de-a2f84123c914,c5,DROP,1009,?,i4,
1769500676.2153533,FORWARDED,19740a79-e024-4455-a264-e940f84d9b05,3c938971-8458-49c1-92de-a2f84123c914,c5,DROP,1009,?,i4,
1769500676.2677393,SENT,4bc66968-4abf-4781-80a3-d39f68ead363,620b95f3-d475-4d8f-8428-f45165eabff8,c3,c4,1767,?,i7,
1769500676.2677803,FORWARDED,4bc66968-4abf-4781-80a3-d39f68ead363,620b95f3-d475-4d8f-8428-f45165eabff8,c3,c4,1767,?,i7,
1769500676.2723567,RECEIVED,f37d8d8e-3e20-43d9-9fdf-8d4b1140217e,6c8e44ff-599b-4b4a-b773-02701af9b21f,c1,DROP,1451,p1,?,
1769500676.3709197,RECEIVED,1f81f31f-ef1d-4abd-a87b-1159229606ca,2915ef66-f9a2-4bd6-9942-624c0679828a,c3,DROP,442,x3,?,
1769500676.37719,SENT,81e4f8af-8f5a-49d2-94c8-29384e7f1035,7ff359cc-282b-4f82-b253-89f782db7b2e,c1,DROP,1006,?,i10,
1769500676.3772361,FORWARDED,81e4f8af-8f5a-49d2-94c8-29384e7f1035,7ff359cc-282b-4f82-b253-89f782db7b2e,c1,DROP,1006,?,i10,
1769500676.4117827,SENT,e68688eb-3310-43de-a906-3d64a25e55a2,ef3a75cd-b80a-493e-a28f-77ec190263dc,c1,DROP,1007,?,i6,
1769500676.4118228,FORWARDED,e68688eb-3310-43de-a906-3d64a25e55a2,ef3a75cd-b80a-493e-a28f-77ec190263dc,c1,DROP,1007,?,i6,
1769500676.4441373,SENT,035b81ef-91db-42d6-a049-954d2e71d1a8,d6f0b5de-a4f0-4d3e-a475-77601926703f,c5,DROP,1015,?,i12,
1769500676.44418,FORWARDED,035b81ef-91db-42d6-a049-954d2e71d1a8,d6f0b5de-a4f0-4d3e-a475-77601926703f,c5,DROP,1015,?,i12,
1769500676.5355077,RECEIVED,0f975379-9967-4502-9ddb-3ef5926e8a7a,badb3af1-4d96-4f4e-b6a7-0c1b7fad4fc0,c1,c5,2463,p1,?,
1769500676.5947335,RECEIVED,ffbe8ab8-946d-4f68-a735-c357c6e3086c,c74ee473-a63e-4213-80f6-f5f720ce160f,c1,DROP,1447,p1,?,
1769500676.6188173,SENT,24403c73-7571-4668-82c8-2a5e23910c4e,128977fc-98e7-42ab-b80d-44dca50cced8,c3,DROP,1012,?,i4,
1769500676.6190248,FORWARDED,24403c73-7571-4668-82c8-2a5e23910c4e,128977fc-98e7-42ab-b80d-44dca50cced8,c3,DROP,1012,?,i4,
1769500676.8738863,SENT,ffbe8ab8-946d-4f68-a735-c357c6e3086c,c74ee473-a63e-4213-80f6-f5f720ce160f,c1,DROP,1012,?,i1,
1769500676.8739192,FORWARDED,ffbe8ab8-946d-4f68-a735-c357c6e3086c,c74ee473-a63e-4213-80f6-f5f720ce160f,c1,DROP,1012,?,i1,
1769500676.8809242,SENT,5d4d83a2-cae4-4ff8-b97b-e2ad113989df,18241230-034c-419a-ae6e-1a763a7ce9e6,c3,DROP,1003,?,i5,
1769500676.8809664,FORWARDED,5d4d83a2-cae4-4ff8-b97b-e2ad113989df,18241230-034c-419a-ae6e-1a763a7ce9e6,c3,DROP,1003,?,i5,
1769500676.92928,SENT,f37d8d8e-3e20-43d9-9fdf-8d4b1140217e,6c8e44ff-599b-4b4a-b773-02701af9b21f,c1,DROP,1015,?,i6,
1769500676.9293203,FORWARDED,f37d8d8e-3e20-43d9-9fdf-8d4b1140217e,6c8e44ff-599b-4b4a-b773-02701af9b21f,c1,DROP,1015,?,i6,
1769500676.9505744,RECEIVED,a753ddb8-c46f-4ae0-93a7-2a168ddc4234,8896e314-e8aa-4786-85c8-612c85edc825,c5,DROP,1443,p2,?,
1769500677.015682,RECEIVED,877b835f-6f0a-4ab3-ac8e-be0880680677,ac20cb2b-3b87-4194-b103-e08d9c6bb15a,c4,DROP,1456,p1,?,
1769500677.0496674,SENT,877b835f-6f0a-4ab3-ac8e-be0880680677,ac20cb2b-3b87-4194-b103-e08d9c6bb15a,c4,DROP,1020,?,i11,
1769500677.0497084,FORWARDED,877b835f-6f0a-4ab3-ac8e-be0880680677,ac20cb2b-3b87-4194-b103-e08d9c6bb15a,c4,DROP,1020,?,i11,
1769500677.0852613,SENT,0f975379-9967-4502-9ddb-3ef5926e8a7a,badb3af1-4d96-4f4e-b6a7-0c1b7fad4fc0,c1,c5,1776,?,i6,
1769500677.0853035,FORWARDED,0f975379-9967-4502-9ddb-3ef5926e8a7a,badb3af1-4d96-4f4e-b6a7-0c1b7fad4fc0,c1,c5,1776,?,i6,
1769500677.1981223,RECEIVED,83daeff7-5d1d-4172-aa09-1c92e7d744f6,7faa8107-9ef3-4320-a4cb-d432b30e4e64,c2,DROP,1443,p2,?,
1769500677.3152757,SENT,bea093af-b79d-4023-9fa1-77da3b5535bc,1e6c1210-89e6-47c6-a5af-867b87ca4928,c2,DROP,1008,?,i7,
1769500677.315322,FORWARDED,bea093af-b79d-4023-9fa1-77da3b5535bc,1e6c1210-89e6-47c6-a5af-867b87ca4928,c2,DROP,1008,?,i7,
1769500677.322929,RECEIVED,144f99b7-ed0f-4502-92f2-4f45c245b9eb,1b5ca6fc-fcd0-4ef1-affe-ceae830e586b,c1,DROP,442,x10,?,
1769500677.4424398,RECEIVED,5fa6bf3a-e21b-4418-9940-b8147e692d0b,fecb4e6a-7a55-4cd4-9477-b45cd90dc5c3,c1,DROP,1452,p1,?,
1769500677.5058224,SENT,a753ddb8-c46f-4ae0-93a7-2a168ddc4234,8896e314-e8aa-4786-85c8-612c85edc825,c5,DROP,1011,?,i3,
1769500677.5058637,FORWARDED,a753ddb8-c46f-4ae0-93a7-2a168ddc4234,8896e314-e8aa-4786-85c8-612c85edc825,c5,DROP,1011,?,i3,
1769500677.5836902,SENT,83daeff7-5d1d-4172-aa09-1c92e7d744f6,7faa8107-9ef3-4320-a4cb-d432b30e4e64,c2,DROP,1010,?,i10,
1769500677.5837314,FORWARDED,83daeff7-5d1d-4172-aa09-1c92e7d744f6,7faa8107-9ef3-4320-a4cb-d432b30e4e64,c2,DROP,1010,?,i10,
1769500677.6241837,SENT,5fa6bf3a-e21b-4418-9940-b8147e692d0b,fecb4e6a-7a55-4cd4-9477-b45cd90dc5c3,c1,DROP,1015,?,i2,
1769500677.6242344,FORWARDED,5fa6bf3a-e21b-4418-9940-b8147e692d0b,fecb4e6a-7a55-4cd4-9477-b45cd90dc5c3,c1,DROP,1015,?,i2,
1769500677.6308217,RECEIVED,53f4d918-0711-49f5-a9f0-5cb1a9a164d8,f827fa0d-4a12-4921-92b0-d5fd50a29def,c3,DROP,1439,p3,?,
1769500677.8274722,RECEIVED,28ef9d44-c519-4b2e-89b5-dc33ccfb0fe1,9f7aa614-d730-4d5f-aec8-01c57d2c8203,c2,DROP,1443,p2,?,
1769500678.0642064,RECEIVED,24b00fcb-b80b-4fe2-9028-eb92b7f422dd,56b0e350-4a13-42da-84f9-eeca1a6bc6f0,c1,DROP,441,x7,?,
1769500678.1884406,RECEIVED,cf7d729c-69c1-4cd8-95e1-2339814da6d6,7585a080-2035-45f7-881b-74025ae49618,c3,DROP,440,x9,?,
1769500678.191338,RECEIVED,3a53b72f-b743-4a66-ac81-2f7947287219,ce4400f9-b3bc-4a8e-a3f3-0538b31c5240,c5,DROP,442,x12,?,
1769500678.201804,SENT,28ef9d44-c519-4b2e-89b5-dc33ccfb0fe1,9f7aa614-d730-4d5f-aec8-01c57d2c8203,c2,DROP,1009,?,i8,
1769500678.2018392,FORWARDED,28ef9d44-c519-4b2e-89b5-dc33ccfb0fe1,9f7aa614-d730-4d5f-aec8-01c57d2c8203,c2,DROP,1009,?,i8,
1769500678.206614,RECEIVED,4e966190-9f28-47f5-b714-51f70989de4a,29336e9d-d2f8-4f43-97f0-e373eb5b9ef0,c4,DROP,1443,p1,?,
1769500678.2533984,RECEIVED,19ee945b-b055-4e37-8b2f-5d228d4f9032,0c659c8c-dceb-489d-a032-e3499d242766,c5,DROP,440,x5,?,
1769500678.3171937,RECEIVED,8f4cd6aa-3bf2-4646-9307-2c4a3b947299,20959725-2a47-4704-b455-e526dfa4b7e6,c5,DROP,1457,p2,?,
1769500678.3421266,RECEIVED,a404f580-7847-4f26-8cb0-96454dd427d7,2f304d78-e1ff-4eff-bae4-9b041215b283,c3,DROP,1440,p3,?,
1769500678.409882,SENT,8f4cd6aa-3bf2-4646-9307-2c4a3b947299,20959725-2a47-4704-b455-e526dfa4b7e6,c5,DROP,1018,?,i11,
1769500678.409922,FORWARDED,8f4cd6aa-3bf2-4646-9307-2c4a3b947299,20959725-2a47-4704-b455-e526dfa4b7e6,c5,DROP,1018,?,i11,
1769500678.4667227,SENT,4e966190-9f28-47f5-b714-51f70989de4a,29336e9d-d2f8-4f43-97f0-e373eb5b9ef0,c4,DROP,1009,?,i6,
1769500678.467043,FORWARDED,4e966190-9f28-47f5-b714-51f70989de4a,29336e9d-d2f8-4f43-97f0-e373eb5b9ef0,c4,DROP,1009,?,i6,
1769500678.54126,SENT,a404f580-7847-4f26-8cb0-96454dd427d7,2f304d78-e1ff-4eff-bae4-9b041215b283,c3,DROP,1008,?,i3,
1769500678.5413003,FORWARDED,a404f580-7847-4f26-8cb0-96454dd427d7,2f304d78-e1ff-4eff-bae4-9b041215b283,c3,DROP,1008,?,i3,
1769500678.656696,SENT,53f4d918-0711-49f5-a9f0-5cb1a9a164d8,f827fa0d-4a12-4921-92b0-d5fd50a29def,c3,DROP,1006,?,i5,
1769500678.6567364,FORWARDED,53f4d918-0711-49f5-a9f0-5cb1a9a164d8,f827fa0d-4a12-4921-92b0-d5fd50a29def,c3,DROP,1006,?,i5,
1769500678.9380357,RECEIVED,a8ff6391-370f-489a-8931-ed840ec2c907,77355601-d0fd-49fd-baf8-14f007c7e87a,c3,DROP,1439,p3,?,
1769500679.1059155,RECEIVED,f81c0abd-8664-4b2f-9114-05b361e03217,5d1b4215-e365-4d7d-a633-6e627973a67f,c2,c1,2463,p2,?,
1769500679.2228577,RECEIVED,dd77593e-4727-4771-9097-00860b71065e,1d5156d3-907d-4c78-b332-3ccc2b5c91f3,c2,DROP,1440,p2,?,
1769500679.233361,RECEIVED,0580d553-bdbd-4ed1-ad99-66d232c7e8af,032d3199-48f9-4d8f-839d-fa4fe47bffcb,c3,DROP,1451,p3,?,
1769500679.2644491,RECEIVED,99adbbea-c98c-4f9b-9a7e-7e1d79fb9c77,df01642d-669b-438f-871c-d26acfe2be66,c4,DROP,1452,p1,?,
1769500679.356062,SENT,f81c0abd-8664-4b2f-9114-05b361e03217,5d1b4215-e365-4d7d-a633-6e627973a67f,c2,c1,1776,?,i5,
1769500679.3561027,FORWARDED,f81c0abd-8664-4b2f-9114-05b361e03217,5d1b4215-e365-4d7d-a633-6e627973a67f,c2,c1,1776,?,i5,
1769500679.3647814,SENT,99adbbea-c98c-4f9b-9a7e-7e1d79fb9c77,df01642d-669b-438f-871c-d26acfe2be66,c4,DROP,1016,?,i1,
1769500679.3648202,FORWARDED,99adbbea-c98c-4f9b-9a7e-7e1d79fb9c77,df01642d-669b-438f-871c-d26acfe2be66,c4,DROP,1016,?,i1,
1769500679.385852,SENT,dd77593e-4727-4771-9097-00860b71065e,1d5156d3-907d-4c78-b332-3ccc2b5c91f3,c2,DROP,1006,?,i11,
1769500679.3858933,FORWARDED,dd77593e-4727-4771-9097-00860b71065e,1d5156d3-907d-4c78-b332-3ccc2b5c91f3,c2,DROP,1006,?,i11,
1769500679.4443834,SENT,0580d553-bdbd-4ed1-ad99-66d232c7e8af,032d3199-48f9-4d8f-839d-fa4fe47bffcb,c3,DROP,1016,?,i3,
1769500679.444424,FORWARDED,0580d553-bdbd-4ed1-ad99-66d232c7e8af,032d3199-48f9-4d8f-839d-fa4fe47bffcb,c3,DROP,1016,?,i3,
1769500679.452576,RECEIVED,87c86c77-d6da-4e26-a2a7-19dd982266cf,1071c64e-5c16-4f4a-9db7-9973341d2cbb,c2,None,2223,p2,?,
1769500679.530737,RECEIVED,884acedd-0f24-4654-9676-06dfd9675e31,e2f3653d-2876-48b2-8eb7-f316c136c48b,c1,DROP,1439,p1,?,
1769500679.614026,RECEIVED,7e6128d1-ee6e-4d75-8aff-8e012f189756,2c50c82f-1fca-444e-bb48-4d3876036cfc,c5,DROP,1453,p2,?,
1769500679.7852015,SENT,87c86c77-d6da-4e26-a2a7-19dd982266cf,1071c64e-5c16-4f4a-9db7-9973341d2cbb,c2,None,1596,?,i5,
1769500679.7852454,FORWARDED,87c86c77-d6da-4e26-a2a7-19dd982266cf,1071c64e-5c16-4f4a-9db7-9973341d2cbb,c2,None,1596,?,i5,
1769500679.85926,RECEIVED,95015096-ffed-44a3-b770-d5616c03f05b,1941250e-e67a-4d55-87ad-8b9bde1a3024,c2,DROP,1452,p2,?,
1769500679.8741465,SENT,7e6128d1-ee6e-4d75-8aff-8e012f189756,2c50c82f-1fca-444e-bb48-4d3876036cfc,c5,DROP,1015,?,i11,
1769500679.8741872,FORWARDED,7e6128d1-ee6e-4d75-8aff-8e012f189756,2c50c82f-1fca-444e-bb48-4d3876036cfc,c5,DROP,1015,?,i11,
1769500679.8943503,RECEIVED,06ad41f1-fc43-46a2-8a8f-9d8202f62b36,4c5194c7-f58b-4467-bb86-8dca5079a299,c4,DROP,1454,p1,?,
1769500679.9754753,RECEIVED,d64a2a9b-dfc0-4b07-8163-144186a948f6,2e2b50d9-c325-48cb-b966-bf399c7c529d,c3,DROP,1452,p3,?,
1769500680.0537794,RECEIVED,1cf41a9d-f9f6-49c9-9a3b-80248b647d35,1ed705f9-f332-43d8-8b88-dac981fc43cf,c5,DROP,1439,p2,?,
1769500680.0952966,SENT,a8ff6391-370f-489a-8931-ed840ec2c907,77355601-d0fd-49fd-baf8-14f007c7e87a,c3,DROP,1008,?,i3,
1769500680.0953376,FORWARDED,a8ff6391-370f-489a-8931-ed840ec2c907,77355601-d0fd-49fd-baf8-14f007c7e87a,c3,DROP,1008,?,i3,
1769500680.108252,SENT,884acedd-0f24-4654-9676-06dfd9675e31,e2f3653d-2876-48b2-8eb7-f316c136c48b,c1,DROP,1007,?,i2,
1769500680.108293,FORWARDED,884acedd-0f24-4654-9676-06dfd9675e31,e2f3653d-2876-48b2-8eb7-f316c136c48b,c1,DROP,1007,?,i2,
1769500680.1504931,RECEIVED,52f05537-b9a3-4af3-96b1-ee71c9520821,1ddd66ee-234a-461f-9765-5ba630ba2ec4,c2,c1,2476,p2,?,
1769500680.1697237,RECEIVED,d9efbbf7-9324-4f39-8a7b-01345f9f9055,ed00ede7-5be9-4e5a-a38a-e3c10a97b41c,c2,DROP,441,x6,?,
1769500680.1728904,RECEIVED,6cff0bad-80c0-4a01-9220-7bdd19d1aacc,564e1cce-e495-4105-b558-cdbc4dc9cb96,c5,DROP,1451,p2,?,
1769500680.2363703,SENT,06ad41f1-fc43-46a2-8a8f-9d8202f62b36,4c5194c7-f58b-4467-bb86-8dca5079a299,c4,DROP,1020,?,i9,
1769500680.2364125,FORWARDED,06ad41f1-fc43-46a2-8a8f-9d8202f62b36,4c5194c7-f58b-4467-bb86-8dca5079a299,c4,DROP,1020,?,i9,
1769500680.2948575,SENT,95015096-ffed-44a3-b770-d5616c03f05b,1941250e-e67a-4d55-87ad-8b9bde1a3024,c2,DROP,1015,?,i10,
1769500680.2949004,FORWARDED,95015096-ffed-44a3-b770-d5616c03f05b,1941250e-e67a-4d55-87ad-8b9bde1a3024,c2,DROP,1015,?,i10,
1769500680.3212879,SENT,52f05537-b9a3-4af3-96b1-ee71c9520821,1ddd66ee-234a-461f-9765-5ba630ba2ec4,c2,c1,1783,?,i1,
1769500680.3213277,FORWARDED,52f05537-b9a3-4af3-96b1-ee71c9520821,1ddd66ee-234a-461f-9765-5ba630ba2ec4,c2,c1,1783,?,i1,
1769500680.4115956,SENT,1cf41a9d-f9f6-49c9-9a3b-80248b647d35,1ed705f9-f332-43d8-8b88-dac981fc43cf,c5,DROP,1008,?,i4,
1769500680.4116373,FORWARDED,1cf41a9d-f9f6-49c9-9a3b-80248b647d35,1ed705f9-f332-43d8-8b88-dac981fc43cf,c5,DROP,1008,?,i4,
1769500680.5497046,RECEIVED,50a25fd3-e648-4972-b9fd-9914a03009be,42bf352d-2f11-4a23-a63a-006aadec2948,c2,DROP,1448,p2,?,
1769500680.6846855,SENT,50a25fd3-e648-4972-b9fd-9914a03009be,42bf352d-2f11-4a23-a63a-006aadec2948,c2,DROP,1012,?,i1,
1769500680.684761,FORWARDED,50a25fd3-e648-4972-b9fd-9914a03009be,42bf352d-2f11-4a23-a63a-006aadec2948,c2,DROP,1012,?,i1,
1769500680.7250667,SENT,d64a2a9b-dfc0-4b07-8163-144186a948f6,2e2b50d9-c325-48cb-b966-bf399c7c529d,c3,DROP,1016,?,i10,
1769500680.7251098,FORWARDED,d64a2a9b-dfc0-4b07-8163-144186a948f6,2e2b50d9-c325-48cb-b966-bf399c7c529d,c3,DROP,1016,?,i10,
1769500680.836821,RECEIVED,b2bbea8d-3e79-4452-9c8b-f26004825f86,e9d1b921-1a21-472b-b7a6-5489771e2f63,c4,c3,2457,p1,?,
1769500680.8459795,RECEIVED,6046d6f4-9492-4cde-8319-026bf0fdc176,dddfc4f8-3306-4eba-9e12-37dae2e97f9d,c3,DROP,1440,p3,?,
1769500680.927635,SENT,b2bbea8d-3e79-4452-9c8b-f26004825f86,e9d1b921-1a21-472b-b7a6-5489771e2f63,c4,c3,1768,?,i12,
1769500680.927676,FORWARDED,b2bbea8d-3e79-4452-9c8b-f26004825f86,e9d1b921-1a21-472b-b7a6-5489771e2f63,c4,c3,1768,?,i12,
1769500681.0320065,SENT,6cff0bad-80c0-4a01-9220-7bdd19d1aacc,564e1cce-e495-4105-b558-cdbc4dc9cb96,c5,DROP,1017,?,i8,
1769500681.0320542,FORWARDED,6cff0bad-80c0-4a01-9220-7bdd19d1aacc,564e1cce-e495-4105-b558-cdbc4dc9cb96,c5,DROP,1017,?,i8,
1769500681.0386431,SENT,6046d6f4-9492-4cde-8319-026bf0fdc176,dddfc4f8-3306-4eba-9e12-37dae2e97f9d,c3,DROP,1007,?,i8,
1769500681.0390582,FORWARDED,6046d6f4-9492-4cde-8319-026bf0fdc176,dddfc4f8-3306-4eba-9e12-37dae2e97f9d,c3,DROP,1007,?,i8,
1769500681.0452735,RECEIVED,e5c1a4bb-3691-4bc3-9c7c-0723b7921f49,94e11d05-cf31-49ce-a99a-f48da34c069e,c3,DROP,1438,p3,?,
1769500681.1239877,RECEIVED,aaac499d-43a7-41d3-8836-6f90a7a635e3,69eca046-8ead-4785-a7e9-c0f8e1b1c650,c1,DROP,1453,p1,?,
1769500681.125025,RECEIVED,3db95af8-d233-47d6-bb28-0154292a3c74,0d99d716-c357-48ab-9086-6b3fe5cf313c,c5,DROP,442,x7,?,
1769500681.1545172,SENT,e5c1a4bb-3691-4bc3-9c7c-0723b7921f49,94e11d05-cf31-49ce-a99a-f48da34c069e,c3,DROP,1008,?,i5,
1769500681.1545508,FORWARDED,e5c1a4bb-3691-4bc3-9c7c-0723b7921f49,94e11d05-cf31-49ce-a99a-f48da34c069e,c3,DROP,1008,?,i5,
1769500681.1797416,SENT,aaac499d-43a7-41d3-8836-6f90a7a635e3,69eca046-8ead-4785-a7e9-c0f8e1b1c650,c1,DROP,1016,?,i3,
1769500681.1797822,FORWARDED,aaac499d-43a7-41d3-8836-6f90a7a635e3,69eca046-8ead-4785-a7e9-c0f8e1b1c650,c1,DROP,1016,?,i3,
1769500681.3419771,RECEIVED,a9de724c-9754-47a2-8cac-f4197a94d01c,c231c8b1-2b9e-4ae3-83d8-e8ffc98baf74,c3,None,2235,p3,?,
1769500681.4360855,RECEIVED,c62fb66d-adab-499c-9500-54ed1445ec40,d542ee05-4655-4a7f-aca2-9e1a9b9ce8ca,c5,DROP,1440,p2,?,
1769500681.4540234,RECEIVED,220d793d-9002-4321-9019-86062f3c112c,1fe688ce-d5ed-428e-9c3c-bd2956c5a219,c4,None,2231,p1,?,
1769500681.4710622,SENT,a9de724c-9754-47a2-8cac-f4197a94d01c,c231c8b1-2b9e-4ae3-83d8-e8ffc98baf74,c3,None,1604,?,i4,
1769500681.4713957,FORWARDED,a9de724c-9754-47a2-8cac-f4197a94d01c,c231c8b1-2b9e-4ae3-83d8-e8ffc98baf74,c3,None,1604,?,i4,
1769500681.511287,RECEIVED,f4b11609-dfa6-4bfe-82cd-cfa68cf1c216,295d1eaa-1214-49d6-9826-d5a9b7918beb,c3,DROP,445,x1,?,
1769500681.568854,RECEIVED,1bcb78a7-b137-4db3-ba7c-705e82ee4300,66520a73-e446-4032-a964-f389d549af9a,c5,DROP,1444,p2,?,
1769500681.6299145,RECEIVED,0fd15227-872e-4e1f-ac86-39ed6f9c23e3,e28bdd42-e1dc-46e8-ba36-a9cf30abe644,c5,DROP,441,x4,?,
1769500681.7064848,RECEIVED,75d2060a-0b76-4831-8108-6aabeb5745f5,df77db9d-b710-4043-ae18-0609a8ee1a62,c1,None,2228,p1,?,
1769500681.7353115,SENT,75d2060a-0b76-4831-8108-6aabeb5745f5,df77db9d-b710-4043-ae18-0609a8ee1a62,c1,None,1597,?,i6,
1769500681.7353492,FORWARDED,75d2060a-0b76-4831-8108-6aabeb5745f5,df77db9d-b710-4043-ae18-0609a8ee1a62,c1,None,1597,?,i6,
1769500681.7375464,SENT,c62fb66d-adab-499c-9500-54ed1445ec40,d542ee05-4655-4a7f-aca2-9e1a9b9ce8ca,c5,DROP,1007,?,i9,
1769500681.7375867,FORWARDED,c62fb66d-adab-499c-9500-54ed1445ec40,d542ee05-4655-4a7f-aca2-9e1a9b9ce8ca,c5,DROP,1007,?,i9,
1769500681.7560253,RECEIVED,b41b6aba-bd55-4e9d-abdc-7b5f653facf5,726081f0-6c15-40fa-8946-10d52fe0c3ab,c1,None,2236,p1,?,
1769500681.792338,RECEIVED,beb40d9b-412d-4e30-8cc8-9ee4e9e98b66,c04ae9bc-970d-415f-9a7c-8abc38466415,c3,DROP,1444,p3,?,
1769500682.0968533,SENT,b41b6aba-bd55-4e9d-abdc-7b5f653facf5,726081f0-6c15-40fa-8946-10d52fe0c3ab,c1,None,1603,?,i2,
1769500682.0968935,FORWARDED,b41b6aba-bd55-4e9d-abdc-7b5f653facf5,726081f0-6c15-40fa-8946-10d52fe0c3ab,c1,None,1603,?,i2,
1769500682.1357388,RECEIVED,d1633b7a-a0fa-4aeb-90c2-616e70f62d3b,698e45f2-c84e-41fb-bc5a-d807f9762d1e,c2,DROP,443,x1,?,
1769500682.272981,RECEIVED,b600bc6a-13ef-410e-a04c-527a775a5250,d1c9c468-443a-4526-8914-0050c40e979a,c4,DROP,1440,p1,?,
1769500682.2805595,SENT,220d793d-9002-4321-9019-86062f3c112c,1fe688ce-d5ed-428e-9c3c-bd2956c5a219,c4,None,1601,?,i7,
1769500682.2806005,FORWARDED,220d793d-9002-4321-9019-86062f3c112c,1fe688ce-d5ed-428e-9c3c-bd2956c5a219,c4,None,1601,?,i7,
1769500682.37768,SENT,1bcb78a7-b137-4db3-ba7c-705e82ee4300,66520a73-e446-4032-a964-f389d549af9a,c5,DROP,1009,?,i12,
1769500682.3777213,FORWARDED,1bcb78a7-b137-4db3-ba7c-705e82ee4300,66520a73-e446-4032-a964-f389d549af9a,c5,DROP,1009,?,i12,
1769500682.385456,SENT,b600bc6a-13ef-410e-a04c-527a775a5250,d1c9c468-443a-4526-8914-0050c40e979a,c4,DROP,1008,?,i7,
1769500682.3854978,FORWARDED,b600bc6a-13ef-410e-a04c-527a775a5250,d1c9c468-443a-4526-8914-0050c40e979a,c4,DROP,1008,?,i7,
1769500682.484924,RECEIVED,1c90a571-b51a-49d5-bacd-c6859a4247c3,c2ab6e38-bbe7-41b7-b121-70412b54da4e,c3,DROP,1452,p3,?,
1769500682.8752317,SENT,1c90a571-b51a-49d5-bacd-c6859a4247c3,c2ab6e38-bbe7-41b7-b121-70412b54da4e,c3,DROP,1016,?,i10,
1769500682.8752718,FORWARDED,1c90a571-b51a-49d5-bacd-c6859a4247c3,c2ab6e38-bbe7-41b7-b121-70412b54da4e,c3,DROP,1016,?,i10,
1769500682.913848,RECEIVED,7fe24bc2-7bd4-47ac-b021-43a4a45e2184,d47cfdf8-ea16-443c-92dc-59a10ab6f210,c2,c1,2464,p2,?,
1769500682.9835804,RECEIVED,604f8136-2acd-437b-9623-8b225345b18b,fba8fce9-6cb7-44b9-a33d-03ea015d4655,c2,DROP,1460,p2,?,
1769500683.139277,SENT,7fe24bc2-7bd4-47ac-b021-43a4a45e2184,d47cfdf8-ea16-443c-92dc-59a10ab6f210,c2,c1,1775,?,i8,
1769500683.1393163,FORWARDED,7fe24bc2-7bd4-47ac-b021-43a4a45e2184,d47cfdf8-ea16-443c-92dc-59a10ab6f210,c2,c1,1775,?,i8,
1769500683.187203,RECEIVED,5e489219-3aba-45a8-89ab-fdc94960cf6d,cf990740-f910-44ac-bfea-d14daf4c47f3,c4,DROP,1448,p1,?,
1769500683.2207592,RECEIVED,5918bdbb-2513-4af0-850c-49b118d0be77,a320dfb7-539f-4243-a419-64b0a8138c4a,c4,DROP,1453,p1,?,
1769500683.2901027,SENT,beb40d9b-412d-4e30-8cc8-9ee4e9e98b66,c04ae9bc-970d-415f-9a7c-8abc38466415,c3,DROP,1011,?,i11,
1769500683.2902467,FORWARDED,beb40d9b-412d-4e30-8cc8-9ee4e9e98b66,c04ae9bc-970d-415f-9a7c-8abc38466415,c3,DROP,1011,?,i11,
1769500683.322796,SENT,604f8136-2acd-437b-9623-8b225345b18b,fba8fce9-6cb7-44b9-a33d-03ea015d4655,c2,DROP,1021,?,i9,
1769500683.322838,FORWARDED,604f8136-2acd-437b-9623-8b225345b18b,fba8fce9-6cb7-44b9-a33d-03ea015d4655,c2,DROP,1021,?,i9,
1769500683.3299263,RECEIVED,24ef8dc2-a2ba-43aa-9c87-b262c32cc564,0301d72b-e328-4c10-a80f-ddbc9e08f582,c5,DROP,1449,p2,?,
1769500683.3432872,SENT,5918bdbb-2513-4af0-850c-49b118d0be77,a320dfb7-539f-4243-a419-64b0a8138c4a,c4,DROP,1016,?,i11,
1769500683.3433368,FORWARDED,5918bdbb-2513-4af0-850c-49b118d0be77,a320dfb7-539f-4243-a419-64b0a8138c4a,c4,DROP,1016,?,i11,
1769500683.350326,SENT,5e489219-3aba-45a8-89ab-fdc94960cf6d,cf990740-f910-44ac-bfea-d14daf4c47f3,c4,DROP,1012,?,i8,
1769500683.35037,FORWARDED,5e489219-3aba-45a8-89ab-fdc94960cf6d,cf990740-f910-44ac-bfea-d14daf4c47f3,c4,DROP,1012,?,i8,
1769500683.736523,SENT,24ef8dc2-a2ba-43aa-9c87-b262c32cc564,0301d72b-e328-4c10-a80f-ddbc9e08f582,c5,DROP,1012,?,i10,
1769500683.736564,FORWARDED,24ef8dc2-a2ba-43aa-9c87-b262c32cc564,0301d72b-e328-4c10-a80f-ddbc9e08f582,c5,DROP,1012,?,i10,
1769500683.893676,RECEIVED,ab2c8548-809c-48c4-87b8-1d5119cae6c2,b5cc8cf9-18b7-4f2d-8a4a-81a9bd3d556c,c5,DROP,1448,p2,?,
1769500684.136436,RECEIVED,e3394e0b-4224-4a6f-bfa4-1b557f1de876,7d2d61d6-6ef3-4130-bac0-087469c429bc,c2,c1,2477,p2,?,
1769500684.168922,SENT,ab2c8548-809c-48c4-87b8-1d5119cae6c2,b5cc8cf9-18b7-4f2d-8a4a-81a9bd3d556c,c5,DROP,1013,?,i3,
1769500684.168962,FORWARDED,ab2c8548-809c-48c4-87b8-1d5119cae6c2,b5cc8cf9-18b7-4f2d-8a4a-81a9bd3d556c,c5,DROP,1013,?,i3,
1769500684.362173,SENT,e3394e0b-4224-4a6f-bfa4-1b557f1de876,7d2d61d6-6ef3-4130-bac0-087469c429bc,c2,c1,1784,?,i11,
1769500684.3622155,FORWARDED,e3394e0b-4224-4a6f-bfa4-1b557f1de876,7d2d61d6-6ef3-4130-bac0-087469c429bc,c2,c1,1784,?,i11,
1769500684.3721607,RECEIVED,2589ba4d-5c9b-4e43-a22c-ef8653ed720d,f841c33a-1b4a-4f5e-b8c6-fccfd0955ac4,c1,c5,2463,p1,?,
1769500684.4294298,RECEIVED,ac4c4216-738e-442b-b968-6e08726a5714,644d3168-f8f6-453b-b230-9e24dcaedbf3,c1,None,2225,p1,?,
1769500684.5074453,RECEIVED,483016d8-fa8c-46f1-a6eb-487d3f803ef5,23c8d19a-504f-4ffd-82cf-b92626e12dbc,c2,DROP,441,x6,?,
1769500684.6058798,RECEIVED,70e33dc0-34b7-42d4-a9ab-733b172e9f62,8ba697ca-ab06-4881-9447-1e13e05e69cd,c5,DROP,1439,p2,?,
1769500684.76389,SENT,ac4c4216-738e-442b-b968-6e08726a5714,644d3168-f8f6-453b-b230-9e24dcaedbf3,c1,None,1595,?,i11,
1769500684.7639291,FORWARDED,ac4c4216-738e-442b-b968-6e08726a5714,644d3168-f8f6-453b-b230-9e24dcaedbf3,c1,None,1595,?,i11,
1769500684.7933207,RECEIVED,29181a3f-5cf4-4dc8-a8c6-077aeb52eb04,a97db635-9825-4f4b-a477-89e4fe736dcd,c3,DROP,1440,p3,?,
1769500684.842798,RECEIVED,b876a418-35f0-45b7-86f1-5153eea7516f,5a3e609f-2155-4b56-bf35-8433abdd9679,c5,None,2224,p2,?,
1769500684.9335043,RECEIVED,6e2ee936-39dc-4f51-8fa4-d28ea859a5fd,a1a2ba20-bcf8-4c90-b904-11fcd80a5fa6,c5,DROP,1438,p2,?,
1769500684.9704227,RECEIVED,fa8c7417-70eb-42d6-b66c-312b22895335,85c5ef40-b070-42e5-b85b-31634f51c85e,c3,DROP,1448,p3,?,
1769500685.0286999,SENT,b876a418-35f0-45b7-86f1-5153eea7516f,5a3e609f-2155-4b56-bf35-8433abdd9679,c5,None,1596,?,i6,
1769500685.0287337,FORWARDED,b876a418-35f0-45b7-86f1-5153eea7516f,5a3e609f-2155-4b56-bf35-8433abdd9679,c5,None,1596,?,i6,
1769500685.170667,SENT,70e33dc0-34b7-42d4-a9ab-733b172e9f62,8ba697ca-ab06-4881-9447-1e13e05e69cd,c5,DROP,1008,?,i3,
1769500685.1707091,FORWARDED,70e33dc0-34b7-42d4-a9ab-733b172e9f62,8ba697ca-ab06-4881-9447-1e13e05e69cd,c5,DROP,1008,?,i3,
1769500685.185635,SENT,fa8c7417-70eb-42d6-b66c-312b22895335,85c5ef40-b070-42e5-b85b-31634f51c85e,c3,DROP,1012,?,i8,
1769500685.1856782,FORWARDED,fa8c7417-70eb-42d6-b66c-312b22895335,85c5ef40-b070-42e5-b85b-31634f51c85e,c3,DROP,1012,?,i8,
1769500685.2056427,RECEIVED,ef751fc3-2e73-492b-8273-858476eb4239,40fac98a-bc8f-4c96-be99-43e2e7e77b7e,c3,c4,2459,p3,?,
1769500685.2470407,SENT,2589ba4d-5c9b-4e43-a22c-ef8653ed720d,f841c33a-1b4a-4f5e-b8c6-fccfd0955ac4,c1,c5,1776,?,i1,
1769500685.247096,FORWARDED,2589ba4d-5c9b-4e43-a22c-ef8653ed720d,f841c33a-1b4a-4f5e-b8c6-fccfd0955ac4,c1,c5,1776,?,i1,
1769500685.2839203,RECEIVED,e602a230-d70b-4786-9696-fe01982fe751,d661ec88-9280-48f3-bd23-df9be4f3adef,c1,DROP,1442,p1,?,
1769500685.3065403,RECEIVED,0b23d6a7-31dc-475f-aa23-6b0a19caa8ba,2cb71c5f-0714-4abb-8384-e55ef1adad8d,c1,c5,2465,p1,?,
1769500685.3496885,SENT,e602a230-d70b-4786-9696-fe01982fe751,d661ec88-9280-48f3-bd23-df9be4f3adef,c1,DROP,1008,?,i4,
1769500685.3497293,FORWARDED,e602a230-d70b-4786-9696-fe01982fe751,d661ec88-9280-48f3-bd23-df9be4f3adef,c1,DROP,1008,?,i4,
1769500685.3817577,SENT,0b23d6a7-31dc-475f-aa23-6b0a19caa8ba,2cb71c5f-0714-4abb-8384-e55ef1adad8d,c1,c5,1775,?,i10,
1769500685.3818002,FORWARDED,0b23d6a7-31dc-475f-aa23-6b0a19caa8ba,2cb71c5f-0714-4abb-8384-e55ef1adad8d,c1,c5,1775,?,i10,
1769500685.4413126,RECEIVED,f5a05421-309c-413f-b582-ef0d2fdc2d67,25894dc2-e097-423f-a19e-d3709c058188,c4,c3,2466,p1,?,
1769500685.4462466,RECEIVED,901e31e6-a9ab-4d00-8e37-3104e1766d28,20d72a26-d626-4559-aeda-0ffb545064d4,c1,c5,2459,p1,?,
1769500685.5310352,RECEIVED,40abf14b-193c-4e1d-bb49-47d28018f24f,5f99f70f-c3c5-4f87-b5a5-69fa5ceeccd7,c4,DROP,441,x8,?,
1769500685.5800912,RECEIVED,bcb26052-594a-45a5-bf72-f98cd918e6f2,73e00224-70d8-4f21-a01f-6fabe95c24d0,c5,DROP,441,x2,?,
1769500685.6086218,RECEIVED,c9aee4c3-11c1-40e1-b53e-d172d9439231,ba03bdd0-4625-447d-9e01-eaae2200ce6f,c1,c5,2451,p1,?,
1769500685.6377723,SENT,6e2ee936-39dc-4f51-8fa4-d28ea859a5fd,a1a2ba20-bcf8-4c90-b904-11fcd80a5fa6,c5,DROP,1007,?,i3,
1769500685.6378157,FORWARDED,6e2ee936-39dc-4f51-8fa4-d28ea859a5fd,a1a2ba20-bcf8-4c90-b904-11fcd80a5fa6,c5,DROP,1007,?,i3,
1769500685.6446528,RECEIVED,6ccc9073-fe23-473a-bf86-8914b21f8a53,8db24def-2db9-450f-90bd-277a00a4df06,c3,DROP,1452,p3,?,
1769500685.8368268,SENT,29181a3f-5cf4-4dc8-a8c6-077aeb52eb04,a97db635-9825-4f4b-a477-89e4fe736dcd,c3,DROP,1008,?,i10,
1769500685.8368618,FORWARDED,29181a3f-5cf4-4dc8-a8c6-077aeb52eb04,a97db635-9825-4f4b-a477-89e4fe736dcd,c3,DROP,1008,?,i10,
1769500685.8939528,RECEIVED,28d4ebe7-85ea-4144-956c-037c3a57d477,ec05dbf2-498f-47b4-ac7e-0c82e6fbf3b4,c1,DROP,1443,p1,?,
1769500685.998056,SENT,c9aee4c3-11c1-40e1-b53e-d172d9439231,ba03bdd0-4625-447d-9e01-eaae2200ce6f,c1,c5,1766,?,i8,
1769500685.998095,FORWARDED,c9aee4c3-11c1-40e1-b53e-d172d9439231,ba03bdd0-4625-447d-9e01-eaae2200ce6f,c1,c5,1766,?,i8,
1769500686.0686998,SENT,901e31e6-a9ab-4d00-8e37-3104e1766d28,20d72a26-d626-4559-aeda-0ffb545064d4,c1,c5,1772,?,i9,
1769500686.0687394,FORWARDED,901e31e6-a9ab-4d00-8e37-3104e1766d28,20d72a26-d626-4559-aeda-0ffb545064d4,c1,c5,1772,?,i9,
1769500686.1918924,RECEIVED,5229d178-4e2d-43a0-8f29-702aac7f6988,2da1ca11-ef65-4723-ad15-2adad2ada15d,c3,DROP,441,x3,?,
1769500686.216499,SENT,6ccc9073-fe23-473a-bf86-8914b21f8a53,8db24def-2db9-450f-90bd-277a00a4df06,c3,DROP,1016,?,i10,
1769500686.2165418,FORWARDED,6ccc9073-fe23-473a-bf86-8914b21f8a53,8db24def-2db9-450f-90bd-277a00a4df06,c3,DROP,1016,?,i10,
1769500686.3139694,RECEIVED,7c8ddb65-d436-4e34-b3fd-1f60812925c2,5cc32f80-6536-4e9e-9c28-f3c5810b7e1f,c1,DROP,1441,p1,?,
1769500686.338076,SENT,28d4ebe7-85ea-4144-956c-037c3a57d477,ec05dbf2-498f-47b4-ac7e-0c82e6fbf3b4,c1,DROP,1011,?,i5,
1769500686.3381186,FORWARDED,28d4ebe7-85ea-4144-956c-037c3a57d477,ec05dbf2-498f-47b4-ac7e-0c82e6fbf3b4,c1,DROP,1011,?,i5,
1769500686.4057975,SENT,7c8ddb65-d436-4e34-b3fd-1f60812925c2,5cc32f80-6536-4e9e-9c28-f3c5810b7e1f,c1,DROP,1007,?,i11,
1769500686.405832,FORWARDED,7c8ddb65-d436-4e34-b3fd-1f60812925c2,5cc32f80-6536-4e9e-9c28-f3c5810b7e1f,c1,DROP,1007,?,i11,
1769500686.4281995,RECEIVED,75f5d533-5063-4e28-9fb3-0ac6513cfc36,f14c7893-1dd4-4f99-ae52-57c78e4e4049,c4,DROP,1441,p1,?,
1769500686.4759707,RECEIVED,c5414473-9c5a-4fec-8551-2d48ba4dd9da,91efbaaa-cfee-4eea-b7be-0a5ffee3c953,c3,c4,2458,p3,?,
1769500686.5072684,SENT,75f5d533-5063-4e28-9fb3-0ac6513cfc36,f14c7893-1dd4-4f99-ae52-57c78e4e4049,c4,DROP,1007,?,i6,
1769500686.50731,FORWARDED,75f5d533-5063-4e28-9fb3-0ac6513cfc36,f14c7893-1dd4-4f99-ae52-57c78e4e4049,c4,DROP,1007,?,i6,
1769500686.6282723,SENT,ef751fc3-2e73-492b-8273-858476eb4239,40fac98a-bc8f-4c96-be99-43e2e7e77b7e,c3,c4,1771,?,i3,
1769500686.6283123,FORWARDED,ef751fc3-2e73-492b-8273-858476eb4239,40fac98a-bc8f-4c96-be99-43e2e7e77b7e,c3,c4,1771,?,i3,
1769500686.8012075,RECEIVED,6af1edf7-1443-44e7-a827-9d181e285c9b,81e041b2-836a-466a-973f-74e08ac83107,c3,DROP,1453,p3,?,
1769500686.8572693,SENT,6af1edf7-1443-44e7-a827-9d181e285c9b,81e041b2-836a-466a-973f-74e08ac83107,c3,DROP,1016,?,i3,
1769500686.857311,FORWARDED,6af1edf7-1443-44e7-a827-9d181e285c9b,81e041b2-836a-466a-973f-74e08ac83107,c3,DROP,1016,?,i3,
1769500686.9470298,SENT,f5a05421-309c-413f-b582-ef0d2fdc2d67,25894dc2-e097-423f-a19e-d3709c058188,c4,c3,1777,?,i4,
1769500686.947083,FORWARDED,f5a05421-309c-413f-b582-ef0d2fdc2d67,25894dc2-e097-423f-a19e-d3709c058188,c4,c3,1777,?,i4,
1769500687.0643792,RECEIVED,67ff9639-3204-4e83-83cc-c4a854edb1c2,01761470-cbcf-49e2-b8ce-f15c2af769bb,c2,None,2236,p2,?,
1769500687.0844483,RECEIVED,99c2988e-aadd-455f-8ab2-13e1343fd080,40053912-933e-4498-894d-af420ccec978,c5,DROP,1440,p2,?,
1769500687.2124357,SENT,67ff9639-3204-4e83-83cc-c4a854edb1c2,01761470-cbcf-49e2-b8ce-f15c2af769bb,c2,None,1603,?,i6,
1769500687.2124784,FORWARDED,67ff9639-3204-4e83-83cc-c4a854edb1c2,01761470-cbcf-49e2-b8ce-f15c2af769bb,c2,None,1603,?,i6,
1769500687.514506,SENT,c5414473-9c5a-4fec-8551-2d48ba4dd9da,91efbaaa-cfee-4eea-b7be-0a5ffee3c953,c3,c4,1771,?,i9,
1769500687.5145473,FORWARDED,c5414473-9c5a-4fec-8551-2d48ba4dd9da,91efbaaa-cfee-4eea-b7be-0a5ffee3c953,c3,c4,1771,?,i9,
1769500687.7512748,RECEIVED,9239572c-d54e-4f24-b559-2e918da834a2,f41d6f8a-1d89-4c42-a691-705004e01535,c1,DROP,442,x12,?,
1769500687.7648745,RECEIVED,0dc9b62f-490c-4065-b910-6b248e4a3b76,70aa681a-90ea-4dff-91d5-c090600c3c98,c5,DROP,1451,p2,?,
1769500687.8259885,SENT,99c2988e-aadd-455f-8ab2-13e1343fd080,40053912-933e-4498-894d-af420ccec978,c5,DROP,1006,?,i11,
1769500687.8260317,FORWARDED,99c2988e-aadd-455f-8ab2-13e1343fd080,40053912-933e-4498-894d-af420ccec978,c5,DROP,1006,?,i11,
1769500687.8531628,RECEIVED,7d69e1ea-4a05-4e00-970d-a67dbd215c68,192be23b-2653-40ca-ba79-7fce20bcf76e,c2,DROP,1440,p2,?,
1769500688.1146686,SENT,7d69e1ea-4a05-4e00-970d-a67dbd215c68,192be23b-2653-40ca-ba79-7fce20bcf76e,c2,DROP,1007,?,i6,
1769500688.11471,FORWARDED,7d69e1ea-4a05-4e00-970d-a67dbd215c68,192be23b-2653-40ca-ba79-7fce20bcf76e,c2,DROP,1007,?,i6,
1769500688.205103,RECEIVED,678e70e5-f7ca-41e8-a6a7-3ed140434222,d67ed589-5a57-46e9-99db-b2731c83fbe8,c4,DROP,1441,p1,?,
1769500688.2227788,RECEIVED,2d10e47e-8d07-475b-99ff-bdf4243e8b7b,aa57de74-61c3-4462-b05c-742d884d940f,c3,None,2231,p3,?,
1769500688.2819583,SENT,678e70e5-f7ca-41e8-a6a7-3ed140434222,d67ed589-5a57-46e9-99db-b2731c83fbe8,c4,DROP,1007,?,i10,
1769500688.28202,FORWARDED,678e70e5-f7ca-41e8-a6a7-3ed140434222,d67ed589-5a57-46e9-99db-b2731c83fbe8,c4,DROP,1007,?,i10,
1769500688.3901892,RECEIVED,2b5960b0-17e9-4563-99e8-3299dc0ee31a,560a038f-58d3-4d5f-a0de-97c1104fa9b0,c1,DROP,1448,p1,?,
1769500688.5847647,RECEIVED,23f3b135-7b66-40d8-a574-17ead50bb191,54d9377d-7e8b-4cf2-9759-f9c50a628b33,c3,None,2224,p3,?,
1769500688.6642292,SENT,2d10e47e-8d07-475b-99ff-bdf4243e8b7b,aa57de74-61c3-4462-b05c-742d884d940f,c3,None,1600,?,i3,
1769500688.6642706,FORWARDED,2d10e47e-8d07-475b-99ff-bdf4243e8b7b,aa57de74-61c3-4462-b05c-742d884d940f,c3,None,1600,?,i3,
1769500688.6962059,SENT,0dc9b62f-490c-4065-b910-6b248e4a3b76,70aa681a-90ea-4dff-91d5-c090600c3c98,c5,DROP,1016,?,i9,
1769500688.696248,FORWARDED,0dc9b62f-490c-4065-b910-6b248e4a3b76,70aa681a-90ea-4dff-91d5-c090600c3c98,c5,DROP,1016,?,i9,
1769500688.73459,RECEIVED,ac68fc37-b722-461d-a3cf-999f4ed3f61a,d553b741-4a20-4176-baee-4014ebb5a364,c3,None,2240,p3,?,
1769500688.7685337,RECEIVED,5c69065d-14a5-48ed-8de0-44443d7495d2,5db45187-ee84-4567-a3d5-c6992f3071b1,c1,c5,2480,p1,?,
1769500688.8116663,RECEIVED,419b11d3-45b8-4daf-847e-84bede5e550e,0fbbb1f4-88a2-4513-ab19-5dcb1c9c6784,c3,DROP,441,x1,?,
1769500688.9505682,RECEIVED,91989a11-73e3-495a-a997-60ede54740af,dbe6fa81-9ad9-4eed-b719-f0d174340fee,c3,DROP,1440,p3,?,
1769500688.9528754,SENT,23f3b135-7b66-40d8-a574-17ead50bb191,54d9377d-7e8b-4cf2-9759-f9c50a628b33,c3,None,1596,?,i8,
1769500688.9529183,FORWARDED,23f3b135-7b66-40d8-a574-17ead50bb191,54d9377d-7e8b-4cf2-9759-f9c50a628b33,c3,None,1596,?,i8,
1769500689.0253968,SENT,2b5960b0-17e9-4563-99e8-3299dc0ee31a,560a038f-58d3-4d5f-a0de-97c1104fa9b0,c1,DROP,1012,?,i10,
1769500689.0254347,FORWARDED,2b5960b0-17e9-4563-99e8-3299dc0ee31a,560a038f-58d3-4d5f-a0de-97c1104fa9b0,c1,DROP,1012,?,i10,
1769500689.0632536,RECEIVED,8044c7df-1c5d-4aa1-9647-2e6af3e10689,614ff776-5c8b-4f5f-9e10-ac4e489b4c69,c4,DROP,441,x7,?,
1769500689.0778236,SENT,91989a11-73e3-495a-a997-60ede54740af,dbe6fa81-9ad9-4eed-b719-f0d174340fee,c3,DROP,1008,?,i9,
1769500689.077866,FORWARDED,91989a11-73e3-495a-a997-60ede54740af,dbe6fa81-9ad9-4eed-b719-f0d174340fee,c3,DROP,1008,?,i9,
1769500689.0800664,RECEIVED,11b9ceaf-aafc-4dde-a060-75795de45dc6,f2a86e3e-775d-4d2a-b4b9-5dd3928d07d5,c1,None,2224,p1,?,
1769500689.2296975,RECEIVED,5b9a2eed-141f-4738-b60f-a719a5d62e48,a0bb4620-53a5-4aaf-9895-1b320850f17a,c2,DROP,1440,p2,?,
1769500689.2535963,RECEIVED,e4c3ec37-7f63-4b12-b854-a57517d291cd,db408fcb-57b9-4984-860b-2f4faa5e73b2,c5,DROP,442,x6,?,
1769500689.4190636,SENT,ac68fc37-b722-461d-a3cf-999f4ed3f61a,d553b741-4a20-4176-baee-4014ebb5a364,c3,None,1607,?,i11,
1769500689.4191058,FORWARDED,ac68fc37-b722-461d-a3cf-999f4ed3f61a,d553b741-4a20-4176-baee-4014ebb5a364,c3,None,1607,?,i11,
1769500689.4622443,SENT,5b9a2eed-141f-4738-b60f-a719a5d62e48,a0bb4620-53a5-4aaf-9895-1b320850f17a,c2,DROP,1008,?,i6,
1769500689.462289,FORWARDED,5b9a2eed-141f-4738-b60f-a719a5d62e48,a0bb4620-53a5-4aaf-9895-1b320850f17a,c2,DROP,1008,?,i6,
1769500689.4822915,RECEIVED,5e778585-1957-49f1-82d7-e057cea665be,8e36136f-4ecf-4467-a34b-00dcfea02a4f,c1,None,2239,p1,?,
1769500689.5644739,SENT,11b9ceaf-aafc-4dde-a060-75795de45dc6,f2a86e3e-775d-4d2a-b4b9-5dd3928d07d5,c1,None,1595,?,i10,
1769500689.5645163,FORWARDED,11b9ceaf-aafc-4dde-a060-75795de45dc6,f2a86e3e-775d-4d2a-b4b9-5dd3928d07d5,c1,None,1595,?,i10,
1769500689.7052732,RECEIVED,662d13cf-1ec4-42d0-b42f-6b9e30198940,708a85ae-ab81-4179-81c6-589256ca01d3,c5,DROP,442,x9,?,
1769500689.9141433,RECEIVED,ff215a00-17f0-44e4-a908-47021de03c3e,7d7b5190-03d1-4284-9953-f2f29640764c,c5,DROP,1439,p2,?,
1769500690.039023,RECEIVED,4ea27107-36c8-4a55-ac41-c45f9f9aadef,e932c582-ec90-4e41-9afe-264049224b1c,c1,DROP,1451,p1,?,
1769500690.3177416,RECEIVED,0f38bb16-ee71-4b99-b65e-fe00f85df6d5,3dfb798e-63b0-4622-aa90-f3a058d68a03,c3,DROP,1441,p3,?,
1769500690.3637269,RECEIVED,3001670c-2ea2-473b-b033-b1b816086341,9f42c530-5c21-4176-955b-a7e4a2fe4c0d,c2,DROP,1445,p2,?,
1769500690.4047606,RECEIVED,5a80bb44-d7bf-4325-9cc9-3cfc286b0f96,9926e7f5-0530-4ce5-ab28-8e927f82d103,c5,DROP,1450,p2,?,
1769500690.4518833,SENT,0f38bb16-ee71-4b99-b65e-fe00f85df6d5,3dfb798e-63b0-4622-aa90-f3a058d68a03,c3,DROP,1007,?,i10,
1769500690.451926,FORWARDED,0f38bb16-ee71-4b99-b65e-fe00f85df6d5,3dfb798e-63b0-4622-aa90-f3a058d68a03,c3,DROP,1007,?,i10,
1769500690.4681203,SENT,3001670c-2ea2-473b-b033-b1b816086341,9f42c530-5c21-4176-955b-a7e4a2fe4c0d,c2,DROP,1011,?,i10,
1769500690.4681613,FORWARDED,3001670c-2ea2-473b-b033-b1b816086341,9f42c530-5c21-4176-955b-a7e4a2fe4c0d,c2,DROP,1011,?,i10,
1769500690.5859663,RECEIVED,ba626e31-f1fa-4624-b1d9-abb11a60a262,9295eaef-2190-49b2-8fa5-3cf4513b448a,c3,DROP,442,x2,?,
1769500690.6436846,RECEIVED,ccaac91d-fa4f-42c5-89b7-4c86e2bea3c2,5ef231df-39b5-4a34-9d98-f4ab70983860,c5,DROP,1452,p2,?,
1769500690.6542146,SENT,5c69065d-14a5-48ed-8de0-44443d7495d2,5db45187-ee84-4567-a3d5-c6992f3071b1,c1,c5,1788,?,i12,
1769500690.6542568,FORWARDED,5c69065d-14a5-48ed-8de0-44443d7495d2,5db45187-ee84-4567-a3d5-c6992f3071b1,c1,c5,1788,?,i12,
1769500690.66352,RECEIVED,868cfcfc-7f5a-46de-b345-287a4b6b5a77,b4c9f2b1-b27d-4bc7-b284-d33c6160c635,c4,DROP,1440,p1,?,
1769500690.701208,SENT,ccaac91d-fa4f-42c5-89b7-4c86e2bea3c2,5ef231df-39b5-4a34-9d98-f4ab70983860,c5,DROP,1016,?,i2,
1769500690.7012472,FORWARDED,ccaac91d-fa4f-42c5-89b7-4c86e2bea3c2,5ef231df-39b5-4a34-9d98-f4ab70983860,c5,DROP,1016,?,i2,
1769500690.8533757,SENT,ff215a00-17f0-44e4-a908-47021de03c3e,7d7b5190-03d1-4284-9953-f2f29640764c,c5,DROP,1007,?,i4,
1769500690.853419,FORWARDED,ff215a00-17f0-44e4-a908-47021de03c3e,7d7b5190-03d1-4284-9953-f2f29640764c,c5,DROP,1007,?,i4,
1769500690.981138,RECEIVED,b9a5caf7-23d9-4387-a3f2-96a0b2fcf192,7b2eae5c-436b-40d3-a709-49c97d7f3330,c5,DROP,1456,p2,?,
1769500690.999533,SENT,5a80bb44-d7bf-4325-9cc9-3cfc286b0f96,9926e7f5-0530-4ce5-ab28-8e927f82d103,c5,DROP,1016,?,i5,
1769500690.9995728,FORWARDED,5a80bb44-d7bf-4325-9cc9-3cfc286b0f96,9926e7f5-0530-4ce5-ab28-8e927f82d103,c5,DROP,1016,?,i5,
1769500691.011139,SENT,868cfcfc-7f5a-46de-b345-287a4b6b5a77,b4c9f2b1-b27d-4bc7-b284-d33c6160c635,c4,DROP,1007,?,i3,
1769500691.0111787,FORWARDED,868cfcfc-7f5a-46de-b345-287a4b6b5a77,b4c9f2b1-b27d-4bc7-b284-d33c6160c635,c4,DROP,1007,?,i3,
1769500691.061688,RECEIVED,f0b1ac63-3967-4cc6-b9af-8094c6e3a54f,4e9c5d0c-66e7-4cdf-90ec-5a7014d23f81,c2,DROP,437,x1,?,
1769500691.0965233,SENT,b9a5caf7-23d9-4387-a3f2-96a0b2fcf192,7b2eae5c-436b-40d3-a709-49c97d7f3330,c5,DROP,1020,?,i1,
1769500691.0965638,FORWARDED,b9a5caf7-23d9-4387-a3f2-96a0b2fcf192,7b2eae5c-436b-40d3-a709-49c97d7f3330,c5,DROP,1020,?,i1,
1769500691.1071973,RECEIVED,4c62073f-de5b-4407-a441-9bef57f74437,4c5b09a9-d24b-4c1d-8234-72965fee3f76,c3,c4,2462,p3,?,
1769500691.179992,RECEIVED,34e81e3f-b842-4b8e-88b2-02f6cd5ed333,44f38a6c-0c72-4fad-b945-24432c3873d2,c2,DROP,441,x5,?,
1769500691.2152164,SENT,5e778585-1957-49f1-82d7-e057cea665be,8e36136f-4ecf-4467-a34b-00dcfea02a4f,c1,None,1608,?,i3,
1769500691.215259,FORWARDED,5e778585-1957-49f1-82d7-e057cea665be,8e36136f-4ecf-4467-a34b-00dcfea02a4f,c1,None,1608,?,i3,
1769500691.2323341,RECEIVED,a0de84c4-bddc-456c-9a21-b154efbc368a,5d2b612b-7815-4661-af57-1e1206eeda8d,c3,DROP,1447,p3,?,
1769500691.248162,RECEIVED,0ef305c3-49f3-46eb-8d93-f9262fa2da9b,5429c97a-714b-41b8-b760-fd126a8b0903,c5,DROP,1442,p2,?,
1769500691.283989,RECEIVED,3c18dc0d-301f-4c9c-aa0a-4ebd680c878b,854c4d00-ccf8-4e3b-ab5c-65a1baf0fb40,c3,DROP,1440,p3,?,
1769500691.3170655,SENT,0ef305c3-49f3-46eb-8d93-f9262fa2da9b,5429c97a-714b-41b8-b760-fd126a8b0903,c5,DROP,1007,?,i1,
1769500691.3171077,FORWARDED,0ef305c3-49f3-46eb-8d93-f9262fa2da9b,5429c97a-714b-41b8-b760-fd126a8b0903,c5,DROP,1007,?,i1,
1769500691.3506086,SENT,3c18dc0d-301f-4c9c-aa0a-4ebd680c878b,854c4d00-ccf8-4e3b-ab5c-65a1baf0fb40,c3,DROP,1008,?,i6,
1769500691.3506484,FORWARDED,3c18dc0d-301f-4c9c-aa0a-4ebd680c878b,854c4d00-ccf8-4e3b-ab5c-65a1baf0fb40,c3,DROP,1008,?,i6,
1769500691.454412,RECEIVED,b8ea6e18-f4c0-41c0-a988-5071a7e106a0,663d1636-9de3-4163-8c2c-635273e0a66d,c5,None,2233,p2,?,
1769500691.553869,SENT,b8ea6e18-f4c0-41c0-a988-5071a7e106a0,663d1636-9de3-4163-8c2c-635273e0a66d,c5,None,1600,?,i9,
1769500691.5539124,FORWARDED,b8ea6e18-f4c0-41c0-a988-5071a7e106a0,663d1636-9de3-4163-8c2c-635273e0a66d,c5,None,1600,?,i9,
1769500691.6544795,SENT,a0de84c4-bddc-456c-9a21-b154efbc368a,5d2b612b-7815-4661-af57-1e1206eeda8d,c3,DROP,1012,?,i3,
1769500691.6545193,FORWARDED,a0de84c4-bddc-456c-9a21-b154efbc368a,5d2b612b-7815-4661-af57-1e1206eeda8d,c3,DROP,1012,?,i3,
1769500691.655184,RECEIVED,405f6b52-6dd8-4072-9cfc-4e8431035862,a23b5314-10d5-4d08-9e7e-db6286351563,c2,DROP,1439,p2,?,
1769500691.7039716,RECEIVED,752fe9e8-6341-4a31-b0b6-80dda23bee9e,0d889003-d772-4bdc-b552-1c4aa2075552,c3,None,2241,p3,?,
1769500691.7483642,RECEIVED,d85b950d-6f97-4f7a-942d-f297024deba8,d42e7ef1-de28-486b-b9c3-b1f29357bf70,c1,DROP,440,x1,?,
1769500691.7536461,RECEIVED,46018d6f-3f1e-400c-b227-67871bbb3425,39e07dc5-758b-4760-afa1-a36b823cef98,c3,DROP,1444,p3,?,
1769500691.762179,SENT,752fe9e8-6341-4a31-b0b6-80dda23bee9e,0d889003-d772-4bdc-b552-1c4aa2075552,c3,None,1607,?,i11,
1769500691.7622132,FORWARDED,752fe9e8-6341-4a31-b0b6-80dda23bee9e,0d889003-d772-4bdc-b552-1c4aa2075552,c3,None,1607,?,i11,
1769500691.8317673,RECEIVED,61b315b5-fc03-4c9c-88af-ca9d36a82025,ce4327d9-6482-4327-8313-98d9b0aa2641,c5,DROP,1452,p2,?,
1769500691.896868,SENT,46018d6f-3f1e-400c-b227-67871bbb3425,39e07dc5-758b-4760-afa1-a36b823cef98,c3,DROP,1011,?,i9,
1769500691.89692,FORWARDED,46018d6f-3f1e-400c-b227-67871bbb3425,39e07dc5-758b-4760-afa1-a36b823cef98,c3,DROP,1011,?,i9,
1769500691.9465756,SENT,61b315b5-fc03-4c9c-88af-ca9d36a82025,ce4327d9-6482-4327-8313-98d9b0aa2641,c5,DROP,1016,?,i4,
1769500691.946617,FORWARDED,61b315b5-fc03-4c9c-88af-ca9d36a82025,ce4327d9-6482-4327-8313-98d9b0aa2641,c5,DROP,1016,?,i4,
1769500692.0257304,RECEIVED,72c635f3-3ea0-470f-939e-3ca14240e123,4b1f1018-b1dc-4573-98cb-e932945f10de,c5,c2,2447,p2,?,
1769500692.0746434,RECEIVED,2dcd7cb9-e8af-444b-b43b-70e5f9feb0c8,153f22f2-6d4e-4329-9bbf-30283e1b8d9e,c5,DROP,1452,p2,?,
1769500692.113642,SENT,2dcd7cb9-e8af-444b-b43b-70e5f9feb0c8,153f22f2-6d4e-4329-9bbf-30283e1b8d9e,c5,DROP,1015,?,i2,
1769500692.113679,FORWARDED,2dcd7cb9-e8af-444b-b43b-70e5f9feb0c8,153f22f2-6d4e-4329-9bbf-30283e1b8d9e,c5,DROP,1015,?,i2,
1769500692.166872,RECEIVED,b9c71151-4a60-4062-b4ee-7d684cdf9969,7f05d705-74f3-4e3a-a3ab-e18afd0ab58b,c1,DROP,1453,p1,?,
1769500692.2169647,SENT,b9c71151-4a60-4062-b4ee-7d684cdf9969,7f05d705-74f3-4e3a-a3ab-e18afd0ab58b,c1,DROP,1016,?,i3,
1769500692.2170072,FORWARDED,b9c71151-4a60-4062-b4ee-7d684cdf9969,7f05d705-74f3-4e3a-a3ab-e18afd0ab58b,c1,DROP,1016,?,i3,
1769500692.327462,RECEIVED,af2642f8-c998-435f-9503-5641b16d3e34,4b1eb729-bd16-4578-adec-fff97d10afd1,c1,None,2247,p1,?,
1769500692.3418858,SENT,72c635f3-3ea0-470f-939e-3ca14240e123,4b1f1018-b1dc-4573-98cb-e932945f10de,c5,c2,1762,?,i5,
1769500692.3419275,FORWARDED,72c635f3-3ea0-470f-939e-3ca14240e123,4b1f1018-b1dc-4573-98cb-e932945f10de,c5,c2,1762,?,i5,
1769500692.5209763,RECEIVED,aac11cf6-2a86-4338-b414-cf3891b096e8,a713a82d-8000-4e3b-b061-7cf7282ac7e7,c3,None,2238,p3,?,
1769500692.548559,SENT,405f6b52-6dd8-4072-9cfc-4e8431035862,a23b5314-10d5-4d08-9e7e-db6286351563,c2,DROP,1008,?,i3,
1769500692.5485957,FORWARDED,405f6b52-6dd8-4072-9cfc-4e8431035862,a23b5314-10d5-4d08-9e7e-db6286351563,c2,DROP,1008,?,i3,
1769500692.564313,SENT,aac11cf6-2a86-4338-b414-cf3891b096e8,a713a82d-8000-4e3b-b061-7cf7282ac7e7,c3,None,1603,?,i11,
1769500692.5643585,FORWARDED,aac11cf6-2a86-4338-b414-cf3891b096e8,a713a82d-8000-4e3b-b061-7cf7282ac7e7,c3,None,1603,?,i11,
1769500692.5656753,RECEIVED,ba7c3aa7-9bc0-456e-a034-695fc3ba0738,0f91ecbf-f3b4-4c2c-bd2f-045077440c08,c4,DROP,1439,p1,?,
1769500692.58835,RECEIVED,7652f51a-8966-4852-bbcf-70af33f4b1b5,6013a35f-53e2-4586-ab62-4ad444a08092,c2,DROP,1448,p2,?,
1769500692.6677558,SENT,7652f51a-8966-4852-bbcf-70af33f4b1b5,6013a35f-53e2-4586-ab62-4ad444a08092,c2,DROP,1012,?,i8,
1769500692.6678212,FORWARDED,7652f51a-8966-4852-bbcf-70af33f4b1b5,6013a35f-53e2-4586-ab62-4ad444a08092,c2,DROP,1012,?,i8,
1769500692.7065806,RECEIVED,a60fdef4-73ea-45b4-a20a-2009a5fca2c6,952f338a-f541-428e-a8cd-af438d93302d,c2,DROP,442,x2,?,
1769500692.9865065,RECEIVED,af6d1701-c9f6-4feb-bc87-871b2712c942,af948ef1-170e-4883-aeed-2bf8033be57e,c2,DROP,1444,p2,?,
1769500693.050577,SENT,4c62073f-de5b-4407-a441-9bef57f74437,4c5b09a9-d24b-4c1d-8234-72965fee3f76,c3,c4,1775,?,i8,
1769500693.0506177,FORWARDED,4c62073f-de5b-4407-a441-9bef57f74437,4c5b09a9-d24b-4c1d-8234-72965fee3f76,c3,c4,1775,?,i8,
1769500693.0809836,SENT,ba7c3aa7-9bc0-456e-a034-695fc3ba0738,0f91ecbf-f3b4-4c2c-bd2f-045077440c08,c4,DROP,1006,?,i6,
1769500693.0810266,FORWARDED,ba7c3aa7-9bc0-456e-a034-695fc3ba0738,0f91ecbf-f3b4-4c2c-bd2f-045077440c08,c4,DROP,1006,?,i6,
1769500693.0872574,SENT,4ea27107-36c8-4a55-ac41-c45f9f9aadef,e932c582-ec90-4e41-9afe-264049224b1c,c1,DROP,1016,?,i12,
1769500693.0873034,FORWARDED,4ea27107-36c8-4a55-ac41-c45f9f9aadef,e932c582-ec90-4e41-9afe-264049224b1c,c1,DROP,1016,?,i12,
1769500693.146805,RECEIVED,a6ec8e90-a0b0-4ea3-b838-254cfe9e35d2,f7804f6f-e038-4587-86b3-65b8135ac070,c2,DROP,442,x3,?,
1769500693.1861277,SENT,af6d1701-c9f6-4feb-bc87-871b2712c942,af948ef1-170e-4883-aeed-2bf8033be57e,c2,DROP,1011,?,i1,
1769500693.1861684,FORWARDED,af6d1701-c9f6-4feb-bc87-871b2712c942,af948ef1-170e-4883-aeed-2bf8033be57e,c2,DROP,1011,?,i1,
1769500693.2543273,RECEIVED,a3af5b6b-b4b7-4c16-84e0-f7d4ca3ef9b1,3bc635eb-e9e6-4631-840d-76aa84a7398b,c5,DROP,1448,p2,?,
1769500693.3232217,RECEIVED,444d24ed-deac-4157-bf50-9a31a98c3590,ab40ba87-9c38-4b48-b64a-6d09bdb3ea52,c1,DROP,1447,p1,?,
1769500693.3261952,SENT,a3af5b6b-b4b7-4c16-84e0-f7d4ca3ef9b1,3bc635eb-e9e6-4631-840d-76aa84a7398b,c5,DROP,1013,?,i7,
1769500693.3262343,FORWARDED,a3af5b6b-b4b7-4c16-84e0-f7d4ca3ef9b1,3bc635eb-e9e6-4631-840d-76aa84a7398b,c5,DROP,1013,?,i7,
1769500693.3696446,RECEIVED,d25ca7c3-b563-4b8c-a9cb-9fe7b7d421ea,3ecdb4de-5860-4f1a-9330-5f2fa3f0fd5e,c4,DROP,437,x2,?,
1769500693.4963613,SENT,af2642f8-c998-435f-9503-5641b16d3e34,4b1eb729-bd16-4578-adec-fff97d10afd1,c1,None,1612,?,i11,
1769500693.4964073,FORWARDED,af2642f8-c998-435f-9503-5641b16d3e34,4b1eb729-bd16-4578-adec-fff97d10afd1,c1,None,1612,?,i11,
1769500693.506675,RECEIVED,f382faf2-0a99-440b-b60b-af05e64032e3,e75e47eb-9d88-46e8-beb1-87944be836c4,c3,DROP,1444,p3,?,
1769500693.5100758,RECEIVED,8384fa38-a60a-46e8-96c1-0efac57560e4,a60640a7-1962-4fa1-83d0-b402069f9417,c2,DROP,442,x8,?,
1769500693.673273,SENT,f382faf2-0a99-440b-b60b-af05e64032e3,e75e47eb-9d88-46e8-beb1-87944be836c4,c3,DROP,1009,?,i9,
1769500693.673336,FORWARDED,f382faf2-0a99-440b-b60b-af05e64032e3,e75e47eb-9d88-46e8-beb1-87944be836c4,c3,DROP,1009,?,i9,
1769500693.9567266,RECEIVED,35fddaff-bded-43c3-8f60-3ffd021fa8e5,a483391e-2f61-4d11-858d-dcac67a93d87,c2,DROP,442,x9,?,
1769500693.9634128,RECEIVED,11976687-7f8d-458f-9dce-a015777926a4,12ee3d1b-edf2-4d06-bb90-befd0104d2fd,c5,DROP,1450,p2,?,
1769500694.0384176,RECEIVED,b86f6ff5-b459-42b0-9580-b49faa91ef19,71bb64ce-916f-443d-a51f-bf554c4d9a0a,c5,DROP,1439,p2,?,
1769500694.049864,RECEIVED,c86ca59a-841d-41c6-afb7-cca5c5c0dc60,5801f4eb-4280-493f-a8bd-182b34819f6c,c3,DROP,1444,p3,?,
1769500694.1139622,RECEIVED,ed7c5c5d-ba55-4551-8b88-f4b0f1759ea0,02e33b30-51db-47a4-9cf6-58c4d1f044ea,c1,DROP,1448,p1,?,
1769500694.1818898,RECEIVED,5e47e89e-8ec5-42cd-8e34-fcb1a176d3ec,ac924bc7-64a7-40da-8d56-d4795ef5106e,c2,DROP,1439,p2,?,
1769500694.2081926,SENT,c86ca59a-841d-41c6-afb7-cca5c5c0dc60,5801f4eb-4280-493f-a8bd-182b34819f6c,c3,DROP,1011,?,i6,
1769500694.2082314,FORWARDED,c86ca59a-841d-41c6-afb7-cca5c5c0dc60,5801f4eb-4280-493f-a8bd-182b34819f6c,c3,DROP,1011,?,i6,
1769500694.255607,SENT,444d24ed-deac-4157-bf50-9a31a98c3590,ab40ba87-9c38-4b48-b64a-6d09bdb3ea52,c1,DROP,1012,?,i6,
1769500694.2556462,FORWARDED,444d24ed-deac-4157-bf50-9a31a98c3590,ab40ba87-9c38-4b48-b64a-6d09bdb3ea52,c1,DROP,1012,?,i6,
1769500694.338016,RECEIVED,5dde79ec-15b4-46f0-b830-e1cc6e23b989,f9692eca-4021-45e8-b936-596c8a45717a,c4,DROP,443,x10,?,
1769500694.4009986,SENT,ed7c5c5d-ba55-4551-8b88-f4b0f1759ea0,02e33b30-51db-47a4-9cf6-58c4d1f044ea,c1,DROP,1014,?,i9,
1769500694.4010403,FORWARDED,ed7c5c5d-ba55-4551-8b88-f4b0f1759ea0,02e33b30-51db-47a4-9cf6-58c4d1f044ea,c1,DROP,1014,?,i9,
1769500694.4366217,RECEIVED,178ddde8-8d5e-4687-bd20-542fe7d3b0df,7ac8bb78-d340-4c06-adb8-9b3dcaabc334,c3,DROP,1440,p3,?,
1769500694.506821,SENT,b86f6ff5-b459-42b0-9580-b49faa91ef19,71bb64ce-916f-443d-a51f-bf554c4d9a0a,c5,DROP,1007,?,i9,
1769500694.5068629,FORWARDED,b86f6ff5-b459-42b0-9580-b49faa91ef19,71bb64ce-916f-443d-a51f-bf554c4d9a0a,c5,DROP,1007,?,i9,
1769500694.5549526,SENT,11976687-7f8d-458f-9dce-a015777926a4,12ee3d1b-edf2-4d06-bb90-befd0104d2fd,c5,DROP,1015,?,i7,
1769500694.5549939,FORWARDED,11976687-7f8d-458f-9dce-a015777926a4,12ee3d1b-edf2-4d06-bb90-befd0104d2fd,c5,DROP,1015,?,i7,
1769500694.7155266,RECEIVED,af50bf9e-97eb-40dc-84da-fc8088ec35d6,ca26326a-a82f-42a8-8a4f-e8f1953c12f9,c3,DROP,440,x5,?,
1769500694.8291917,SENT,178ddde8-8d5e-4687-bd20-542fe7d3b0df,7ac8bb78-d340-4c06-adb8-9b3dcaabc334,c3,DROP,1007,?,i6,
1769500694.829228,FORWARDED,178ddde8-8d5e-4687-bd20-542fe7d3b0df,7ac8bb78-d340-4c06-adb8-9b3dcaabc334,c3,DROP,1007,?,i6,
1769500694.8645387,RECEIVED,55c8841e-d675-4d31-88f4-074aa5cc9638,e95366b8-beb6-4c5f-b869-043f07c3361b,c5,DROP,1441,p2,?,
1769500694.9174597,RECEIVED,6dc6bcbd-0e24-428b-a355-17b5547b70da,54a7e573-5aff-49d5-8f6f-4e9640d3967a,c5,DROP,442,x4,?,
1769500694.9677267,SENT,5e47e89e-8ec5-42cd-8e34-fcb1a176d3ec,ac924bc7-64a7-40da-8d56-d4795ef5106e,c2,DROP,1008,?,i3,
1769500694.967766,FORWARDED,5e47e89e-8ec5-42cd-8e34-fcb1a176d3ec,ac924bc7-64a7-40da-8d56-d4795ef5106e,c2,DROP,1008,?,i3,
1769500694.9829998,RECEIVED,d7298769-55e6-4d70-9f06-892be30115c1,ef83bb94-6dc0-4660-9354-8d5e4496b205,c2,DROP,442,x7,?,
1769500695.066032,RECEIVED,d2fe3eec-bac1-42a3-b484-93a8e35896e6,ac661928-6bc6-4d7a-a5dd-68581a426490,c3,DROP,1443,p3,?,
1769500695.0922158,RECEIVED,4c680ff9-0bab-409c-a373-d67bd5f16b1c,184f9489-6f7c-4962-9167-4a7a10eed54e,c4,DROP,1444,p1,?,
1769500695.141914,SENT,4c680ff9-0bab-409c-a373-d67bd5f16b1c,184f9489-6f7c-4962-9167-4a7a10eed54e,c4,DROP,1011,?,i5,
1769500695.141957,FORWARDED,4c680ff9-0bab-409c-a373-d67bd5f16b1c,184f9489-6f7c-4962-9167-4a7a10eed54e,c4,DROP,1011,?,i5,
1769500695.3492584,SENT,55c8841e-d675-4d31-88f4-074aa5cc9638,e95366b8-beb6-4c5f-b869-043f07c3361b,c5,DROP,1008,?,i12,
1769500695.3493004,FORWARDED,55c8841e-d675-4d31-88f4-074aa5cc9638,e95366b8-beb6-4c5f-b869-043f07c3361b,c5,DROP,1008,?,i12,
1769500695.3892744,RECEIVED,c16cf7ca-26f0-45f6-b85c-284b24eafa38,b539af22-6e46-46e2-9d37-6c610dc99191,c1,DROP,1445,p1,?,
1769500695.458508,RECEIVED,de084a8c-7bf2-4ee3-b249-92fdb8b0e0a9,109727a0-6183-4109-bfb9-fe976bcf9151,c3,c4,2455,p3,?,
1769500695.4600627,SENT,c16cf7ca-26f0-45f6-b85c-284b24eafa38,b539af22-6e46-46e2-9d37-6c610dc99191,c1,DROP,1010,?,i11,
1769500695.4601102,FORWARDED,c16cf7ca-26f0-45f6-b85c-284b24eafa38,b539af22-6e46-46e2-9d37-6c610dc99191,c1,DROP,1010,?,i11,
1769500695.4979923,SENT,de084a8c-7bf2-4ee3-b249-92fdb8b0e0a9,109727a0-6183-4109-bfb9-fe976bcf9151,c3,c4,1768,?,i8,
1769500695.4980326,FORWARDED,de084a8c-7bf2-4ee3-b249-92fdb8b0e0a9,109727a0-6183-4109-bfb9-fe976bcf9151,c3,c4,1768,?,i8,
1769500695.505676,SENT,d2fe3eec-bac1-42a3-b484-93a8e35896e6,ac661928-6bc6-4d7a-a5dd-68581a426490,c3,DROP,1011,?,i9,
1769500695.5058904,FORWARDED,d2fe3eec-bac1-42a3-b484-93a8e35896e6,ac661928-6bc6-4d7a-a5dd-68581a426490,c3,DROP,1011,?,i9,
1769500695.577412,RECEIVED,0d2f266a-5023-4f3a-9324-25f056de7a3f,d2370799-c7bb-4b94-88d2-7a6b4f9c161f,c1,c5,2463,p1,?,
1769500695.5945787,RECEIVED,b9d14774-679c-4236-a741-b8171f37bf49,edf2f346-db13-4724-8db9-f9e84d0f607b,c4,DROP,1448,p1,?,
1769500695.6064036,RECEIVED,3b7a3e15-9daf-444c-99a6-274ae520d5bd,0b8fdb08-dabe-42cb-bf08-735fe9e60084,c1,DROP,442,x1,?,
1769500695.8780305,RECEIVED,fcd78127-c5e6-49ec-b37d-ccf988645d82,942e645e-d605-4454-b9b4-950b2cc87602,c2,c1,2459,p2,?,
1769500695.8825097,SENT,b9d14774-679c-4236-a741-b8171f37bf49,edf2f346-db13-4724-8db9-f9e84d0f607b,c4,DROP,1012,?,i4,
1769500695.8825538,FORWARDED,b9d14774-679c-4236-a741-b8171f37bf49,edf2f346-db13-4724-8db9-f9e84d0f607b,c4,DROP,1012,?,i4,
1769500696.1343257,RECEIVED,a72853e4-8c16-476d-a316-2f40f7d9b61c,2e0b2de9-ae0c-4ab6-be81-169376d346c0,c1,c5,2476,p1,?,
1769500696.1381378,RECEIVED,675e6a21-c87f-4fbd-936d-c0118be8a0a8,a3d8ff43-d476-43d6-9b22-ae50edb1fae6,c5,None,2234,p2,?,
1769500696.7360172,RECEIVED,5b695e11-c643-4d91-bdcb-92d5f6bbafd6,712a46e2-7f97-44a2-976d-6092b29d881b,c3,DROP,441,x9,?,
1769500696.8124764,RECEIVED,4473a5cf-c4a6-4e6d-90d7-6a8a76b2b5d6,0d95fe33-bcf6-485e-b9bd-13617b82ef50,c3,DROP,1453,p3,?,
1769500696.85264,RECEIVED,e9fef947-dde8-4949-b393-14fc77a45df5,04ea9392-214e-4ad5-bca8-b14cbfc2752e,c5,DROP,1440,p2,?,
1769500696.8736756,RECEIVED,d0ca03ee-5eaa-47b8-ab99-bae281799f70,c6ffc281-b765-4bdd-93dc-4ab58f2cea54,c1,DROP,441,x8,?,
1769500696.9708126,SENT,fcd78127-c5e6-49ec-b37d-ccf988645d82,942e645e-d605-4454-b9b4-950b2cc87602,c2,c1,1773,?,i2,
1769500696.9708526,FORWARDED,fcd78127-c5e6-49ec-b37d-ccf988645d82,942e645e-d605-4454-b9b4-950b2cc87602,c2,c1,1773,?,i2,
1769500697.1138587,SENT,a72853e4-8c16-476d-a316-2f40f7d9b61c,2e0b2de9-ae0c-4ab6-be81-169376d346c0,c1,c5,1784,?,i12,
1769500697.1139014,FORWARDED,a72853e4-8c16-476d-a316-2f40f7d9b61c,2e0b2de9-ae0c-4ab6-be81-169376d346c0,c1,c5,1784,?,i12,
1769500697.238717,SENT,4473a5cf-c4a6-4e6d-90d7-6a8a76b2b5d6,0d95fe33-bcf6-485e-b9bd-13617b82ef50,c3,DROP,1017,?,i11,
1769500697.23876,FORWARDED,4473a5cf-c4a6-4e6d-90d7-6a8a76b2b5d6,0d95fe33-bcf6-485e-b9bd-13617b82ef50,c3,DROP,1017,?,i11,
1769500697.2725737,SENT,e9fef947-dde8-4949-b393-14fc77a45df5,04ea9392-214e-4ad5-bca8-b14cbfc2752e,c5,DROP,1007,?,i3,
1769500697.272615,FORWARDED,e9fef947-dde8-4949-b393-14fc77a45df5,04ea9392-214e-4ad5-bca8-b14cbfc2752e,c5,DROP,1007,?,i3,
1769500697.393799,RECEIVED,8f114304-1432-46b4-a240-44ba8ee35213,0c758ca1-47e7-41ef-a553-a48a92ac919d,c2,DROP,1449,p2,?,
1769500697.4706645,SENT,675e6a21-c87f-4fbd-936d-c0118be8a0a8,a3d8ff43-d476-43d6-9b22-ae50edb1fae6,c5,None,1604,?,i4,
1769500697.47071,FORWARDED,675e6a21-c87f-4fbd-936d-c0118be8a0a8,a3d8ff43-d476-43d6-9b22-ae50edb1fae6,c5,None,1604,?,i4,
1769500697.480187,RECEIVED,9cd5e02a-96a7-4da5-a607-7b87166f6549,4d6da16f-00a8-4c57-8533-99c0c26da365,c4,DROP,1451,p1,?,
1769500697.595346,RECEIVED,3edf10c7-ab29-4b27-bfce-a57a45c5fd6f,bdec47de-374d-471a-8e47-965cd0864315,c3,DROP,1451,p3,?,
1769500697.5996017,SENT,8f114304-1432-46b4-a240-44ba8ee35213,0c758ca1-47e7-41ef-a553-a48a92ac919d,c2,DROP,1013,?,i10,
1769500697.5996432,FORWARDED,8f114304-1432-46b4-a240-44ba8ee35213,0c758ca1-47e7-41ef-a553-a48a92ac919d,c2,DROP,1013,?,i10,
1769500697.6252098,SENT,0d2f266a-5023-4f3a-9324-25f056de7a3f,d2370799-c7bb-4b94-88d2-7a6b4f9c161f,c1,c5,1776,?,i12,
1769500697.625249,FORWARDED,0d2f266a-5023-4f3a-9324-25f056de7a3f,d2370799-c7bb-4b94-88d2-7a6b4f9c161f,c1,c5,1776,?,i12,
1769500697.7109134,RECEIVED,159ffc83-672b-4f95-9618-8a5a695b0134,0b68f7d2-0e9f-4cbb-810e-ce6d4c350e64,c2,c1,2471,p2,?,
1769500697.7264357,RECEIVED,491797f6-2825-4b77-8323-5ba985a23ab0,fb256a20-22f1-4fc2-b9ee-4e42b9815621,c3,DROP,1444,p3,?,
1769500697.7340887,RECEIVED,4f741193-1550-46f9-9d48-3641e279cc6e,98d8725a-555e-4f6a-8d61-bde171f8d8c2,c3,DROP,1463,p3,?,
1769500697.8153877,RECEIVED,99032e92-499d-40ec-83bd-5dcb78f0816c,2738ef31-16f6-4c01-a2c9-926fe9451f8b,c4,None,2235,p1,?,
1769500697.8284423,SENT,491797f6-2825-4b77-8323-5ba985a23ab0,fb256a20-22f1-4fc2-b9ee-4e42b9815621,c3,DROP,1011,?,i8,
1769500697.8284843,FORWARDED,491797f6-2825-4b77-8323-5ba985a23ab0,fb256a20-22f1-4fc2-b9ee-4e42b9815621,c3,DROP,1011,?,i8,
1769500697.8892372,RECEIVED,3cd9ebd6-92ad-4e87-96df-af6d35ec51a5,8b1313b0-b98c-49ba-b6ac-eeaaf79d9832,c2,None,2224,p2,?,
1769500698.1649284,SENT,159ffc83-672b-4f95-9618-8a5a695b0134,0b68f7d2-0e9f-4cbb-810e-ce6d4c350e64,c2,c1,1781,?,i7,
1769500698.1649706,FORWARDED,159ffc83-672b-4f95-9618-8a5a695b0134,0b68f7d2-0e9f-4cbb-810e-ce6d4c350e64,c2,c1,1781,?,i7,
1769500698.2968285,SENT,3edf10c7-ab29-4b27-bfce-a57a45c5fd6f,bdec47de-374d-471a-8e47-965cd0864315,c3,DROP,1015,?,i7,
1769500698.2968695,FORWARDED,3edf10c7-ab29-4b27-bfce-a57a45c5fd6f,bdec47de-374d-471a-8e47-965cd0864315,c3,DROP,1015,?,i7,
1769500698.3344746,SENT,3cd9ebd6-92ad-4e87-96df-af6d35ec51a5,8b1313b0-b98c-49ba-b6ac-eeaaf79d9832,c2,None,1595,?,i11,
1769500698.334518,FORWARDED,3cd9ebd6-92ad-4e87-96df-af6d35ec51a5,8b1313b0-b98c-49ba-b6ac-eeaaf79d9832,c2,None,1595,?,i11,
1769500698.3491182,SENT,9cd5e02a-96a7-4da5-a607-7b87166f6549,4d6da16f-00a8-4c57-8533-99c0c26da365,c4,DROP,1016,?,i4,
1769500698.3491702,FORWARDED,9cd5e02a-96a7-4da5-a607-7b87166f6549,4d6da16f-00a8-4c57-8533-99c0c26da365,c4,DROP,1016,?,i4,
1769500698.5170722,SENT,4f741193-1550-46f9-9d48-3641e279cc6e,98d8725a-555e-4f6a-8d61-bde171f8d8c2,c3,DROP,1025,?,i7,
1769500698.517115,FORWARDED,4f741193-1550-46f9-9d48-3641e279cc6e,98d8725a-555e-4f6a-8d61-bde171f8d8c2,c3,DROP,1025,?,i7,
1769500698.5880644,SENT,99032e92-499d-40ec-83bd-5dcb78f0816c,2738ef31-16f6-4c01-a2c9-926fe9451f8b,c4,None,1603,?,i3,
1769500698.5881054,FORWARDED,99032e92-499d-40ec-83bd-5dcb78f0816c,2738ef31-16f6-4c01-a2c9-926fe9451f8b,c4,None,1603,?,i3,
1769500698.6248016,RECEIVED,f40cf844-37e0-4169-937a-c8a96c96d316,cfc65f08-a115-4c55-afa6-c1bfcd814e27,c1,DROP,1440,p1,?,
1769500698.8993208,RECEIVED,1147065b-8b73-4a2b-93b0-266c6d2d7877,a177babf-7e45-4bd5-ba29-ccc1cb7eb0a2,c1,None,2232,p1,?,
1769500698.9745317,SENT,1147065b-8b73-4a2b-93b0-266c6d2d7877,a177babf-7e45-4bd5-ba29-ccc1cb7eb0a2,c1,None,1601,?,i7,
1769500698.974575,FORWARDED,1147065b-8b73-4a2b-93b0-266c6d2d7877,a177babf-7e45-4bd5-ba29-ccc1cb7eb0a2,c1,None,1601,?,i7,
1769500699.1526039,SENT,f40cf844-37e0-4169-937a-c8a96c96d316,cfc65f08-a115-4c55-afa6-c1bfcd814e27,c1,DROP,1008,?,i12,
1769500699.152646,FORWARDED,f40cf844-37e0-4169-937a-c8a96c96d316,cfc65f08-a115-4c55-afa6-c1bfcd814e27,c1,DROP,1008,?,i12,
1769500699.379243,RECEIVED,fc0f5a07-26fd-4feb-8bce-76ddd2effa0d,ef98170a-8b82-417a-a2bf-1aa1fb17f4fc,c4,DROP,442,x2,?,
1769500699.5706556,RECEIVED,eb7481dc-e4ab-4e85-9bc2-5eae71e130e6,5dece2e6-5311-4351-83f0-e241269b5b1a,c5,DROP,1443,p2,?,
1769500699.6427557,RECEIVED,5e0280cd-a970-430d-8e39-cd9e6e59c193,b200f6c8-5483-4199-ab73-3c81f43f0b65,c1,c5,2464,p1,?,
1769500699.8125741,SENT,5e0280cd-a970-430d-8e39-cd9e6e59c193,b200f6c8-5483-4199-ab73-3c81f43f0b65,c1,c5,1775,?,i8,
1769500699.8126252,FORWARDED,5e0280cd-a970-430d-8e39-cd9e6e59c193,b200f6c8-5483-4199-ab73-3c81f43f0b65,c1,c5,1775,?,i8,
1769500699.927324,RECEIVED,f53d1129-d08c-4151-98af-cbb71e97bd3e,ab86faa6-bd5e-46e9-bfa3-571560dbf508,c3,DROP,1447,p3,?,
1769500700.1511254,RECEIVED,2663da0f-0ebf-4cd6-800b-b3f7dc668b51,116b54e2-f0a7-4c9e-b2a8-fd6b0d528d6b,c3,DROP,1439,p3,?,
1769500700.308063,RECEIVED,b0c55348-e3a0-4d70-aa1f-a2318963b3c6,3fd4b1d4-4f02-4182-99e0-f883534e8261,c5,None,2225,p2,?,
1769500700.341991,RECEIVED,887d504f-6581-4252-ae4b-640623cf2c2a,fc83f3cc-9bdb-4d10-9a83-69c1337d4239,c3,DROP,1451,p3,?,
1769500700.3507752,SENT,b0c55348-e3a0-4d70-aa1f-a2318963b3c6,3fd4b1d4-4f02-4182-99e0-f883534e8261,c5,None,1595,?,i10,
1769500700.3508155,FORWARDED,b0c55348-e3a0-4d70-aa1f-a2318963b3c6,3fd4b1d4-4f02-4182-99e0-f883534e8261,c5,None,1595,?,i10,
1769500700.356474,SENT,2663da0f-0ebf-4cd6-800b-b3f7dc668b51,116b54e2-f0a7-4c9e-b2a8-fd6b0d528d6b,c3,DROP,1008,?,i5,
1769500700.3565137,FORWARDED,2663da0f-0ebf-4cd6-800b-b3f7dc668b51,116b54e2-f0a7-4c9e-b2a8-fd6b0d528d6b,c3,DROP,1008,?,i5,
1769500700.3928947,SENT,eb7481dc-e4ab-4e85-9bc2-5eae71e130e6,5dece2e6-5311-4351-83f0-e241269b5b1a,c5,DROP,1010,?,i1,
1769500700.3929365,FORWARDED,eb7481dc-e4ab-4e85-9bc2-5eae71e130e6,5dece2e6-5311-4351-83f0-e241269b5b1a,c5,DROP,1010,?,i1,
1769500700.5046272,RECEIVED,657a4dc7-7923-4295-911d-bb93f18289ab,e2454f60-1d5f-4173-97a3-fa0d8d84c399,c4,DROP,1448,p1,?,
1769500700.533772,SENT,f53d1129-d08c-4151-98af-cbb71e97bd3e,ab86faa6-bd5e-46e9-bfa3-571560dbf508,c3,DROP,1012,?,i5,
1769500700.5338154,FORWARDED,f53d1129-d08c-4151-98af-cbb71e97bd3e,ab86faa6-bd5e-46e9-bfa3-571560dbf508,c3,DROP,1012,?,i5,
1769500700.602033,RECEIVED,bf1b6687-1526-4f05-9a75-d461ddc2bccb,059e19d6-c101-47f7-9563-221dba04b6a7,c5,DROP,442,x12,?,
1769500700.6431534,RECEIVED,64d45265-eb01-4455-bfa6-fd0f9b092561,b5c0da3f-3591-43cf-8b09-f6a7d7556867,c2,DROP,1441,p2,?,
1769500700.6892505,RECEIVED,8efb23ae-1c8d-47cf-9c17-f5ae1e19999f,5220d15f-7a27-4642-86fb-6d24d7b2fc1d,c1,DROP,441,x4,?,
1769500700.7465718,RECEIVED,3fbdb74c-bd3b-4a79-a47e-3280561c440b,233db13b-e535-4e8b-b862-afe58934b410,c5,None,2239,p2,?,
1769500700.7666528,RECEIVED,24431ed7-3dc6-42e2-9d4a-02482b51bed9,8998d7b8-1867-4863-8815-8cdb16642f71,c2,DROP,441,x4,?,
1769500700.8396115,SENT,887d504f-6581-4252-ae4b-640623cf2c2a,fc83f3cc-9bdb-4d10-9a83-69c1337d4239,c3,DROP,1016,?,i6,
1769500700.83966,FORWARDED,887d504f-6581-4252-ae4b-640623cf2c2a,fc83f3cc-9bdb-4d10-9a83-69c1337d4239,c3,DROP,1016,?,i6,
1769500700.9668632,SENT,64d45265-eb01-4455-bfa6-fd0f9b092561,b5c0da3f-3591-43cf-8b09-f6a7d7556867,c2,DROP,1007,?,i11,
1769500700.9669082,FORWARDED,64d45265-eb01-4455-bfa6-fd0f9b092561,b5c0da3f-3591-43cf-8b09-f6a7d7556867,c2,DROP,1007,?,i11,
1769500701.1154048,RECEIVED,f0d11047-2abb-4fc1-9026-0c8dcd457c7f,33af9ffe-d747-42ba-a915-5c94f34b6f5e,c4,DROP,440,x6,?,
1769500701.1474733,RECEIVED,65255ba3-d38a-488b-8e36-d8c1c621677f,68b8f63e-2a5a-477c-9457-6234e8b01e58,c2,DROP,1435,p2,?,
1769500701.219284,SENT,3fbdb74c-bd3b-4a79-a47e-3280561c440b,233db13b-e535-4e8b-b862-afe58934b410,c5,None,1608,?,i2,
1769500701.219329,FORWARDED,3fbdb74c-bd3b-4a79-a47e-3280561c440b,233db13b-e535-4e8b-b862-afe58934b410,c5,None,1608,?,i2,
1769500701.2568383,RECEIVED,2db6a97f-e4e2-4599-b3fb-efcd7a87790e,f124a23d-0850-41a8-9f25-6d44187b058a,c3,DROP,1445,p3,?,
1769500701.267186,SENT,65255ba3-d38a-488b-8e36-d8c1c621677f,68b8f63e-2a5a-477c-9457-6234e8b01e58,c2,DROP,1003,?,i7,
1769500701.2672276,FORWARDED,65255ba3-d38a-488b-8e36-d8c1c621677f,68b8f63e-2a5a-477c-9457-6234e8b01e58,c2,DROP,1003,?,i7,
1769500701.3832507,RECEIVED,8014b6fa-9b64-479e-8551-6b26af2eb8bb,17410464-b716-4287-8783-9f26e9e5213e,c2,DROP,1448,p2,?,
1769500701.4252431,RECEIVED,7b5f3aad-147b-4862-8b45-a84ddf76c8ed,247846af-9c75-4030-9a4c-c8ce2bef772f,c2,DROP,1435,p2,?,
1769500701.4579034,SENT,2db6a97f-e4e2-4599-b3fb-efcd7a87790e,f124a23d-0850-41a8-9f25-6d44187b058a,c3,DROP,1011,?,i12,
1769500701.457945,FORWARDED,2db6a97f-e4e2-4599-b3fb-efcd7a87790e,f124a23d-0850-41a8-9f25-6d44187b058a,c3,DROP,1011,?,i12,
1769500701.4690533,RECEIVED,5c336fce-cc24-41a2-87e4-395ed2b69f01,d056a4c8-1d6e-48a7-ad51-fea57e43e2ea,c1,DROP,1448,p1,?,
1769500701.4822915,RECEIVED,52ca07c1-5573-406a-923e-f30de87552a9,cab7a6e2-565b-4895-91b8-e7f039e25a36,c1,DROP,1456,p1,?,
1769500701.4972007,SENT,8014b6fa-9b64-479e-8551-6b26af2eb8bb,17410464-b716-4287-8783-9f26e9e5213e,c2,DROP,1012,?,i2,
1769500701.4972448,FORWARDED,8014b6fa-9b64-479e-8551-6b26af2eb8bb,17410464-b716-4287-8783-9f26e9e5213e,c2,DROP,1012,?,i2,
1769500701.5026972,SENT,657a4dc7-7923-4295-911d-bb93f18289ab,e2454f60-1d5f-4173-97a3-fa0d8d84c399,c4,DROP,1012,?,i10,
1769500701.5027401,FORWARDED,657a4dc7-7923-4295-911d-bb93f18289ab,e2454f60-1d5f-4173-97a3-fa0d8d84c399,c4,DROP,1012,?,i10,
1769500701.649769,RECEIVED,51737fdb-7ba8-431f-9cef-b41377782f88,f0250fe3-af54-4026-9bfb-ace74ba44ae9,c5,DROP,1439,p2,?,
1769500701.704393,SENT,52ca07c1-5573-406a-923e-f30de87552a9,cab7a6e2-565b-4895-91b8-e7f039e25a36,c1,DROP,1018,?,i3,
1769500701.7044387,FORWARDED,52ca07c1-5573-406a-923e-f30de87552a9,cab7a6e2-565b-4895-91b8-e7f039e25a36,c1,DROP,1018,?,i3,
1769500701.7056253,RECEIVED,fbb73263-b599-4a96-a526-5f2df25f7240,4733d527-9f7b-43c5-ab15-574f50ba9094,c4,DROP,1440,p1,?,
1769500701.7975419,SENT,5c336fce-cc24-41a2-87e4-395ed2b69f01,d056a4c8-1d6e-48a7-ad51-fea57e43e2ea,c1,DROP,1013,?,i9,
1769500701.7975836,FORWARDED,5c336fce-cc24-41a2-87e4-395ed2b69f01,d056a4c8-1d6e-48a7-ad51-fea57e43e2ea,c1,DROP,1013,?,i9,
1769500701.8027134,RECEIVED,f9e7050d-6612-4ce0-b5b8-ebf6b10691bf,6d1e6854-d1b9-4286-b442-0494ff303027,c1,DROP,1440,p1,?,
1769500701.929834,RECEIVED,7b9fa438-0a55-45df-a523-e98f74af9a36,eae6f48c-cef3-4bc1-a2d0-392b205d783d,c3,DROP,1442,p3,?,
1769500701.9344985,RECEIVED,bb076f62-9e92-4693-a195-34d9c6a1d32f,ba809b09-5192-4ccd-808f-a7678d856c13,c4,DROP,442,x1,?,
1769500701.9671597,SENT,7b9fa438-0a55-45df-a523-e98f74af9a36,eae6f48c-cef3-4bc1-a2d0-392b205d783d,c3,DROP,1007,?,i10,
1769500701.9672003,FORWARDED,7b9fa438-0a55-45df-a523-e98f74af9a36,eae6f48c-cef3-4bc1-a2d0-392b205d783d,c3,DROP,1007,?,i10,
1769500701.9888227,SENT,fbb73263-b599-4a96-a526-5f2df25f7240,4733d527-9f7b-43c5-ab15-574f50ba9094,c4,DROP,1007,?,i11,
1769500701.9888663,FORWARDED,fbb73263-b599-4a96-a526-5f2df25f7240,4733d527-9f7b-43c5-ab15-574f50ba9094,c4,DROP,1007,?,i11,
1769500702.2179346,RECEIVED,1be4077f-f174-4ca8-841c-86a54acfaa88,18b02fba-0775-4e09-a48b-a893c0f41fda,c2,DROP,442,x6,?,
1769500702.232434,RECEIVED,6c6a3db1-ec6b-4f5a-a7da-3f39d2b0f122,85036896-7388-4081-b64c-5ab03d2ebc56,c4,DROP,441,x4,?,
1769500702.3297324,SENT,51737fdb-7ba8-431f-9cef-b41377782f88,f0250fe3-af54-4026-9bfb-ace74ba44ae9,c5,DROP,1007,?,i6,
1769500702.3297746,FORWARDED,51737fdb-7ba8-431f-9cef-b41377782f88,f0250fe3-af54-4026-9bfb-ace74ba44ae9,c5,DROP,1007,?,i6,
1769500702.4148116,RECEIVED,2eaab38e-5192-4a2e-81bc-e5728242ca8a,b9b087e9-f367-4124-8579-ae274a7bbad0,c1,DROP,441,x5,?,
1769500702.4533684,RECEIVED,14ca96b4-8212-41bb-a493-2a49d4e864ee,3fc7d264-76a2-4044-b2f7-006cfb5bf385,c5,DROP,441,x9,?,
1769500702.5273921,RECEIVED,3cebc48e-4d46-4637-be2f-db28e576f23b,f2709a5d-ee1e-494f-a102-4e8742738421,c5,DROP,1444,p2,?,
1769500702.6415124,SENT,3cebc48e-4d46-4637-be2f-db28e576f23b,f2709a5d-ee1e-494f-a102-4e8742738421,c5,DROP,1011,?,i6,
1769500702.6415474,FORWARDED,3cebc48e-4d46-4637-be2f-db28e576f23b,f2709a5d-ee1e-494f-a102-4e8742738421,c5,DROP,1011,?,i6,
1769500702.8422306,RECEIVED,6a7d896d-19b8-49f1-af4b-3968c8608c84,259c381c-228d-44e3-9cd3-b3a4e60a7ee3,c4,None,2241,p1,?,
1769500702.9140232,SENT,6a7d896d-19b8-49f1-af4b-3968c8608c84,259c381c-228d-44e3-9cd3-b3a4e60a7ee3,c4,None,1607,?,i1,
1769500702.914093,FORWARDED,6a7d896d-19b8-49f1-af4b-3968c8608c84,259c381c-228d-44e3-9cd3-b3a4e60a7ee3,c4,None,1607,?,i1,
1769500702.9186032,SENT,f9e7050d-6612-4ce0-b5b8-ebf6b10691bf,6d1e6854-d1b9-4286-b442-0494ff303027,c1,DROP,1006,?,i10,
1769500702.9186459,FORWARDED,f9e7050d-6612-4ce0-b5b8-ebf6b10691bf,6d1e6854-d1b9-4286-b442-0494ff303027,c1,DROP,1006,?,i10,
1769500702.9688287,SENT,7b5f3aad-147b-4862-8b45-a84ddf76c8ed,247846af-9c75-4030-9a4c-c8ce2bef772f,c2,DROP,1004,?,i3,
1769500702.9688704,FORWARDED,7b5f3aad-147b-4862-8b45-a84ddf76c8ed,247846af-9c75-4030-9a4c-c8ce2bef772f,c2,DROP,1004,?,i3,
1769500703.1148727,RECEIVED,b731fec2-ec0a-472e-9207-13be38958f8d,079a99f7-befd-48d8-a2c6-2243648d1680,c3,DROP,1437,p3,?,
1769500703.1334193,RECEIVED,05b395d9-6b62-467a-8c91-d236fa30cff6,b4349630-2faf-4607-93f7-1e63b47faad3,c5,c2,2451,p2,?,
1769500703.1430376,RECEIVED,5473bf84-9cf1-45b3-841d-ce8cb7197514,e38f38a5-c9ba-4253-afa6-43b9afc35ff9,c5,DROP,1451,p2,?,
1769500703.215571,RECEIVED,92d97547-5d05-4653-81cb-d7517716b5d5,e2ca0a39-d776-4f65-abd6-98e58ed85402,c2,DROP,1440,p2,?,
1769500703.486236,SENT,5473bf84-9cf1-45b3-841d-ce8cb7197514,e38f38a5-c9ba-4253-afa6-43b9afc35ff9,c5,DROP,1017,?,i3,
1769500703.4862893,FORWARDED,5473bf84-9cf1-45b3-841d-ce8cb7197514,e38f38a5-c9ba-4253-afa6-43b9afc35ff9,c5,DROP,1017,?,i3,
1769500703.493772,SENT,05b395d9-6b62-467a-8c91-d236fa30cff6,b4349630-2faf-4607-93f7-1e63b47faad3,c5,c2,1765,?,i3,
1769500703.4938157,FORWARDED,05b395d9-6b62-467a-8c91-d236fa30cff6,b4349630-2faf-4607-93f7-1e63b47faad3,c5,c2,1765,?,i3,
1769500703.4992847,RECEIVED,073dbc52-1489-4105-b8fc-ec1b8dd860b3,0a16ecc0-704a-4388-bcf1-2a98c54d1f3a,c5,DROP,441,x7,?,
1769500703.7040992,RECEIVED,7a290c3d-50e6-4e29-99c4-b6ad6be3ce9a,dc70bf28-cdd6-4d21-98d9-786fe4fcd59a,c4,DROP,1440,p1,?,
1769500703.7406886,RECEIVED,e0f56362-9ee3-403e-bcb8-2d57732b6d41,5e7d4f37-5d82-4366-80c2-d80f4d718303,c5,c2,2448,p2,?,
1769500703.8671486,RECEIVED,c84564f8-8667-4764-9b48-232584799f91,8a6b1535-3dec-4526-89c7-63656744448f,c4,DROP,1439,p1,?,
1769500703.8799944,SENT,e0f56362-9ee3-403e-bcb8-2d57732b6d41,5e7d4f37-5d82-4366-80c2-d80f4d718303,c5,c2,1764,?,i2,
1769500703.880042,FORWARDED,e0f56362-9ee3-403e-bcb8-2d57732b6d41,5e7d4f37-5d82-4366-80c2-d80f4d718303,c5,c2,1764,?,i2,
1769500703.9699895,SENT,c84564f8-8667-4764-9b48-232584799f91,8a6b1535-3dec-4526-89c7-63656744448f,c4,DROP,1008,?,i2,
1769500703.9700367,FORWARDED,c84564f8-8667-4764-9b48-232584799f91,8a6b1535-3dec-4526-89c7-63656744448f,c4,DROP,1008,?,i2,
1769500704.1950705,SENT,b731fec2-ec0a-472e-9207-13be38958f8d,079a99f7-befd-48d8-a2c6-2243648d1680,c3,DROP,1008,?,i11,
1769500704.1951177,FORWARDED,b731fec2-ec0a-472e-9207-13be38958f8d,079a99f7-befd-48d8-a2c6-2243648d1680,c3,DROP,1008,?,i11,
1769500704.2426348,SENT,92d97547-5d05-4653-81cb-d7517716b5d5,e2ca0a39-d776-4f65-abd6-98e58ed85402,c2,DROP,1008,?,i10,
1769500704.2426748,FORWARDED,92d97547-5d05-4653-81cb-d7517716b5d5,e2ca0a39-d776-4f65-abd6-98e58ed85402,c2,DROP,1008,?,i10,
1769500704.26767,RECEIVED,46733d61-08b2-4652-8af5-b9a80235a87b,7e25bd8a-ca8b-4fd6-9dbf-190ff5f6807b,c3,DROP,1450,p3,?,
1769500704.3363879,RECEIVED,f0ebf205-3ce1-4ce5-8923-91e0dfd8683c,ff3d259d-3325-4573-b275-b552a9bfa1c1,c1,DROP,1445,p1,?,
1769500704.3463135,RECEIVED,b0901e6d-1d18-44dd-ae19-a28e624f9a3b,d772f778-ed59-45dd-81ef-d562d5d7c053,c3,DROP,1447,p3,?,
1769500704.3953576,SENT,7a290c3d-50e6-4e29-99c4-b6ad6be3ce9a,dc70bf28-cdd6-4d21-98d9-786fe4fcd59a,c4,DROP,1008,?,i11,
1769500704.3955967,FORWARDED,7a290c3d-50e6-4e29-99c4-b6ad6be3ce9a,dc70bf28-cdd6-4d21-98d9-786fe4fcd59a,c4,DROP,1008,?,i11,
1769500704.5611947,RECEIVED,7a7ad0f9-6af3-429a-b026-eb093c0815b3,523f980b-8dc1-4ba9-aeae-c17eba2faa92,c3,DROP,1447,p3,?,
1769500704.6927898,SENT,f0ebf205-3ce1-4ce5-8923-91e0dfd8683c,ff3d259d-3325-4573-b275-b552a9bfa1c1,c1,DROP,1011,?,i12,
1769500704.6928513,FORWARDED,f0ebf205-3ce1-4ce5-8923-91e0dfd8683c,ff3d259d-3325-4573-b275-b552a9bfa1c1,c1,DROP,1011,?,i12,
1769500704.7327926,SENT,46733d61-08b2-4652-8af5-b9a80235a87b,7e25bd8a-ca8b-4fd6-9dbf-190ff5f6807b,c3,DROP,1016,?,i4,
1769500704.732833,FORWARDED,46733d61-08b2-4652-8af5-b9a80235a87b,7e25bd8a-ca8b-4fd6-9dbf-190ff5f6807b,c3,DROP,1016,?,i4,
1769500704.8763149,RECEIVED,f20264f5-3034-454f-9ddc-7ccbc27231a2,169f522b-f848-415e-bb9d-fb915c53b75b,c3,None,2226,p3,?,
1769500704.9077775,SENT,f20264f5-3034-454f-9ddc-7ccbc27231a2,169f522b-f848-415e-bb9d-fb915c53b75b,c3,None,1594,?,i12,
1769500704.9078288,FORWARDED,f20264f5-3034-454f-9ddc-7ccbc27231a2,169f522b-f848-415e-bb9d-fb915c53b75b,c3,None,1594,?,i12,
1769500704.9115925,SENT,b0901e6d-1d18-44dd-ae19-a28e624f9a3b,d772f778-ed59-45dd-81ef-d562d5d7c053,c3,DROP,1013,?,i7,
1769500704.9116335,FORWARDED,b0901e6d-1d18-44dd-ae19-a28e624f9a3b,d772f778-ed59-45dd-81ef-d562d5d7c053,c3,DROP,1013,?,i7,
1769500705.3589842,RECEIVED,c796a66b-69d6-4b2c-bfc0-5b8d78b78d08,fa3d9a6b-b39e-484b-a984-fe08215a6228,c5,DROP,1448,p2,?,
1769500705.3741212,RECEIVED,40ba9a49-595f-48a4-9314-83e1d8d499dc,8943b112-8cc2-4c43-918a-935bf00a202e,c1,DROP,1455,p1,?,
1769500705.388239,RECEIVED,d6d25eea-5c11-427a-98bf-c4290f527936,f7cd013a-22c4-4ee4-8c15-be128de3bc3a,c1,DROP,1440,p1,?,
1769500705.4241226,SENT,7a7ad0f9-6af3-429a-b026-eb093c0815b3,523f980b-8dc1-4ba9-aeae-c17eba2faa92,c3,DROP,1013,?,i8,
1769500705.424168,FORWARDED,7a7ad0f9-6af3-429a-b026-eb093c0815b3,523f980b-8dc1-4ba9-aeae-c17eba2faa92,c3,DROP,1013,?,i8,
1769500705.4964576,SENT,d6d25eea-5c11-427a-98bf-c4290f527936,f7cd013a-22c4-4ee4-8c15-be128de3bc3a,c1,DROP,1007,?,i2,
1769500705.4965012,FORWARDED,d6d25eea-5c11-427a-98bf-c4290f527936,f7cd013a-22c4-4ee4-8c15-be128de3bc3a,c1,DROP,1007,?,i2,
1769500705.6492882,RECEIVED,303ad80d-bbb3-4fd5-a343-5273f0ba653c,0d0f432a-675d-45a0-bcc2-ae8368db437e,c4,DROP,1451,p1,?,
1769500705.6901612,SENT,40ba9a49-595f-48a4-9314-83e1d8d499dc,8943b112-8cc2-4c43-918a-935bf00a202e,c1,DROP,1019,?,i8,
1769500705.6902044,FORWARDED,40ba9a49-595f-48a4-9314-83e1d8d499dc,8943b112-8cc2-4c43-918a-935bf00a202e,c1,DROP,1019,?,i8,
1769500705.7644482,SENT,c796a66b-69d6-4b2c-bfc0-5b8d78b78d08,fa3d9a6b-b39e-484b-a984-fe08215a6228,c5,DROP,1013,?,i5,
1769500705.76449,FORWARDED,c796a66b-69d6-4b2c-bfc0-5b8d78b78d08,fa3d9a6b-b39e-484b-a984-fe08215a6228,c5,DROP,1013,?,i5,
1769500706.061519,SENT,303ad80d-bbb3-4fd5-a343-5273f0ba653c,0d0f432a-675d-45a0-bcc2-ae8368db437e,c4,DROP,1015,?,i3,
1769500706.061557,FORWARDED,303ad80d-bbb3-4fd5-a343-5273f0ba653c,0d0f432a-675d-45a0-bcc2-ae8368db437e,c4,DROP,1015,?,i3,
1769500706.0635383,RECEIVED,edf35e9a-1164-4423-9e09-07dddcd872a5,8dfbf00a-7a2f-45af-96c3-f487c94ee249,c1,c5,2462,p1,?,
1769500706.1752043,RECEIVED,ca4b1299-9f8a-4fe1-acd6-71f99e3a9e8e,ade3d02d-4d16-4f18-aaab-49c8dbfc3d91,c1,DROP,440,x3,?,
1769500706.29049,RECEIVED,551e71bc-35db-4133-9743-7854be6b15b6,44bce78c-1a76-41c1-b4e6-2ec8a8692c98,c4,None,2227,p1,?,
1769500706.2945306,RECEIVED,fd153399-2f95-4ff7-9080-f7e9aa9fdfbd,e900f596-3941-4177-91e3-36d4dc37787d,c3,c4,2459,p3,?,
1769500706.3470874,RECEIVED,381ea402-165d-4f53-bca4-adfbe74202f1,431ac81e-997b-4e8c-9405-3c53f1f27394,c5,c2,2473,p2,?,
1769500706.351169,RECEIVED,5eff63d9-833b-41dc-810d-996fd4ff9f06,973d47e9-fb08-4c95-bc2b-c6ff24b61f5b,c2,DROP,1440,p2,?,
1769500706.3756733,SENT,5eff63d9-833b-41dc-810d-996fd4ff9f06,973d47e9-fb08-4c95-bc2b-c6ff24b61f5b,c2,DROP,1007,?,i10,
1769500706.3757155,FORWARDED,5eff63d9-833b-41dc-810d-996fd4ff9f06,973d47e9-fb08-4c95-bc2b-c6ff24b61f5b,c2,DROP,1007,?,i10,
1769500706.4870293,RECEIVED,4e90d9c8-d4bf-4609-a194-78ece5a7571f,77203ca7-96fd-493b-ac5e-61a393e48b80,c3,DROP,1443,p3,?,
1769500706.512414,RECEIVED,d761cfd6-b268-40bc-af18-0cc2623727b2,309b7f51-75af-4929-8a33-5aee07855a7b,c1,DROP,442,x9,?,
1769500706.5268538,SENT,381ea402-165d-4f53-bca4-adfbe74202f1,431ac81e-997b-4e8c-9405-3c53f1f27394,c5,c2,1780,?,i11,
1769500706.5268967,FORWARDED,381ea402-165d-4f53-bca4-adfbe74202f1,431ac81e-997b-4e8c-9405-3c53f1f27394,c5,c2,1780,?,i11,
1769500706.7766466,SENT,551e71bc-35db-4133-9743-7854be6b15b6,44bce78c-1a76-41c1-b4e6-2ec8a8692c98,c4,None,1597,?,i3,
1769500706.7768853,FORWARDED,551e71bc-35db-4133-9743-7854be6b15b6,44bce78c-1a76-41c1-b4e6-2ec8a8692c98,c4,None,1597,?,i3,
1769500706.8341122,RECEIVED,3604b59d-5cb7-4584-a02c-08f1ae7755b0,cdcdd208-22c9-4eae-b5a6-cd1d412b5d92,c2,None,2235,p2,?,
1769500706.9067376,SENT,3604b59d-5cb7-4584-a02c-08f1ae7755b0,cdcdd208-22c9-4eae-b5a6-cd1d412b5d92,c2,None,1603,?,i9,
1769500706.9067817,FORWARDED,3604b59d-5cb7-4584-a02c-08f1ae7755b0,cdcdd208-22c9-4eae-b5a6-cd1d412b5d92,c2,None,1603,?,i9,
1769500706.9656584,RECEIVED,ebbe9504-865e-4e5a-9e7f-1367df3811c1,cfe6d02c-0d25-419a-a58a-866dd1d9b0bb,c5,c2,2470,p2,?,
1769500707.0512702,RECEIVED,eac48c71-3951-41b1-9906-01380e6b0bb5,56240d01-21f6-499a-a371-a4d66733442b,c2,DROP,1441,p2,?,
1769500707.0857008,SENT,fd153399-2f95-4ff7-9080-f7e9aa9fdfbd,e900f596-3941-4177-91e3-36d4dc37787d,c3,c4,1771,?,i5,
1769500707.085855,FORWARDED,fd153399-2f95-4ff7-9080-f7e9aa9fdfbd,e900f596-3941-4177-91e3-36d4dc37787d,c3,c4,1771,?,i5,
1769500707.127874,RECEIVED,5508a53e-1d84-4d1f-8e66-f45fd3acb4d4,3f926c1c-d243-4344-b519-1fb4c0993df5,c2,DROP,446,x2,?,
1769500707.1835961,RECEIVED,8df0be5c-2664-4136-b197-7213c6884be2,b0b73842-7b55-4c7e-8f2e-96e99d09bde4,c1,DROP,1451,p1,?,
1769500707.249806,SENT,edf35e9a-1164-4423-9e09-07dddcd872a5,8dfbf00a-7a2f-45af-96c3-f487c94ee249,c1,c5,1776,?,i3,
1769500707.2498453,FORWARDED,edf35e9a-1164-4423-9e09-07dddcd872a5,8dfbf00a-7a2f-45af-96c3-f487c94ee249,c1,c5,1776,?,i3,
1769500707.2969706,RECEIVED,bbda92eb-a0f4-46a6-9469-36232af93677,400b1ea1-86c9-4cde-a98f-5baeefd20f76,c2,DROP,1444,p2,?,
1769500707.3146276,SENT,eac48c71-3951-41b1-9906-01380e6b0bb5,56240d01-21f6-499a-a371-a4d66733442b,c2,DROP,1008,?,i11,
1769500707.3146675,FORWARDED,eac48c71-3951-41b1-9906-01380e6b0bb5,56240d01-21f6-499a-a371-a4d66733442b,c2,DROP,1008,?,i11,
1769500707.3398588,RECEIVED,9cdb2cc6-3a56-45c2-b664-d72f3d33143b,5fb10536-300e-4602-9fac-88745f3e97d9,c4,None,2225,p1,?,
1769500707.3516915,RECEIVED,318d7085-2dd1-4598-b582-10cf03c8257c,b627b03c-f765-4eee-a1ef-2e9a900670ed,c3,DROP,441,x4,?,
1769500707.4159915,SENT,9cdb2cc6-3a56-45c2-b664-d72f3d33143b,5fb10536-300e-4602-9fac-88745f3e97d9,c4,None,1596,?,i3,
1769500707.4160364,FORWARDED,9cdb2cc6-3a56-45c2-b664-d72f3d33143b,5fb10536-300e-4602-9fac-88745f3e97d9,c4,None,1596,?,i3,
1769500707.4231772,RECEIVED,6493aa9e-4630-4f4b-995e-ef57dfa9d42d,6bab04ee-d173-4e95-8901-8337a76ad707,c1,DROP,1444,p1,?,
1769500707.4315393,RECEIVED,26b13264-fd37-4aaf-9973-93b6ca2fb013,4aee0f91-56ea-4bda-abc8-a680b092e13c,c4,c3,2459,p1,?,
1769500707.4751709,RECEIVED,38b1428c-2c8c-43a7-93d5-855e94ef1f43,2f718ad5-b131-44bc-a50d-20adb00c5e95,c1,DROP,441,x8,?,
1769500707.5353377,SENT,6493aa9e-4630-4f4b-995e-ef57dfa9d42d,6bab04ee-d173-4e95-8901-8337a76ad707,c1,DROP,1011,?,i8,
1769500707.5353816,FORWARDED,6493aa9e-4630-4f4b-995e-ef57dfa9d42d,6bab04ee-d173-4e95-8901-8337a76ad707,c1,DROP,1011,?,i8,
1769500707.6217406,RECEIVED,784fd701-51c7-42d8-ac0b-e8239d8deeec,d283b08c-1479-4005-88d2-c18c76c74ef0,c1,DROP,442,x11,?,
1769500707.6838396,SENT,bbda92eb-a0f4-46a6-9469-36232af93677,400b1ea1-86c9-4cde-a98f-5baeefd20f76,c2,DROP,1010,?,i1,
1769500707.6838827,FORWARDED,bbda92eb-a0f4-46a6-9469-36232af93677,400b1ea1-86c9-4cde-a98f-5baeefd20f76,c2,DROP,1010,?,i1,
1769500707.7722404,RECEIVED,4e77b010-dea4-4fe2-9202-f92ceb09ae0c,958e7443-eb3a-4baf-a9c8-96bef4c41104,c4,DROP,1440,p1,?,
1769500707.7757652,RECEIVED,1e299540-39f3-47e9-816c-13d791bcc8e0,d1abe757-9dad-4291-b8f1-b3ae7c46432c,c5,DROP,1440,p2,?,
1769500707.8445804,SENT,4e77b010-dea4-4fe2-9202-f92ceb09ae0c,958e7443-eb3a-4baf-a9c8-96bef4c41104,c4,DROP,1007,?,i2,
1769500707.8446155,FORWARDED,4e77b010-dea4-4fe2-9202-f92ceb09ae0c,958e7443-eb3a-4baf-a9c8-96bef4c41104,c4,DROP,1007,?,i2,
1769500707.9035845,SENT,8df0be5c-2664-4136-b197-7213c6884be2,b0b73842-7b55-4c7e-8f2e-96e99d09bde4,c1,DROP,1015,?,i7,
1769500707.9036229,FORWARDED,8df0be5c-2664-4136-b197-7213c6884be2,b0b73842-7b55-4c7e-8f2e-96e99d09bde4,c1,DROP,1015,?,i7,
1769500708.0653732,RECEIVED,ad103c2e-3320-49b3-97f0-6c92f68a3c43,e8ebd4b2-3d71-4449-91be-8b300efaa3d7,c3,DROP,1440,p3,?,
1769500708.154845,SENT,ebbe9504-865e-4e5a-9e7f-1367df3811c1,cfe6d02c-0d25-419a-a58a-866dd1d9b0bb,c5,c2,1781,?,i8,
1769500708.1548839,FORWARDED,ebbe9504-865e-4e5a-9e7f-1367df3811c1,cfe6d02c-0d25-419a-a58a-866dd1d9b0bb,c5,c2,1781,?,i8,
1769500708.162455,SENT,ad103c2e-3320-49b3-97f0-6c92f68a3c43,e8ebd4b2-3d71-4449-91be-8b300efaa3d7,c3,DROP,1007,?,i4,
1769500708.1624932,FORWARDED,ad103c2e-3320-49b3-97f0-6c92f68a3c43,e8ebd4b2-3d71-4449-91be-8b300efaa3d7,c3,DROP,1007,?,i4,
1769500708.2822618,SENT,26b13264-fd37-4aaf-9973-93b6ca2fb013,4aee0f91-56ea-4bda-abc8-a680b092e13c,c4,c3,1772,?,i6,
1769500708.2823048,FORWARDED,26b13264-fd37-4aaf-9973-93b6ca2fb013,4aee0f91-56ea-4bda-abc8-a680b092e13c,c4,c3,1772,?,i6,
1769500708.408846,SENT,4e90d9c8-d4bf-4609-a194-78ece5a7571f,77203ca7-96fd-493b-ac5e-61a393e48b80,c3,DROP,1009,?,i12,
1769500708.4088864,FORWARDED,4e90d9c8-d4bf-4609-a194-78ece5a7571f,77203ca7-96fd-493b-ac5e-61a393e48b80,c3,DROP,1009,?,i12,
1769500708.4672003,RECEIVED,d5288428-83cf-4341-8897-f664962b6015,f6b60783-2845-4a8e-a790-b35a1ffcae46,c5,c2,2461,p2,?,
1769500708.5126324,RECEIVED,31aa1098-59e0-4fd7-94bc-a52d4ae74abf,27f7a788-97f8-4746-8845-e421299111f0,c1,DROP,1453,p1,?,
1769500708.5152853,SENT,d5288428-83cf-4341-8897-f664962b6015,f6b60783-2845-4a8e-a790-b35a1ffcae46,c5,c2,1772,?,i3,
1769500708.5153215,FORWARDED,d5288428-83cf-4341-8897-f664962b6015,f6b60783-2845-4a8e-a790-b35a1ffcae46,c5,c2,1772,?,i3,
1769500708.5631282,SENT,1e299540-39f3-47e9-816c-13d791bcc8e0,d1abe757-9dad-4291-b8f1-b3ae7c46432c,c5,DROP,1007,?,i12,
1769500708.56317,FORWARDED,1e299540-39f3-47e9-816c-13d791bcc8e0,d1abe757-9dad-4291-b8f1-b3ae7c46432c,c5,DROP,1007,?,i12,
1769500708.6096838,RECEIVED,3531b7f3-3baf-4cbe-821a-6108f6c7373a,b6113ebd-6739-40bf-959b-cd295a158302,c3,c4,2457,p3,?,
1769500708.8062747,RECEIVED,4cf1f88f-b32d-47f4-aa9d-dc30c466899f,5853096a-878b-48db-bfaf-39516d5cfd82,c2,None,2224,p2,?,
1769500708.8758233,RECEIVED,ddd5ed0f-3ef6-4e66-928b-701e5309441a,52246c8f-034e-446d-a6c4-239edc823178,c3,None,2224,p3,?,
1769500708.9170892,SENT,31aa1098-59e0-4fd7-94bc-a52d4ae74abf,27f7a788-97f8-4746-8845-e421299111f0,c1,DROP,1016,?,i12,
1769500708.9171336,FORWARDED,31aa1098-59e0-4fd7-94bc-a52d4ae74abf,27f7a788-97f8-4746-8845-e421299111f0,c1,DROP,1016,?,i12,
1769500709.007377,SENT,3531b7f3-3baf-4cbe-821a-6108f6c7373a,b6113ebd-6739-40bf-959b-cd295a158302,c3,c4,1770,?,i10,
1769500709.0074494,FORWARDED,3531b7f3-3baf-4cbe-821a-6108f6c7373a,b6113ebd-6739-40bf-959b-cd295a158302,c3,c4,1770,?,i10,
1769500709.0212357,SENT,ddd5ed0f-3ef6-4e66-928b-701e5309441a,52246c8f-034e-446d-a6c4-239edc823178,c3,None,1595,?,i2,
1769500709.0212765,FORWARDED,ddd5ed0f-3ef6-4e66-928b-701e5309441a,52246c8f-034e-446d-a6c4-239edc823178,c3,None,1595,?,i2,
1769500709.1383839,SENT,4cf1f88f-b32d-47f4-aa9d-dc30c466899f,5853096a-878b-48db-bfaf-39516d5cfd82,c2,None,1595,?,i1,
1769500709.1384234,FORWARDED,4cf1f88f-b32d-47f4-aa9d-dc30c466899f,5853096a-878b-48db-bfaf-39516d5cfd82,c2,None,1595,?,i1,
1769500709.2459605,RECEIVED,c9368787-5ea8-4fd6-8ebd-2e7c6d6097d4,86eff3c7-9298-4d61-b6ba-d64eec0818e2,c3,DROP,1439,p3,?,
1769500709.297481,RECEIVED,0ca9dd9b-234a-4df7-a6d9-6ecd1a179d3f,ae9d62d5-81e6-4690-b723-504082130246,c3,DROP,1439,p3,?,
1769500709.4073207,RECEIVED,d5df1ed8-ae47-4f2e-8d8a-cdbce78a8fb5,950d2152-7157-4eba-99d9-bace88f23417,c1,DROP,1454,p1,?,
1769500709.7622626,SENT,c9368787-5ea8-4fd6-8ebd-2e7c6d6097d4,86eff3c7-9298-4d61-b6ba-d64eec0818e2,c3,DROP,1008,?,i7,
1769500709.7623043,FORWARDED,c9368787-5ea8-4fd6-8ebd-2e7c6d6097d4,86eff3c7-9298-4d61-b6ba-d64eec0818e2,c3,DROP,1008,?,i7,
1769500709.9635825,RECEIVED,674b08b2-a213-44fa-ac3a-4eba24c7bab0,d89941fd-fb41-4fd9-b9d9-07a919b06b31,c1,DROP,442,x2,?,
1769500710.0020106,RECEIVED,812c811d-bbbb-4f6e-9cbf-337df4f74e75,8359d3d8-b90a-45a3-922d-e0f0620c4fb0,c4,DROP,1451,p1,?,
1769500710.0336185,SENT,d5df1ed8-ae47-4f2e-8d8a-cdbce78a8fb5,950d2152-7157-4eba-99d9-bace88f23417,c1,DROP,1018,?,i7,
1769500710.033659,FORWARDED,d5df1ed8-ae47-4f2e-8d8a-cdbce78a8fb5,950d2152-7157-4eba-99d9-bace88f23417,c1,DROP,1018,?,i7,
1769500710.0596392,RECEIVED,dd6fb513-d5bf-4e71-8e08-f03323e1acd9,ed302c68-8ef5-4b6e-9134-292a4bc476ed,c3,None,2227,p3,?,
1769500710.0734804,RECEIVED,1afbbac9-9a1b-4078-95b6-2100c89fb2a2,0517290b-0367-473e-89eb-32786d8b594c,c5,None,2224,p2,?,
1769500710.1340115,RECEIVED,c8218e97-9628-4150-98dd-f540ac7f082e,0bab162e-35f5-4d9f-8c29-c1a0dfc28b97,c4,DROP,1436,p1,?,
1769500710.1641283,SENT,1afbbac9-9a1b-4078-95b6-2100c89fb2a2,0517290b-0367-473e-89eb-32786d8b594c,c5,None,1596,?,i5,
1769500710.1641717,FORWARDED,1afbbac9-9a1b-4078-95b6-2100c89fb2a2,0517290b-0367-473e-89eb-32786d8b594c,c5,None,1596,?,i5,
1769500710.204632,RECEIVED,69754f98-2d8c-40cc-8a5a-11c8d9b43f2c,2007ae16-85d2-4b2a-abd4-586bd211dd55,c4,c3,2459,p1,?,
1769500710.2231312,SENT,c8218e97-9628-4150-98dd-f540ac7f082e,0bab162e-35f5-4d9f-8c29-c1a0dfc28b97,c4,DROP,1003,?,i8,
1769500710.223175,FORWARDED,c8218e97-9628-4150-98dd-f540ac7f082e,0bab162e-35f5-4d9f-8c29-c1a0dfc28b97,c4,DROP,1003,?,i8,
1769500710.2472389,SENT,812c811d-bbbb-4f6e-9cbf-337df4f74e75,8359d3d8-b90a-45a3-922d-e0f0620c4fb0,c4,DROP,1016,?,i6,
1769500710.2472944,FORWARDED,812c811d-bbbb-4f6e-9cbf-337df4f74e75,8359d3d8-b90a-45a3-922d-e0f0620c4fb0,c4,DROP,1016,?,i6,
1769500710.3703644,RECEIVED,a0533639-b737-4c27-b120-100c6e13f2e5,a0ebd441-aea8-494f-9c26-88225de821e4,c4,DROP,441,x6,?,
1769500710.6905036,RECEIVED,a82339b9-a874-4c6e-8c23-498785800029,5c8ae1bd-f82c-441d-a34a-ddf7faaa22ea,c2,None,2232,p2,?,
1769500710.8971865,RECEIVED,d6ef9394-9370-4ba4-8e3e-e1ecaa689b7c,ee7e659e-b124-4452-8090-da388c930071,c3,DROP,1439,p3,?,
1769500710.9515593,SENT,d6ef9394-9370-4ba4-8e3e-e1ecaa689b7c,ee7e659e-b124-4452-8090-da388c930071,c3,DROP,1008,?,i12,
1769500710.9516027,FORWARDED,d6ef9394-9370-4ba4-8e3e-e1ecaa689b7c,ee7e659e-b124-4452-8090-da388c930071,c3,DROP,1008,?,i12,
1769500711.0199032,RECEIVED,fd273e07-f06c-4ba9-997c-a8a13549c1ea,cf9c5fee-d34e-4036-bcec-133bd3a39e82,c3,DROP,1455,p3,?,
1769500711.2319539,SENT,dd6fb513-d5bf-4e71-8e08-f03323e1acd9,ed302c68-8ef5-4b6e-9134-292a4bc476ed,c3,None,1599,?,i8,
1769500711.231999,FORWARDED,dd6fb513-d5bf-4e71-8e08-f03323e1acd9,ed302c68-8ef5-4b6e-9134-292a4bc476ed,c3,None,1599,?,i8,
1769500711.4016201,SENT,a82339b9-a874-4c6e-8c23-498785800029,5c8ae1bd-f82c-441d-a34a-ddf7faaa22ea,c2,None,1600,?,i10,
1769500711.4016628,FORWARDED,a82339b9-a874-4c6e-8c23-498785800029,5c8ae1bd-f82c-441d-a34a-ddf7faaa22ea,c2,None,1600,?,i10,
1769500711.4531646,RECEIVED,ffabe9dd-789d-4b35-a27a-e2895922fd07,af3d7b79-7b4f-4888-8e0b-332d826e519f,c3,DROP,1440,p3,?,
1769500711.4655397,SENT,69754f98-2d8c-40cc-8a5a-11c8d9b43f2c,2007ae16-85d2-4b2a-abd4-586bd211dd55,c4,c3,1771,?,i10,
1769500711.4655888,FORWARDED,69754f98-2d8c-40cc-8a5a-11c8d9b43f2c,2007ae16-85d2-4b2a-abd4-586bd211dd55,c4,c3,1771,?,i10,
1769500711.4799502,RECEIVED,afa31df2-bf34-4a98-a781-0f5ffeedfd60,3ca31b25-c378-45a4-8495-fc7b7c25b84c,c1,None,2224,p1,?,
1769500711.519128,SENT,ffabe9dd-789d-4b35-a27a-e2895922fd07,af3d7b79-7b4f-4888-8e0b-332d826e519f,c3,DROP,1008,?,i9,
1769500711.51918,FORWARDED,ffabe9dd-789d-4b35-a27a-e2895922fd07,af3d7b79-7b4f-4888-8e0b-332d826e519f,c3,DROP,1008,?,i9,
1769500711.618364,SENT,fd273e07-f06c-4ba9-997c-a8a13549c1ea,cf9c5fee-d34e-4036-bcec-133bd3a39e82,c3,DROP,1020,?,i7,
1769500711.6184068,FORWARDED,fd273e07-f06c-4ba9-997c-a8a13549c1ea,cf9c5fee-d34e-4036-bcec-133bd3a39e82,c3,DROP,1020,?,i7,
1769500711.658835,SENT,afa31df2-bf34-4a98-a781-0f5ffeedfd60,3ca31b25-c378-45a4-8495-fc7b7c25b84c,c1,None,1596,?,i8,
1769500711.658877,FORWARDED,afa31df2-bf34-4a98-a781-0f5ffeedfd60,3ca31b25-c378-45a4-8495-fc7b7c25b84c,c1,None,1596,?,i8,
1769500711.840376,RECEIVED,8ff3d910-91ea-46ab-af56-3b5f377550cd,012c84e7-888a-4af5-8dd8-4f90b48ba758,c2,DROP,1441,p2,?,
1769500712.0308886,SENT,8ff3d910-91ea-46ab-af56-3b5f377550cd,012c84e7-888a-4af5-8dd8-4f90b48ba758,c2,DROP,1008,?,i12,
1769500712.0309293,FORWARDED,8ff3d910-91ea-46ab-af56-3b5f377550cd,012c84e7-888a-4af5-8dd8-4f90b48ba758,c2,DROP,1008,?,i12,
1769500712.0592985,SENT,0ca9dd9b-234a-4df7-a6d9-6ecd1a179d3f,ae9d62d5-81e6-4690-b723-504082130246,c3,DROP,1008,?,i11,
1769500712.0593421,FORWARDED,0ca9dd9b-234a-4df7-a6d9-6ecd1a179d3f,ae9d62d5-81e6-4690-b723-504082130246,c3,DROP,1008,?,i11,
1769500712.170444,RECEIVED,65cbc3fe-ee82-43b6-b3fb-4aa97388ff46,5da5a89e-e352-4728-93bf-f9c64e016726,c5,None,2234,p2,?,
1769500712.1829667,RECEIVED,31743e10-b70f-4d93-8097-319bbfae69c6,67cf5ce6-5d02-429e-8dea-cb01666e3999,c3,DROP,1443,p3,?,
1769500712.298567,RECEIVED,2d2c1c38-1a9d-49e0-acd1-5003c324ba59,314ac82a-582b-4486-8d4d-c6ffd3989d3f,c5,DROP,1443,p2,?,
1769500712.3263416,RECEIVED,69092b4e-637a-4db4-b937-63349d969dbd,b1660aca-4b69-4cee-aad0-71ab4bd48a0e,c1,DROP,442,x5,?,
1769500712.3948839,RECEIVED,bdda3b2d-8004-4ab3-9341-966bae03b460,052f334a-d88b-4fce-a28c-6c242febfbf7,c1,c5,2468,p1,?,
1769500712.4218094,RECEIVED,d66f4836-d957-428e-828e-d1d5a1733582,92f4c1d6-b970-46ab-b121-62226ae3114a,c3,DROP,1450,p3,?,
1769500712.4313886,RECEIVED,444c80ab-b60a-4d0e-98ff-7663fc78e482,01f0b415-8ac0-4ac0-85e1-747fae3992e5,c2,DROP,1449,p2,?,
1769500712.439162,RECEIVED,88307539-03ef-47a3-b9b9-dfcd76c48235,2e6bf14e-4d84-4e27-845a-bd66ffbc3bca,c5,DROP,1443,p2,?,
1769500712.5696929,RECEIVED,9510792f-0c7a-46b9-bfb7-d4ac54ea98bc,1fc6da57-5ed2-4fc5-93a9-a94f5193cad4,c2,DROP,1451,p2,?,
1769500712.6127255,SENT,bdda3b2d-8004-4ab3-9341-966bae03b460,052f334a-d88b-4fce-a28c-6c242febfbf7,c1,c5,1779,?,i9,
1769500712.6127694,FORWARDED,bdda3b2d-8004-4ab3-9341-966bae03b460,052f334a-d88b-4fce-a28c-6c242febfbf7,c1,c5,1779,?,i9,
1769500712.6805618,RECEIVED,939d9b6a-221a-4659-a69c-a9d6536ee9e5,d1950c54-c7ec-49de-9f71-7355fd974b35,c5,DROP,1446,p2,?,
1769500712.765478,RECEIVED,b7a07374-261c-4142-90a2-8f192a7a56ab,906a6cd1-f1c8-4903-9c7a-11549cc28fac,c2,DROP,1456,p2,?,
1769500712.7807946,SENT,31743e10-b70f-4d93-8097-319bbfae69c6,67cf5ce6-5d02-429e-8dea-cb01666e3999,c3,DROP,1011,?,i7,
1769500712.780846,FORWARDED,31743e10-b70f-4d93-8097-319bbfae69c6,67cf5ce6-5d02-429e-8dea-cb01666e3999,c3,DROP,1011,?,i7,
1769500712.8168375,RECEIVED,c590f9ad-7b27-471a-9f00-016c85364efa,41d7e420-e896-401d-babe-33fa047aeaed,c2,c1,2447,p2,?,
1769500712.8346548,SENT,65cbc3fe-ee82-43b6-b3fb-4aa97388ff46,5da5a89e-e352-4728-93bf-f9c64e016726,c5,None,1604,?,i1,
1769500712.8346941,FORWARDED,65cbc3fe-ee82-43b6-b3fb-4aa97388ff46,5da5a89e-e352-4728-93bf-f9c64e016726,c5,None,1604,?,i1,
1769500712.895345,SENT,444c80ab-b60a-4d0e-98ff-7663fc78e482,01f0b415-8ac0-4ac0-85e1-747fae3992e5,c2,DROP,1012,?,i11,
1769500712.895392,FORWARDED,444c80ab-b60a-4d0e-98ff-7663fc78e482,01f0b415-8ac0-4ac0-85e1-747fae3992e5,c2,DROP,1012,?,i11,
1769500713.0429368,SENT,9510792f-0c7a-46b9-bfb7-d4ac54ea98bc,1fc6da57-5ed2-4fc5-93a9-a94f5193cad4,c2,DROP,1016,?,i6,
1769500713.0429792,FORWARDED,9510792f-0c7a-46b9-bfb7-d4ac54ea98bc,1fc6da57-5ed2-4fc5-93a9-a94f5193cad4,c2,DROP,1016,?,i6,
1769500713.1059208,RECEIVED,a0346872-3cae-4605-9602-942e564403e6,4608e0dd-6279-40b2-b048-ad5cd228ea0d,c5,c2,2467,p2,?,
1769500713.199576,RECEIVED,36e2409d-2fa9-40f6-9109-ae6f582d8ca2,79c9abdc-b6c3-4fd6-a07b-9424af3cd7a1,c2,DROP,1456,p2,?,
1769500713.2658904,SENT,b7a07374-261c-4142-90a2-8f192a7a56ab,906a6cd1-f1c8-4903-9c7a-11549cc28fac,c2,DROP,1020,?,i7,
1769500713.2659402,FORWARDED,b7a07374-261c-4142-90a2-8f192a7a56ab,906a6cd1-f1c8-4903-9c7a-11549cc28fac,c2,DROP,1020,?,i7,
1769500713.2666214,RECEIVED,226a3619-9c44-4366-8b87-9908734b7c80,13d74f55-57e1-4870-9f7e-4abcea3d756c,c5,DROP,1450,p2,?,
1769500713.3100607,RECEIVED,0ca433d0-a39d-4131-8511-27a84e53de98,b53e7833-632c-4df4-a780-12266f940c6a,c1,DROP,1445,p1,?,
1769500713.457805,SENT,0ca433d0-a39d-4131-8511-27a84e53de98,b53e7833-632c-4df4-a780-12266f940c6a,c1,DROP,1011,?,i10,
1769500713.4578445,FORWARDED,0ca433d0-a39d-4131-8511-27a84e53de98,b53e7833-632c-4df4-a780-12266f940c6a,c1,DROP,1011,?,i10,
1769500713.4860697,SENT,a0346872-3cae-4605-9602-942e564403e6,4608e0dd-6279-40b2-b048-ad5cd228ea0d,c5,c2,1779,?,i3,
1769500713.4861152,FORWARDED,a0346872-3cae-4605-9602-942e564403e6,4608e0dd-6279-40b2-b048-ad5cd228ea0d,c5,c2,1779,?,i3,
1769500713.5152886,SENT,d66f4836-d957-428e-828e-d1d5a1733582,92f4c1d6-b970-46ab-b121-62226ae3114a,c3,DROP,1015,?,i7,
1769500713.5153317,FORWARDED,d66f4836-d957-428e-828e-d1d5a1733582,92f4c1d6-b970-46ab-b121-62226ae3114a,c3,DROP,1015,?,i7,
1769500713.6670732,SENT,c590f9ad-7b27-471a-9f00-016c85364efa,41d7e420-e896-401d-babe-33fa047aeaed,c2,c1,1762,?,i1,
1769500713.6671152,FORWARDED,c590f9ad-7b27-471a-9f00-016c85364efa,41d7e420-e896-401d-babe-33fa047aeaed,c2,c1,1762,?,i1,
1769500713.7441723,SENT,2d2c1c38-1a9d-49e0-acd1-5003c324ba59,314ac82a-582b-4486-8d4d-c6ffd3989d3f,c5,DROP,1009,?,i6,
1769500713.7442126,FORWARDED,2d2c1c38-1a9d-49e0-acd1-5003c324ba59,314ac82a-582b-4486-8d4d-c6ffd3989d3f,c5,DROP,1009,?,i6,
1769500713.854012,RECEIVED,0af05f80-95cc-4afe-89a5-3997112b87d6,b27b2afb-d1e2-4f65-9828-67474768156f,c2,c1,2473,p2,?,
1769500713.8822238,SENT,36e2409d-2fa9-40f6-9109-ae6f582d8ca2,79c9abdc-b6c3-4fd6-a07b-9424af3cd7a1,c2,DROP,1020,?,i12,
1769500713.8822708,FORWARDED,36e2409d-2fa9-40f6-9109-ae6f582d8ca2,79c9abdc-b6c3-4fd6-a07b-9424af3cd7a1,c2,DROP,1020,?,i12,
1769500713.9551845,SENT,0af05f80-95cc-4afe-89a5-3997112b87d6,b27b2afb-d1e2-4f65-9828-67474768156f,c2,c1,1780,?,i10,
1769500713.955224,FORWARDED,0af05f80-95cc-4afe-89a5-3997112b87d6,b27b2afb-d1e2-4f65-9828-67474768156f,c2,c1,1780,?,i10,
1769500714.5521376,RECEIVED,3f8b1e39-f311-4525-a73a-9feb90d69cd5,5268bd73-b76d-4b46-9975-241c881c7d4c,c4,DROP,441,x4,?,
1769500714.56118,SENT,88307539-03ef-47a3-b9b9-dfcd76c48235,2e6bf14e-4d84-4e27-845a-bd66ffbc3bca,c5,DROP,1009,?,i3,
1769500714.5612247,FORWARDED,88307539-03ef-47a3-b9b9-dfcd76c48235,2e6bf14e-4d84-4e27-845a-bd66ffbc3bca,c5,DROP,1009,?,i3,
1769500714.5680819,RECEIVED,fab8cf6a-c144-4bd7-be77-d2e1d6faefa4,9ec5b24f-2268-46e9-8df7-121711b109c0,c5,None,2239,p2,?,
1769500714.6529586,RECEIVED,1299e9da-7745-4b36-b8c2-5e5d568b3718,7531f63c-4558-44a7-b909-21b85ae5955c,c3,None,2238,p3,?,
1769500714.6983004,SENT,939d9b6a-221a-4659-a69c-a9d6536ee9e5,d1950c54-c7ec-49de-9f71-7355fd974b35,c5,DROP,1012,?,i2,
1769500714.6983416,FORWARDED,939d9b6a-221a-4659-a69c-a9d6536ee9e5,d1950c54-c7ec-49de-9f71-7355fd974b35,c5,DROP,1012,?,i2,
1769500714.7938814,RECEIVED,7a882288-aeed-4caa-b7df-5bdbf1a90a00,483d4910-bd85-4ba5-9a42-262ce1648732,c1,DROP,1452,p1,?,
1769500714.9028754,RECEIVED,f3d74b2b-6838-48e4-9c59-5daeaae3dfd4,62bbc2d1-d819-4590-aabd-a2e1ffb50470,c1,DROP,442,x11,?,
1769500714.931637,SENT,7a882288-aeed-4caa-b7df-5bdbf1a90a00,483d4910-bd85-4ba5-9a42-262ce1648732,c1,DROP,1015,?,i3,
1769500714.93168,FORWARDED,7a882288-aeed-4caa-b7df-5bdbf1a90a00,483d4910-bd85-4ba5-9a42-262ce1648732,c1,DROP,1015,?,i3,
1769500715.0112112,SENT,fab8cf6a-c144-4bd7-be77-d2e1d6faefa4,9ec5b24f-2268-46e9-8df7-121711b109c0,c5,None,1607,?,i9,
1769500715.011257,FORWARDED,fab8cf6a-c144-4bd7-be77-d2e1d6faefa4,9ec5b24f-2268-46e9-8df7-121711b109c0,c5,None,1607,?,i9,
1769500715.0998044,RECEIVED,18e07eaa-bf0e-4c61-90c9-2d0e96c482e0,bbab96dc-db8c-4abc-b302-b09e8194d2c5,c2,c1,2452,p2,?,
1769500715.1207907,RECEIVED,5bae0d4d-69b1-4ea8-bf24-4f483361982c,e6f0315b-3d10-4832-9678-4f7d27d131f0,c4,DROP,1440,p1,?,
1769500715.1384344,RECEIVED,53977d70-22c8-4138-b817-55d69dbd0790,ef739dea-62ef-4e02-8fbe-1e27df15c051,c2,DROP,1449,p2,?,
1769500715.1966164,SENT,18e07eaa-bf0e-4c61-90c9-2d0e96c482e0,bbab96dc-db8c-4abc-b302-b09e8194d2c5,c2,c1,1767,?,i5,
1769500715.196657,FORWARDED,18e07eaa-bf0e-4c61-90c9-2d0e96c482e0,bbab96dc-db8c-4abc-b302-b09e8194d2c5,c2,c1,1767,?,i5,
1769500715.230843,SENT,5bae0d4d-69b1-4ea8-bf24-4f483361982c,e6f0315b-3d10-4832-9678-4f7d27d131f0,c4,DROP,1007,?,i4,
1769500715.230884,FORWARDED,5bae0d4d-69b1-4ea8-bf24-4f483361982c,e6f0315b-3d10-4832-9678-4f7d27d131f0,c4,DROP,1007,?,i4,
1769500715.2721548,RECEIVED,8a0dcf02-ddf8-4e67-aebb-bd5fb09b8f4f,08ccfca9-2996-4f9d-94c9-ab085a4d984c,c4,DROP,1441,p1,?,
1769500715.424987,SENT,53977d70-22c8-4138-b817-55d69dbd0790,ef739dea-62ef-4e02-8fbe-1e27df15c051,c2,DROP,1013,?,i12,
1769500715.4250283,FORWARDED,53977d70-22c8-4138-b817-55d69dbd0790,ef739dea-62ef-4e02-8fbe-1e27df15c051,c2,DROP,1013,?,i12,
1769500715.4372919,SENT,1299e9da-7745-4b36-b8c2-5e5d568b3718,7531f63c-4558-44a7-b909-21b85ae5955c,c3,None,1607,?,i4,
1769500715.4373348,FORWARDED,1299e9da-7745-4b36-b8c2-5e5d568b3718,7531f63c-4558-44a7-b909-21b85ae5955c,c3,None,1607,?,i4,
1769500715.5175614,SENT,8a0dcf02-ddf8-4e67-aebb-bd5fb09b8f4f,08ccfca9-2996-4f9d-94c9-ab085a4d984c,c4,DROP,1008,?,i11,
1769500715.5176146,FORWARDED,8a0dcf02-ddf8-4e67-aebb-bd5fb09b8f4f,08ccfca9-2996-4f9d-94c9-ab085a4d984c,c4,DROP,1008,?,i11,
1769500715.5191805,RECEIVED,de075938-622f-4df0-bc4e-cd67b021d794,fe985ab8-fc75-4c1b-9e9c-9155b91f220e,c5,DROP,1438,p2,?,
1769500715.669705,RECEIVED,c0d20b08-64bf-4f82-a4ab-cb93f98e3d48,341f8ef1-f7ee-4971-8b64-38a516cd6ebd,c1,DROP,1464,p1,?,
1769500715.8938289,RECEIVED,930c5f5f-8e11-4cdc-a196-fdfb2c49c91e,b159fed0-949a-4d22-95b0-035bf6fe3e8a,c3,DROP,1447,p3,?,
1769500716.0279927,RECEIVED,4990d7c8-885f-4d29-b340-b6b691155aae,3002fb3d-1ed5-490d-9731-450888d3ba94,c3,c4,2447,p3,?,
1769500716.0403578,RECEIVED,4a360514-1e82-4aed-aab6-8ec047f6f903,2fb5f3ac-968c-43cf-8594-2dacce6698aa,c4,DROP,1447,p1,?,
1769500716.0451374,SENT,930c5f5f-8e11-4cdc-a196-fdfb2c49c91e,b159fed0-949a-4d22-95b0-035bf6fe3e8a,c3,DROP,1012,?,i3,
1769500716.0451798,FORWARDED,930c5f5f-8e11-4cdc-a196-fdfb2c49c91e,b159fed0-949a-4d22-95b0-035bf6fe3e8a,c3,DROP,1012,?,i3,
1769500716.0991023,RECEIVED,8664d2ae-5db4-4353-8c3f-6a3bc2ca5035,8651ac5b-18eb-4e94-a75c-6d29d5392bf8,c2,DROP,1445,p2,?,
1769500716.1017547,RECEIVED,4eff7b9c-6952-4c75-9cfc-0ae061a8e0a4,2867c9cc-5c80-4ee7-af81-054c09160777,c5,DROP,1453,p2,?,
1769500716.117964,SENT,8664d2ae-5db4-4353-8c3f-6a3bc2ca5035,8651ac5b-18eb-4e94-a75c-6d29d5392bf8,c2,DROP,1009,?,i8,
1769500716.1180067,FORWARDED,8664d2ae-5db4-4353-8c3f-6a3bc2ca5035,8651ac5b-18eb-4e94-a75c-6d29d5392bf8,c2,DROP,1009,?,i8,
1769500716.1247418,SENT,c0d20b08-64bf-4f82-a4ab-cb93f98e3d48,341f8ef1-f7ee-4971-8b64-38a516cd6ebd,c1,DROP,1024,?,i12,
1769500716.1247828,FORWARDED,c0d20b08-64bf-4f82-a4ab-cb93f98e3d48,341f8ef1-f7ee-4971-8b64-38a516cd6ebd,c1,DROP,1024,?,i12,
1769500716.1573975,RECEIVED,bf878bf2-26b8-4b90-9cdf-29d65a422a20,c40e8daa-936e-426d-907a-f2c87ffe41df,c1,c5,2464,p1,?,
1769500716.241511,SENT,4eff7b9c-6952-4c75-9cfc-0ae061a8e0a4,2867c9cc-5c80-4ee7-af81-054c09160777,c5,DROP,1015,?,i12,
1769500716.241554,FORWARDED,4eff7b9c-6952-4c75-9cfc-0ae061a8e0a4,2867c9cc-5c80-4ee7-af81-054c09160777,c5,DROP,1015,?,i12,
1769500716.3709903,SENT,bf878bf2-26b8-4b90-9cdf-29d65a422a20,c40e8daa-936e-426d-907a-f2c87ffe41df,c1,c5,1776,?,i9,
1769500716.3710322,FORWARDED,bf878bf2-26b8-4b90-9cdf-29d65a422a20,c40e8daa-936e-426d-907a-f2c87ffe41df,c1,c5,1776,?,i9,
1769500716.6176028,SENT,de075938-622f-4df0-bc4e-cd67b021d794,fe985ab8-fc75-4c1b-9e9c-9155b91f220e,c5,DROP,1007,?,i7,
1769500716.6176379,FORWARDED,de075938-622f-4df0-bc4e-cd67b021d794,fe985ab8-fc75-4c1b-9e9c-9155b91f220e,c5,DROP,1007,?,i7,
1769500716.6911702,SENT,4a360514-1e82-4aed-aab6-8ec047f6f903,2fb5f3ac-968c-43cf-8594-2dacce6698aa,c4,DROP,1012,?,i2,
1769500716.691213,FORWARDED,4a360514-1e82-4aed-aab6-8ec047f6f903,2fb5f3ac-968c-43cf-8594-2dacce6698aa,c4,DROP,1012,?,i2,
1769500716.705422,RECEIVED,adb726b0-6db5-4207-bc5f-88b1d2c2bd31,3330c01d-c574-45e7-a4e8-ed3c2d42e845,c4,DROP,1439,p1,?,
1769500717.0412898,SENT,4990d7c8-885f-4d29-b340-b6b691155aae,3002fb3d-1ed5-490d-9731-450888d3ba94,c3,c4,1764,?,i3,
1769500717.0413265,FORWARDED,4990d7c8-885f-4d29-b340-b6b691155aae,3002fb3d-1ed5-490d-9731-450888d3ba94,c3,c4,1764,?,i3,
1769500717.095618,SENT,adb726b0-6db5-4207-bc5f-88b1d2c2bd31,3330c01d-c574-45e7-a4e8-ed3c2d42e845,c4,DROP,1008,?,i1,
1769500717.0956593,FORWARDED,adb726b0-6db5-4207-bc5f-88b1d2c2bd31,3330c01d-c574-45e7-a4e8-ed3c2d42e845,c4,DROP,1008,?,i1,
1769500717.096714,RECEIVED,944d8d96-6609-47c9-8814-23522028bf60,cb5322b4-8fc0-4d23-b98c-a51163a39db7,c1,DROP,1441,p1,?,
1769500717.1405315,RECEIVED,1dcca90b-a8e4-42cb-b95c-da2639e26e23,d26f6628-99fe-42f9-8ac2-73f50759bd04,c5,DROP,1451,p2,?,
1769500717.2656565,RECEIVED,4d9e6f06-31b5-4b00-87b7-ae932dc22c91,a02f88b3-d6ec-40d7-8c8b-586be3941fea,c1,None,2222,p1,?,
1769500717.271721,SENT,944d8d96-6609-47c9-8814-23522028bf60,cb5322b4-8fc0-4d23-b98c-a51163a39db7,c1,DROP,1008,?,i11,
1769500717.2717626,FORWARDED,944d8d96-6609-47c9-8814-23522028bf60,cb5322b4-8fc0-4d23-b98c-a51163a39db7,c1,DROP,1008,?,i11,
1769500717.29953,RECEIVED,8bd8da1c-a752-412f-95ba-775757001267,b9857fb1-c3f1-409d-9134-0b1ce335c2c9,c1,None,2231,p1,?,
1769500717.4361253,SENT,4d9e6f06-31b5-4b00-87b7-ae932dc22c91,a02f88b3-d6ec-40d7-8c8b-586be3941fea,c1,None,1596,?,i4,
1769500717.4361694,FORWARDED,4d9e6f06-31b5-4b00-87b7-ae932dc22c91,a02f88b3-d6ec-40d7-8c8b-586be3941fea,c1,None,1596,?,i4,
1769500717.5405378,RECEIVED,b56a4107-2079-48a3-9681-9e606f1a14c8,1718a6fe-454d-48ed-8d50-668e7288e55f,c1,None,2239,p1,?,
1769500717.566607,SENT,226a3619-9c44-4366-8b87-9908734b7c80,13d74f55-57e1-4870-9f7e-4abcea3d756c,c5,DROP,1017,?,i4,
1769500717.5666485,FORWARDED,226a3619-9c44-4366-8b87-9908734b7c80,13d74f55-57e1-4870-9f7e-4abcea3d756c,c5,DROP,1017,?,i4,
1769500717.6254125,RECEIVED,0f80f5bf-5401-4ff5-a525-a8b42aea3286,d4204534-1d37-4aa1-998d-930d1667b72e,c1,DROP,445,x10,?,
1769500717.6454103,SENT,b56a4107-2079-48a3-9681-9e606f1a14c8,1718a6fe-454d-48ed-8d50-668e7288e55f,c1,None,1606,?,i7,
1769500717.6454544,FORWARDED,b56a4107-2079-48a3-9681-9e606f1a14c8,1718a6fe-454d-48ed-8d50-668e7288e55f,c1,None,1606,?,i7,
1769500717.6597233,SENT,1dcca90b-a8e4-42cb-b95c-da2639e26e23,d26f6628-99fe-42f9-8ac2-73f50759bd04,c5,DROP,1015,?,i9,
1769500717.6597674,FORWARDED,1dcca90b-a8e4-42cb-b95c-da2639e26e23,d26f6628-99fe-42f9-8ac2-73f50759bd04,c5,DROP,1015,?,i9,
1769500717.6747868,SENT,8bd8da1c-a752-412f-95ba-775757001267,b9857fb1-c3f1-409d-9134-0b1ce335c2c9,c1,None,1601,?,i4,
1769500717.6748307,FORWARDED,8bd8da1c-a752-412f-95ba-775757001267,b9857fb1-c3f1-409d-9134-0b1ce335c2c9,c1,None,1601,?,i4,
1769500717.8659523,RECEIVED,87f46452-306a-4a28-a7b5-99e0ac418b6c,309e5168-ca17-4c51-acaa-ce56b0476eb9,c2,DROP,441,x4,?,
1769500717.8941057,RECEIVED,402a184e-9c01-4cc0-8f05-2ca5ff89a01f,42ae6232-3a36-479d-8161-1f727cb2710a,c3,DROP,1440,p3,?,
1769500717.9469445,RECEIVED,851ad0a9-00d3-4fd3-9686-1bbf6fdc92ed,de757dc8-8ba5-4d2f-87e1-38358df518c6,c2,None,2227,p2,?,
1769500718.157537,SENT,851ad0a9-00d3-4fd3-9686-1bbf6fdc92ed,de757dc8-8ba5-4d2f-87e1-38358df518c6,c2,None,1599,?,i4,
1769500718.1575873,FORWARDED,851ad0a9-00d3-4fd3-9686-1bbf6fdc92ed,de757dc8-8ba5-4d2f-87e1-38358df518c6,c2,None,1599,?,i4,
1769500718.1808784,RECEIVED,06d50e1b-dff3-40ca-a4e5-9ea0f4829eac,ff4ba4e2-6ec0-45a5-9b04-d3277b3e88e5,c5,DROP,1437,p2,?,
1769500718.2937381,RECEIVED,12b6cb0b-96d2-4922-8a9f-2f47aaa507a7,661f89b6-3e99-49ef-8e70-aaed1c03194c,c1,DROP,1448,p1,?,
1769500718.3048732,SENT,402a184e-9c01-4cc0-8f05-2ca5ff89a01f,42ae6232-3a36-479d-8161-1f727cb2710a,c3,DROP,1007,?,i2,
1769500718.3049166,FORWARDED,402a184e-9c01-4cc0-8f05-2ca5ff89a01f,42ae6232-3a36-479d-8161-1f727cb2710a,c3,DROP,1007,?,i2,
1769500718.339835,RECEIVED,430c9495-0b9d-46d9-9691-f3cb3bf06479,5c81c407-7010-4739-ba29-a123dabaceb0,c3,c4,2473,p3,?,
1769500718.3533525,RECEIVED,afff4c2e-b10a-4a1a-bdcd-e85cbadc9bb2,cf18c355-c871-4d93-8dac-ff88ff00183b,c5,c2,2468,p2,?,
1769500718.4475245,SENT,12b6cb0b-96d2-4922-8a9f-2f47aaa507a7,661f89b6-3e99-49ef-8e70-aaed1c03194c,c1,DROP,1014,?,i1,
1769500718.4475765,FORWARDED,12b6cb0b-96d2-4922-8a9f-2f47aaa507a7,661f89b6-3e99-49ef-8e70-aaed1c03194c,c1,DROP,1014,?,i1,
1769500718.4492304,RECEIVED,514dad11-60fc-444f-93f0-5ad5bd23db3e,7f988b2d-dca4-48ec-a64d-d4a2ec54d0eb,c3,DROP,1449,p3,?,
1769500718.5052319,SENT,514dad11-60fc-444f-93f0-5ad5bd23db3e,7f988b2d-dca4-48ec-a64d-d4a2ec54d0eb,c3,DROP,1012,?,i6,
1769500718.505687,FORWARDED,514dad11-60fc-444f-93f0-5ad5bd23db3e,7f988b2d-dca4-48ec-a64d-d4a2ec54d0eb,c3,DROP,1012,?,i6,
1769500718.5385103,SENT,430c9495-0b9d-46d9-9691-f3cb3bf06479,5c81c407-7010-4739-ba29-a123dabaceb0,c3,c4,1780,?,i11,
1769500718.5385525,FORWARDED,430c9495-0b9d-46d9-9691-f3cb3bf06479,5c81c407-7010-4739-ba29-a123dabaceb0,c3,c4,1780,?,i11,
1769500718.5704615,SENT,afff4c2e-b10a-4a1a-bdcd-e85cbadc9bb2,cf18c355-c871-4d93-8dac-ff88ff00183b,c5,c2,1779,?,i3,
1769500718.570505,FORWARDED,afff4c2e-b10a-4a1a-bdcd-e85cbadc9bb2,cf18c355-c871-4d93-8dac-ff88ff00183b,c5,c2,1779,?,i3,
1769500718.6106975,RECEIVED,dcff7975-bf6a-4d23-b98b-aa5b51d93896,b68df9e1-18c8-4f80-9ccd-7bca3b777c4b,c1,DROP,1459,p1,?,
1769500718.6690333,RECEIVED,d9e9dd1c-62eb-4a86-8b4d-670c52465a7e,debb9b72-5ab1-4730-9db1-3b68e3d66d7a,c4,DROP,1452,p1,?,
1769500718.8066816,SENT,d9e9dd1c-62eb-4a86-8b4d-670c52465a7e,debb9b72-5ab1-4730-9db1-3b68e3d66d7a,c4,DROP,1016,?,i7,
1769500718.806723,FORWARDED,d9e9dd1c-62eb-4a86-8b4d-670c52465a7e,debb9b72-5ab1-4730-9db1-3b68e3d66d7a,c4,DROP,1016,?,i7,
1769500718.85399,RECEIVED,183a5185-5add-470a-aaf2-29c5d7943cd2,371dffb6-7500-47a7-b7c6-5fb7111d263c,c2,c1,2480,p2,?,
1769500718.9817884,SENT,183a5185-5add-470a-aaf2-29c5d7943cd2,371dffb6-7500-47a7-b7c6-5fb7111d263c,c2,c1,1787,?,i1,
1769500718.9818242,FORWARDED,183a5185-5add-470a-aaf2-29c5d7943cd2,371dffb6-7500-47a7-b7c6-5fb7111d263c,c2,c1,1787,?,i1,
1769500719.070285,SENT,dcff7975-bf6a-4d23-b98b-aa5b51d93896,b68df9e1-18c8-4f80-9ccd-7bca3b777c4b,c1,DROP,1021,?,i11,
1769500719.0703247,FORWARDED,dcff7975-bf6a-4d23-b98b-aa5b51d93896,b68df9e1-18c8-4f80-9ccd-7bca3b777c4b,c1,DROP,1021,?,i11,
1769500719.1398973,RECEIVED,2e0ba95c-f175-417b-9f90-175f431e8181,f36c4e39-6c2c-4ed1-a4d0-21b220cc202b,c3,DROP,1436,p3,?,
1769500719.220632,SENT,06d50e1b-dff3-40ca-a4e5-9ea0f4829eac,ff4ba4e2-6ec0-45a5-9b04-d3277b3e88e5,c5,DROP,1007,?,i4,
1769500719.2206752,FORWARDED,06d50e1b-dff3-40ca-a4e5-9ea0f4829eac,ff4ba4e2-6ec0-45a5-9b04-d3277b3e88e5,c5,DROP,1007,?,i4,
1769500719.2227268,RECEIVED,b3ab6af1-9e02-4152-83f1-da1bd1ff0163,d2c5602d-3765-48b1-912e-35ae03b7d7f3,c2,c1,2454,p2,?,
1769500719.2354686,RECEIVED,c9e3c4a2-838c-4087-8c00-3d2e57cf6d1d,0c565db2-1ce8-4bb0-8d37-52e668d17de1,c2,DROP,1452,p2,?,
1769500719.3231452,SENT,c9e3c4a2-838c-4087-8c00-3d2e57cf6d1d,0c565db2-1ce8-4bb0-8d37-52e668d17de1,c2,DROP,1016,?,i3,
1769500719.323187,FORWARDED,c9e3c4a2-838c-4087-8c00-3d2e57cf6d1d,0c565db2-1ce8-4bb0-8d37-52e668d17de1,c2,DROP,1016,?,i3,
1769500719.327376,RECEIVED,c4345594-0222-4788-9073-e9a39c751f7a,61596b01-6c2a-4c00-81f2-ecd1383ce438,c4,DROP,1440,p1,?,
1769500719.3344135,RECEIVED,af438763-b1d8-405d-82ba-8460ca63862d,68106990-da88-4dbd-b40a-73ba4be205e8,c5,c2,2464,p2,?,
1769500719.3928733,SENT,2e0ba95c-f175-417b-9f90-175f431e8181,f36c4e39-6c2c-4ed1-a4d0-21b220cc202b,c3,DROP,1003,?,i9,
1769500719.3929117,FORWARDED,2e0ba95c-f175-417b-9f90-175f431e8181,f36c4e39-6c2c-4ed1-a4d0-21b220cc202b,c3,DROP,1003,?,i9,
1769500719.5055225,SENT,af438763-b1d8-405d-82ba-8460ca63862d,68106990-da88-4dbd-b40a-73ba4be205e8,c5,c2,1775,?,i9,
1769500719.5055664,FORWARDED,af438763-b1d8-405d-82ba-8460ca63862d,68106990-da88-4dbd-b40a-73ba4be205e8,c5,c2,1775,?,i9,
1769500719.56371,RECEIVED,85008cdd-99a2-4049-9918-07fba9c560be,4cb52e8b-f72f-433d-a3ae-37144059b183,c4,DROP,1448,p1,?,
1769500719.7065957,SENT,c4345594-0222-4788-9073-e9a39c751f7a,61596b01-6c2a-4c00-81f2-ecd1383ce438,c4,DROP,1008,?,i10,
1769500719.7066398,FORWARDED,c4345594-0222-4788-9073-e9a39c751f7a,61596b01-6c2a-4c00-81f2-ecd1383ce438,c4,DROP,1008,?,i10,
1769500719.7525582,RECEIVED,015b19c7-a117-4f39-99dc-997d0693b8ea,ec6c9723-ca6f-4cdf-8df7-7a810750c23f,c5,DROP,1451,p2,?,
1769500719.7698805,SENT,b3ab6af1-9e02-4152-83f1-da1bd1ff0163,d2c5602d-3765-48b1-912e-35ae03b7d7f3,c2,c1,1768,?,i9,
1769500719.76994,FORWARDED,b3ab6af1-9e02-4152-83f1-da1bd1ff0163,d2c5602d-3765-48b1-912e-35ae03b7d7f3,c2,c1,1768,?,i9,
1769500719.9758332,RECEIVED,a05c6d85-3bef-4d66-ba43-69ed5cc9b36b,8839b767-5300-4ebb-9e38-c4ce6aeaf9eb,c1,DROP,1440,p1,?,
1769500720.0054386,RECEIVED,bca9959d-104e-425e-8eab-f98557c2b50b,919f079d-ccd1-439a-b153-ecdd482e56f2,c1,c5,2468,p1,?,
1769500720.076881,SENT,a05c6d85-3bef-4d66-ba43-69ed5cc9b36b,8839b767-5300-4ebb-9e38-c4ce6aeaf9eb,c1,DROP,1007,?,i2,
1769500720.0769234,FORWARDED,a05c6d85-3bef-4d66-ba43-69ed5cc9b36b,8839b767-5300-4ebb-9e38-c4ce6aeaf9eb,c1,DROP,1007,?,i2,
1769500720.0791316,RECEIVED,5b098658-b408-4633-8f23-26a5c9f656f2,7ce94eab-296a-48a5-979f-4b0ff7197960,c3,None,2223,p3,?,
1769500720.092221,RECEIVED,ba9b7538-54fa-4ce1-9c87-44b6cd7009f4,b520ed6a-f6ec-45cc-b071-c360546fb72f,c4,DROP,1451,p1,?,
1769500720.1240199,SENT,85008cdd-99a2-4049-9918-07fba9c560be,4cb52e8b-f72f-433d-a3ae-37144059b183,c4,DROP,1013,?,i10,
1769500720.1240764,FORWARDED,85008cdd-99a2-4049-9918-07fba9c560be,4cb52e8b-f72f-433d-a3ae-37144059b183,c4,DROP,1013,?,i10,
1769500720.2312608,SENT,5b098658-b408-4633-8f23-26a5c9f656f2,7ce94eab-296a-48a5-979f-4b0ff7197960,c3,None,1595,?,i2,
1769500720.231299,FORWARDED,5b098658-b408-4633-8f23-26a5c9f656f2,7ce94eab-296a-48a5-979f-4b0ff7197960,c3,None,1595,?,i2,
1769500720.2465255,SENT,bca9959d-104e-425e-8eab-f98557c2b50b,919f079d-ccd1-439a-b153-ecdd482e56f2,c1,c5,1777,?,i12,
1769500720.2465608,FORWARDED,bca9959d-104e-425e-8eab-f98557c2b50b,919f079d-ccd1-439a-b153-ecdd482e56f2,c1,c5,1777,?,i12,
1769500720.25332,SENT,015b19c7-a117-4f39-99dc-997d0693b8ea,ec6c9723-ca6f-4cdf-8df7-7a810750c23f,c5,DROP,1015,?,i3,
1769500720.2533627,FORWARDED,015b19c7-a117-4f39-99dc-997d0693b8ea,ec6c9723-ca6f-4cdf-8df7-7a810750c23f,c5,DROP,1015,?,i3,
1769500720.2957551,RECEIVED,b7caa9bd-385c-4c92-b3d1-46d64ad90123,75150b72-9e77-4e87-8759-a64d65552379,c4,DROP,1444,p1,?,
1769500720.2994812,RECEIVED,dbc94027-b790-4bef-a555-8be90a73d66c,50191ef4-080f-498a-b18e-904e70d3acaa,c5,DROP,1457,p2,?,
1769500720.7673383,RECEIVED,6436e0ef-1b79-4afe-958a-ed35133b0a30,01dd8822-f4bb-40c5-aba5-6911d4738f9c,c5,DROP,1447,p2,?,
1769500720.7751906,SENT,dbc94027-b790-4bef-a555-8be90a73d66c,50191ef4-080f-498a-b18e-904e70d3acaa,c5,DROP,1020,?,i11,
1769500720.7752342,FORWARDED,dbc94027-b790-4bef-a555-8be90a73d66c,50191ef4-080f-498a-b18e-904e70d3acaa,c5,DROP,1020,?,i11,
1769500720.8034875,SENT,b7caa9bd-385c-4c92-b3d1-46d64ad90123,75150b72-9e77-4e87-8759-a64d65552379,c4,DROP,1011,?,i10,
1769500720.803533,FORWARDED,b7caa9bd-385c-4c92-b3d1-46d64ad90123,75150b72-9e77-4e87-8759-a64d65552379,c4,DROP,1011,?,i10,
1769500720.9482398,RECEIVED,72742c65-5359-48a1-a5e0-541088cbe3b3,5818d279-ee36-4dff-85bc-770f1a2738fc,c4,DROP,442,x6,?,
1769500720.9588962,RECEIVED,bd941631-ed00-4c2e-a54e-5107902fda9a,94e3ebe8-9667-42fa-ac43-294d2d5bf1f9,c3,c4,2451,p3,?,
1769500721.1460268,RECEIVED,ce00f2b3-e0ae-4082-a310-0880681a169f,21c98b57-110e-4dc5-946b-ee595f323e23,c2,None,2227,p2,?,
1769500721.1696737,RECEIVED,5e14b416-9fe2-40f0-a66a-8689960615b5,4bce6844-1afa-4587-b949-fb48693c94b7,c5,DROP,1439,p2,?,
1769500721.2388117,SENT,5e14b416-9fe2-40f0-a66a-8689960615b5,4bce6844-1afa-4587-b949-fb48693c94b7,c5,DROP,1007,?,i1,
1769500721.238847,FORWARDED,5e14b416-9fe2-40f0-a66a-8689960615b5,4bce6844-1afa-4587-b949-fb48693c94b7,c5,DROP,1007,?,i1,
1769500721.4346287,RECEIVED,7400a174-716d-4c8e-91ca-c70bbd33e23d,d5e7fd2a-7d41-4fe1-a461-60079bc7cfb5,c3,DROP,1443,p3,?,
1769500721.4492834,SENT,bd941631-ed00-4c2e-a54e-5107902fda9a,94e3ebe8-9667-42fa-ac43-294d2d5bf1f9,c3,c4,1765,?,i1,
1769500721.4493248,FORWARDED,bd941631-ed00-4c2e-a54e-5107902fda9a,94e3ebe8-9667-42fa-ac43-294d2d5bf1f9,c3,c4,1765,?,i1,
1769500721.497505,RECEIVED,2e4e61b7-9982-4da1-8fa9-06466bdd2f62,e303905c-5914-48ca-9f2f-87bbe9e3aab7,c1,DROP,442,x3,?,
1769500721.7463253,RECEIVED,c7e1dab2-d9ca-425f-9af1-a8b9d9b25b9b,17624fee-f0a9-4acc-ac7b-7cd294d7e0b1,c2,c1,2459,p2,?,
1769500721.7467163,RECEIVED,15c2369c-f5b1-4ce0-8e1c-107dd9617355,fd1378f8-0ceb-4a2e-b0c9-9b8f81fcef1d,c1,DROP,1443,p1,?,
1769500721.7777762,RECEIVED,6fe08349-5028-40a2-acae-939945b6e01b,c4cb106e-9e3f-435d-85d9-6c8aac9de7f0,c4,c3,2464,p1,?,
1769500721.8746717,SENT,6fe08349-5028-40a2-acae-939945b6e01b,c4cb106e-9e3f-435d-85d9-6c8aac9de7f0,c4,c3,1776,?,i4,
1769500721.8747072,FORWARDED,6fe08349-5028-40a2-acae-939945b6e01b,c4cb106e-9e3f-435d-85d9-6c8aac9de7f0,c4,c3,1776,?,i4,
1769500721.940411,SENT,7400a174-716d-4c8e-91ca-c70bbd33e23d,d5e7fd2a-7d41-4fe1-a461-60079bc7cfb5,c3,DROP,1010,?,i2,
1769500721.9404547,FORWARDED,7400a174-716d-4c8e-91ca-c70bbd33e23d,d5e7fd2a-7d41-4fe1-a461-60079bc7cfb5,c3,DROP,1010,?,i2,
1769500722.141814,SENT,6436e0ef-1b79-4afe-958a-ed35133b0a30,01dd8822-f4bb-40c5-aba5-6911d4738f9c,c5,DROP,1014,?,i9,
1769500722.1418512,FORWARDED,6436e0ef-1b79-4afe-958a-ed35133b0a30,01dd8822-f4bb-40c5-aba5-6911d4738f9c,c5,DROP,1014,?,i9,
1769500722.1931314,SENT,c7e1dab2-d9ca-425f-9af1-a8b9d9b25b9b,17624fee-f0a9-4acc-ac7b-7cd294d7e0b1,c2,c1,1772,?,i1,
1769500722.1931758,FORWARDED,c7e1dab2-d9ca-425f-9af1-a8b9d9b25b9b,17624fee-f0a9-4acc-ac7b-7cd294d7e0b1,c2,c1,1772,?,i1,
1769500722.5654628,SENT,ba9b7538-54fa-4ce1-9c87-44b6cd7009f4,b520ed6a-f6ec-45cc-b071-c360546fb72f,c4,DROP,1016,?,i5,
1769500722.565501,FORWARDED,ba9b7538-54fa-4ce1-9c87-44b6cd7009f4,b520ed6a-f6ec-45cc-b071-c360546fb72f,c4,DROP,1016,?,i5,
1769500722.6001556,RECEIVED,5d7d3f44-751d-437c-8848-2d97fad925e9,2ab7f837-b55e-4ae4-99fd-4ed62a171c98,c2,None,2234,p2,?,
1769500722.655453,RECEIVED,250f07c9-cacf-4291-b4b9-ccb0d04ec88c,b81dde96-d944-4fc7-ad50-bc8ae57bb5a5,c2,DROP,1439,p2,?,
1769500722.788739,SENT,5d7d3f44-751d-437c-8848-2d97fad925e9,2ab7f837-b55e-4ae4-99fd-4ed62a171c98,c2,None,1603,?,i7,
1769500722.788783,FORWARDED,5d7d3f44-751d-437c-8848-2d97fad925e9,2ab7f837-b55e-4ae4-99fd-4ed62a171c98,c2,None,1603,?,i7,
1769500722.867479,RECEIVED,2d8ea9db-5622-4794-962e-e03de2d0eedf,2d4db3eb-60c2-46b1-83c2-4dc41e083eb6,c1,c5,2461,p1,?,
1769500722.8968763,SENT,15c2369c-f5b1-4ce0-8e1c-107dd9617355,fd1378f8-0ceb-4a2e-b0c9-9b8f81fcef1d,c1,DROP,1011,?,i4,
1769500722.8969152,FORWARDED,15c2369c-f5b1-4ce0-8e1c-107dd9617355,fd1378f8-0ceb-4a2e-b0c9-9b8f81fcef1d,c1,DROP,1011,?,i4,
1769500722.9335773,SENT,250f07c9-cacf-4291-b4b9-ccb0d04ec88c,b81dde96-d944-4fc7-ad50-bc8ae57bb5a5,c2,DROP,1006,?,i7,
1769500722.9336176,FORWARDED,250f07c9-cacf-4291-b4b9-ccb0d04ec88c,b81dde96-d944-4fc7-ad50-bc8ae57bb5a5,c2,DROP,1006,?,i7,
1769500723.01923,SENT,2d8ea9db-5622-4794-962e-e03de2d0eedf,2d4db3eb-60c2-46b1-83c2-4dc41e083eb6,c1,c5,1772,?,i11,
1769500723.0192685,FORWARDED,2d8ea9db-5622-4794-962e-e03de2d0eedf,2d4db3eb-60c2-46b1-83c2-4dc41e083eb6,c1,c5,1772,?,i11,
1769500723.1344337,SENT,ce00f2b3-e0ae-4082-a310-0880681a169f,21c98b57-110e-4dc5-946b-ee595f323e23,c2,None,1599,?,i4,
1769500723.134477,FORWARDED,ce00f2b3-e0ae-4082-a310-0880681a169f,21c98b57-110e-4dc5-946b-ee595f323e23,c2,None,1599,?,i4,
1769500723.4102588,RECEIVED,8d5d7b30-9977-4c61-8d29-039934969b99,358ea704-0125-4010-a0f1-8c82b91b25ab,c2,DROP,1451,p2,?,
1769500723.474517,RECEIVED,e0a17cd9-e664-4e3e-94db-55f68fdadff0,22d266b2-cc71-47ec-9908-12e0eb0a97cf,c1,DROP,1434,p1,?,
1769500723.6905982,SENT,e0a17cd9-e664-4e3e-94db-55f68fdadff0,22d266b2-cc71-47ec-9908-12e0eb0a97cf,c1,DROP,1004,?,i2,
1769500723.690641,FORWARDED,e0a17cd9-e664-4e3e-94db-55f68fdadff0,22d266b2-cc71-47ec-9908-12e0eb0a97cf,c1,DROP,1004,?,i2,
1769500723.71031,RECEIVED,33aaac94-f5c2-46de-8a7a-f9f3771ab31e,a889abe5-0fc8-468b-a6f6-c3527701ecfc,c1,DROP,1443,p1,?,
1769500723.8477695,RECEIVED,0b2686b3-fcaf-40f7-9a09-507068f2460e,4c6e18a7-ba83-488a-9edd-3869f9b3917b,c3,None,2222,p3,?,
1769500723.8482013,RECEIVED,87b8827d-c869-4bac-94d8-95970b885256,034eb7c9-4d07-4d12-a173-24de4745c212,c2,DROP,1455,p2,?,
1769500723.9568946,SENT,8d5d7b30-9977-4c61-8d29-039934969b99,358ea704-0125-4010-a0f1-8c82b91b25ab,c2,DROP,1015,?,i5,
1769500723.9569345,FORWARDED,8d5d7b30-9977-4c61-8d29-039934969b99,358ea704-0125-4010-a0f1-8c82b91b25ab,c2,DROP,1015,?,i5,
1769500724.1806297,RECEIVED,71bb9c08-5612-4d6a-a592-2072e1ac736b,98dc6989-7016-4889-bae5-eff7a12bd001,c2,c1,2468,p2,?,
1769500724.2239566,SENT,87b8827d-c869-4bac-94d8-95970b885256,034eb7c9-4d07-4d12-a173-24de4745c212,c2,DROP,1019,?,i2,
1769500724.2240047,FORWARDED,87b8827d-c869-4bac-94d8-95970b885256,034eb7c9-4d07-4d12-a173-24de4745c212,c2,DROP,1019,?,i2,
1769500724.3901203,RECEIVED,1a0823ae-6b76-46b7-ab5c-ed997f705aae,a0587ed1-37bd-4455-92b0-1353d9625a92,c4,DROP,1451,p1,?,
1769500724.418417,RECEIVED,1fbd4299-7251-40ff-94e7-5bf8344353ab,fc6bd379-333a-47ec-8349-c003c19a7649,c4,DROP,1443,p1,?,
1769500724.5375638,SENT,71bb9c08-5612-4d6a-a592-2072e1ac736b,98dc6989-7016-4889-bae5-eff7a12bd001,c2,c1,1778,?,i10,
1769500724.5376027,FORWARDED,71bb9c08-5612-4d6a-a592-2072e1ac736b,98dc6989-7016-4889-bae5-eff7a12bd001,c2,c1,1778,?,i10,
1769500724.5450888,RECEIVED,3d90caf6-c7ef-4119-8eda-fe64033d549b,9ac47a26-b62b-4d1b-91b6-77e1b7770f22,c1,DROP,441,x9,?,
1769500724.6265574,RECEIVED,3c363d9b-6ca4-4745-a3ac-b3f270bb9456,4e73a3dd-adf2-4bde-843e-13a6366ffb0e,c4,None,2237,p1,?,
1769500724.6730902,RECEIVED,eb763638-1387-4e75-8cdc-530d28386ef4,f4fb028b-1244-4d89-886f-59b0fcdca50e,c4,DROP,1441,p1,?,
1769500724.7794168,SENT,1a0823ae-6b76-46b7-ab5c-ed997f705aae,a0587ed1-37bd-4455-92b0-1353d9625a92,c4,DROP,1016,?,i4,
1769500724.7794628,FORWARDED,1a0823ae-6b76-46b7-ab5c-ed997f705aae,a0587ed1-37bd-4455-92b0-1353d9625a92,c4,DROP,1016,?,i4,
1769500724.8716874,RECEIVED,f01e3875-f05a-4a92-8e58-863efcf8e3fb,150a0b72-86a9-411f-a5fc-c0b118e12b2a,c3,DROP,1447,p3,?,
1769500724.880855,SENT,eb763638-1387-4e75-8cdc-530d28386ef4,f4fb028b-1244-4d89-886f-59b0fcdca50e,c4,DROP,1008,?,i10,
1769500724.8808968,FORWARDED,eb763638-1387-4e75-8cdc-530d28386ef4,f4fb028b-1244-4d89-886f-59b0fcdca50e,c4,DROP,1008,?,i10,
1769500724.902155,SENT,33aaac94-f5c2-46de-8a7a-f9f3771ab31e,a889abe5-0fc8-468b-a6f6-c3527701ecfc,c1,DROP,1009,?,i9,
1769500724.9021952,FORWARDED,33aaac94-f5c2-46de-8a7a-f9f3771ab31e,a889abe5-0fc8-468b-a6f6-c3527701ecfc,c1,DROP,1009,?,i9,
1769500724.9414186,RECEIVED,6c852f36-03ca-4902-97dd-796ed900ba53,36c2b8fc-c67c-4be0-b48e-137ef7bdb27a,c1,DROP,1438,p1,?,
1769500724.9692073,SENT,3c363d9b-6ca4-4745-a3ac-b3f270bb9456,4e73a3dd-adf2-4bde-843e-13a6366ffb0e,c4,None,1604,?,i11,
1769500724.9692588,FORWARDED,3c363d9b-6ca4-4745-a3ac-b3f270bb9456,4e73a3dd-adf2-4bde-843e-13a6366ffb0e,c4,None,1604,?,i11,
1769500725.151544,SENT,1fbd4299-7251-40ff-94e7-5bf8344353ab,fc6bd379-333a-47ec-8349-c003c19a7649,c4,DROP,1009,?,i9,
1769500725.1515841,FORWARDED,1fbd4299-7251-40ff-94e7-5bf8344353ab,fc6bd379-333a-47ec-8349-c003c19a7649,c4,DROP,1009,?,i9,
1769500725.308293,SENT,6c852f36-03ca-4902-97dd-796ed900ba53,36c2b8fc-c67c-4be0-b48e-137ef7bdb27a,c1,DROP,1008,?,i2,
1769500725.3083365,FORWARDED,6c852f36-03ca-4902-97dd-796ed900ba53,36c2b8fc-c67c-4be0-b48e-137ef7bdb27a,c1,DROP,1008,?,i2,
1769500725.3228807,RECEIVED,6a914eab-0135-44d7-8401-d1ccf11e6c51,e4cece16-c537-466b-858e-15652cc993b6,c2,c1,2463,p2,?,
1769500725.4326572,RECEIVED,30406595-761d-4b4c-9706-5cb0a7c969ce,60d90579-3e47-41b2-b45d-240e3e7be914,c2,None,2240,p2,?,
1769500725.4542112,RECEIVED,a809d311-c903-4dfa-b36c-8e33a9f4d060,07cf9f3e-6c3a-4d6c-a276-f2e0f52ad582,c5,c2,2448,p2,?,
1769500725.5099053,SENT,30406595-761d-4b4c-9706-5cb0a7c969ce,60d90579-3e47-41b2-b45d-240e3e7be914,c2,None,1608,?,i9,
1769500725.5099492,FORWARDED,30406595-761d-4b4c-9706-5cb0a7c969ce,60d90579-3e47-41b2-b45d-240e3e7be914,c2,None,1608,?,i9,
1769500725.529523,RECEIVED,c7343ce5-7360-4901-8435-b1b48e520f69,1029b695-a2b2-4c46-a594-f26512e4a599,c2,c1,2459,p2,?,
1769500725.5945487,RECEIVED,103e5384-a619-4300-a085-6daff1a1ee81,f33b8ebb-30be-4276-94c3-c5c372fc1b9e,c3,DROP,1435,p3,?,
1769500725.7367296,SENT,c7343ce5-7360-4901-8435-b1b48e520f69,1029b695-a2b2-4c46-a594-f26512e4a599,c2,c1,1772,?,i5,
1769500725.7367747,FORWARDED,c7343ce5-7360-4901-8435-b1b48e520f69,1029b695-a2b2-4c46-a594-f26512e4a599,c2,c1,1772,?,i5,
1769500725.8889723,SENT,a809d311-c903-4dfa-b36c-8e33a9f4d060,07cf9f3e-6c3a-4d6c-a276-f2e0f52ad582,c5,c2,1763,?,i9,
1769500725.8890169,FORWARDED,a809d311-c903-4dfa-b36c-8e33a9f4d060,07cf9f3e-6c3a-4d6c-a276-f2e0f52ad582,c5,c2,1763,?,i9,
1769500725.9242668,RECEIVED,4bac9fdf-d185-4aa5-980f-7f5740eeb75a,9c0eb68d-6de6-4823-8fd7-f630ab1933ea,c2,c1,2457,p2,?,
1769500725.9360707,RECEIVED,f045585e-61b6-44bb-9322-d1ae68c7624a,38f3c03e-a4a1-4231-ba4d-7459d43d5c30,c4,DROP,1443,p1,?,
1769500725.9439564,RECEIVED,32c4c9b1-3255-4821-b8ef-d2f79da9729c,e95f9dd6-74de-45a6-9ac0-4b2dff8ab830,c2,None,2249,p2,?,
1769500725.9952328,RECEIVED,96089c34-4986-49e8-b85a-8452c1294208,efe603e5-01bd-4b5e-bf47-10dc31dd7a18,c2,DROP,1444,p2,?,
1769500725.9955704,SENT,4bac9fdf-d185-4aa5-980f-7f5740eeb75a,9c0eb68d-6de6-4823-8fd7-f630ab1933ea,c2,c1,1768,?,i9,
1769500725.995664,FORWARDED,4bac9fdf-d185-4aa5-980f-7f5740eeb75a,9c0eb68d-6de6-4823-8fd7-f630ab1933ea,c2,c1,1768,?,i9,
1769500726.0129302,RECEIVED,7c3db655-e3c9-4983-8add-69b25586415a,610a90a4-5ca4-452a-8bff-bd720dd686db,c3,DROP,1449,p3,?,
1769500726.0306382,SENT,32c4c9b1-3255-4821-b8ef-d2f79da9729c,e95f9dd6-74de-45a6-9ac0-4b2dff8ab830,c2,None,1612,?,i10,
1769500726.0306816,FORWARDED,32c4c9b1-3255-4821-b8ef-d2f79da9729c,e95f9dd6-74de-45a6-9ac0-4b2dff8ab830,c2,None,1612,?,i10,
1769500726.0876825,RECEIVED,0b4426af-5441-4b6d-b3c6-0e2b40ef3116,1055bb4d-ded1-4f00-b312-a79b83b5fe80,c1,DROP,1439,p1,?,
1769500726.098304,RECEIVED,b53c80ce-594e-4867-9ce4-95de01628114,9b9d6e8d-20de-4a41-90f3-c0d7fe85d02a,c2,DROP,1444,p2,?,
1769500726.1158652,SENT,7c3db655-e3c9-4983-8add-69b25586415a,610a90a4-5ca4-452a-8bff-bd720dd686db,c3,DROP,1014,?,i10,
1769500726.115909,FORWARDED,7c3db655-e3c9-4983-8add-69b25586415a,610a90a4-5ca4-452a-8bff-bd720dd686db,c3,DROP,1014,?,i10,
1769500726.1285114,SENT,f045585e-61b6-44bb-9322-d1ae68c7624a,38f3c03e-a4a1-4231-ba4d-7459d43d5c30,c4,DROP,1011,?,i8,
1769500726.1285563,FORWARDED,f045585e-61b6-44bb-9322-d1ae68c7624a,38f3c03e-a4a1-4231-ba4d-7459d43d5c30,c4,DROP,1011,?,i8,
1769500726.1305563,RECEIVED,1aceae9c-741c-465d-82a4-3552d7bb4be5,0dcadab5-0f36-4839-a6f6-ded04b358597,c4,DROP,441,x1,?,
1769500726.2179255,SENT,103e5384-a619-4300-a085-6daff1a1ee81,f33b8ebb-30be-4276-94c3-c5c372fc1b9e,c3,DROP,1003,?,i5,
1769500726.2179656,FORWARDED,103e5384-a619-4300-a085-6daff1a1ee81,f33b8ebb-30be-4276-94c3-c5c372fc1b9e,c3,DROP,1003,?,i5,
1769500726.253321,SENT,f01e3875-f05a-4a92-8e58-863efcf8e3fb,150a0b72-86a9-411f-a5fc-c0b118e12b2a,c3,DROP,1012,?,i4,
1769500726.2533631,FORWARDED,f01e3875-f05a-4a92-8e58-863efcf8e3fb,150a0b72-86a9-411f-a5fc-c0b118e12b2a,c3,DROP,1012,?,i4,
1769500726.432658,SENT,96089c34-4986-49e8-b85a-8452c1294208,efe603e5-01bd-4b5e-bf47-10dc31dd7a18,c2,DROP,1011,?,i4,
1769500726.4326978,FORWARDED,96089c34-4986-49e8-b85a-8452c1294208,efe603e5-01bd-4b5e-bf47-10dc31dd7a18,c2,DROP,1011,?,i4,
1769500726.5460396,SENT,b53c80ce-594e-4867-9ce4-95de01628114,9b9d6e8d-20de-4a41-90f3-c0d7fe85d02a,c2,DROP,1011,?,i4,
1769500726.5460935,FORWARDED,b53c80ce-594e-4867-9ce4-95de01628114,9b9d6e8d-20de-4a41-90f3-c0d7fe85d02a,c2,DROP,1011,?,i4,
1769500726.727563,RECEIVED,3bb280f0-a15e-4625-9c3c-f5e55d793dd5,2bca3745-2755-4c6c-a12d-8f14c71aab69,c5,DROP,1446,p2,?,
1769500726.734913,RECEIVED,423caede-513d-431d-a65e-fdb85cc2b9d0,1dcb7f4d-38a9-4751-bad5-2a82373ae863,c3,DROP,1452,p3,?,
1769500726.9130573,RECEIVED,8490f6ed-d7f3-4dc2-bf49-105fe8b4fa09,e27b15c5-53a8-490d-be94-9fd1209a7d35,c4,None,2224,p1,?,
1769500726.920769,SENT,423caede-513d-431d-a65e-fdb85cc2b9d0,1dcb7f4d-38a9-4751-bad5-2a82373ae863,c3,DROP,1015,?,i4,
1769500726.9208088,FORWARDED,423caede-513d-431d-a65e-fdb85cc2b9d0,1dcb7f4d-38a9-4751-bad5-2a82373ae863,c3,DROP,1015,?,i4,
1769500726.9974267,SENT,0b4426af-5441-4b6d-b3c6-0e2b40ef3116,1055bb4d-ded1-4f00-b312-a79b83b5fe80,c1,DROP,1007,?,i8,
1769500726.997468,FORWARDED,0b4426af-5441-4b6d-b3c6-0e2b40ef3116,1055bb4d-ded1-4f00-b312-a79b83b5fe80,c1,DROP,1007,?,i8,
1769500726.9996111,RECEIVED,af9a3f34-3984-4c21-bd83-904cfc47dbe5,2172514e-57b1-4cb7-8be2-d4092aa63b61,c4,DROP,441,x5,?,
1769500727.0624273,SENT,8490f6ed-d7f3-4dc2-bf49-105fe8b4fa09,e27b15c5-53a8-490d-be94-9fd1209a7d35,c4,None,1595,?,i4,
1769500727.0624695,FORWARDED,8490f6ed-d7f3-4dc2-bf49-105fe8b4fa09,e27b15c5-53a8-490d-be94-9fd1209a7d35,c4,None,1595,?,i4,
1769500727.0968602,SENT,6a914eab-0135-44d7-8401-d1ccf11e6c51,e4cece16-c537-466b-858e-15652cc993b6,c2,c1,1776,?,i8,
1769500727.0969083,FORWARDED,6a914eab-0135-44d7-8401-d1ccf11e6c51,e4cece16-c537-466b-858e-15652cc993b6,c2,c1,1776,?,i8,
1769500727.1512835,RECEIVED,96ddf345-c32d-4326-9372-6bdc900dd344,75843097-d949-4865-8cc3-aa01d855707a,c2,None,2232,p2,?,
1769500727.1792223,RECEIVED,32d20a53-e653-45a0-ba95-8810be344fac,36425c53-708e-41de-9c7e-95f12ba14fa4,c1,None,2227,p1,?,
1769500727.3253238,SENT,3bb280f0-a15e-4625-9c3c-f5e55d793dd5,2bca3745-2755-4c6c-a12d-8f14c71aab69,c5,DROP,1013,?,i8,
1769500727.3253684,FORWARDED,3bb280f0-a15e-4625-9c3c-f5e55d793dd5,2bca3745-2755-4c6c-a12d-8f14c71aab69,c5,DROP,1013,?,i8,
1769500727.3643942,RECEIVED,d1142ed6-39a9-4de8-aa51-923806f69176,5d46a1b3-44ce-4fc0-b889-c4b5097a01c2,c4,DROP,1440,p1,?,
1769500727.3962243,RECEIVED,952d4b35-1cd6-4a4c-ae6a-3c6b02ded6e4,6a602a90-dcbd-4222-870e-b28117770dfe,c4,DROP,441,x6,?,
1769500727.444456,SENT,32d20a53-e653-45a0-ba95-8810be344fac,36425c53-708e-41de-9c7e-95f12ba14fa4,c1,None,1597,?,i2,
1769500727.4444978,FORWARDED,32d20a53-e653-45a0-ba95-8810be344fac,36425c53-708e-41de-9c7e-95f12ba14fa4,c1,None,1597,?,i2,
1769500727.838704,SENT,0b2686b3-fcaf-40f7-9a09-507068f2460e,4c6e18a7-ba83-488a-9edd-3869f9b3917b,c3,None,1596,?,i2,
1769500727.8387468,FORWARDED,0b2686b3-fcaf-40f7-9a09-507068f2460e,4c6e18a7-ba83-488a-9edd-3869f9b3917b,c3,None,1596,?,i2,
1769500727.854923,SENT,d1142ed6-39a9-4de8-aa51-923806f69176,5d46a1b3-44ce-4fc0-b889-c4b5097a01c2,c4,DROP,1008,?,i2,
1769500727.8549638,FORWARDED,d1142ed6-39a9-4de8-aa51-923806f69176,5d46a1b3-44ce-4fc0-b889-c4b5097a01c2,c4,DROP,1008,?,i2,
1769500727.976873,RECEIVED,c208846c-aacb-4bcb-b74c-95663e145e64,56c390eb-4a8c-4c90-9f92-629d16e4ccb3,c2,DROP,437,x7,?,
1769500728.0365083,RECEIVED,548d5d63-4e07-42ad-b94a-7c52a344fce4,6e5229e4-7344-49ae-a151-f2addfb6a0e4,c3,DROP,1452,p3,?,
1769500728.0390255,RECEIVED,3fbf8b34-85ed-48e6-b5d2-4b14a3f14d7e,ca0b9b58-1b63-4f52-9653-92f7325cbf91,c3,c4,2447,p3,?,
1769500728.0733988,RECEIVED,90acef4d-0c77-4309-81f9-4ff336bafee7,c98a05c4-fbc5-4267-ae00-c5ba1b73cad2,c4,DROP,441,x7,?,
1769500728.1570396,SENT,548d5d63-4e07-42ad-b94a-7c52a344fce4,6e5229e4-7344-49ae-a151-f2addfb6a0e4,c3,DROP,1015,?,i6,
1769500728.1570945,FORWARDED,548d5d63-4e07-42ad-b94a-7c52a344fce4,6e5229e4-7344-49ae-a151-f2addfb6a0e4,c3,DROP,1015,?,i6,
1769500728.2712204,RECEIVED,8734de16-cd08-42ac-adc3-67420ffd3706,7185e097-9008-4387-b09f-60970d2bfe1b,c5,DROP,1443,p2,?,
1769500728.4067373,RECEIVED,a3443739-4527-4dec-8904-b5a9df6fb0d0,ad23349d-c3ac-46df-b3bd-d4d464603957,c4,DROP,1439,p1,?,
1769500728.5103278,SENT,96ddf345-c32d-4326-9372-6bdc900dd344,75843097-d949-4865-8cc3-aa01d855707a,c2,None,1601,?,i12,
1769500728.5103714,FORWARDED,96ddf345-c32d-4326-9372-6bdc900dd344,75843097-d949-4865-8cc3-aa01d855707a,c2,None,1601,?,i12,
1769500728.5119061,RECEIVED,b063fd14-4681-4ed5-8172-26a7183ed9fb,c88b3ffa-5d63-44c3-953d-bc23c70407d9,c5,DROP,1444,p2,?,
1769500728.5432837,RECEIVED,fa02f02d-fdb5-46a8-a286-6d8e81c8f988,251ece0d-9d4a-4e7f-af5d-9cb3987a2ba9,c1,DROP,1448,p1,?,
1769500728.6136155,SENT,fa02f02d-fdb5-46a8-a286-6d8e81c8f988,251ece0d-9d4a-4e7f-af5d-9cb3987a2ba9,c1,DROP,1012,?,i1,
1769500728.6136532,FORWARDED,fa02f02d-fdb5-46a8-a286-6d8e81c8f988,251ece0d-9d4a-4e7f-af5d-9cb3987a2ba9,c1,DROP,1012,?,i1,
1769500728.6307,SENT,b063fd14-4681-4ed5-8172-26a7183ed9fb,c88b3ffa-5d63-44c3-953d-bc23c70407d9,c5,DROP,1009,?,i1,
1769500728.630742,FORWARDED,b063fd14-4681-4ed5-8172-26a7183ed9fb,c88b3ffa-5d63-44c3-953d-bc23c70407d9,c5,DROP,1009,?,i1,
1769500728.7268596,SENT,3fbf8b34-85ed-48e6-b5d2-4b14a3f14d7e,ca0b9b58-1b63-4f52-9653-92f7325cbf91,c3,c4,1764,?,i8,
1769500728.726895,FORWARDED,3fbf8b34-85ed-48e6-b5d2-4b14a3f14d7e,ca0b9b58-1b63-4f52-9653-92f7325cbf91,c3,c4,1764,?,i8,
1769500728.813331,RECEIVED,a4d39f24-04cc-4c41-9df3-061df0d69e4f,b12d7ceb-4d34-49cd-8217-a9c20dbb61f9,c2,c1,2460,p2,?,
1769500729.082245,SENT,a4d39f24-04cc-4c41-9df3-061df0d69e4f,b12d7ceb-4d34-49cd-8217-a9c20dbb61f9,c2,c1,1771,?,i6,
1769500729.0822866,FORWARDED,a4d39f24-04cc-4c41-9df3-061df0d69e4f,b12d7ceb-4d34-49cd-8217-a9c20dbb61f9,c2,c1,1771,?,i6,
1769500729.1141891,SENT,8734de16-cd08-42ac-adc3-67420ffd3706,7185e097-9008-4387-b09f-60970d2bfe1b,c5,DROP,1009,?,i9,
1769500729.1142325,FORWARDED,8734de16-cd08-42ac-adc3-67420ffd3706,7185e097-9008-4387-b09f-60970d2bfe1b,c5,DROP,1009,?,i9,
1769500729.185484,SENT,a3443739-4527-4dec-8904-b5a9df6fb0d0,ad23349d-c3ac-46df-b3bd-d4d464603957,c4,DROP,1008,?,i7,
1769500729.1855233,FORWARDED,a3443739-4527-4dec-8904-b5a9df6fb0d0,ad23349d-c3ac-46df-b3bd-d4d464603957,c4,DROP,1008,?,i7,
1769500729.263255,RECEIVED,4458cf5d-e935-48af-a83f-5ff5eb24a6c1,d535c19f-1a2c-45f2-addc-258ee68b8dd3,c5,c2,2451,p2,?,
1769500729.3735528,RECEIVED,8fd14ea0-a1ce-442a-a540-576d606370ac,f988688a-2a67-4004-883a-1b38e09ad148,c3,DROP,1447,p3,?,
1769500729.4342792,RECEIVED,13b6f136-3509-4e60-be13-997449f733e8,0520d58a-205e-4f96-9796-66a6ce8f7eee,c1,DROP,441,x7,?,
1769500729.630319,RECEIVED,04db4b8f-e6df-47a2-94d4-239cfefb2ba9,ccc874f0-5b08-4397-8b71-8647a62b1328,c2,c1,2451,p2,?,
1769500729.7418041,RECEIVED,d9ddd1ad-93ad-4116-8709-5dee18c98ab4,08adaf47-1504-4a1d-bc49-40946afe513d,c4,DROP,1446,p1,?,
1769500730.075695,RECEIVED,ea7835ca-a90b-423e-9514-83c81cd012c3,ab35e1d3-f77f-4b10-baa6-aac31c6ab32d,c3,None,2251,p3,?,
1769500730.175341,SENT,ea7835ca-a90b-423e-9514-83c81cd012c3,ab35e1d3-f77f-4b10-baa6-aac31c6ab32d,c3,None,1612,?,i12,
1769500730.1753845,FORWARDED,ea7835ca-a90b-423e-9514-83c81cd012c3,ab35e1d3-f77f-4b10-baa6-aac31c6ab32d,c3,None,1612,?,i12,
1769500730.3255885,SENT,8fd14ea0-a1ce-442a-a540-576d606370ac,f988688a-2a67-4004-883a-1b38e09ad148,c3,DROP,1012,?,i2,
1769500730.3256295,FORWARDED,8fd14ea0-a1ce-442a-a540-576d606370ac,f988688a-2a67-4004-883a-1b38e09ad148,c3,DROP,1012,?,i2,
1769500730.4629598,SENT,4458cf5d-e935-48af-a83f-5ff5eb24a6c1,d535c19f-1a2c-45f2-addc-258ee68b8dd3,c5,c2,1767,?,i10,
1769500730.4630013,FORWARDED,4458cf5d-e935-48af-a83f-5ff5eb24a6c1,d535c19f-1a2c-45f2-addc-258ee68b8dd3,c5,c2,1767,?,i10,
1769500730.498349,SENT,d9ddd1ad-93ad-4116-8709-5dee18c98ab4,08adaf47-1504-4a1d-bc49-40946afe513d,c4,DROP,1012,?,i7,
1769500730.49839,FORWARDED,d9ddd1ad-93ad-4116-8709-5dee18c98ab4,08adaf47-1504-4a1d-bc49-40946afe513d,c4,DROP,1012,?,i7,
1769500730.5667665,RECEIVED,0e68796f-792e-4483-9eef-d3694d5dea6e,00cfbb88-d52d-4f6d-8a37-468376148353,c2,None,2224,p2,?,
1769500730.580069,RECEIVED,5fdcef8f-f7bf-44bc-a644-54371182af26,8accea91-d61b-41e9-bd37-66165c627a83,c3,DROP,1440,p3,?,
1769500730.6776989,RECEIVED,071a8738-38d9-4241-b829-9adc1f605581,49ab5e38-797d-4462-ab2d-acc5864062b9,c4,DROP,1439,p1,?,
1769500730.685718,SENT,5fdcef8f-f7bf-44bc-a644-54371182af26,8accea91-d61b-41e9-bd37-66165c627a83,c3,DROP,1008,?,i8,
1769500730.6857605,FORWARDED,5fdcef8f-f7bf-44bc-a644-54371182af26,8accea91-d61b-41e9-bd37-66165c627a83,c3,DROP,1008,?,i8,
1769500730.7178488,RECEIVED,ecc6c047-57c7-4ddc-ba80-d8ea6252b2b6,9a5d8030-c65a-4762-8736-4c71dcef0202,c3,DROP,1442,p3,?,
1769500730.7299387,SENT,04db4b8f-e6df-47a2-94d4-239cfefb2ba9,ccc874f0-5b08-4397-8b71-8647a62b1328,c2,c1,1767,?,i5,
1769500730.730216,FORWARDED,04db4b8f-e6df-47a2-94d4-239cfefb2ba9,ccc874f0-5b08-4397-8b71-8647a62b1328,c2,c1,1767,?,i5,
1769500730.899957,SENT,0e68796f-792e-4483-9eef-d3694d5dea6e,00cfbb88-d52d-4f6d-8a37-468376148353,c2,None,1595,?,i6,
1769500730.8999975,FORWARDED,0e68796f-792e-4483-9eef-d3694d5dea6e,00cfbb88-d52d-4f6d-8a37-468376148353,c2,None,1595,?,i6,
1769500731.0173724,RECEIVED,06a533e6-9ff1-46b8-a02e-357466265a5d,b5e4d098-33cf-427f-b1b9-ae2f8e3f4d84,c4,DROP,1444,p1,?,
1769500731.1024392,SENT,06a533e6-9ff1-46b8-a02e-357466265a5d,b5e4d098-33cf-427f-b1b9-ae2f8e3f4d84,c4,DROP,1009,?,i6,
1769500731.1024802,FORWARDED,06a533e6-9ff1-46b8-a02e-357466265a5d,b5e4d098-33cf-427f-b1b9-ae2f8e3f4d84,c4,DROP,1009,?,i6,
1769500731.2811887,SENT,071a8738-38d9-4241-b829-9adc1f605581,49ab5e38-797d-4462-ab2d-acc5864062b9,c4,DROP,1007,?,i8,
1769500731.2812319,FORWARDED,071a8738-38d9-4241-b829-9adc1f605581,49ab5e38-797d-4462-ab2d-acc5864062b9,c4,DROP,1007,?,i8,
1769500731.2941332,RECEIVED,0a148ffa-6d4f-469d-b0fe-fa68dbaf680f,3d671a06-9e36-469a-a615-3eb12c7d3c7e,c1,DROP,1451,p1,?,
1769500731.4392266,RECEIVED,1aae24ed-30d3-4481-86ad-664655c72442,912f2f6d-992f-4ef8-ad33-49934bb0ae58,c3,DROP,1448,p3,?,
1769500731.6050177,SENT,1aae24ed-30d3-4481-86ad-664655c72442,912f2f6d-992f-4ef8-ad33-49934bb0ae58,c3,DROP,1012,?,i11,
1769500731.6050682,FORWARDED,1aae24ed-30d3-4481-86ad-664655c72442,912f2f6d-992f-4ef8-ad33-49934bb0ae58,c3,DROP,1012,?,i11,
1769500731.833371,RECEIVED,9f1c35ee-cdb9-4ecb-8c4d-4b0766ebce13,b9d9655b-d6e4-4789-9808-9c97c289a784,c1,DROP,1435,p1,?,
1769500732.0822217,SENT,9f1c35ee-cdb9-4ecb-8c4d-4b0766ebce13,b9d9655b-d6e4-4789-9808-9c97c289a784,c1,DROP,1005,?,i6,
1769500732.0822637,FORWARDED,9f1c35ee-cdb9-4ecb-8c4d-4b0766ebce13,b9d9655b-d6e4-4789-9808-9c97c289a784,c1,DROP,1005,?,i6,
1769500732.2157764,RECEIVED,b25b1e13-cf29-4688-8b15-8b6bcfadcb81,1eddfdf3-f3d1-49a5-9f37-b10e629c1f46,c5,DROP,441,x9,?,
1769500732.3502398,RECEIVED,8179e68c-fb28-45b3-8fcf-6eba4321a61c,c0ae19b8-38f3-4786-bb6b-076285513b70,c2,None,2232,p2,?,
1769500732.388188,SENT,8179e68c-fb28-45b3-8fcf-6eba4321a61c,c0ae19b8-38f3-4786-bb6b-076285513b70,c2,None,1601,?,i4,
1769500732.3882253,FORWARDED,8179e68c-fb28-45b3-8fcf-6eba4321a61c,c0ae19b8-38f3-4786-bb6b-076285513b70,c2,None,1601,?,i4,
1769500732.40475,RECEIVED,7e345e67-cf78-4c31-a21e-23bd7d43661e,2029dbc8-7a7f-491d-9e68-4179e48085aa,c3,DROP,1441,p3,?,
1769500732.5414774,SENT,0a148ffa-6d4f-469d-b0fe-fa68dbaf680f,3d671a06-9e36-469a-a615-3eb12c7d3c7e,c1,DROP,1016,?,i6,
1769500732.5415158,FORWARDED,0a148ffa-6d4f-469d-b0fe-fa68dbaf680f,3d671a06-9e36-469a-a615-3eb12c7d3c7e,c1,DROP,1016,?,i6,
1769500732.5515919,SENT,7e345e67-cf78-4c31-a21e-23bd7d43661e,2029dbc8-7a7f-491d-9e68-4179e48085aa,c3,DROP,1007,?,i12,
1769500732.5516326,FORWARDED,7e345e67-cf78-4c31-a21e-23bd7d43661e,2029dbc8-7a7f-491d-9e68-4179e48085aa,c3,DROP,1007,?,i12,
1769500732.5606656,RECEIVED,ffa6b88b-9cc0-49bb-b718-330a8570373c,583e5dbc-ed89-4f28-b6bd-ccc0aa5fab6c,c4,DROP,1456,p1,?,
1769500732.824274,RECEIVED,10ba445c-f4d6-43e2-808f-7c42217cffeb,9b26ffbd-b543-4d05-bca0-81d17b2fad30,c4,DROP,440,x7,?,
1769500732.839374,RECEIVED,edd7ad24-ebcc-4620-9335-4fe9692d6ef2,2b8356a0-4833-4bab-b94c-6583ad29b985,c1,DROP,1440,p1,?,
1769500732.8818054,SENT,ffa6b88b-9cc0-49bb-b718-330a8570373c,583e5dbc-ed89-4f28-b6bd-ccc0aa5fab6c,c4,DROP,1020,?,i10,
1769500732.8818505,FORWARDED,ffa6b88b-9cc0-49bb-b718-330a8570373c,583e5dbc-ed89-4f28-b6bd-ccc0aa5fab6c,c4,DROP,1020,?,i10,
1769500732.990366,RECEIVED,2ab22f3d-4a32-4afe-8eb2-0b9d82339899,8d4d2252-1f89-4b3b-9af4-e2b1a7ad5185,c2,None,2224,p2,?,
1769500733.0116704,SENT,edd7ad24-ebcc-4620-9335-4fe9692d6ef2,2b8356a0-4833-4bab-b94c-6583ad29b985,c1,DROP,1007,?,i3,
1769500733.011712,FORWARDED,edd7ad24-ebcc-4620-9335-4fe9692d6ef2,2b8356a0-4833-4bab-b94c-6583ad29b985,c1,DROP,1007,?,i3,
1769500733.1125486,RECEIVED,d272254f-9fe2-46bd-9aa5-32df42ee3dbd,366102d3-311d-47bf-9a36-f0a627d6c438,c1,DROP,441,x9,?,
1769500733.1165025,RECEIVED,1944d948-553b-4533-90bf-5ec11460a399,2bfc33fd-a3c7-4ef4-86ed-a3b4b84cd03f,c2,DROP,1435,p2,?,
1769500733.2135117,RECEIVED,4a580965-72e5-4c0c-9917-a91a80e7ffa6,048d0f4a-00b8-4e02-81c3-79a8bde4eb96,c4,DROP,1435,p1,?,
1769500733.2203188,RECEIVED,22f00ed3-0662-4f85-8769-f6aee8a5bb58,4667a745-b3bf-451d-b9d9-70985e979464,c4,DROP,1440,p1,?,
1769500733.3064542,RECEIVED,dde988c0-ef65-4346-a173-95b1a83d7757,a3f33258-c722-4c65-8f49-d34a9d551cdf,c5,DROP,442,x9,?,
1769500733.3782682,SENT,2ab22f3d-4a32-4afe-8eb2-0b9d82339899,8d4d2252-1f89-4b3b-9af4-e2b1a7ad5185,c2,None,1596,?,i11,
1769500733.3783107,FORWARDED,2ab22f3d-4a32-4afe-8eb2-0b9d82339899,8d4d2252-1f89-4b3b-9af4-e2b1a7ad5185,c2,None,1596,?,i11,
1769500733.41065,SENT,ecc6c047-57c7-4ddc-ba80-d8ea6252b2b6,9a5d8030-c65a-4762-8736-4c71dcef0202,c3,DROP,1010,?,i1,
1769500733.4106922,FORWARDED,ecc6c047-57c7-4ddc-ba80-d8ea6252b2b6,9a5d8030-c65a-4762-8736-4c71dcef0202,c3,DROP,1010,?,i1,
1769500733.4541392,RECEIVED,294a8f1b-a023-4789-b9bf-8a2a9a425df8,90803230-7033-4a38-9f08-5623895c40ae,c5,DROP,1443,p2,?,
1769500733.5591116,RECEIVED,d333ecbe-b9fd-4cae-bb4a-9d2d2dcdfc4e,21d41393-995c-40a2-8103-649348f1a3c7,c5,DROP,1440,p2,?,
1769500733.6854894,SENT,d333ecbe-b9fd-4cae-bb4a-9d2d2dcdfc4e,21d41393-995c-40a2-8103-649348f1a3c7,c5,DROP,1007,?,i6,
1769500733.6858313,FORWARDED,d333ecbe-b9fd-4cae-bb4a-9d2d2dcdfc4e,21d41393-995c-40a2-8103-649348f1a3c7,c5,DROP,1007,?,i6,
1769500733.890796,RECEIVED,7e7e74dd-df75-4d62-a05a-e41a25f38366,d0569b36-4643-4c17-9851-3319e4d0edd1,c1,None,2236,p1,?,
1769500734.0621765,SENT,4a580965-72e5-4c0c-9917-a91a80e7ffa6,048d0f4a-00b8-4e02-81c3-79a8bde4eb96,c4,DROP,1003,?,i9,
1769500734.0622199,FORWARDED,4a580965-72e5-4c0c-9917-a91a80e7ffa6,048d0f4a-00b8-4e02-81c3-79a8bde4eb96,c4,DROP,1003,?,i9,
1769500734.132708,RECEIVED,1d1969d0-023f-4faf-8dca-5112f277a523,59354063-2521-433e-b8fe-6b687a420f35,c5,DROP,1438,p2,?,
1769500734.164618,SENT,294a8f1b-a023-4789-b9bf-8a2a9a425df8,90803230-7033-4a38-9f08-5623895c40ae,c5,DROP,1010,?,i4,
1769500734.1646607,FORWARDED,294a8f1b-a023-4789-b9bf-8a2a9a425df8,90803230-7033-4a38-9f08-5623895c40ae,c5,DROP,1010,?,i4,
1769500734.4427266,SENT,7e7e74dd-df75-4d62-a05a-e41a25f38366,d0569b36-4643-4c17-9851-3319e4d0edd1,c1,None,1603,?,i11,
1769500734.4427698,FORWARDED,7e7e74dd-df75-4d62-a05a-e41a25f38366,d0569b36-4643-4c17-9851-3319e4d0edd1,c1,None,1603,?,i11,
1769500734.5395992,SENT,22f00ed3-0662-4f85-8769-f6aee8a5bb58,4667a745-b3bf-451d-b9d9-70985e979464,c4,DROP,1007,?,i11,
1769500734.539819,FORWARDED,22f00ed3-0662-4f85-8769-f6aee8a5bb58,4667a745-b3bf-451d-b9d9-70985e979464,c4,DROP,1007,?,i11,
1769500734.6117215,RECEIVED,8e1a02d6-5132-458c-9228-4ddb36189ebe,2bb7eb0d-b673-4a2d-a5b0-d12583ceef74,c4,DROP,1456,p1,?,
1769500734.7189522,SENT,1d1969d0-023f-4faf-8dca-5112f277a523,59354063-2521-433e-b8fe-6b687a420f35,c5,DROP,1008,?,i7,
1769500734.7193513,FORWARDED,1d1969d0-023f-4faf-8dca-5112f277a523,59354063-2521-433e-b8fe-6b687a420f35,c5,DROP,1008,?,i7,
1769500734.7495458,RECEIVED,d9451025-84ef-4a18-ae24-9b9748516f0b,09ff0d59-930f-4c38-aedb-267bd4e0a806,c1,DROP,1447,p1,?,
1769500734.7515645,RECEIVED,983c140c-b464-4c9f-9947-e5944b46247d,424b1116-a8a7-4707-8c37-c36802a37bca,c1,None,2232,p1,?,
1769500734.9199183,SENT,1944d948-553b-4533-90bf-5ec11460a399,2bfc33fd-a3c7-4ef4-86ed-a3b4b84cd03f,c2,DROP,1003,?,i8,
1769500734.9199574,FORWARDED,1944d948-553b-4533-90bf-5ec11460a399,2bfc33fd-a3c7-4ef4-86ed-a3b4b84cd03f,c2,DROP,1003,?,i8,
1769500734.9776294,RECEIVED,4c250b8a-8cd1-408d-96a7-f6ebead89c36,02a5950d-f30b-4e4f-a949-1655e5f690fa,c3,DROP,1447,p3,?,
1769500735.035647,RECEIVED,703c07b1-2cb9-46d8-bcb6-6fb2afa964bd,04bff814-324b-4b89-8f9b-020bb70170a1,c4,DROP,1444,p1,?,
1769500735.0452175,RECEIVED,ef437c28-ef23-4bf6-9d10-b3453c236528,b2e9ae28-5c90-4930-aab4-4e4e329b2b55,c1,None,2235,p1,?,
1769500735.0589778,RECEIVED,2d254042-cd62-4e6b-80cb-4d742a69c74a,bed402c7-fb57-440e-8f37-e4e751c8062a,c5,DROP,442,x10,?,
1769500735.0770736,RECEIVED,82d35861-7780-4e88-b155-3b25a720e3ef,1b15fe8f-026b-424c-87dc-8da1aa778500,c2,DROP,1448,p2,?,
1769500735.2218103,SENT,8e1a02d6-5132-458c-9228-4ddb36189ebe,2bb7eb0d-b673-4a2d-a5b0-d12583ceef74,c4,DROP,1020,?,i11,
1769500735.2218535,FORWARDED,8e1a02d6-5132-458c-9228-4ddb36189ebe,2bb7eb0d-b673-4a2d-a5b0-d12583ceef74,c4,DROP,1020,?,i11,
1769500735.257204,RECEIVED,4ed0a148-f847-445a-82c0-c31e158aece7,bf8af895-3d15-486e-b6d1-aee9ebbe1918,c1,DROP,1453,p1,?,
1769500735.2682593,SENT,d9451025-84ef-4a18-ae24-9b9748516f0b,09ff0d59-930f-4c38-aedb-267bd4e0a806,c1,DROP,1013,?,i9,
1769500735.2683012,FORWARDED,d9451025-84ef-4a18-ae24-9b9748516f0b,09ff0d59-930f-4c38-aedb-267bd4e0a806,c1,DROP,1013,?,i9,
1769500735.3392563,SENT,ef437c28-ef23-4bf6-9d10-b3453c236528,b2e9ae28-5c90-4930-aab4-4e4e329b2b55,c1,None,1604,?,i1,
1769500735.3392982,FORWARDED,ef437c28-ef23-4bf6-9d10-b3453c236528,b2e9ae28-5c90-4930-aab4-4e4e329b2b55,c1,None,1604,?,i1,
1769500735.3745136,SENT,4ed0a148-f847-445a-82c0-c31e158aece7,bf8af895-3d15-486e-b6d1-aee9ebbe1918,c1,DROP,1017,?,i12,
1769500735.3745658,FORWARDED,4ed0a148-f847-445a-82c0-c31e158aece7,bf8af895-3d15-486e-b6d1-aee9ebbe1918,c1,DROP,1017,?,i12,
1769500735.4398599,SENT,983c140c-b464-4c9f-9947-e5944b46247d,424b1116-a8a7-4707-8c37-c36802a37bca,c1,None,1600,?,i10,
1769500735.440277,FORWARDED,983c140c-b464-4c9f-9947-e5944b46247d,424b1116-a8a7-4707-8c37-c36802a37bca,c1,None,1600,?,i10,
1769500735.5214465,RECEIVED,8a0abde3-d791-421c-acd9-0bb4c4c1dbd9,22938c04-3b75-4017-bede-a78ad65e8b3c,c5,DROP,1450,p2,?,
1769500735.527262,RECEIVED,df1ae19f-55cc-4b6b-9e65-2717041ddf24,7602cde2-63b4-455c-bd1c-093063ebe478,c1,DROP,1456,p1,?,
1769500735.5354116,SENT,82d35861-7780-4e88-b155-3b25a720e3ef,1b15fe8f-026b-424c-87dc-8da1aa778500,c2,DROP,1013,?,i9,
1769500735.5354552,FORWARDED,82d35861-7780-4e88-b155-3b25a720e3ef,1b15fe8f-026b-424c-87dc-8da1aa778500,c2,DROP,1013,?,i9,
1769500735.5678797,SENT,df1ae19f-55cc-4b6b-9e65-2717041ddf24,7602cde2-63b4-455c-bd1c-093063ebe478,c1,DROP,1020,?,i12,
1769500735.567922,FORWARDED,df1ae19f-55cc-4b6b-9e65-2717041ddf24,7602cde2-63b4-455c-bd1c-093063ebe478,c1,DROP,1020,?,i12,
1769500735.613999,RECEIVED,4a980f1a-1f5f-467c-84ec-b667a392a5a9,523981ba-21ac-442a-b0d5-34be43e95e69,c2,c1,2464,p2,?,
1769500735.650651,SENT,4c250b8a-8cd1-408d-96a7-f6ebead89c36,02a5950d-f30b-4e4f-a949-1655e5f690fa,c3,DROP,1012,?,i3,
1769500735.6507075,FORWARDED,4c250b8a-8cd1-408d-96a7-f6ebead89c36,02a5950d-f30b-4e4f-a949-1655e5f690fa,c3,DROP,1012,?,i3,
1769500735.6688406,SENT,703c07b1-2cb9-46d8-bcb6-6fb2afa964bd,04bff814-324b-4b89-8f9b-020bb70170a1,c4,DROP,1011,?,i12,
1769500735.6688848,FORWARDED,703c07b1-2cb9-46d8-bcb6-6fb2afa964bd,04bff814-324b-4b89-8f9b-020bb70170a1,c4,DROP,1011,?,i12,
1769500735.911063,RECEIVED,03f2f07e-4b62-4368-b22d-e32644142780,c65f10a1-71d4-4965-8cd4-a7ad11961a9c,c5,DROP,1451,p2,?,
1769500735.982306,SENT,4a980f1a-1f5f-467c-84ec-b667a392a5a9,523981ba-21ac-442a-b0d5-34be43e95e69,c2,c1,1776,?,i6,
1769500735.9823482,FORWARDED,4a980f1a-1f5f-467c-84ec-b667a392a5a9,523981ba-21ac-442a-b0d5-34be43e95e69,c2,c1,1776,?,i6,
1769500736.1598847,RECEIVED,34ef973f-08f4-4f5a-9e93-8f73de82dd2d,14f05a01-fd8c-458c-bf58-2037166e342b,c5,None,2240,p2,?,
1769500736.2050915,SENT,34ef973f-08f4-4f5a-9e93-8f73de82dd2d,14f05a01-fd8c-458c-bf58-2037166e342b,c5,None,1608,?,i8,
1769500736.2051287,FORWARDED,34ef973f-08f4-4f5a-9e93-8f73de82dd2d,14f05a01-fd8c-458c-bf58-2037166e342b,c5,None,1608,?,i8,
1769500736.2293139,RECEIVED,62376baa-b878-41de-90ab-c3db10262346,52ed50d7-d627-4b15-886d-8214d014f2ec,c4,None,2229,p1,?,
1769500736.2371674,RECEIVED,e9aefef7-f39d-4ff0-84b0-06b54a68ce5a,151b6311-5280-429a-b8e0-a25f0e497ac9,c1,c5,2451,p1,?,
1769500736.2441728,SENT,03f2f07e-4b62-4368-b22d-e32644142780,c65f10a1-71d4-4965-8cd4-a7ad11961a9c,c5,DROP,1016,?,i2,
1769500736.2442133,FORWARDED,03f2f07e-4b62-4368-b22d-e32644142780,c65f10a1-71d4-4965-8cd4-a7ad11961a9c,c5,DROP,1016,?,i2,
1769500736.2851937,SENT,62376baa-b878-41de-90ab-c3db10262346,52ed50d7-d627-4b15-886d-8214d014f2ec,c4,None,1598,?,i12,
1769500736.2852352,FORWARDED,62376baa-b878-41de-90ab-c3db10262346,52ed50d7-d627-4b15-886d-8214d014f2ec,c4,None,1598,?,i12,
1769500736.4102247,RECEIVED,4f753fc2-f069-46b2-bb5d-d83e0a3e4b76,fd01062a-9a42-4e4d-a96e-79eb212ff78f,c5,c2,2476,p2,?,
1769500736.5803268,RECEIVED,def91be2-6354-4740-8f94-651b8c70c99d,96250eaf-0a73-437b-8ee5-9dbae630dd2f,c4,None,2223,p1,?,
1769500736.6992111,SENT,8a0abde3-d791-421c-acd9-0bb4c4c1dbd9,22938c04-3b75-4017-bede-a78ad65e8b3c,c5,DROP,1015,?,i9,
1769500736.6992528,FORWARDED,8a0abde3-d791-421c-acd9-0bb4c4c1dbd9,22938c04-3b75-4017-bede-a78ad65e8b3c,c5,DROP,1015,?,i9,
1769500736.7977073,RECEIVED,6f050c85-53cc-474a-b7d3-95e001406f86,9a714b25-62f2-4d63-83bd-516f1d5190e6,c1,DROP,1439,p1,?,
1769500736.8262277,RECEIVED,3c59cbec-6798-438c-9809-6be793a8bcb8,c26f6d86-1585-446c-99a2-14f59b339634,c3,DROP,441,x4,?,
1769500737.0307963,RECEIVED,3dcf54bb-1fa1-4191-b10f-dac5be898161,ea7aafbb-a927-41da-9c1a-0e897bbc51a7,c1,c5,2464,p1,?,
1769500737.0660963,RECEIVED,f9d8e802-ee6d-4c91-86e9-1d8588ffbdcb,494f7ff7-7c81-47db-8e51-e0f5b2198d8f,c2,DROP,441,x2,?,
1769500737.1069636,SENT,6f050c85-53cc-474a-b7d3-95e001406f86,9a714b25-62f2-4d63-83bd-516f1d5190e6,c1,DROP,1008,?,i5,
1769500737.1070044,FORWARDED,6f050c85-53cc-474a-b7d3-95e001406f86,9a714b25-62f2-4d63-83bd-516f1d5190e6,c1,DROP,1008,?,i5,
1769500737.263603,RECEIVED,00b2ddb0-6f6e-47c3-989c-3abfd58c83ab,a1e7bb4b-5003-41de-9c3f-d8bfcd185f47,c2,None,2225,p2,?,
1769500737.2658765,RECEIVED,99852144-e2d9-44d2-8c42-3fb38a01e5f6,8adde4db-d9d2-4199-afbc-ce961c703fb5,c1,None,2239,p1,?,
1769500737.3314137,SENT,3dcf54bb-1fa1-4191-b10f-dac5be898161,ea7aafbb-a927-41da-9c1a-0e897bbc51a7,c1,c5,1776,?,i10,
1769500737.3314517,FORWARDED,3dcf54bb-1fa1-4191-b10f-dac5be898161,ea7aafbb-a927-41da-9c1a-0e897bbc51a7,c1,c5,1776,?,i10,
1769500737.4465168,SENT,4f753fc2-f069-46b2-bb5d-d83e0a3e4b76,fd01062a-9a42-4e4d-a96e-79eb212ff78f,c5,c2,1783,?,i10,
1769500737.446559,FORWARDED,4f753fc2-f069-46b2-bb5d-d83e0a3e4b76,fd01062a-9a42-4e4d-a96e-79eb212ff78f,c5,c2,1783,?,i10,
1769500737.4618819,SENT,00b2ddb0-6f6e-47c3-989c-3abfd58c83ab,a1e7bb4b-5003-41de-9c3f-d8bfcd185f47,c2,None,1594,?,i10,
1769500737.4619296,FORWARDED,00b2ddb0-6f6e-47c3-989c-3abfd58c83ab,a1e7bb4b-5003-41de-9c3f-d8bfcd185f47,c2,None,1594,?,i10,
1769500737.4672422,RECEIVED,708a2388-989b-4e47-a441-6db52135b7a1,10e0b5f2-e325-43b7-aa39-e5359b63288a,c5,DROP,1435,p2,?,
1769500737.48902,RECEIVED,0ed5a52f-4fb3-41e6-997f-7ddda785c99d,8efd9a5b-1975-423e-bd6e-8304c6f4ba8a,c4,DROP,1436,p1,?,
1769500737.745179,SENT,0ed5a52f-4fb3-41e6-997f-7ddda785c99d,8efd9a5b-1975-423e-bd6e-8304c6f4ba8a,c4,DROP,1005,?,i4,
1769500737.7452145,FORWARDED,0ed5a52f-4fb3-41e6-997f-7ddda785c99d,8efd9a5b-1975-423e-bd6e-8304c6f4ba8a,c4,DROP,1005,?,i4,
1769500737.748675,RECEIVED,56e08219-7574-4064-9c45-2f8fd704d3f0,3abf6224-d47f-4a69-a586-60be5827093a,c1,DROP,1441,p1,?,
1769500737.7597208,SENT,def91be2-6354-4740-8f94-651b8c70c99d,96250eaf-0a73-437b-8ee5-9dbae630dd2f,c4,None,1596,?,i3,
1769500737.759768,FORWARDED,def91be2-6354-4740-8f94-651b8c70c99d,96250eaf-0a73-437b-8ee5-9dbae630dd2f,c4,None,1596,?,i3,
1769500737.8744683,RECEIVED,ae2a9bf5-d921-4537-b364-5d63e8f140d1,a30f3e74-009d-4972-8d86-8f5c38e3bcb9,c5,c2,2459,p2,?,
1769500737.8938875,SENT,56e08219-7574-4064-9c45-2f8fd704d3f0,3abf6224-d47f-4a69-a586-60be5827093a,c1,DROP,1008,?,i10,
1769500737.8939378,FORWARDED,56e08219-7574-4064-9c45-2f8fd704d3f0,3abf6224-d47f-4a69-a586-60be5827093a,c1,DROP,1008,?,i10,
1769500737.9003208,RECEIVED,af8b4740-9402-460a-9700-e8c3e1f01778,c88a15b6-57cd-47c6-88ad-830f180e5e8b,c5,DROP,1445,p2,?,
1769500737.9171362,RECEIVED,df97cf4e-8eae-49ff-8858-a27f96aaae59,106129f0-0c79-464c-b243-110207f8ac6e,c5,None,2231,p2,?,
1769500737.9974751,SENT,af8b4740-9402-460a-9700-e8c3e1f01778,c88a15b6-57cd-47c6-88ad-830f180e5e8b,c5,DROP,1010,?,i4,
1769500737.9975173,FORWARDED,af8b4740-9402-460a-9700-e8c3e1f01778,c88a15b6-57cd-47c6-88ad-830f180e5e8b,c5,DROP,1010,?,i4,
1769500738.0844183,RECEIVED,d35cbd96-fc5b-4806-83a4-2c65de771a6a,10752d75-f69f-4146-baae-f351bfad18ae,c2,c1,2460,p2,?,
1769500738.0979376,SENT,df97cf4e-8eae-49ff-8858-a27f96aaae59,106129f0-0c79-464c-b243-110207f8ac6e,c5,None,1600,?,i6,
1769500738.097983,FORWARDED,df97cf4e-8eae-49ff-8858-a27f96aaae59,106129f0-0c79-464c-b243-110207f8ac6e,c5,None,1600,?,i6,
1769500738.138528,RECEIVED,79e6369d-7503-4a53-a09e-ad883d7e06c0,772cc433-cfdf-4b04-bbf9-f0ed3100f2e2,c3,c4,2464,p3,?,
1769500738.1410441,RECEIVED,6e38bf99-0b62-4c10-b8ab-c258508c795c,2ceb2564-0b1c-4499-a0aa-7ad74c65c1a3,c4,DROP,1447,p1,?,
1769500738.2154686,SENT,e9aefef7-f39d-4ff0-84b0-06b54a68ce5a,151b6311-5280-429a-b8e0-a25f0e497ac9,c1,c5,1767,?,i9,
1769500738.2155123,FORWARDED,e9aefef7-f39d-4ff0-84b0-06b54a68ce5a,151b6311-5280-429a-b8e0-a25f0e497ac9,c1,c5,1767,?,i9,
1769500738.2228587,SENT,99852144-e2d9-44d2-8c42-3fb38a01e5f6,8adde4db-d9d2-4199-afbc-ce961c703fb5,c1,None,1607,?,i3,
1769500738.2229006,FORWARDED,99852144-e2d9-44d2-8c42-3fb38a01e5f6,8adde4db-d9d2-4199-afbc-ce961c703fb5,c1,None,1607,?,i3,
1769500738.2298007,SENT,79e6369d-7503-4a53-a09e-ad883d7e06c0,772cc433-cfdf-4b04-bbf9-f0ed3100f2e2,c3,c4,1776,?,i2,
1769500738.2298367,FORWARDED,79e6369d-7503-4a53-a09e-ad883d7e06c0,772cc433-cfdf-4b04-bbf9-f0ed3100f2e2,c3,c4,1776,?,i2,
1769500738.2655632,SENT,d35cbd96-fc5b-4806-83a4-2c65de771a6a,10752d75-f69f-4146-baae-f351bfad18ae,c2,c1,1772,?,i2,
1769500738.2656024,FORWARDED,d35cbd96-fc5b-4806-83a4-2c65de771a6a,10752d75-f69f-4146-baae-f351bfad18ae,c2,c1,1772,?,i2,
1769500738.3180065,SENT,ae2a9bf5-d921-4537-b364-5d63e8f140d1,a30f3e74-009d-4972-8d86-8f5c38e3bcb9,c5,c2,1773,?,i9,
1769500738.3180661,FORWARDED,ae2a9bf5-d921-4537-b364-5d63e8f140d1,a30f3e74-009d-4972-8d86-8f5c38e3bcb9,c5,c2,1773,?,i9,
1769500738.4551332,SENT,708a2388-989b-4e47-a441-6db52135b7a1,10e0b5f2-e325-43b7-aa39-e5359b63288a,c5,DROP,1003,?,i7,
1769500738.455177,FORWARDED,708a2388-989b-4e47-a441-6db52135b7a1,10e0b5f2-e325-43b7-aa39-e5359b63288a,c5,DROP,1003,?,i7,
1769500738.6600778,RECEIVED,e2cc3eaa-f7dc-4f45-95a8-f4edc30ae676,cd19ab75-e743-4e85-b770-5692db585f00,c1,DROP,445,x11,?,
1769500738.6644108,SENT,6e38bf99-0b62-4c10-b8ab-c258508c795c,2ceb2564-0b1c-4499-a0aa-7ad74c65c1a3,c4,DROP,1012,?,i2,
1769500738.6644542,FORWARDED,6e38bf99-0b62-4c10-b8ab-c258508c795c,2ceb2564-0b1c-4499-a0aa-7ad74c65c1a3,c4,DROP,1012,?,i2,
1769500739.250255,RECEIVED,b2e0f0ca-abdf-43ba-91ad-469f838a3f38,7c59ef5f-c604-4485-bab5-f3b72b94cdf0,c4,DROP,1453,p1,?,
1769500739.276429,SENT,b2e0f0ca-abdf-43ba-91ad-469f838a3f38,7c59ef5f-c604-4485-bab5-f3b72b94cdf0,c4,DROP,1016,?,i3,
1769500739.2764728,FORWARDED,b2e0f0ca-abdf-43ba-91ad-469f838a3f38,7c59ef5f-c604-4485-bab5-f3b72b94cdf0,c4,DROP,1016,?,i3,
1769500739.3469222,RECEIVED,d2288720-441c-40bb-97be-6adb451b1600,a7f1d23b-1214-414b-89b5-185aeb5f4d97,c5,DROP,1457,p2,?,
1769500739.3682158,RECEIVED,942ba748-adc2-4bb0-8c24-f08210cc9053,db5ab2ab-f03c-422d-82a3-9342125e0d92,c1,DROP,445,x12,?,
1769500739.5280132,RECEIVED,48c56d8c-256d-4bf5-9e93-c4169560f8c3,7383fab2-c272-4e33-a2ba-203470ba5dac,c2,DROP,442,x7,?,
1769500739.638159,RECEIVED,c4835d36-daf2-449c-9af1-2209e03dd270,c9988238-8104-4e69-a537-a6d8439f0e6f,c3,None,2236,p3,?,
1769500739.6525671,RECEIVED,d542dde0-6a44-4aa0-939c-6744b20dfb62,22718324-71b9-4b49-9e0b-299a72d0838a,c3,c4,2478,p3,?,
1769500739.784482,RECEIVED,3e4b37b6-510e-4ea8-9cc8-5e58340d5b66,431cf76b-698d-46d7-a079-5b49ee67f9ea,c1,DROP,442,x1,?,
1769500739.8416033,SENT,d2288720-441c-40bb-97be-6adb451b1600,a7f1d23b-1214-414b-89b5-185aeb5f4d97,c5,DROP,1019,?,i11,
1769500739.8416457,FORWARDED,d2288720-441c-40bb-97be-6adb451b1600,a7f1d23b-1214-414b-89b5-185aeb5f4d97,c5,DROP,1019,?,i11,
1769500739.8466356,RECEIVED,bf131d1f-2769-4d64-9242-b5a3cb52456a,845db96e-a014-415d-a12b-6e77e05c2b5d,c4,DROP,1445,p1,?,
1769500739.858795,RECEIVED,9874f3be-1402-486a-a437-0f2288befdeb,7d321ca3-a647-4325-94f8-f3e5ec6b1508,c2,DROP,1441,p2,?,
1769500739.9249797,SENT,9874f3be-1402-486a-a437-0f2288befdeb,7d321ca3-a647-4325-94f8-f3e5ec6b1508,c2,DROP,1008,?,i12,
1769500739.9250188,FORWARDED,9874f3be-1402-486a-a437-0f2288befdeb,7d321ca3-a647-4325-94f8-f3e5ec6b1508,c2,DROP,1008,?,i12,
1769500740.2276764,RECEIVED,1760f754-2c2f-4632-91c0-8a31d1230eea,e3c7eb23-0c4a-442e-acad-2e9dddf700bb,c2,DROP,1444,p2,?,
1769500740.2339005,RECEIVED,094cbdcc-b07c-447d-868d-13be4adad907,7d1595c4-fef6-4c5c-a7dc-396a9f60167e,c5,DROP,1448,p2,?,
1769500740.2415588,RECEIVED,8db2cbcc-ec1d-4625-aa56-cc6d9742edb0,401275e0-1155-4ece-91a7-11587a6e3f0c,c4,DROP,446,x4,?,
1769500740.2838016,SENT,bf131d1f-2769-4d64-9242-b5a3cb52456a,845db96e-a014-415d-a12b-6e77e05c2b5d,c4,DROP,1011,?,i12,
1769500740.2838542,FORWARDED,bf131d1f-2769-4d64-9242-b5a3cb52456a,845db96e-a014-415d-a12b-6e77e05c2b5d,c4,DROP,1011,?,i12,
1769500740.3031576,SENT,094cbdcc-b07c-447d-868d-13be4adad907,7d1595c4-fef6-4c5c-a7dc-396a9f60167e,c5,DROP,1014,?,i8,
1769500740.3031971,FORWARDED,094cbdcc-b07c-447d-868d-13be4adad907,7d1595c4-fef6-4c5c-a7dc-396a9f60167e,c5,DROP,1014,?,i8,
1769500740.3552792,RECEIVED,d2cfe436-7e6b-493b-8d07-02bf20e63d78,bf1db9d8-a390-4faf-982f-9263c8469fa9,c2,c1,2473,p2,?,
1769500740.3792136,SENT,d542dde0-6a44-4aa0-939c-6744b20dfb62,22718324-71b9-4b49-9e0b-299a72d0838a,c3,c4,1786,?,i9,
1769500740.379251,FORWARDED,d542dde0-6a44-4aa0-939c-6744b20dfb62,22718324-71b9-4b49-9e0b-299a72d0838a,c3,c4,1786,?,i9,
1769500740.5236437,SENT,c4835d36-daf2-449c-9af1-2209e03dd270,c9988238-8104-4e69-a537-a6d8439f0e6f,c3,None,1604,?,i12,
1769500740.5236893,FORWARDED,c4835d36-daf2-449c-9af1-2209e03dd270,c9988238-8104-4e69-a537-a6d8439f0e6f,c3,None,1604,?,i12,
1769500740.525664,RECEIVED,83b7c867-d2e1-45ba-af90-76ba61092029,c23111f3-f744-4002-972b-d2eed3246861,c1,DROP,1450,p1,?,
1769500740.552325,SENT,1760f754-2c2f-4632-91c0-8a31d1230eea,e3c7eb23-0c4a-442e-acad-2e9dddf700bb,c2,DROP,1011,?,i9,
1769500740.552364,FORWARDED,1760f754-2c2f-4632-91c0-8a31d1230eea,e3c7eb23-0c4a-442e-acad-2e9dddf700bb,c2,DROP,1011,?,i9,
1769500740.5697758,RECEIVED,ffa810c0-2a1a-4587-91f9-924f0d656770,27bcded0-ca56-4e2b-94ce-4cec9d3aefcb,c5,DROP,1457,p2,?,
1769500740.6572938,SENT,ffa810c0-2a1a-4587-91f9-924f0d656770,27bcded0-ca56-4e2b-94ce-4cec9d3aefcb,c5,DROP,1020,?,i8,
1769500740.657337,FORWARDED,ffa810c0-2a1a-4587-91f9-924f0d656770,27bcded0-ca56-4e2b-94ce-4cec9d3aefcb,c5,DROP,1020,?,i8,
1769500740.6632829,SENT,d2cfe436-7e6b-493b-8d07-02bf20e63d78,bf1db9d8-a390-4faf-982f-9263c8469fa9,c2,c1,1781,?,i11,
1769500740.663324,FORWARDED,d2cfe436-7e6b-493b-8d07-02bf20e63d78,bf1db9d8-a390-4faf-982f-9263c8469fa9,c2,c1,1781,?,i11,
1769500740.9578032,RECEIVED,43eb6ae5-c184-4165-ba8d-b790de25e49d,ff7b4566-41c3-4be3-85d9-50009c6eaac9,c2,DROP,1448,p2,?,
1769500741.1626346,RECEIVED,14a25eed-b39b-47e1-bbd2-e45fdab54a6f,6cf3cc82-d5f1-43be-a591-52bd760f3f26,c1,c5,2451,p1,?,
1769500741.1996624,RECEIVED,6ee129b9-078d-47ea-928a-917c9aaf9c52,c4963aa1-bbbf-4639-9ab2-9448a1a4101a,c5,None,2227,p2,?,
1769500741.2254064,RECEIVED,2952d8fc-4c95-44ee-a73c-03a9dd01d11e,e70f8550-a7e4-419b-91b0-ed4ceac6a3da,c2,None,2223,p2,?,
1769500741.2297878,RECEIVED,169daefa-0f26-46cd-8c5f-b41f2c6bee1d,7c8f1bf0-0e4f-46f7-80a7-da2be128620d,c5,DROP,1431,p2,?,
1769500741.3391626,SENT,43eb6ae5-c184-4165-ba8d-b790de25e49d,ff7b4566-41c3-4be3-85d9-50009c6eaac9,c2,DROP,1013,?,i7,
1769500741.3392036,FORWARDED,43eb6ae5-c184-4165-ba8d-b790de25e49d,ff7b4566-41c3-4be3-85d9-50009c6eaac9,c2,DROP,1013,?,i7,
1769500741.4633899,SENT,14a25eed-b39b-47e1-bbd2-e45fdab54a6f,6cf3cc82-d5f1-43be-a591-52bd760f3f26,c1,c5,1767,?,i3,
1769500741.4634485,FORWARDED,14a25eed-b39b-47e1-bbd2-e45fdab54a6f,6cf3cc82-d5f1-43be-a591-52bd760f3f26,c1,c5,1767,?,i3,
1769500741.4673722,RECEIVED,b1ad4dfc-43df-4085-9a33-f6f16c77d7fc,f9c23347-c4d5-48ca-8a64-160a75059e3d,c2,None,2224,p2,?,
1769500741.4776783,SENT,169daefa-0f26-46cd-8c5f-b41f2c6bee1d,7c8f1bf0-0e4f-46f7-80a7-da2be128620d,c5,DROP,1002,?,i7,
1769500741.4777267,FORWARDED,169daefa-0f26-46cd-8c5f-b41f2c6bee1d,7c8f1bf0-0e4f-46f7-80a7-da2be128620d,c5,DROP,1002,?,i7,
1769500741.5125144,SENT,b1ad4dfc-43df-4085-9a33-f6f16c77d7fc,f9c23347-c4d5-48ca-8a64-160a75059e3d,c2,None,1596,?,i4,
1769500741.512557,FORWARDED,b1ad4dfc-43df-4085-9a33-f6f16c77d7fc,f9c23347-c4d5-48ca-8a64-160a75059e3d,c2,None,1596,?,i4,
1769500741.538995,SENT,83b7c867-d2e1-45ba-af90-76ba61092029,c23111f3-f744-4002-972b-d2eed3246861,c1,DROP,1015,?,i9,
1769500741.539031,FORWARDED,83b7c867-d2e1-45ba-af90-76ba61092029,c23111f3-f744-4002-972b-d2eed3246861,c1,DROP,1015,?,i9,
1769500741.5876684,RECEIVED,486b4d07-0ca5-45ba-be50-b08856d0380a,9528074e-e1eb-4762-b6b8-3a38a61c927f,c3,c4,2476,p3,?,
1769500741.6537697,RECEIVED,a86fdf07-65a6-4736-9847-8a610553f178,2ad2564b-46b4-4e1a-b045-085272c58daf,c3,None,2236,p3,?,
1769500741.768028,RECEIVED,0d6f82e8-8e8f-4d25-88a0-db4989d2ce86,12f0ad53-6f96-4759-bc06-a122cc766d4c,c1,c5,2456,p1,?,
1769500741.810401,SENT,2952d8fc-4c95-44ee-a73c-03a9dd01d11e,e70f8550-a7e4-419b-91b0-ed4ceac6a3da,c2,None,1595,?,i4,
1769500741.8104446,FORWARDED,2952d8fc-4c95-44ee-a73c-03a9dd01d11e,e70f8550-a7e4-419b-91b0-ed4ceac6a3da,c2,None,1595,?,i4,
1769500741.8274295,RECEIVED,78752db7-5dd3-4943-8ece-53312f4b1987,47f1bad3-c270-40e6-8a2d-be99c35c3c80,c4,DROP,1452,p1,?,
1769500741.862305,SENT,a86fdf07-65a6-4736-9847-8a610553f178,2ad2564b-46b4-4e1a-b045-085272c58daf,c3,None,1603,?,i8,
1769500741.8623466,FORWARDED,a86fdf07-65a6-4736-9847-8a610553f178,2ad2564b-46b4-4e1a-b045-085272c58daf,c3,None,1603,?,i8,
1769500741.949333,RECEIVED,349c22fc-bb52-4eb8-ac32-1dd4d617f71c,173ace4c-f1f7-4fcf-ac50-13e5156c5e68,c1,DROP,1452,p1,?,
1769500741.9868455,RECEIVED,37d93118-68d5-41cb-90ec-ade9ccf96824,5d02f213-5f34-4d33-8d1a-122f72904bd6,c2,None,2227,p2,?,
1769500742.0294027,SENT,78752db7-5dd3-4943-8ece-53312f4b1987,47f1bad3-c270-40e6-8a2d-be99c35c3c80,c4,DROP,1016,?,i3,
1769500742.0294497,FORWARDED,78752db7-5dd3-4943-8ece-53312f4b1987,47f1bad3-c270-40e6-8a2d-be99c35c3c80,c4,DROP,1016,?,i3,
1769500742.0797706,RECEIVED,81423e50-41dc-4021-89c9-ba4ffeffb155,fc6f459e-16f6-430a-a89e-88d1a5f399cf,c3,DROP,1438,p3,?,
1769500742.1742666,RECEIVED,7481734f-798d-48d0-9e22-c0242a249980,a06dcef0-21b7-4145-bda9-be425b2884cc,c2,DROP,1443,p2,?,
1769500742.2087653,SENT,7481734f-798d-48d0-9e22-c0242a249980,a06dcef0-21b7-4145-bda9-be425b2884cc,c2,DROP,1007,?,i5,
1769500742.2088072,FORWARDED,7481734f-798d-48d0-9e22-c0242a249980,a06dcef0-21b7-4145-bda9-be425b2884cc,c2,DROP,1007,?,i5,
1769500742.2146468,SENT,486b4d07-0ca5-45ba-be50-b08856d0380a,9528074e-e1eb-4762-b6b8-3a38a61c927f,c3,c4,1784,?,i12,
1769500742.2146883,FORWARDED,486b4d07-0ca5-45ba-be50-b08856d0380a,9528074e-e1eb-4762-b6b8-3a38a61c927f,c3,c4,1784,?,i12,
1769500742.2853203,RECEIVED,96659c10-1d79-4f38-8547-d4c167630be6,a674fa63-b9e0-4cc0-a2ff-ded574f7a689,c3,DROP,1456,p3,?,
1769500742.5073605,RECEIVED,8c18534c-aaaf-401d-8912-fdefea428b51,d3b8f585-a221-4c8d-9bc8-7cc5d8935b73,c5,c2,2455,p2,?,
1769500742.6608515,RECEIVED,2ba54665-ccf4-45e2-8ba7-1e499967f4a8,4796f6a7-59e6-4226-b0e6-c339abffde88,c3,None,2232,p3,?,
1769500742.7548654,SENT,0d6f82e8-8e8f-4d25-88a0-db4989d2ce86,12f0ad53-6f96-4759-bc06-a122cc766d4c,c1,c5,1768,?,i12,
1769500742.754908,FORWARDED,0d6f82e8-8e8f-4d25-88a0-db4989d2ce86,12f0ad53-6f96-4759-bc06-a122cc766d4c,c1,c5,1768,?,i12,
1769500742.7706187,RECEIVED,343cd2fb-7d53-4879-bd7a-0382f5aef500,6514fe87-9e0a-4268-980c-661cb6744fcb,c4,c3,2464,p1,?,
1769500742.8010588,RECEIVED,5087645c-9afd-4a80-9dd6-8393eec1dec2,557e3d6b-c4b8-4620-b342-7a605452c8f8,c2,DROP,1440,p2,?,
1769500742.826664,SENT,349c22fc-bb52-4eb8-ac32-1dd4d617f71c,173ace4c-f1f7-4fcf-ac50-13e5156c5e68,c1,DROP,1017,?,i12,
1769500742.8267012,FORWARDED,349c22fc-bb52-4eb8-ac32-1dd4d617f71c,173ace4c-f1f7-4fcf-ac50-13e5156c5e68,c1,DROP,1017,?,i12,
1769500742.934717,SENT,37d93118-68d5-41cb-90ec-ade9ccf96824,5d02f213-5f34-4d33-8d1a-122f72904bd6,c2,None,1598,?,i2,
1769500742.9347615,FORWARDED,37d93118-68d5-41cb-90ec-ade9ccf96824,5d02f213-5f34-4d33-8d1a-122f72904bd6,c2,None,1598,?,i2,
1769500742.9483557,SENT,96659c10-1d79-4f38-8547-d4c167630be6,a674fa63-b9e0-4cc0-a2ff-ded574f7a689,c3,DROP,1019,?,i10,
1769500742.948398,FORWARDED,96659c10-1d79-4f38-8547-d4c167630be6,a674fa63-b9e0-4cc0-a2ff-ded574f7a689,c3,DROP,1019,?,i10,
1769500742.983218,SENT,343cd2fb-7d53-4879-bd7a-0382f5aef500,6514fe87-9e0a-4268-980c-661cb6744fcb,c4,c3,1776,?,i4,
1769500742.983262,FORWARDED,343cd2fb-7d53-4879-bd7a-0382f5aef500,6514fe87-9e0a-4268-980c-661cb6744fcb,c4,c3,1776,?,i4,
1769500743.0359545,SENT,6ee129b9-078d-47ea-928a-917c9aaf9c52,c4963aa1-bbbf-4639-9ab2-9448a1a4101a,c5,None,1598,?,i7,
1769500743.0359945,FORWARDED,6ee129b9-078d-47ea-928a-917c9aaf9c52,c4963aa1-bbbf-4639-9ab2-9448a1a4101a,c5,None,1598,?,i7,
1769500743.0655606,SENT,5087645c-9afd-4a80-9dd6-8393eec1dec2,557e3d6b-c4b8-4620-b342-7a605452c8f8,c2,DROP,1008,?,i3,
1769500743.0656018,FORWARDED,5087645c-9afd-4a80-9dd6-8393eec1dec2,557e3d6b-c4b8-4620-b342-7a605452c8f8,c2,DROP,1008,?,i3,
1769500743.0949807,RECEIVED,8d92b518-1527-45a5-9a5c-d6029af257d0,47d27896-860f-4cbb-a14a-b3849dc21a77,c2,DROP,437,x4,?,
1769500743.1158156,RECEIVED,e1509f7b-ec36-4e49-ba09-6fd0972662df,9ab39822-70e8-461f-930c-f82d8918dc40,c1,DROP,441,x1,?,
1769500743.1283062,SENT,8c18534c-aaaf-401d-8912-fdefea428b51,d3b8f585-a221-4c8d-9bc8-7cc5d8935b73,c5,c2,1768,?,i5,
1769500743.1283486,FORWARDED,8c18534c-aaaf-401d-8912-fdefea428b51,d3b8f585-a221-4c8d-9bc8-7cc5d8935b73,c5,c2,1768,?,i5,
1769500743.1437168,RECEIVED,604e8284-1af5-4532-8365-32712324b4b4,1e0d16c2-a70e-4ef0-b658-ff48311bea3a,c5,DROP,1444,p2,?,
1769500743.3146715,RECEIVED,0c52a164-6d2a-417e-8fa5-92a76613d9ce,7496f1df-d59b-4f7d-83e3-d16c0f8c228b,c4,DROP,441,x7,?,
1769500743.351453,RECEIVED,f183d3f3-49c7-402e-a574-56c1b5de7509,ae056a9e-c0ed-41a2-be7b-bbd26e9cfaf3,c3,DROP,1440,p3,?,
1769500743.4208646,SENT,2ba54665-ccf4-45e2-8ba7-1e499967f4a8,4796f6a7-59e6-4226-b0e6-c339abffde88,c3,None,1602,?,i12,
1769500743.4209127,FORWARDED,2ba54665-ccf4-45e2-8ba7-1e499967f4a8,4796f6a7-59e6-4226-b0e6-c339abffde88,c3,None,1602,?,i12,
1769500743.4360695,SENT,604e8284-1af5-4532-8365-32712324b4b4,1e0d16c2-a70e-4ef0-b658-ff48311bea3a,c5,DROP,1011,?,i4,
1769500743.4361305,FORWARDED,604e8284-1af5-4532-8365-32712324b4b4,1e0d16c2-a70e-4ef0-b658-ff48311bea3a,c5,DROP,1011,?,i4,
1769500743.4578679,RECEIVED,45fa4973-91f1-4e09-ae48-4b63067c2fbd,b89c949c-6b2e-4abb-aaf1-ec6fb1ffad14,c1,None,2225,p1,?,
1769500743.4679492,RECEIVED,b86d185a-8254-4e89-97bb-487f1320f6a9,ed20c6ed-dd9e-49e4-98cf-eb6e3a7cbc86,c2,DROP,1448,p2,?,
1769500743.5279582,RECEIVED,f666f7ed-ae74-4f61-aae2-8d731a4ea7e4,137a6683-bff2-4793-8f09-512a328c6e08,c3,None,2233,p3,?,
1769500743.5414596,SENT,45fa4973-91f1-4e09-ae48-4b63067c2fbd,b89c949c-6b2e-4abb-aaf1-ec6fb1ffad14,c1,None,1595,?,i12,
1769500743.5415,FORWARDED,45fa4973-91f1-4e09-ae48-4b63067c2fbd,b89c949c-6b2e-4abb-aaf1-ec6fb1ffad14,c1,None,1595,?,i12,
1769500743.5637002,SENT,f183d3f3-49c7-402e-a574-56c1b5de7509,ae056a9e-c0ed-41a2-be7b-bbd26e9cfaf3,c3,DROP,1007,?,i5,
1769500743.5637407,FORWARDED,f183d3f3-49c7-402e-a574-56c1b5de7509,ae056a9e-c0ed-41a2-be7b-bbd26e9cfaf3,c3,DROP,1007,?,i5,
1769500743.6759017,RECEIVED,02809643-9f49-4cc0-99e5-ebbc51b171f5,955e3e10-9ca0-418c-99cb-48ba1ddcbb55,c2,DROP,1439,p2,?,
1769500743.8185399,SENT,b86d185a-8254-4e89-97bb-487f1320f6a9,ed20c6ed-dd9e-49e4-98cf-eb6e3a7cbc86,c2,DROP,1014,?,i8,
1769500743.818579,FORWARDED,b86d185a-8254-4e89-97bb-487f1320f6a9,ed20c6ed-dd9e-49e4-98cf-eb6e3a7cbc86,c2,DROP,1014,?,i8,
1769500743.8242173,SENT,02809643-9f49-4cc0-99e5-ebbc51b171f5,955e3e10-9ca0-418c-99cb-48ba1ddcbb55,c2,DROP,1007,?,i9,
1769500743.8242626,FORWARDED,02809643-9f49-4cc0-99e5-ebbc51b171f5,955e3e10-9ca0-418c-99cb-48ba1ddcbb55,c2,DROP,1007,?,i9,
1769500743.8927631,RECEIVED,838c2c5f-b386-4f4b-9cf4-5a55a126c267,d20e6569-b1b7-46b2-b228-ebe54cf240cb,c4,c3,2472,p1,?,
1769500744.0309026,RECEIVED,b7fd3f24-6ce1-44d0-a392-de8927a17c18,3e94c649-f955-4b51-adc8-c133fd56891b,c2,DROP,1451,p2,?,
1769500744.081943,SENT,f666f7ed-ae74-4f61-aae2-8d731a4ea7e4,137a6683-bff2-4793-8f09-512a328c6e08,c3,None,1604,?,i9,
1769500744.0819824,FORWARDED,f666f7ed-ae74-4f61-aae2-8d731a4ea7e4,137a6683-bff2-4793-8f09-512a328c6e08,c3,None,1604,?,i9,
1769500744.2407708,RECEIVED,6331b505-02a4-4804-9717-00070ef07914,b4976dfc-9b19-4ee8-bd57-d1434d9fca2f,c5,DROP,1448,p2,?,
1769500744.249511,RECEIVED,64382915-79de-4819-8ae0-fe3e198f40c1,1417f281-0da9-4070-bb3b-15c7896713bc,c2,DROP,1460,p2,?,
1769500744.3385863,SENT,64382915-79de-4819-8ae0-fe3e198f40c1,1417f281-0da9-4070-bb3b-15c7896713bc,c2,DROP,1021,?,i2,
1769500744.3386273,FORWARDED,64382915-79de-4819-8ae0-fe3e198f40c1,1417f281-0da9-4070-bb3b-15c7896713bc,c2,DROP,1021,?,i2,
1769500744.3403552,RECEIVED,ad3ed03e-8fca-4dbc-af14-6f9bb881a7a3,3969a524-73ad-482d-9b70-35c992437a23,c1,DROP,1440,p1,?,
1769500744.3414483,SENT,6331b505-02a4-4804-9717-00070ef07914,b4976dfc-9b19-4ee8-bd57-d1434d9fca2f,c5,DROP,1013,?,i4,
1769500744.3414824,FORWARDED,6331b505-02a4-4804-9717-00070ef07914,b4976dfc-9b19-4ee8-bd57-d1434d9fca2f,c5,DROP,1013,?,i4,
1769500744.409229,RECEIVED,f0167e39-0de2-4507-b82b-286fd5d06204,20b411e5-0e08-41a4-a93c-f86e1ffd029f,c5,None,2232,p2,?,
1769500744.4405603,RECEIVED,f0a728ed-b9ea-45c8-bb22-8fa31e437dbc,1454cdb5-504b-45c2-8460-e7bd0a19faae,c2,DROP,1444,p2,?,
1769500744.4951463,SENT,ad3ed03e-8fca-4dbc-af14-6f9bb881a7a3,3969a524-73ad-482d-9b70-35c992437a23,c1,DROP,1008,?,i7,
1769500744.4951897,FORWARDED,ad3ed03e-8fca-4dbc-af14-6f9bb881a7a3,3969a524-73ad-482d-9b70-35c992437a23,c1,DROP,1008,?,i7,
1769500744.524772,SENT,f0167e39-0de2-4507-b82b-286fd5d06204,20b411e5-0e08-41a4-a93c-f86e1ffd029f,c5,None,1600,?,i6,
1769500744.5248137,FORWARDED,f0167e39-0de2-4507-b82b-286fd5d06204,20b411e5-0e08-41a4-a93c-f86e1ffd029f,c5,None,1600,?,i6,
1769500744.5445762,SENT,f0a728ed-b9ea-45c8-bb22-8fa31e437dbc,1454cdb5-504b-45c2-8460-e7bd0a19faae,c2,DROP,1011,?,i5,
1769500744.5446165,FORWARDED,f0a728ed-b9ea-45c8-bb22-8fa31e437dbc,1454cdb5-504b-45c2-8460-e7bd0a19faae,c2,DROP,1011,?,i5,
1769500744.555994,RECEIVED,65e5871a-5fa8-4a6f-ac57-e954ceb77a12,5451db61-fdba-479e-85ef-53a01d3644aa,c1,DROP,1454,p1,?,
1769500744.572684,RECEIVED,bb292169-33ff-4c9f-8e16-8ec71912f012,e5b74642-72af-4d77-b26e-0c46f9cec144,c4,DROP,1440,p1,?,
1769500744.5742705,RECEIVED,ef356242-3550-4078-a39a-eebcfaf30d86,ec738a2b-6c4a-4450-bb55-9765959626b6,c3,DROP,1441,p3,?,
1769500744.6462412,SENT,65e5871a-5fa8-4a6f-ac57-e954ceb77a12,5451db61-fdba-479e-85ef-53a01d3644aa,c1,DROP,1015,?,i6,
1769500744.6462905,FORWARDED,65e5871a-5fa8-4a6f-ac57-e954ceb77a12,5451db61-fdba-479e-85ef-53a01d3644aa,c1,DROP,1015,?,i6,
1769500744.7286482,SENT,81423e50-41dc-4021-89c9-ba4ffeffb155,fc6f459e-16f6-430a-a89e-88d1a5f399cf,c3,DROP,1008,?,i1,
1769500744.7286918,FORWARDED,81423e50-41dc-4021-89c9-ba4ffeffb155,fc6f459e-16f6-430a-a89e-88d1a5f399cf,c3,DROP,1008,?,i1,
1769500744.7716389,SENT,838c2c5f-b386-4f4b-9cf4-5a55a126c267,d20e6569-b1b7-46b2-b228-ebe54cf240cb,c4,c3,1780,?,i12,
1769500744.7716794,FORWARDED,838c2c5f-b386-4f4b-9cf4-5a55a126c267,d20e6569-b1b7-46b2-b228-ebe54cf240cb,c4,c3,1780,?,i12,
1769500744.7900016,SENT,ef356242-3550-4078-a39a-eebcfaf30d86,ec738a2b-6c4a-4450-bb55-9765959626b6,c3,DROP,1007,?,i10,
1769500744.7900407,FORWARDED,ef356242-3550-4078-a39a-eebcfaf30d86,ec738a2b-6c4a-4450-bb55-9765959626b6,c3,DROP,1007,?,i10,
1769500744.7904038,RECEIVED,28674ec4-37ba-4294-b463-e880cee253f7,2457a435-5972-462a-9e10-9dabef21f4f7,c3,DROP,1444,p3,?,
1769500744.934598,SENT,bb292169-33ff-4c9f-8e16-8ec71912f012,e5b74642-72af-4d77-b26e-0c46f9cec144,c4,DROP,1008,?,i12,
1769500744.9346418,FORWARDED,bb292169-33ff-4c9f-8e16-8ec71912f012,e5b74642-72af-4d77-b26e-0c46f9cec144,c4,DROP,1008,?,i12,
1769500745.0569665,SENT,28674ec4-37ba-4294-b463-e880cee253f7,2457a435-5972-462a-9e10-9dabef21f4f7,c3,DROP,1009,?,i10,
1769500745.0570092,FORWARDED,28674ec4-37ba-4294-b463-e880cee253f7,2457a435-5972-462a-9e10-9dabef21f4f7,c3,DROP,1009,?,i10,
1769500745.0718486,SENT,b7fd3f24-6ce1-44d0-a392-de8927a17c18,3e94c649-f955-4b51-adc8-c133fd56891b,c2,DROP,1015,?,i6,
1769500745.0718923,FORWARDED,b7fd3f24-6ce1-44d0-a392-de8927a17c18,3e94c649-f955-4b51-adc8-c133fd56891b,c2,DROP,1015,?,i6,
1769500745.187534,RECEIVED,fcfd603a-d60b-40e1-a0ca-56c2ee4029d9,a28c3fcc-5f53-49c6-aa66-6db22a240cca,c3,DROP,1444,p3,?,
1769500745.2818608,RECEIVED,99678b64-043a-49e0-b735-0f190f5a67c6,3c7dc387-6f45-4d15-9bc2-1e71d368174d,c1,DROP,1440,p1,?,
1769500745.2903965,SENT,fcfd603a-d60b-40e1-a0ca-56c2ee4029d9,a28c3fcc-5f53-49c6-aa66-6db22a240cca,c3,DROP,1011,?,i2,
1769500745.2904363,FORWARDED,fcfd603a-d60b-40e1-a0ca-56c2ee4029d9,a28c3fcc-5f53-49c6-aa66-6db22a240cca,c3,DROP,1011,?,i2,
1769500745.5217862,RECEIVED,208f66a2-c016-4287-a628-7638c5d11ff2,817df501-b4f1-41e5-a840-79d2f84f7d8a,c5,DROP,441,x1,?,
1769500745.5369768,RECEIVED,a9b10beb-2ae3-4165-968f-8b8eb69a483d,c61086d1-40fb-420a-8425-3c68d58b8792,c1,c5,2464,p1,?,
1769500745.613696,RECEIVED,111d4282-0614-46cd-afa9-a7b8ba142a41,71161e32-d77b-4d5b-83f0-0c2d718d472c,c4,DROP,442,x5,?,
1769500745.6224294,RECEIVED,1fcbc217-86ce-49b3-b705-faa3aa08e162,ae8c3172-e360-4af3-b2d7-552c350b8188,c5,DROP,1451,p2,?,
1769500745.7461746,RECEIVED,8e30a628-9bc4-420c-9432-2bd1c166cfc0,b4418cba-d7bb-471a-ae9d-607168d08e33,c1,None,2232,p1,?,
1769500745.823162,RECEIVED,d16f9037-238c-49c0-a5b1-5fc11223f278,817879c5-62e4-45a9-8707-61eea9018434,c2,c1,2477,p2,?,
1769500745.8876014,SENT,1fcbc217-86ce-49b3-b705-faa3aa08e162,ae8c3172-e360-4af3-b2d7-552c350b8188,c5,DROP,1016,?,i6,
1769500745.887643,FORWARDED,1fcbc217-86ce-49b3-b705-faa3aa08e162,ae8c3172-e360-4af3-b2d7-552c350b8188,c5,DROP,1016,?,i6,
1769500745.9682817,SENT,8e30a628-9bc4-420c-9432-2bd1c166cfc0,b4418cba-d7bb-471a-ae9d-607168d08e33,c1,None,1600,?,i3,
1769500745.9683292,FORWARDED,8e30a628-9bc4-420c-9432-2bd1c166cfc0,b4418cba-d7bb-471a-ae9d-607168d08e33,c1,None,1600,?,i3,
1769500746.05768,RECEIVED,9381ec01-dea5-4f63-9fd0-62decf868b5f,63b8b067-3e4b-4e99-b801-f5d76606322d,c3,DROP,1440,p3,?,
1769500746.0593896,SENT,99678b64-043a-49e0-b735-0f190f5a67c6,3c7dc387-6f45-4d15-9bc2-1e71d368174d,c1,DROP,1008,?,i11,
1769500746.0594301,FORWARDED,99678b64-043a-49e0-b735-0f190f5a67c6,3c7dc387-6f45-4d15-9bc2-1e71d368174d,c1,DROP,1008,?,i11,
1769500746.1555824,SENT,d16f9037-238c-49c0-a5b1-5fc11223f278,817879c5-62e4-45a9-8707-61eea9018434,c2,c1,1783,?,i12,
1769500746.155622,FORWARDED,d16f9037-238c-49c0-a5b1-5fc11223f278,817879c5-62e4-45a9-8707-61eea9018434,c2,c1,1783,?,i12,
1769500746.1561263,RECEIVED,ad26feb7-ad2e-4e1d-9f16-ba38c7a41547,7ea9715f-34b0-429b-bb46-cafbb0292649,c1,DROP,1440,p1,?,
1769500746.1594148,RECEIVED,a4682e2d-6fab-4135-99be-a05f47ab57ee,5a993210-bd23-492c-97c9-4ed5f81637ab,c2,None,2223,p2,?,
1769500746.3659935,SENT,ad26feb7-ad2e-4e1d-9f16-ba38c7a41547,7ea9715f-34b0-429b-bb46-cafbb0292649,c1,DROP,1007,?,i2,
1769500746.366035,FORWARDED,ad26feb7-ad2e-4e1d-9f16-ba38c7a41547,7ea9715f-34b0-429b-bb46-cafbb0292649,c1,DROP,1007,?,i2,
1769500746.3917723,RECEIVED,e5aa1b16-a244-4d66-be20-45b83869c3ac,7ece731b-8359-4845-97c2-586cbea81e44,c1,DROP,1440,p1,?,
1769500746.467209,SENT,e5aa1b16-a244-4d66-be20-45b83869c3ac,7ece731b-8359-4845-97c2-586cbea81e44,c1,DROP,1008,?,i5,
1769500746.4672499,FORWARDED,e5aa1b16-a244-4d66-be20-45b83869c3ac,7ece731b-8359-4845-97c2-586cbea81e44,c1,DROP,1008,?,i5,
1769500746.663074,SENT,9381ec01-dea5-4f63-9fd0-62decf868b5f,63b8b067-3e4b-4e99-b801-f5d76606322d,c3,DROP,1007,?,i12,
1769500746.6631472,FORWARDED,9381ec01-dea5-4f63-9fd0-62decf868b5f,63b8b067-3e4b-4e99-b801-f5d76606322d,c3,DROP,1007,?,i12,
1769500746.722551,RECEIVED,adcbefc8-18da-4719-8a0c-23c4c7ad9cba,c76cc174-c54a-4c23-94eb-947dc0486f31,c2,DROP,1453,p2,?,
1769500746.7881107,RECEIVED,a44b2579-3fd8-483f-9c31-654265f87396,f11a8088-aa18-4963-baeb-e4b067b95cac,c1,DROP,441,x6,?,
1769500746.9054453,SENT,adcbefc8-18da-4719-8a0c-23c4c7ad9cba,c76cc174-c54a-4c23-94eb-947dc0486f31,c2,DROP,1015,?,i10,
1769500746.905487,FORWARDED,adcbefc8-18da-4719-8a0c-23c4c7ad9cba,c76cc174-c54a-4c23-94eb-947dc0486f31,c2,DROP,1015,?,i10,
1769500747.0216475,SENT,a4682e2d-6fab-4135-99be-a05f47ab57ee,5a993210-bd23-492c-97c9-4ed5f81637ab,c2,None,1595,?,i5,
1769500747.0216882,FORWARDED,a4682e2d-6fab-4135-99be-a05f47ab57ee,5a993210-bd23-492c-97c9-4ed5f81637ab,c2,None,1595,?,i5,
1769500747.0228438,RECEIVED,9a3a9d12-d56f-4b73-b447-2d1bb91e5c71,656946bc-4e26-4c18-8f50-cea4c2ce6eac,c1,DROP,1438,p1,?,
1769500747.0403202,RECEIVED,ec61e7a6-bc6b-4369-bcbe-4b3b605374e3,fc861388-3698-47ae-a09a-4f4132ff5331,c1,DROP,1439,p1,?,
1769500747.1695547,SENT,9a3a9d12-d56f-4b73-b447-2d1bb91e5c71,656946bc-4e26-4c18-8f50-cea4c2ce6eac,c1,DROP,1007,?,i6,
1769500747.1695962,FORWARDED,9a3a9d12-d56f-4b73-b447-2d1bb91e5c71,656946bc-4e26-4c18-8f50-cea4c2ce6eac,c1,DROP,1007,?,i6,
1769500747.2009718,SENT,a9b10beb-2ae3-4165-968f-8b8eb69a483d,c61086d1-40fb-420a-8425-3c68d58b8792,c1,c5,1776,?,i12,
1769500747.201012,FORWARDED,a9b10beb-2ae3-4165-968f-8b8eb69a483d,c61086d1-40fb-420a-8425-3c68d58b8792,c1,c5,1776,?,i12,
1769500747.4232059,RECEIVED,f930507d-2701-4b1d-9966-911b7a7578fe,c23c259f-1417-49d3-ac4e-cda9214e5206,c3,DROP,1441,p3,?,
1769500747.5210118,RECEIVED,a6655ab6-d260-40c7-b043-8a7a90bb37df,98cecbe3-509e-45e1-9751-d000fb34c1d7,c2,DROP,1436,p2,?,
1769500747.6524258,SENT,ec61e7a6-bc6b-4369-bcbe-4b3b605374e3,fc861388-3698-47ae-a09a-4f4132ff5331,c1,DROP,1006,?,i3,
1769500747.6524687,FORWARDED,ec61e7a6-bc6b-4369-bcbe-4b3b605374e3,fc861388-3698-47ae-a09a-4f4132ff5331,c1,DROP,1006,?,i3,
1769500747.73357,RECEIVED,4b4fe897-efe9-407c-a3fa-1c90a9c04f29,09c89cd0-594c-4f7c-82ad-a5608ddc5a89,c3,DROP,446,x6,?,
1769500747.8619585,RECEIVED,503044d2-c4ff-40e3-a78f-9bf61cc75878,c66fb544-b422-4eec-a19f-094aaa5d0586,c3,DROP,1451,p3,?,
1769500747.9196284,SENT,f930507d-2701-4b1d-9966-911b7a7578fe,c23c259f-1417-49d3-ac4e-cda9214e5206,c3,DROP,1008,?,i10,
1769500747.9196699,FORWARDED,f930507d-2701-4b1d-9966-911b7a7578fe,c23c259f-1417-49d3-ac4e-cda9214e5206,c3,DROP,1008,?,i10,
1769500748.0943587,RECEIVED,7899dcd1-56c9-40e4-bff8-31dc2a402a67,bced6b01-067f-4b68-ad1c-ff4ff6c737d9,c5,c2,2459,p2,?,
1769500748.1403294,RECEIVED,1872b4d7-98a5-4a18-a433-c4cccf9b3da1,139b30af-7654-4300-8e71-2426029ac398,c3,DROP,1448,p3,?,
1769500748.169947,SENT,a6655ab6-d260-40c7-b043-8a7a90bb37df,98cecbe3-509e-45e1-9751-d000fb34c1d7,c2,DROP,1003,?,i10,
1769500748.1699958,FORWARDED,a6655ab6-d260-40c7-b043-8a7a90bb37df,98cecbe3-509e-45e1-9751-d000fb34c1d7,c2,DROP,1003,?,i10,
1769500748.2104256,SENT,1872b4d7-98a5-4a18-a433-c4cccf9b3da1,139b30af-7654-4300-8e71-2426029ac398,c3,DROP,1012,?,i6,
1769500748.2104628,FORWARDED,1872b4d7-98a5-4a18-a433-c4cccf9b3da1,139b30af-7654-4300-8e71-2426029ac398,c3,DROP,1012,?,i6,
1769500748.3283646,SENT,7899dcd1-56c9-40e4-bff8-31dc2a402a67,bced6b01-067f-4b68-ad1c-ff4ff6c737d9,c5,c2,1771,?,i4,
1769500748.3284101,FORWARDED,7899dcd1-56c9-40e4-bff8-31dc2a402a67,bced6b01-067f-4b68-ad1c-ff4ff6c737d9,c5,c2,1771,?,i4,
1769500748.474676,RECEIVED,bf401790-c253-4e6e-b6a2-1c59db3c1607,c6b5b375-b3de-441c-9388-29e1879439ac,c4,DROP,1439,p1,?,
1769500748.5101514,RECEIVED,d36498b1-00eb-4c29-b990-8a44f69e6ad7,93197bdf-316b-49ab-9be4-a1edcf1f0927,c2,DROP,1451,p2,?,
1769500748.758839,RECEIVED,c2f16195-6dfa-421f-9181-6c3b29711636,2a9a43ce-8fc5-4c0a-8a3e-552dbf7bf57c,c1,DROP,1450,p1,?,
1769500748.8001006,RECEIVED,baa31194-ef40-4eb5-9440-6a52ea204d56,7e1a4adb-958e-42af-bb01-c31129db6b71,c5,DROP,1441,p2,?,
1769500748.8187432,RECEIVED,918d38e4-f396-4b6c-9724-e5e19efa8623,f3db9b1a-53b3-4130-a355-6ec76f169bc1,c1,DROP,1444,p1,?,
1769500748.822257,SENT,503044d2-c4ff-40e3-a78f-9bf61cc75878,c66fb544-b422-4eec-a19f-094aaa5d0586,c3,DROP,1016,?,i5,
1769500748.8222978,FORWARDED,503044d2-c4ff-40e3-a78f-9bf61cc75878,c66fb544-b422-4eec-a19f-094aaa5d0586,c3,DROP,1016,?,i5,
1769500748.8795562,SENT,bf401790-c253-4e6e-b6a2-1c59db3c1607,c6b5b375-b3de-441c-9388-29e1879439ac,c4,DROP,1007,?,i2,
1769500748.8795955,FORWARDED,bf401790-c253-4e6e-b6a2-1c59db3c1607,c6b5b375-b3de-441c-9388-29e1879439ac,c4,DROP,1007,?,i2,
1769500748.891099,SENT,918d38e4-f396-4b6c-9724-e5e19efa8623,f3db9b1a-53b3-4130-a355-6ec76f169bc1,c1,DROP,1010,?,i1,
1769500748.8911393,FORWARDED,918d38e4-f396-4b6c-9724-e5e19efa8623,f3db9b1a-53b3-4130-a355-6ec76f169bc1,c1,DROP,1010,?,i1,
1769500748.892968,SENT,baa31194-ef40-4eb5-9440-6a52ea204d56,7e1a4adb-958e-42af-bb01-c31129db6b71,c5,DROP,1007,?,i11,
1769500748.8930085,FORWARDED,baa31194-ef40-4eb5-9440-6a52ea204d56,7e1a4adb-958e-42af-bb01-c31129db6b71,c5,DROP,1007,?,i11,
1769500748.9862962,RECEIVED,4a71a41c-70a3-4c19-8a3d-7c281cce785b,36e733e5-874e-4e44-bffc-37d87884c7bf,c2,DROP,1447,p2,?,
1769500749.1004179,RECEIVED,87059b8e-c4cb-4266-b694-71346b9ca54b,cc5f56ff-ca08-46bd-b6ee-af12cc7c4d09,c2,DROP,1444,p2,?,
1769500749.1535165,RECEIVED,92fbe3ca-aa49-42e8-b1d3-20a0f5b2f194,8b1cb3b2-c53a-4cfc-aee2-1eb45a15f71a,c4,DROP,1455,p1,?,
1769500749.2436433,RECEIVED,351ae805-7275-48b2-82a2-f6fa0bdb522c,96ca6a83-ebd5-4638-8c42-b9196bb9fd58,c2,None,2224,p2,?,
1769500749.246148,SENT,87059b8e-c4cb-4266-b694-71346b9ca54b,cc5f56ff-ca08-46bd-b6ee-af12cc7c4d09,c2,DROP,1009,?,i6,
1769500749.24619,FORWARDED,87059b8e-c4cb-4266-b694-71346b9ca54b,cc5f56ff-ca08-46bd-b6ee-af12cc7c4d09,c2,DROP,1009,?,i6,
1769500749.3058302,SENT,d36498b1-00eb-4c29-b990-8a44f69e6ad7,93197bdf-316b-49ab-9be4-a1edcf1f0927,c2,DROP,1015,?,i8,
1769500749.3058698,FORWARDED,d36498b1-00eb-4c29-b990-8a44f69e6ad7,93197bdf-316b-49ab-9be4-a1edcf1f0927,c2,DROP,1015,?,i8,
1769500749.4351723,SENT,351ae805-7275-48b2-82a2-f6fa0bdb522c,96ca6a83-ebd5-4638-8c42-b9196bb9fd58,c2,None,1596,?,i8,
1769500749.4352157,FORWARDED,351ae805-7275-48b2-82a2-f6fa0bdb522c,96ca6a83-ebd5-4638-8c42-b9196bb9fd58,c2,None,1596,?,i8,
1769500749.466392,RECEIVED,6d6138c0-36ad-4ca0-a48b-42049e1b274b,eb02d049-d469-4ff3-820b-126bb32848d0,c3,DROP,1452,p3,?,
1769500749.537772,SENT,6d6138c0-36ad-4ca0-a48b-42049e1b274b,eb02d049-d469-4ff3-820b-126bb32848d0,c3,DROP,1016,?,i8,
1769500749.5378134,FORWARDED,6d6138c0-36ad-4ca0-a48b-42049e1b274b,eb02d049-d469-4ff3-820b-126bb32848d0,c3,DROP,1016,?,i8,
1769500749.649395,RECEIVED,8c79fdf8-7f99-4446-b0f9-151e0ce9abcf,e47d8ffc-dd01-42f9-a53d-68110be9ef67,c3,c4,2461,p3,?,
1769500749.6602285,RECEIVED,0aa95a6c-300b-4337-a1e0-5e1e75461b69,0363abe8-9400-4333-ad4c-ff74f92c1054,c1,DROP,1439,p1,?,
1769500749.7215266,RECEIVED,0fc3fe56-f21b-4280-adbe-c49e1b4815a3,c5452211-4ecd-4fb4-bae7-caea7eba832a,c1,DROP,1439,p1,?,
1769500749.7298179,SENT,8c79fdf8-7f99-4446-b0f9-151e0ce9abcf,e47d8ffc-dd01-42f9-a53d-68110be9ef67,c3,c4,1771,?,i2,
1769500749.7299824,FORWARDED,8c79fdf8-7f99-4446-b0f9-151e0ce9abcf,e47d8ffc-dd01-42f9-a53d-68110be9ef67,c3,c4,1771,?,i2,
1769500749.7319398,SENT,4a71a41c-70a3-4c19-8a3d-7c281cce785b,36e733e5-874e-4e44-bffc-37d87884c7bf,c2,DROP,1012,?,i9,
1769500749.731981,FORWARDED,4a71a41c-70a3-4c19-8a3d-7c281cce785b,36e733e5-874e-4e44-bffc-37d87884c7bf,c2,DROP,1012,?,i9,
1769500749.7749906,SENT,92fbe3ca-aa49-42e8-b1d3-20a0f5b2f194,8b1cb3b2-c53a-4cfc-aee2-1eb45a15f71a,c4,DROP,1020,?,i5,
1769500749.7750323,FORWARDED,92fbe3ca-aa49-42e8-b1d3-20a0f5b2f194,8b1cb3b2-c53a-4cfc-aee2-1eb45a15f71a,c4,DROP,1020,?,i5,
1769500749.9379847,RECEIVED,ac88d927-89e6-48bd-9cc2-32b1a33eacdd,2b52e4d3-83c7-4bc6-a952-ee36db3889dc,c5,None,2235,p2,?,
1769500750.0662348,SENT,0aa95a6c-300b-4337-a1e0-5e1e75461b69,0363abe8-9400-4333-ad4c-ff74f92c1054,c1,DROP,1008,?,i8,
1769500750.0662737,FORWARDED,0aa95a6c-300b-4337-a1e0-5e1e75461b69,0363abe8-9400-4333-ad4c-ff74f92c1054,c1,DROP,1008,?,i8,
1769500750.131213,RECEIVED,c71e05d2-e992-4da6-acd0-4810e1772da8,37416081-9111-4464-9bf8-1cd3c8c1d8f2,c5,DROP,1451,p2,?,
1769500750.2811828,RECEIVED,290f53fc-354b-4c39-b6a3-4612c6c68221,ba4c68d4-67a2-485c-a7a2-2fbd22f98f16,c3,DROP,437,x1,?,
1769500750.3270764,SENT,0fc3fe56-f21b-4280-adbe-c49e1b4815a3,c5452211-4ecd-4fb4-bae7-caea7eba832a,c1,DROP,1008,?,i2,
1769500750.327163,FORWARDED,0fc3fe56-f21b-4280-adbe-c49e1b4815a3,c5452211-4ecd-4fb4-bae7-caea7eba832a,c1,DROP,1008,?,i2,
1769500750.3377979,SENT,c71e05d2-e992-4da6-acd0-4810e1772da8,37416081-9111-4464-9bf8-1cd3c8c1d8f2,c5,DROP,1015,?,i6,
1769500750.3378425,FORWARDED,c71e05d2-e992-4da6-acd0-4810e1772da8,37416081-9111-4464-9bf8-1cd3c8c1d8f2,c5,DROP,1015,?,i6,
1769500750.3467255,RECEIVED,0bb4b5e4-58a9-4cbf-9ade-39323c078c07,8bc0da4d-6c7d-42ca-88ac-c0ad9e809113,c1,DROP,1439,p1,?,
1769500750.5379417,RECEIVED,ffc48f56-eba3-41d1-95f7-0ac81758864a,12604daa-f62d-4678-8a2b-56ba5953bac1,c4,DROP,1452,p1,?,
1769500750.5584455,RECEIVED,66ac84f7-48f9-444b-be3e-f15f699c2e48,c2f775a1-a241-4b33-9000-176a46925c83,c5,DROP,1448,p2,?,
1769500750.6470375,RECEIVED,a8ff6f97-f241-4ce6-aa54-459f986c619e,842bca72-a88d-4957-a39a-ce05a0a8c556,c5,DROP,1452,p2,?,
1769500750.6748033,SENT,c2f16195-6dfa-421f-9181-6c3b29711636,2a9a43ce-8fc5-4c0a-8a3e-552dbf7bf57c,c1,DROP,1015,?,i3,
1769500750.6748517,FORWARDED,c2f16195-6dfa-421f-9181-6c3b29711636,2a9a43ce-8fc5-4c0a-8a3e-552dbf7bf57c,c1,DROP,1015,?,i3,
1769500750.683195,RECEIVED,f862cc1a-2f43-4fd0-8c97-e55889c754c4,453769f5-a0ce-4925-8941-627f8938d956,c1,DROP,1439,p1,?,
1769500750.809706,SENT,ffc48f56-eba3-41d1-95f7-0ac81758864a,12604daa-f62d-4678-8a2b-56ba5953bac1,c4,DROP,1015,?,i11,
1769500750.8097498,FORWARDED,ffc48f56-eba3-41d1-95f7-0ac81758864a,12604daa-f62d-4678-8a2b-56ba5953bac1,c4,DROP,1015,?,i11,
1769500750.86712,SENT,66ac84f7-48f9-444b-be3e-f15f699c2e48,c2f775a1-a241-4b33-9000-176a46925c83,c5,DROP,1012,?,i9,
1769500750.8671627,FORWARDED,66ac84f7-48f9-444b-be3e-f15f699c2e48,c2f775a1-a241-4b33-9000-176a46925c83,c5,DROP,1012,?,i9,
1769500750.8825574,SENT,f862cc1a-2f43-4fd0-8c97-e55889c754c4,453769f5-a0ce-4925-8941-627f8938d956,c1,DROP,1007,?,i7,
1769500750.8825994,FORWARDED,f862cc1a-2f43-4fd0-8c97-e55889c754c4,453769f5-a0ce-4925-8941-627f8938d956,c1,DROP,1007,?,i7,
1769500750.934259,RECEIVED,a51b5947-e68c-4ab8-a818-cf0c66292a9b,2e37690d-2811-4ce0-8cb3-9fad9ee5055b,c5,DROP,1439,p2,?,
1769500750.989629,RECEIVED,ccae481e-6780-44d6-bc9a-8e964b2f0006,e26bff41-d9fc-4f57-84ea-f7eb53c07638,c3,DROP,1444,p3,?,
1769500751.0485046,SENT,ccae481e-6780-44d6-bc9a-8e964b2f0006,e26bff41-d9fc-4f57-84ea-f7eb53c07638,c3,DROP,1009,?,i6,
1769500751.048549,FORWARDED,ccae481e-6780-44d6-bc9a-8e964b2f0006,e26bff41-d9fc-4f57-84ea-f7eb53c07638,c3,DROP,1009,?,i6,
1769500751.2224383,SENT,ac88d927-89e6-48bd-9cc2-32b1a33eacdd,2b52e4d3-83c7-4bc6-a952-ee36db3889dc,c5,None,1604,?,i8,
1769500751.2224827,FORWARDED,ac88d927-89e6-48bd-9cc2-32b1a33eacdd,2b52e4d3-83c7-4bc6-a952-ee36db3889dc,c5,None,1604,?,i8,
1769500751.2233984,RECEIVED,d83cc646-2eee-4429-83df-a37d22328277,789867d8-8304-4172-9b42-9cf06a745e5f,c2,DROP,1441,p2,?,
1769500751.2431753,SENT,a51b5947-e68c-4ab8-a818-cf0c66292a9b,2e37690d-2811-4ce0-8cb3-9fad9ee5055b,c5,DROP,1008,?,i9,
1769500751.2432172,FORWARDED,a51b5947-e68c-4ab8-a818-cf0c66292a9b,2e37690d-2811-4ce0-8cb3-9fad9ee5055b,c5,DROP,1008,?,i9,
1769500751.2632875,RECEIVED,693a28df-2900-4b78-a704-a71b017b88f5,b96a7eb5-8eed-4070-bf2b-0c87983c3144,c1,DROP,1437,p1,?,
1769500751.2770805,RECEIVED,f526b732-1fe3-44cf-b5f7-cbb16f529ad6,5e109a6f-7cde-4ec7-8aa2-2528c97af040,c2,DROP,446,x9,?,
1769500751.3453672,SENT,693a28df-2900-4b78-a704-a71b017b88f5,b96a7eb5-8eed-4070-bf2b-0c87983c3144,c1,DROP,1005,?,i3,
1769500751.3454077,FORWARDED,693a28df-2900-4b78-a704-a71b017b88f5,b96a7eb5-8eed-4070-bf2b-0c87983c3144,c1,DROP,1005,?,i3,
1769500751.4717083,SENT,d83cc646-2eee-4429-83df-a37d22328277,789867d8-8304-4172-9b42-9cf06a745e5f,c2,DROP,1007,?,i10,
1769500751.4717495,FORWARDED,d83cc646-2eee-4429-83df-a37d22328277,789867d8-8304-4172-9b42-9cf06a745e5f,c2,DROP,1007,?,i10,
1769500751.519901,RECEIVED,9e2e9114-325a-4c87-9150-4bc11b09fb9e,b58a9ad1-722c-4410-a502-9546675a4f2b,c5,DROP,1448,p2,?,
1769500751.6614,RECEIVED,0ae4b655-b923-4272-8321-9782761052f5,61467284-a054-4067-b485-2a1473af7b34,c3,c4,2456,p3,?,
1769500751.6622827,SENT,a8ff6f97-f241-4ce6-aa54-459f986c619e,842bca72-a88d-4957-a39a-ce05a0a8c556,c5,DROP,1016,?,i11,
1769500751.662324,FORWARDED,a8ff6f97-f241-4ce6-aa54-459f986c619e,842bca72-a88d-4957-a39a-ce05a0a8c556,c5,DROP,1016,?,i11,
1769500751.8390281,SENT,0bb4b5e4-58a9-4cbf-9ade-39323c078c07,8bc0da4d-6c7d-42ca-88ac-c0ad9e809113,c1,DROP,1007,?,i5,
1769500751.8390818,FORWARDED,0bb4b5e4-58a9-4cbf-9ade-39323c078c07,8bc0da4d-6c7d-42ca-88ac-c0ad9e809113,c1,DROP,1007,?,i5,
1769500751.8599946,RECEIVED,258053ed-5faa-42cb-b482-83ddf4aa0e4b,dddc11a2-5996-4199-92a5-1104ac69ce73,c5,DROP,1440,p2,?,
1769500752.082589,RECEIVED,8142f54b-0b9b-4b43-b725-caf09bc11f9e,8b9111a6-2aad-4d68-ad55-604cc767e073,c4,DROP,1441,p1,?,
1769500752.2499666,SENT,8142f54b-0b9b-4b43-b725-caf09bc11f9e,8b9111a6-2aad-4d68-ad55-604cc767e073,c4,DROP,1007,?,i12,
1769500752.2500076,FORWARDED,8142f54b-0b9b-4b43-b725-caf09bc11f9e,8b9111a6-2aad-4d68-ad55-604cc767e073,c4,DROP,1007,?,i12,
1769500752.2746322,RECEIVED,ee525e48-bd35-4584-846e-fec3f73b8509,d29a6072-e8ff-4994-bed8-63770edf2e98,c3,DROP,1440,p3,?,
1769500752.2929592,SENT,258053ed-5faa-42cb-b482-83ddf4aa0e4b,dddc11a2-5996-4199-92a5-1104ac69ce73,c5,DROP,1007,?,i4,
1769500752.2930012,FORWARDED,258053ed-5faa-42cb-b482-83ddf4aa0e4b,dddc11a2-5996-4199-92a5-1104ac69ce73,c5,DROP,1007,?,i4,
1769500752.3708541,SENT,0ae4b655-b923-4272-8321-9782761052f5,61467284-a054-4067-b485-2a1473af7b34,c3,c4,1768,?,i10,
1769500752.370895,FORWARDED,0ae4b655-b923-4272-8321-9782761052f5,61467284-a054-4067-b485-2a1473af7b34,c3,c4,1768,?,i10,
1769500752.3936229,RECEIVED,b8069510-6ea6-47cd-b03e-391bc9209047,8cd682cf-e3d8-4dcd-99a6-2990a9bbee3c,c2,DROP,1440,p2,?,
1769500752.4729557,SENT,b8069510-6ea6-47cd-b03e-391bc9209047,8cd682cf-e3d8-4dcd-99a6-2990a9bbee3c,c2,DROP,1007,?,i1,
1769500752.4729974,FORWARDED,b8069510-6ea6-47cd-b03e-391bc9209047,8cd682cf-e3d8-4dcd-99a6-2990a9bbee3c,c2,DROP,1007,?,i1,
1769500752.4822311,SENT,ee525e48-bd35-4584-846e-fec3f73b8509,d29a6072-e8ff-4994-bed8-63770edf2e98,c3,DROP,1007,?,i7,
1769500752.4823098,FORWARDED,ee525e48-bd35-4584-846e-fec3f73b8509,d29a6072-e8ff-4994-bed8-63770edf2e98,c3,DROP,1007,?,i7,
1769500752.5276246,RECEIVED,7c6b6b66-41ca-4cd4-88f7-5c4a612d843a,48023efd-e605-45f7-b1c2-6c7a390eb3b6,c3,DROP,1457,p3,?,
1769500752.6959124,SENT,7c6b6b66-41ca-4cd4-88f7-5c4a612d843a,48023efd-e605-45f7-b1c2-6c7a390eb3b6,c3,DROP,1020,?,i11,
1769500752.6959538,FORWARDED,7c6b6b66-41ca-4cd4-88f7-5c4a612d843a,48023efd-e605-45f7-b1c2-6c7a390eb3b6,c3,DROP,1020,?,i11,
1769500752.7795184,RECEIVED,54d6e34c-979d-4902-a808-1a1979ad3d69,04c7af89-74eb-4d0b-afa8-0e795f72cc02,c3,None,2238,p3,?,
1769500752.848763,RECEIVED,fd0a94fa-53e7-45d7-92d7-70f2b00e02fb,888dd197-fd76-406b-b427-8af04306fbbd,c1,c5,2451,p1,?,
1769500752.8613873,RECEIVED,a6863c30-7296-4bb6-b28a-2748d80cb58c,a3e177f9-0b57-4bdf-8845-65dfbc175d8f,c5,DROP,1447,p2,?,
1769500752.940011,SENT,a6863c30-7296-4bb6-b28a-2748d80cb58c,a3e177f9-0b57-4bdf-8845-65dfbc175d8f,c5,DROP,1014,?,i5,
1769500752.940071,FORWARDED,a6863c30-7296-4bb6-b28a-2748d80cb58c,a3e177f9-0b57-4bdf-8845-65dfbc175d8f,c5,DROP,1014,?,i5,
1769500752.9656296,RECEIVED,eda7cc26-e0f1-41f9-9531-3bf2c5fcef69,fb1068df-a461-4e49-b70a-36330fbbc22d,c5,DROP,1447,p2,?,
1769500752.982883,RECEIVED,33f7bc0e-46ff-4c80-8b09-a650e39f3f50,2ef0ab7b-efa1-41ed-84f9-6a8d62391b7a,c2,DROP,442,x2,?,
1769500753.184696,RECEIVED,1937da43-8ce5-4487-ae47-8f93053983ef,438978c0-c4ea-4411-be6b-023b3daf4943,c5,c2,2463,p2,?,
1769500753.29104,RECEIVED,e6a4ba46-ea6c-4a38-aacb-b993912cb7d1,e24b0748-632b-42d1-8345-92ba8ba3efaa,c5,DROP,1440,p2,?,
1769500753.2925284,RECEIVED,9e73cc39-9932-4f65-af1a-8e78f2326a91,f3abf5a9-9bd0-4b37-bd19-5c098ab8697b,c3,c4,2451,p3,?,
1769500753.3138945,SENT,9e73cc39-9932-4f65-af1a-8e78f2326a91,f3abf5a9-9bd0-4b37-bd19-5c098ab8697b,c3,c4,1766,?,i8,
1769500753.3139367,FORWARDED,9e73cc39-9932-4f65-af1a-8e78f2326a91,f3abf5a9-9bd0-4b37-bd19-5c098ab8697b,c3,c4,1766,?,i8,
1769500753.3162057,SENT,e6a4ba46-ea6c-4a38-aacb-b993912cb7d1,e24b0748-632b-42d1-8345-92ba8ba3efaa,c5,DROP,1007,?,i11,
1769500753.3162487,FORWARDED,e6a4ba46-ea6c-4a38-aacb-b993912cb7d1,e24b0748-632b-42d1-8345-92ba8ba3efaa,c5,DROP,1007,?,i11,
1769500753.3179867,SENT,54d6e34c-979d-4902-a808-1a1979ad3d69,04c7af89-74eb-4d0b-afa8-0e795f72cc02,c3,None,1608,?,i7,
1769500753.318027,FORWARDED,54d6e34c-979d-4902-a808-1a1979ad3d69,04c7af89-74eb-4d0b-afa8-0e795f72cc02,c3,None,1608,?,i7,
1769500753.3346808,SENT,fd0a94fa-53e7-45d7-92d7-70f2b00e02fb,888dd197-fd76-406b-b427-8af04306fbbd,c1,c5,1767,?,i2,
1769500753.3347354,FORWARDED,fd0a94fa-53e7-45d7-92d7-70f2b00e02fb,888dd197-fd76-406b-b427-8af04306fbbd,c1,c5,1767,?,i2,
1769500753.4497316,RECEIVED,01505bdd-e717-4644-86fd-c974030d3f49,0d9408d2-f300-4a20-96c7-bc3ae37004a6,c2,None,2240,p2,?,
1769500753.4501827,SENT,1937da43-8ce5-4487-ae47-8f93053983ef,438978c0-c4ea-4411-be6b-023b3daf4943,c5,c2,1776,?,i2,
1769500753.450219,FORWARDED,1937da43-8ce5-4487-ae47-8f93053983ef,438978c0-c4ea-4411-be6b-023b3daf4943,c5,c2,1776,?,i2,
1769500753.5387459,RECEIVED,a2b01a1f-275f-4883-b6c8-0994a4b3948e,56b742dd-fb1a-44bd-8c13-e9aebff9eba8,c1,None,2237,p1,?,
1769500753.5432508,RECEIVED,84232a41-9275-472a-93c0-efaa0322e38c,87b28399-e70e-443f-821e-3b2bc3ac6f61,c1,DROP,1452,p1,?,
1769500753.567186,RECEIVED,9159c855-1eb2-4627-8167-31ab01a7765e,5486a7d4-4ab3-43b2-9ac1-0ad23a755383,c5,c2,2452,p2,?,
1769500753.5693212,SENT,a2b01a1f-275f-4883-b6c8-0994a4b3948e,56b742dd-fb1a-44bd-8c13-e9aebff9eba8,c1,None,1604,?,i7,
1769500753.5693595,FORWARDED,a2b01a1f-275f-4883-b6c8-0994a4b3948e,56b742dd-fb1a-44bd-8c13-e9aebff9eba8,c1,None,1604,?,i7,
1769500753.590408,SENT,9159c855-1eb2-4627-8167-31ab01a7765e,5486a7d4-4ab3-43b2-9ac1-0ad23a755383,c5,c2,1766,?,i1,
1769500753.5904474,FORWARDED,9159c855-1eb2-4627-8167-31ab01a7765e,5486a7d4-4ab3-43b2-9ac1-0ad23a755383,c5,c2,1766,?,i1,
1769500753.6201618,SENT,84232a41-9275-472a-93c0-efaa0322e38c,87b28399-e70e-443f-821e-3b2bc3ac6f61,c1,DROP,1015,?,i9,
1769500753.6202037,FORWARDED,84232a41-9275-472a-93c0-efaa0322e38c,87b28399-e70e-443f-821e-3b2bc3ac6f61,c1,DROP,1015,?,i9,
1769500753.7389774,RECEIVED,b3bc8806-b77a-4d30-9017-e81dbcdc76e1,4b656550-a5e7-4532-b26a-1b8ea4e981ea,c4,DROP,441,x2,?,
1769500753.7399323,RECEIVED,b7dc46de-da3f-4eba-b507-848270e68861,5e0482d8-fa1f-4326-8b55-f6ca027eb0a1,c3,DROP,1444,p3,?,
1769500753.7843556,RECEIVED,d9ef253d-c8d1-46c0-aa70-21c75ceef143,c2622d50-d9da-4588-8df9-d4268e55aeb4,c3,c4,2474,p3,?,
1769500753.8064778,SENT,01505bdd-e717-4644-86fd-c974030d3f49,0d9408d2-f300-4a20-96c7-bc3ae37004a6,c2,None,1607,?,i6,
1769500753.8065214,FORWARDED,01505bdd-e717-4644-86fd-c974030d3f49,0d9408d2-f300-4a20-96c7-bc3ae37004a6,c2,None,1607,?,i6,
1769500753.833458,SENT,d9ef253d-c8d1-46c0-aa70-21c75ceef143,c2622d50-d9da-4588-8df9-d4268e55aeb4,c3,c4,1781,?,i11,
1769500753.8335009,FORWARDED,d9ef253d-c8d1-46c0-aa70-21c75ceef143,c2622d50-d9da-4588-8df9-d4268e55aeb4,c3,c4,1781,?,i11,
1769500753.8859005,SENT,eda7cc26-e0f1-41f9-9531-3bf2c5fcef69,fb1068df-a461-4e49-b70a-36330fbbc22d,c5,DROP,1012,?,i1,
1769500753.8859541,FORWARDED,eda7cc26-e0f1-41f9-9531-3bf2c5fcef69,fb1068df-a461-4e49-b70a-36330fbbc22d,c5,DROP,1012,?,i1,
1769500753.9152813,SENT,9e2e9114-325a-4c87-9150-4bc11b09fb9e,b58a9ad1-722c-4410-a502-9546675a4f2b,c5,DROP,1012,?,i11,
1769500753.915322,FORWARDED,9e2e9114-325a-4c87-9150-4bc11b09fb9e,b58a9ad1-722c-4410-a502-9546675a4f2b,c5,DROP,1012,?,i11,
1769500754.0771627,RECEIVED,9f18a764-e840-431a-8849-0f5876531094,f6eed0df-33b3-4b41-a3e7-346d8e2bcf1f,c1,DROP,1439,p1,?,
1769500754.0861855,RECEIVED,9bb8ebf6-086f-4351-8e95-8e44e9f5c57a,2df96134-4e98-4b5f-a72d-e520210bf4fe,c5,c2,2462,p2,?,
1769500754.1139104,RECEIVED,2c272bf9-bdcd-4353-827e-5068e16b3372,9853935a-f356-4013-93bc-fa4872c38f82,c5,c2,2454,p2,?,
1769500754.3090708,RECEIVED,4cf8b1af-9045-4d1a-a096-a4488b6944da,fbb562df-6565-40ad-868f-d2f98d3436fe,c3,DROP,1448,p3,?,
1769500754.3949592,SENT,b7dc46de-da3f-4eba-b507-848270e68861,5e0482d8-fa1f-4326-8b55-f6ca027eb0a1,c3,DROP,1011,?,i11,
1769500754.395002,FORWARDED,b7dc46de-da3f-4eba-b507-848270e68861,5e0482d8-fa1f-4326-8b55-f6ca027eb0a1,c3,DROP,1011,?,i11,
1769500754.4524767,SENT,9bb8ebf6-086f-4351-8e95-8e44e9f5c57a,2df96134-4e98-4b5f-a72d-e520210bf4fe,c5,c2,1775,?,i8,
1769500754.4525201,FORWARDED,9bb8ebf6-086f-4351-8e95-8e44e9f5c57a,2df96134-4e98-4b5f-a72d-e520210bf4fe,c5,c2,1775,?,i8,
1769500754.5100443,SENT,4cf8b1af-9045-4d1a-a096-a4488b6944da,fbb562df-6565-40ad-868f-d2f98d3436fe,c3,DROP,1014,?,i3,
1769500754.5106392,FORWARDED,4cf8b1af-9045-4d1a-a096-a4488b6944da,fbb562df-6565-40ad-868f-d2f98d3436fe,c3,DROP,1014,?,i3,
1769500754.5261712,RECEIVED,f34c8d6f-3d4f-45f9-8360-8b8e2955d6ff,c64c7f29-bcb1-478a-ab10-4cb8f5bfcb87,c5,DROP,441,x2,?,
1769500754.6026955,RECEIVED,1670ffcd-e565-4d76-8903-63ef25a53787,4ed2748a-a99d-4c06-84b2-9e2d72ecd1ac,c1,DROP,1451,p1,?,
1769500754.6257024,SENT,2c272bf9-bdcd-4353-827e-5068e16b3372,9853935a-f356-4013-93bc-fa4872c38f82,c5,c2,1770,?,i7,
1769500754.6257439,FORWARDED,2c272bf9-bdcd-4353-827e-5068e16b3372,9853935a-f356-4013-93bc-fa4872c38f82,c5,c2,1770,?,i7,
1769500754.6370718,RECEIVED,aa4d4a87-e2a8-4c2a-80c5-6dbbfc29abfb,8f094572-4e77-4dfb-bb4b-dce1695fb38d,c4,DROP,445,x10,?,
1769500754.7813172,RECEIVED,54d85e4f-979f-42c0-bb53-4fdd78b80b3f,9b88385b-b5bf-417a-b269-5256f7f21748,c4,DROP,1440,p1,?,
1769500754.886947,SENT,54d85e4f-979f-42c0-bb53-4fdd78b80b3f,9b88385b-b5bf-417a-b269-5256f7f21748,c4,DROP,1007,?,i3,
1769500754.8869872,FORWARDED,54d85e4f-979f-42c0-bb53-4fdd78b80b3f,9b88385b-b5bf-417a-b269-5256f7f21748,c4,DROP,1007,?,i3,
1769500754.9885938,RECEIVED,7f0fbb4d-939f-45a0-93ff-359eeb243888,3d7bafaa-d213-4eef-a3fe-0e1e825c9ef2,c2,c1,2455,p2,?,
1769500755.3255844,SENT,1670ffcd-e565-4d76-8903-63ef25a53787,4ed2748a-a99d-4c06-84b2-9e2d72ecd1ac,c1,DROP,1017,?,i12,
1769500755.325629,FORWARDED,1670ffcd-e565-4d76-8903-63ef25a53787,4ed2748a-a99d-4c06-84b2-9e2d72ecd1ac,c1,DROP,1017,?,i12,
1769500755.3570952,RECEIVED,b0ae8995-9ade-4ae1-b4d9-3c9ba9a75028,dbfd6d7d-7379-4544-a604-bdbe0cc29356,c4,DROP,1440,p1,?,
1769500755.4079845,SENT,9f18a764-e840-431a-8849-0f5876531094,f6eed0df-33b3-4b41-a3e7-346d8e2bcf1f,c1,DROP,1008,?,i5,
1769500755.4080272,FORWARDED,9f18a764-e840-431a-8849-0f5876531094,f6eed0df-33b3-4b41-a3e7-346d8e2bcf1f,c1,DROP,1008,?,i5,
1769500755.4307876,SENT,b0ae8995-9ade-4ae1-b4d9-3c9ba9a75028,dbfd6d7d-7379-4544-a604-bdbe0cc29356,c4,DROP,1008,?,i1,
1769500755.4308302,FORWARDED,b0ae8995-9ade-4ae1-b4d9-3c9ba9a75028,dbfd6d7d-7379-4544-a604-bdbe0cc29356,c4,DROP,1008,?,i1,
1769500755.7179592,RECEIVED,1b8ae380-b8c0-4e01-9291-3d73b321cb09,5b87002f-444d-4786-8961-e4e8580dca19,c3,DROP,442,x1,?,
1769500755.7840126,RECEIVED,66aa538b-5975-4f22-af1f-22c84b78e257,dc74f1d8-fbde-41d4-877a-e9d01a89d5ac,c1,c5,2459,p1,?,
1769500755.9109306,SENT,7f0fbb4d-939f-45a0-93ff-359eeb243888,3d7bafaa-d213-4eef-a3fe-0e1e825c9ef2,c2,c1,1768,?,i5,
1769500755.9111092,FORWARDED,7f0fbb4d-939f-45a0-93ff-359eeb243888,3d7bafaa-d213-4eef-a3fe-0e1e825c9ef2,c2,c1,1768,?,i5,
1769500755.9803197,RECEIVED,5decfbe1-3234-419e-a3ed-cdcded82101c,8e7d8a4f-45a5-4ffe-b3bd-6f068708a486,c1,DROP,1439,p1,?,
1769500756.0612273,RECEIVED,f9b06a99-de56-4e31-85ef-f5ff3db1e4b6,49412bce-4e51-47a3-9c00-0bd66fd8de3b,c4,DROP,1439,p1,?,
1769500756.1433587,RECEIVED,f2b18b2f-a7d7-4b51-b36e-a0fab7cb2caf,2855682a-eda4-4a1d-8cd4-fd2c08dff2cf,c3,c4,2447,p3,?,
1769500756.3211617,RECEIVED,b97e3ccd-66d9-437b-9168-2dbb0068d76b,4a01a213-c651-45d6-9f45-58c4039e4beb,c5,DROP,1439,p2,?,
1769500756.3552663,SENT,5decfbe1-3234-419e-a3ed-cdcded82101c,8e7d8a4f-45a5-4ffe-b3bd-6f068708a486,c1,DROP,1008,?,i8,
1769500756.3553095,FORWARDED,5decfbe1-3234-419e-a3ed-cdcded82101c,8e7d8a4f-45a5-4ffe-b3bd-6f068708a486,c1,DROP,1008,?,i8,
1769500756.373638,SENT,f9b06a99-de56-4e31-85ef-f5ff3db1e4b6,49412bce-4e51-47a3-9c00-0bd66fd8de3b,c4,DROP,1008,?,i6,
1769500756.3736935,FORWARDED,f9b06a99-de56-4e31-85ef-f5ff3db1e4b6,49412bce-4e51-47a3-9c00-0bd66fd8de3b,c4,DROP,1008,?,i6,
1769500756.3897557,RECEIVED,5ea54791-e28a-4468-8e01-fcb6b013cb92,1f5312d3-c794-4d1e-a3ff-240528f917e7,c4,DROP,441,x8,?,
1769500756.6993043,RECEIVED,569e8d79-8bf3-4f0c-805c-49d0006738cd,39b6aacd-97c2-4ab7-8d81-b1f2d2b6b72c,c2,DROP,442,x5,?,
1769500756.82251,RECEIVED,a592b8ef-acb4-4e18-8857-1c818683e7bf,cb6a95e0-81c9-4e65-81cd-36f78c77e846,c1,DROP,1440,p1,?,
1769500757.0772548,SENT,a592b8ef-acb4-4e18-8857-1c818683e7bf,cb6a95e0-81c9-4e65-81cd-36f78c77e846,c1,DROP,1008,?,i11,
1769500757.0772934,FORWARDED,a592b8ef-acb4-4e18-8857-1c818683e7bf,cb6a95e0-81c9-4e65-81cd-36f78c77e846,c1,DROP,1008,?,i11,
1769500757.2919507,RECEIVED,e713028a-d6fb-49ca-bd56-5cd6d3b645f6,448858b8-ce71-43f2-9ae7-f54dfc8d0b33,c2,DROP,442,x11,?,
1769500757.3890898,SENT,66aa538b-5975-4f22-af1f-22c84b78e257,dc74f1d8-fbde-41d4-877a-e9d01a89d5ac,c1,c5,1773,?,i6,
1769500757.3891318,FORWARDED,66aa538b-5975-4f22-af1f-22c84b78e257,dc74f1d8-fbde-41d4-877a-e9d01a89d5ac,c1,c5,1773,?,i6,
1769500757.3912556,RECEIVED,3d7ab1ac-7669-499e-952b-9179210f1eea,cf6e8598-ab47-450a-99dd-c13c28157977,c4,DROP,1451,p1,?,
1769500757.4493582,RECEIVED,6a68b595-19f0-4d66-bdfa-c93b7dbb6036,9d9dafd4-35db-4871-bf53-e51568a799d7,c2,c1,2478,p2,?,
1769500757.529788,SENT,6a68b595-19f0-4d66-bdfa-c93b7dbb6036,9d9dafd4-35db-4871-bf53-e51568a799d7,c2,c1,1784,?,i10,
1769500757.5298297,FORWARDED,6a68b595-19f0-4d66-bdfa-c93b7dbb6036,9d9dafd4-35db-4871-bf53-e51568a799d7,c2,c1,1784,?,i10,
1769500757.644964,RECEIVED,b2910fb0-ccd9-4ee4-85ca-f191b3922b2c,e51556ca-e3c3-4ad2-a388-4eb0f9ceef52,c5,DROP,1441,p2,?,
1769500757.7461114,SENT,b97e3ccd-66d9-437b-9168-2dbb0068d76b,4a01a213-c651-45d6-9f45-58c4039e4beb,c5,DROP,1007,?,i6,
1769500757.7461555,FORWARDED,b97e3ccd-66d9-437b-9168-2dbb0068d76b,4a01a213-c651-45d6-9f45-58c4039e4beb,c5,DROP,1007,?,i6,
1769500757.7969058,RECEIVED,05c75eb0-f087-43f4-8fc7-c32980c625b0,1150d9fd-f18b-441c-9849-9031bf8e7a43,c5,DROP,1446,p2,?,
1769500757.8270807,RECEIVED,d660407b-b359-483d-81ad-b6cc241ebde2,bb16876b-4080-4dd9-b9c8-84bc94d60f2e,c4,c3,2477,p1,?,
1769500757.8501563,SENT,05c75eb0-f087-43f4-8fc7-c32980c625b0,1150d9fd-f18b-441c-9849-9031bf8e7a43,c5,DROP,1011,?,i11,
1769500757.8501973,FORWARDED,05c75eb0-f087-43f4-8fc7-c32980c625b0,1150d9fd-f18b-441c-9849-9031bf8e7a43,c5,DROP,1011,?,i11,
1769500757.944942,RECEIVED,01db0d36-f8b4-45ab-9394-96fd4e747408,afbb52b7-8190-4918-bcac-eb140aa1e206,c3,DROP,1444,p3,?,
1769500757.9735394,RECEIVED,31185419-5b5b-4fff-a535-09b7f6cbd27c,3a7161d1-5a8f-427a-a9e5-3901c3c9d34c,c4,DROP,1444,p1,?,
1769500757.9912548,RECEIVED,7a7de993-c535-4398-994c-bcba0b692575,84452f6b-71ec-49d4-93e0-ccbdc1ce2e78,c3,c4,2463,p3,?,
1769500758.046181,SENT,3d7ab1ac-7669-499e-952b-9179210f1eea,cf6e8598-ab47-450a-99dd-c13c28157977,c4,DROP,1016,?,i3,
1769500758.0462227,FORWARDED,3d7ab1ac-7669-499e-952b-9179210f1eea,cf6e8598-ab47-450a-99dd-c13c28157977,c4,DROP,1016,?,i3,
1769500758.0826492,RECEIVED,22f41e3f-916d-412a-98e4-afdef514ab09,52cd1c90-c60d-4097-b3c0-7c4874153df9,c2,c1,2475,p2,?,
1769500758.1295106,SENT,31185419-5b5b-4fff-a535-09b7f6cbd27c,3a7161d1-5a8f-427a-a9e5-3901c3c9d34c,c4,DROP,1011,?,i5,
1769500758.1295502,FORWARDED,31185419-5b5b-4fff-a535-09b7f6cbd27c,3a7161d1-5a8f-427a-a9e5-3901c3c9d34c,c4,DROP,1011,?,i5,
1769500758.1542387,RECEIVED,a97043ff-2c0f-4d99-91e3-b2dbbbdf14b3,b12c666d-f524-4520-a02f-f7b4bcb406d2,c5,DROP,1441,p2,?,
1769500758.2209952,SENT,b2910fb0-ccd9-4ee4-85ca-f191b3922b2c,e51556ca-e3c3-4ad2-a388-4eb0f9ceef52,c5,DROP,1010,?,i9,
1769500758.2210388,FORWARDED,b2910fb0-ccd9-4ee4-85ca-f191b3922b2c,e51556ca-e3c3-4ad2-a388-4eb0f9ceef52,c5,DROP,1010,?,i9,
1769500758.2425547,RECEIVED,93c053dc-812d-43d9-a125-9e0be99e1f04,95769d8c-c95e-49f7-a578-b3454cba50d2,c3,c4,2459,p3,?,
1769500758.2444477,RECEIVED,aec6bfc7-377e-41cd-898f-6d1cac3b7230,1cc1ba82-790d-4fe9-b499-ac47264f1d74,c2,None,2228,p2,?,
1769500758.2571244,SENT,a97043ff-2c0f-4d99-91e3-b2dbbbdf14b3,b12c666d-f524-4520-a02f-f7b4bcb406d2,c5,DROP,1008,?,i10,
1769500758.2571666,FORWARDED,a97043ff-2c0f-4d99-91e3-b2dbbbdf14b3,b12c666d-f524-4520-a02f-f7b4bcb406d2,c5,DROP,1008,?,i10,
1769500758.3180938,SENT,d660407b-b359-483d-81ad-b6cc241ebde2,bb16876b-4080-4dd9-b9c8-84bc94d60f2e,c4,c3,1783,?,i11,
1769500758.318138,FORWARDED,d660407b-b359-483d-81ad-b6cc241ebde2,bb16876b-4080-4dd9-b9c8-84bc94d60f2e,c4,c3,1783,?,i11,
1769500758.3301473,SENT,7a7de993-c535-4398-994c-bcba0b692575,84452f6b-71ec-49d4-93e0-ccbdc1ce2e78,c3,c4,1774,?,i7,
1769500758.3301868,FORWARDED,7a7de993-c535-4398-994c-bcba0b692575,84452f6b-71ec-49d4-93e0-ccbdc1ce2e78,c3,c4,1774,?,i7,
1769500758.3645194,RECEIVED,ca272efc-a80a-4f6e-858b-c684217ce1dd,8ccde380-307d-4edf-bf43-ecc321c7b588,c2,c1,2464,p2,?,
1769500758.3742557,SENT,01db0d36-f8b4-45ab-9394-96fd4e747408,afbb52b7-8190-4918-bcac-eb140aa1e206,c3,DROP,1009,?,i10,
1769500758.374298,FORWARDED,01db0d36-f8b4-45ab-9394-96fd4e747408,afbb52b7-8190-4918-bcac-eb140aa1e206,c3,DROP,1009,?,i10,
1769500758.384223,RECEIVED,7730b812-0520-4597-9d19-eae1ef6b685f,f7f5aae7-cc48-4bf1-92f1-18c55c3c7e48,c3,DROP,437,x10,?,
1769500758.3982189,RECEIVED,6a66bd7d-ddcf-4004-b22f-519c1c94fc19,ca0eedf0-b2e1-4247-bfe7-2a90dd2eb103,c2,DROP,1439,p2,?,
1769500758.4221177,RECEIVED,8910b340-8b48-418c-b5f8-97e0512d01a2,8fccac65-f744-4f39-821b-96173ceaecfe,c1,DROP,1443,p1,?,
1769500758.5328958,RECEIVED,69a53da0-76c7-470f-b2d9-b2a175f33595,8b8bb1a9-71ad-4f07-a1c0-8a694a11df95,c4,DROP,442,x10,?,
1769500758.5912492,SENT,ca272efc-a80a-4f6e-858b-c684217ce1dd,8ccde380-307d-4edf-bf43-ecc321c7b588,c2,c1,1776,?,i5,
1769500758.591291,FORWARDED,ca272efc-a80a-4f6e-858b-c684217ce1dd,8ccde380-307d-4edf-bf43-ecc321c7b588,c2,c1,1776,?,i5,
1769500758.6528852,SENT,6a66bd7d-ddcf-4004-b22f-519c1c94fc19,ca0eedf0-b2e1-4247-bfe7-2a90dd2eb103,c2,DROP,1008,?,i5,
1769500758.652925,FORWARDED,6a66bd7d-ddcf-4004-b22f-519c1c94fc19,ca0eedf0-b2e1-4247-bfe7-2a90dd2eb103,c2,DROP,1008,?,i5,
1769500758.7449942,RECEIVED,a6633bd5-fda2-4231-ac17-c98f1394e8b1,54853b0e-f037-4e4e-9635-ed4a818286a6,c3,DROP,441,x7,?,
1769500758.8094037,SENT,22f41e3f-916d-412a-98e4-afdef514ab09,52cd1c90-c60d-4097-b3c0-7c4874153df9,c2,c1,1783,?,i9,
1769500758.8094466,FORWARDED,22f41e3f-916d-412a-98e4-afdef514ab09,52cd1c90-c60d-4097-b3c0-7c4874153df9,c2,c1,1783,?,i9,
1769500759.0045786,SENT,8910b340-8b48-418c-b5f8-97e0512d01a2,8fccac65-f744-4f39-821b-96173ceaecfe,c1,DROP,1009,?,i1,
1769500759.0046203,FORWARDED,8910b340-8b48-418c-b5f8-97e0512d01a2,8fccac65-f744-4f39-821b-96173ceaecfe,c1,DROP,1009,?,i1,
1769500759.1508255,SENT,aec6bfc7-377e-41cd-898f-6d1cac3b7230,1cc1ba82-790d-4fe9-b499-ac47264f1d74,c2,None,1597,?,i12,
1769500759.1508718,FORWARDED,aec6bfc7-377e-41cd-898f-6d1cac3b7230,1cc1ba82-790d-4fe9-b499-ac47264f1d74,c2,None,1597,?,i12,
1769500759.402857,RECEIVED,e5db75ba-491a-492a-943a-b53b87e4a11d,d10771e9-9876-4924-9633-abe15653290c,c4,None,2236,p1,?,
1769500759.5286565,SENT,e5db75ba-491a-492a-943a-b53b87e4a11d,d10771e9-9876-4924-9633-abe15653290c,c4,None,1604,?,i7,
1769500759.5287008,FORWARDED,e5db75ba-491a-492a-943a-b53b87e4a11d,d10771e9-9876-4924-9633-abe15653290c,c4,None,1604,?,i7,
1769500759.5350847,RECEIVED,a81482e5-f0a6-4992-8ede-17aad0e7cac4,09e3ce07-14be-4dfb-ab18-2b3dc17690db,c2,c1,2472,p2,?,
1769500759.60395,SENT,93c053dc-812d-43d9-a125-9e0be99e1f04,95769d8c-c95e-49f7-a578-b3454cba50d2,c3,c4,1773,?,i7,
1769500759.603998,FORWARDED,93c053dc-812d-43d9-a125-9e0be99e1f04,95769d8c-c95e-49f7-a578-b3454cba50d2,c3,c4,1773,?,i7,
1769500759.7119632,RECEIVED,64893da5-cc2a-44f4-952c-f4abf288af01,b7e73b32-6ed8-412f-afaf-7b54f41314f0,c5,c2,2462,p2,?,
1769500759.7971945,SENT,a81482e5-f0a6-4992-8ede-17aad0e7cac4,09e3ce07-14be-4dfb-ab18-2b3dc17690db,c2,c1,1780,?,i7,
1769500759.797234,FORWARDED,a81482e5-f0a6-4992-8ede-17aad0e7cac4,09e3ce07-14be-4dfb-ab18-2b3dc17690db,c2,c1,1780,?,i7,
1769500759.8785348,RECEIVED,f91188f7-4db3-4a3a-aa45-cb566cdb54a2,1f8959f7-cb6a-4f33-a7d9-c7c2e38ff502,c4,DROP,1452,p1,?,
1769500760.0039442,RECEIVED,5b56c590-39f4-416c-96cc-82c8a304bd65,386ed4c7-e483-460f-b0de-efc17a0e54aa,c5,DROP,442,x9,?,
1769500760.0490274,SENT,f91188f7-4db3-4a3a-aa45-cb566cdb54a2,1f8959f7-cb6a-4f33-a7d9-c7c2e38ff502,c4,DROP,1016,?,i6,
1769500760.0499837,FORWARDED,f91188f7-4db3-4a3a-aa45-cb566cdb54a2,1f8959f7-cb6a-4f33-a7d9-c7c2e38ff502,c4,DROP,1016,?,i6,
1769500760.1122477,SENT,f2b18b2f-a7d7-4b51-b36e-a0fab7cb2caf,2855682a-eda4-4a1d-8cd4-fd2c08dff2cf,c3,c4,1764,?,i3,
1769500760.1122909,FORWARDED,f2b18b2f-a7d7-4b51-b36e-a0fab7cb2caf,2855682a-eda4-4a1d-8cd4-fd2c08dff2cf,c3,c4,1764,?,i3,
1769500760.3080237,RECEIVED,38d80c68-35ec-4a55-87cb-59a1d41a7216,fe23723a-7244-4852-aa5e-a165be5c6d57,c2,DROP,1452,p2,?,
1769500760.3904705,RECEIVED,a0fda2b7-119e-4dbf-8fd7-0e236cea6e90,ec888802-e4ca-403f-8be1-f890475eb726,c3,DROP,1448,p3,?,
1769500760.3986657,SENT,38d80c68-35ec-4a55-87cb-59a1d41a7216,fe23723a-7244-4852-aa5e-a165be5c6d57,c2,DROP,1016,?,i1,
1769500760.398721,FORWARDED,38d80c68-35ec-4a55-87cb-59a1d41a7216,fe23723a-7244-4852-aa5e-a165be5c6d57,c2,DROP,1016,?,i1,
1769500760.530488,RECEIVED,223415ce-8787-44f3-a1d9-185d3a197d25,683dfb54-e092-482d-9587-37563c186cff,c3,DROP,1440,p3,?,
1769500760.6204388,RECEIVED,93dba1a3-16aa-478c-ab15-17abdfc515ed,1d1f91ca-3235-4146-b420-018a698f3a21,c2,DROP,1447,p2,?,
1769500760.626792,RECEIVED,8a7a7e13-991e-4221-b372-3df07fa04c47,ba0441e0-5046-4178-8a45-9051df7b04ae,c3,None,2232,p3,?,
1769500760.9508212,SENT,223415ce-8787-44f3-a1d9-185d3a197d25,683dfb54-e092-482d-9587-37563c186cff,c3,DROP,1006,?,i7,
1769500760.9508586,FORWARDED,223415ce-8787-44f3-a1d9-185d3a197d25,683dfb54-e092-482d-9587-37563c186cff,c3,DROP,1006,?,i7,
1769500761.020517,RECEIVED,821d6e8c-c056-43cf-a5b4-459d260f54a4,99a8d2f7-fcdd-469e-a4bb-91e9397193a3,c1,DROP,1443,p1,?,
1769500761.1177094,RECEIVED,1dedb83b-0ab6-4538-b5f5-4d6aac916748,5ee5f22b-938c-4ad8-8fcb-d5054c61cb94,c4,DROP,437,x5,?,
1769500761.2671304,SENT,a0fda2b7-119e-4dbf-8fd7-0e236cea6e90,ec888802-e4ca-403f-8be1-f890475eb726,c3,DROP,1013,?,i12,
1769500761.2671747,FORWARDED,a0fda2b7-119e-4dbf-8fd7-0e236cea6e90,ec888802-e4ca-403f-8be1-f890475eb726,c3,DROP,1013,?,i12,
1769500761.4696455,SENT,8a7a7e13-991e-4221-b372-3df07fa04c47,ba0441e0-5046-4178-8a45-9051df7b04ae,c3,None,1600,?,i10,
1769500761.4696856,FORWARDED,8a7a7e13-991e-4221-b372-3df07fa04c47,ba0441e0-5046-4178-8a45-9051df7b04ae,c3,None,1600,?,i10,
1769500761.542922,RECEIVED,8274c0f6-2979-4577-861f-c7d9a666cfe6,5029e3d0-8b7c-4324-a5e9-8b89d789ff05,c1,DROP,446,x10,?,
1769500761.594907,RECEIVED,08be280d-3e5e-4642-a021-176d606cea75,8210cf74-f2a3-4e14-bd8e-0d466156a15e,c4,DROP,1436,p1,?,
1769500761.6381526,RECEIVED,701219ae-0fbe-43fe-9652-64089f45a015,a3f1daa4-d03c-4298-b770-00a366b87c6b,c3,DROP,1447,p3,?,
1769500761.6594262,RECEIVED,ee2f313a-620a-41df-af0a-e738ed362994,21b0d9e4-eb6c-4c18-9e99-677a7232dd18,c3,DROP,1440,p3,?,
1769500761.727666,SENT,64893da5-cc2a-44f4-952c-f4abf288af01,b7e73b32-6ed8-412f-afaf-7b54f41314f0,c5,c2,1776,?,i5,
1769500761.7277071,FORWARDED,64893da5-cc2a-44f4-952c-f4abf288af01,b7e73b32-6ed8-412f-afaf-7b54f41314f0,c5,c2,1776,?,i5,
1769500761.7376492,SENT,08be280d-3e5e-4642-a021-176d606cea75,8210cf74-f2a3-4e14-bd8e-0d466156a15e,c4,DROP,1004,?,i8,
1769500761.7376893,FORWARDED,08be280d-3e5e-4642-a021-176d606cea75,8210cf74-f2a3-4e14-bd8e-0d466156a15e,c4,DROP,1004,?,i8,
1769500761.95546,SENT,93dba1a3-16aa-478c-ab15-17abdfc515ed,1d1f91ca-3235-4146-b420-018a698f3a21,c2,DROP,1012,?,i4,
1769500761.9555109,FORWARDED,93dba1a3-16aa-478c-ab15-17abdfc515ed,1d1f91ca-3235-4146-b420-018a698f3a21,c2,DROP,1012,?,i4,
1769500762.0054545,RECEIVED,d54a941d-7901-4b0e-ba18-e51aa9090986,bd9dea40-26e5-44d5-905a-6e7c749a4b53,c5,c2,2465,p2,?,
1769500762.0577307,SENT,d54a941d-7901-4b0e-ba18-e51aa9090986,bd9dea40-26e5-44d5-905a-6e7c749a4b53,c5,c2,1776,?,i1,
1769500762.0577736,FORWARDED,d54a941d-7901-4b0e-ba18-e51aa9090986,bd9dea40-26e5-44d5-905a-6e7c749a4b53,c5,c2,1776,?,i1,
1769500762.075397,SENT,821d6e8c-c056-43cf-a5b4-459d260f54a4,99a8d2f7-fcdd-469e-a4bb-91e9397193a3,c1,DROP,1010,?,i8,
1769500762.0754392,FORWARDED,821d6e8c-c056-43cf-a5b4-459d260f54a4,99a8d2f7-fcdd-469e-a4bb-91e9397193a3,c1,DROP,1010,?,i8,
1769500762.310834,SENT,701219ae-0fbe-43fe-9652-64089f45a015,a3f1daa4-d03c-4298-b770-00a366b87c6b,c3,DROP,1012,?,i5,
1769500762.3108742,FORWARDED,701219ae-0fbe-43fe-9652-64089f45a015,a3f1daa4-d03c-4298-b770-00a366b87c6b,c3,DROP,1012,?,i5,
1769500762.5841184,RECEIVED,ad68489f-1286-4579-8169-0079e61481fc,8f23bcb4-a81a-451a-9c50-e224537f887d,c5,DROP,1439,p2,?,
1769500762.6887763,SENT,ee2f313a-620a-41df-af0a-e738ed362994,21b0d9e4-eb6c-4c18-9e99-677a7232dd18,c3,DROP,1006,?,i11,
1769500762.6888168,FORWARDED,ee2f313a-620a-41df-af0a-e738ed362994,21b0d9e4-eb6c-4c18-9e99-677a7232dd18,c3,DROP,1006,?,i11,
1769500762.809908,RECEIVED,17c6e7d0-dd8a-4dbf-9445-d9d2429f480e,e9568390-85dd-4917-8191-92f85f7a8eba,c5,DROP,1448,p2,?,
1769500762.8675904,RECEIVED,db078f2e-a214-4d91-bc5f-60dcb8f39dde,190dfb1d-046d-41ae-82b3-255589780ad5,c4,DROP,1439,p1,?,
1769500762.9406333,RECEIVED,1fd5482b-7296-4510-83a1-f20354922f09,a6f9cd5c-b8f4-46bf-990e-7d45ebdfafdf,c5,DROP,441,x1,?,
1769500762.9429078,RECEIVED,c817e419-5d3b-47b4-8a16-1df03253cf90,2abfde8a-f31e-4b94-b94c-4cf112833417,c1,DROP,1439,p1,?,
1769500763.096014,SENT,ad68489f-1286-4579-8169-0079e61481fc,8f23bcb4-a81a-451a-9c50-e224537f887d,c5,DROP,1008,?,i5,
1769500763.096283,FORWARDED,ad68489f-1286-4579-8169-0079e61481fc,8f23bcb4-a81a-451a-9c50-e224537f887d,c5,DROP,1008,?,i5,
1769500763.2864575,SENT,17c6e7d0-dd8a-4dbf-9445-d9d2429f480e,e9568390-85dd-4917-8191-92f85f7a8eba,c5,DROP,1014,?,i4,
1769500763.2864993,FORWARDED,17c6e7d0-dd8a-4dbf-9445-d9d2429f480e,e9568390-85dd-4917-8191-92f85f7a8eba,c5,DROP,1014,?,i4,
1769500763.6603281,SENT,db078f2e-a214-4d91-bc5f-60dcb8f39dde,190dfb1d-046d-41ae-82b3-255589780ad5,c4,DROP,1007,?,i4,
1769500763.6603668,FORWARDED,db078f2e-a214-4d91-bc5f-60dcb8f39dde,190dfb1d-046d-41ae-82b3-255589780ad5,c4,DROP,1007,?,i4,
1769500763.9253242,RECEIVED,cbff1229-68e3-4d4d-bdb2-2e619e02f3dd,a95863eb-3852-45f9-82ba-f666cdc0cd55,c5,c2,2447,p2,?,
1769500763.952233,SENT,c817e419-5d3b-47b4-8a16-1df03253cf90,2abfde8a-f31e-4b94-b94c-4cf112833417,c1,DROP,1008,?,i1,
1769500763.9522748,FORWARDED,c817e419-5d3b-47b4-8a16-1df03253cf90,2abfde8a-f31e-4b94-b94c-4cf112833417,c1,DROP,1008,?,i1,
1769500764.2659774,RECEIVED,7e5b8d06-d7a9-4a6f-b4be-f1b527dede46,351e1df9-35cc-4688-bd22-f58522883b55,c3,None,2227,p3,?,
1769500764.550386,RECEIVED,7945739f-7f77-447d-bb50-3e30f5571901,e743190b-c83f-47f2-b9e0-6369708043bc,c3,DROP,1440,p3,?,
1769500764.5568402,RECEIVED,90cc8b59-b291-4131-9a44-d994bebaee1b,6a930fc1-32c8-452b-a12c-10991999eb06,c3,DROP,1448,p3,?,
1769500764.5782723,RECEIVED,83a928e9-78e7-4c7d-b0a9-0e9afa4a6cbc,b843903f-6f96-4652-aa7b-7dacaf0067c7,c5,DROP,1440,p2,?,
1769500764.6271398,RECEIVED,7a2a72e1-4199-447f-894a-08df948fb0d9,7abfc6a9-a476-44b5-a76e-7a6b06d01ddd,c1,DROP,441,x8,?,
1769500764.6561236,SENT,83a928e9-78e7-4c7d-b0a9-0e9afa4a6cbc,b843903f-6f96-4652-aa7b-7dacaf0067c7,c5,DROP,1008,?,i3,
1769500764.6561754,FORWARDED,83a928e9-78e7-4c7d-b0a9-0e9afa4a6cbc,b843903f-6f96-4652-aa7b-7dacaf0067c7,c5,DROP,1008,?,i3,
1769500764.6594503,SENT,90cc8b59-b291-4131-9a44-d994bebaee1b,6a930fc1-32c8-452b-a12c-10991999eb06,c3,DROP,1013,?,i8,
1769500764.659493,FORWARDED,90cc8b59-b291-4131-9a44-d994bebaee1b,6a930fc1-32c8-452b-a12c-10991999eb06,c3,DROP,1013,?,i8,
1769500764.7238576,SENT,7945739f-7f77-447d-bb50-3e30f5571901,e743190b-c83f-47f2-b9e0-6369708043bc,c3,DROP,1008,?,i5,
1769500764.7239063,FORWARDED,7945739f-7f77-447d-bb50-3e30f5571901,e743190b-c83f-47f2-b9e0-6369708043bc,c3,DROP,1008,?,i5,
1769500764.7262244,RECEIVED,a20c29f6-d40d-4b28-b0b8-ad16906ddb98,fac3468a-221d-4be7-a081-f22eca42884c,c4,DROP,1447,p1,?,
1769500764.8358214,SENT,cbff1229-68e3-4d4d-bdb2-2e619e02f3dd,a95863eb-3852-45f9-82ba-f666cdc0cd55,c5,c2,1763,?,i5,
1769500764.8358614,FORWARDED,cbff1229-68e3-4d4d-bdb2-2e619e02f3dd,a95863eb-3852-45f9-82ba-f666cdc0cd55,c5,c2,1763,?,i5,
1769500764.8486352,RECEIVED,758f85f4-c873-4822-8f3a-50f8abf67a30,816210f2-41c7-43d0-9318-3b2f7eebe2c7,c3,c4,2472,p3,?,
1769500764.878612,SENT,a20c29f6-d40d-4b28-b0b8-ad16906ddb98,fac3468a-221d-4be7-a081-f22eca42884c,c4,DROP,1012,?,i4,
1769500764.878655,FORWARDED,a20c29f6-d40d-4b28-b0b8-ad16906ddb98,fac3468a-221d-4be7-a081-f22eca42884c,c4,DROP,1012,?,i4,
1769500764.8905926,RECEIVED,e649ceeb-5e16-4099-8ee1-ea5208271fa0,12bc1bb7-fa53-4c27-9e8d-24b5161017b6,c1,DROP,1452,p1,?,
1769500764.990256,SENT,7e5b8d06-d7a9-4a6f-b4be-f1b527dede46,351e1df9-35cc-4688-bd22-f58522883b55,c3,None,1599,?,i5,
1769500764.990294,FORWARDED,7e5b8d06-d7a9-4a6f-b4be-f1b527dede46,351e1df9-35cc-4688-bd22-f58522883b55,c3,None,1599,?,i5,
1769500765.1122794,RECEIVED,50eceec9-6af9-4d89-8cd6-20038758db12,69798723-5c8b-4c78-b8b4-5f9e9a544b80,c5,DROP,1452,p2,?,
1769500765.162107,RECEIVED,1c1505e0-c62f-4ab2-bd6b-e314b73707d6,836a3293-919f-4116-9fd6-27e7e8de66b9,c5,DROP,1448,p2,?,
1769500765.1676898,SENT,50eceec9-6af9-4d89-8cd6-20038758db12,69798723-5c8b-4c78-b8b4-5f9e9a544b80,c5,DROP,1015,?,i1,
1769500765.167726,FORWARDED,50eceec9-6af9-4d89-8cd6-20038758db12,69798723-5c8b-4c78-b8b4-5f9e9a544b80,c5,DROP,1015,?,i1,
1769500765.171999,SENT,e649ceeb-5e16-4099-8ee1-ea5208271fa0,12bc1bb7-fa53-4c27-9e8d-24b5161017b6,c1,DROP,1015,?,i5,
1769500765.1720407,FORWARDED,e649ceeb-5e16-4099-8ee1-ea5208271fa0,12bc1bb7-fa53-4c27-9e8d-24b5161017b6,c1,DROP,1015,?,i5,
1769500765.2118306,RECEIVED,c64e163c-2d82-42f0-897a-17e54124bb77,06643eb2-205d-4601-a4ae-5db846a44ffa,c2,DROP,1440,p2,?,
1769500765.2766938,SENT,c64e163c-2d82-42f0-897a-17e54124bb77,06643eb2-205d-4601-a4ae-5db846a44ffa,c2,DROP,1008,?,i8,
1769500765.2767339,FORWARDED,c64e163c-2d82-42f0-897a-17e54124bb77,06643eb2-205d-4601-a4ae-5db846a44ffa,c2,DROP,1008,?,i8,
1769500765.4941103,SENT,1c1505e0-c62f-4ab2-bd6b-e314b73707d6,836a3293-919f-4116-9fd6-27e7e8de66b9,c5,DROP,1012,?,i9,
1769500765.4941533,FORWARDED,1c1505e0-c62f-4ab2-bd6b-e314b73707d6,836a3293-919f-4116-9fd6-27e7e8de66b9,c5,DROP,1012,?,i9,
1769500765.5220258,RECEIVED,cab2abe2-2036-48e0-8f75-8d55d0b2973f,1d67510c-b8dc-4fb4-995d-22e9493abf20,c2,DROP,1438,p2,?,
1769500765.573779,RECEIVED,95f8ecd1-c8fd-4052-bba0-7dfeb32316de,04be9486-be80-4fa0-928f-6599c096a551,c2,None,2231,p2,?,
1769500765.5999134,SENT,758f85f4-c873-4822-8f3a-50f8abf67a30,816210f2-41c7-43d0-9318-3b2f7eebe2c7,c3,c4,1780,?,i10,
1769500765.5999563,FORWARDED,758f85f4-c873-4822-8f3a-50f8abf67a30,816210f2-41c7-43d0-9318-3b2f7eebe2c7,c3,c4,1780,?,i10,
1769500766.20818,RECEIVED,ec49a0a6-8d19-430c-84c6-531672108f70,4e0a0820-b315-446b-b96f-e2a65d74c3b5,c4,DROP,1459,p1,?,
1769500766.2136707,RECEIVED,f6a753cc-dcb6-4654-8bb7-7897f82659d8,c47348e7-2056-47dd-abda-ae9c588d10e3,c4,DROP,1441,p1,?,
1769500766.3035514,SENT,ec49a0a6-8d19-430c-84c6-531672108f70,4e0a0820-b315-446b-b96f-e2a65d74c3b5,c4,DROP,1019,?,i12,
1769500766.3035939,FORWARDED,ec49a0a6-8d19-430c-84c6-531672108f70,4e0a0820-b315-446b-b96f-e2a65d74c3b5,c4,DROP,1019,?,i12,
1769500766.3716705,RECEIVED,7b3593bc-7375-4769-8fd6-9b1b159e72ab,a2f4f388-ff8d-4c62-a65b-00677b65ede6,c2,None,2233,p2,?,
1769500766.3865058,RECEIVED,15486550-6e85-4dbd-abe8-90b87f1d8049,42c03702-075b-405a-a2a8-93e99f084d30,c5,DROP,1440,p2,?,
1769500766.4083328,SENT,7b3593bc-7375-4769-8fd6-9b1b159e72ab,a2f4f388-ff8d-4c62-a65b-00677b65ede6,c2,None,1600,?,i3,
1769500766.408383,FORWARDED,7b3593bc-7375-4769-8fd6-9b1b159e72ab,a2f4f388-ff8d-4c62-a65b-00677b65ede6,c2,None,1600,?,i3,
1769500766.434058,SENT,f6a753cc-dcb6-4654-8bb7-7897f82659d8,c47348e7-2056-47dd-abda-ae9c588d10e3,c4,DROP,1008,?,i11,
1769500766.434099,FORWARDED,f6a753cc-dcb6-4654-8bb7-7897f82659d8,c47348e7-2056-47dd-abda-ae9c588d10e3,c4,DROP,1008,?,i11,
1769500766.5416832,RECEIVED,06247b65-60f5-4a66-b72b-8c289b72048b,d9b8e205-5dd1-4597-9892-8362bc620206,c5,DROP,1436,p2,?,
1769500766.5450945,RECEIVED,b20a4deb-b069-4c2e-b3fc-05099ce21f92,fd05c64e-da72-4c0c-bea6-ef0ea0adcb4b,c1,None,2248,p1,?,
1769500766.5864546,RECEIVED,67d5f29c-9957-49a4-9b24-e55f36fff07d,6d6e2cdc-4aad-40dd-9996-659b724e25b1,c5,DROP,1437,p2,?,
1769500766.6373131,SENT,67d5f29c-9957-49a4-9b24-e55f36fff07d,6d6e2cdc-4aad-40dd-9996-659b724e25b1,c5,DROP,1004,?,i8,
1769500766.637353,FORWARDED,67d5f29c-9957-49a4-9b24-e55f36fff07d,6d6e2cdc-4aad-40dd-9996-659b724e25b1,c5,DROP,1004,?,i8,
1769500766.6734836,RECEIVED,9a92bf16-a990-49e4-944b-6d1ad2fef28f,d419bf0c-173c-48e1-8d6c-ee2a11f75135,c5,DROP,1447,p2,?,
1769500766.698337,SENT,06247b65-60f5-4a66-b72b-8c289b72048b,d9b8e205-5dd1-4597-9892-8362bc620206,c5,DROP,1004,?,i2,
1769500766.6983795,FORWARDED,06247b65-60f5-4a66-b72b-8c289b72048b,d9b8e205-5dd1-4597-9892-8362bc620206,c5,DROP,1004,?,i2,
1769500766.7139328,SENT,b20a4deb-b069-4c2e-b3fc-05099ce21f92,fd05c64e-da72-4c0c-bea6-ef0ea0adcb4b,c1,None,1613,?,i12,
1769500766.7139745,FORWARDED,b20a4deb-b069-4c2e-b3fc-05099ce21f92,fd05c64e-da72-4c0c-bea6-ef0ea0adcb4b,c1,None,1613,?,i12,
1769500766.8581214,SENT,cab2abe2-2036-48e0-8f75-8d55d0b2973f,1d67510c-b8dc-4fb4-995d-22e9493abf20,c2,DROP,1007,?,i1,
1769500766.8581636,FORWARDED,cab2abe2-2036-48e0-8f75-8d55d0b2973f,1d67510c-b8dc-4fb4-995d-22e9493abf20,c2,DROP,1007,?,i1,
1769500766.9510865,RECEIVED,5947e879-2400-437b-aa3c-d0971c52521d,32e6866a-b08d-4c9c-b478-3a5d9fb7a8da,c1,DROP,442,x3,?,
1769500766.9516513,RECEIVED,f40dd268-4b56-4db1-9f8a-9b2ddba40983,6079fe53-c809-41b7-9879-21beb2e77849,c4,DROP,1447,p1,?,
1769500767.0664763,RECEIVED,98d56c3e-89db-4994-87e8-d290df117701,03a68279-ebd7-4d68-9fc1-c3e10780fb1b,c4,DROP,1440,p1,?,
1769500767.1149917,SENT,98d56c3e-89db-4994-87e8-d290df117701,03a68279-ebd7-4d68-9fc1-c3e10780fb1b,c4,DROP,1008,?,i7,
1769500767.1150324,FORWARDED,98d56c3e-89db-4994-87e8-d290df117701,03a68279-ebd7-4d68-9fc1-c3e10780fb1b,c4,DROP,1008,?,i7,
1769500767.2455885,RECEIVED,804f31c8-c692-42db-869d-7be4827ba1da,fb39f609-96b7-4353-9e8c-b81d0cb68b22,c2,DROP,441,x8,?,
1769500767.295722,RECEIVED,df455173-61bc-4430-8a70-b9fe8ce1e13f,522cf74e-14bb-4e98-9066-34c0ec8194ca,c5,DROP,1440,p2,?,
1769500767.3118057,RECEIVED,b1f23108-5bfe-4722-931e-ceeb6bf123a7,66bcbcc3-030e-4f5c-bf8e-a5886a4f7785,c2,DROP,1442,p2,?,
1769500767.3802865,SENT,9a92bf16-a990-49e4-944b-6d1ad2fef28f,d419bf0c-173c-48e1-8d6c-ee2a11f75135,c5,DROP,1012,?,i2,
1769500767.3803277,FORWARDED,9a92bf16-a990-49e4-944b-6d1ad2fef28f,d419bf0c-173c-48e1-8d6c-ee2a11f75135,c5,DROP,1012,?,i2,
1769500767.48857,RECEIVED,d4fff991-7e6b-4e92-8229-adae6b5ad98c,dc23003c-b6b8-4c7b-a816-31855155adb8,c2,DROP,1452,p2,?,
1769500767.5485623,RECEIVED,f94a9efd-e9c7-458a-8a41-14873292b268,086178be-8c58-461f-8c2c-6001fdc2b83b,c2,DROP,1439,p2,?,
1769500767.554231,SENT,df455173-61bc-4430-8a70-b9fe8ce1e13f,522cf74e-14bb-4e98-9066-34c0ec8194ca,c5,DROP,1007,?,i6,
1769500767.554271,FORWARDED,df455173-61bc-4430-8a70-b9fe8ce1e13f,522cf74e-14bb-4e98-9066-34c0ec8194ca,c5,DROP,1007,?,i6,
1769500767.6015315,RECEIVED,9ee12826-d16e-404a-b312-98a2ba4ce645,e0a5e2d9-7a5f-407a-9ddc-133146855cae,c4,DROP,441,x11,?,
1769500767.6626363,SENT,d4fff991-7e6b-4e92-8229-adae6b5ad98c,dc23003c-b6b8-4c7b-a816-31855155adb8,c2,DROP,1015,?,i6,
1769500767.6626763,FORWARDED,d4fff991-7e6b-4e92-8229-adae6b5ad98c,dc23003c-b6b8-4c7b-a816-31855155adb8,c2,DROP,1015,?,i6,
1769500767.6732507,SENT,f40dd268-4b56-4db1-9f8a-9b2ddba40983,6079fe53-c809-41b7-9879-21beb2e77849,c4,DROP,1012,?,i4,
1769500767.6740818,FORWARDED,f40dd268-4b56-4db1-9f8a-9b2ddba40983,6079fe53-c809-41b7-9879-21beb2e77849,c4,DROP,1012,?,i4,
1769500767.733292,SENT,f94a9efd-e9c7-458a-8a41-14873292b268,086178be-8c58-461f-8c2c-6001fdc2b83b,c2,DROP,1008,?,i7,
1769500767.7336318,FORWARDED,f94a9efd-e9c7-458a-8a41-14873292b268,086178be-8c58-461f-8c2c-6001fdc2b83b,c2,DROP,1008,?,i7,
1769500767.758669,RECEIVED,685088b3-af65-4353-9146-416b28974987,019af8b1-64d0-4981-9de5-c1421a57acb7,c2,DROP,1456,p2,?,
1769500767.8569844,SENT,685088b3-af65-4353-9146-416b28974987,019af8b1-64d0-4981-9de5-c1421a57acb7,c2,DROP,1020,?,i2,
1769500767.8570228,FORWARDED,685088b3-af65-4353-9146-416b28974987,019af8b1-64d0-4981-9de5-c1421a57acb7,c2,DROP,1020,?,i2,
1769500767.894462,SENT,b1f23108-5bfe-4722-931e-ceeb6bf123a7,66bcbcc3-030e-4f5c-bf8e-a5886a4f7785,c2,DROP,1009,?,i1,
1769500767.8945017,FORWARDED,b1f23108-5bfe-4722-931e-ceeb6bf123a7,66bcbcc3-030e-4f5c-bf8e-a5886a4f7785,c2,DROP,1009,?,i1,
1769500768.096364,RECEIVED,01dbe9c0-2766-4753-8472-e629b3359df4,ea2cd493-e61d-4850-8f77-d2727283c60a,c1,DROP,1435,p1,?,
1769500768.1113799,RECEIVED,5baf183b-f12b-480a-bced-c7c8df929a27,5a5dd945-24a0-4ed0-8f72-3c5cd649ffc2,c4,DROP,1443,p1,?,
1769500768.176892,RECEIVED,ac71436f-1556-4ea1-b416-9d73923df394,4e6d5324-6cac-48a2-99f4-02dda680552a,c3,c4,2464,p3,?,
1769500768.285237,RECEIVED,edc65fde-2d34-4b88-8928-55da38397571,d285d710-465d-4ca5-9dc4-5ee7be2dd020,c3,DROP,442,x7,?,
1769500768.3420296,RECEIVED,73cf0e86-70bc-4bc7-b465-7b0e4fc48250,f666de20-89bd-4bec-a21d-f634f0848c0b,c3,c4,2450,p3,?,
1769500768.3689508,SENT,5baf183b-f12b-480a-bced-c7c8df929a27,5a5dd945-24a0-4ed0-8f72-3c5cd649ffc2,c4,DROP,1009,?,i8,
1769500768.3689938,FORWARDED,5baf183b-f12b-480a-bced-c7c8df929a27,5a5dd945-24a0-4ed0-8f72-3c5cd649ffc2,c4,DROP,1009,?,i8,
1769500768.401208,SENT,15486550-6e85-4dbd-abe8-90b87f1d8049,42c03702-075b-405a-a2a8-93e99f084d30,c5,DROP,1007,?,i11,
1769500768.4012504,FORWARDED,15486550-6e85-4dbd-abe8-90b87f1d8049,42c03702-075b-405a-a2a8-93e99f084d30,c5,DROP,1007,?,i11,
1769500768.4123178,SENT,95f8ecd1-c8fd-4052-bba0-7dfeb32316de,04be9486-be80-4fa0-928f-6599c096a551,c2,None,1602,?,i12,
1769500768.4123664,FORWARDED,95f8ecd1-c8fd-4052-bba0-7dfeb32316de,04be9486-be80-4fa0-928f-6599c096a551,c2,None,1602,?,i12,
1769500768.4874098,SENT,01dbe9c0-2766-4753-8472-e629b3359df4,ea2cd493-e61d-4850-8f77-d2727283c60a,c1,DROP,1003,?,i6,
1769500768.4874501,FORWARDED,01dbe9c0-2766-4753-8472-e629b3359df4,ea2cd493-e61d-4850-8f77-d2727283c60a,c1,DROP,1003,?,i6,
1769500768.5199819,SENT,ac71436f-1556-4ea1-b416-9d73923df394,4e6d5324-6cac-48a2-99f4-02dda680552a,c3,c4,1774,?,i6,
1769500768.5200253,FORWARDED,ac71436f-1556-4ea1-b416-9d73923df394,4e6d5324-6cac-48a2-99f4-02dda680552a,c3,c4,1774,?,i6,
1769500768.5935454,RECEIVED,67de9e5f-91cd-43ff-9a63-906e970b44f1,cd293f29-c7bf-449c-bb4b-27fccc9b2ff2,c3,DROP,446,x12,?,
1769500768.6180527,RECEIVED,9ece2dcb-96f0-457f-a346-2295f73de395,8bbcb633-65f6-4663-abd5-533fa860ad0a,c3,DROP,1439,p3,?,
1769500768.786359,RECEIVED,180282f0-10e5-42c2-84ee-31c76121a239,de909afd-ea00-4ec0-883c-081e8b3cdc11,c4,DROP,1438,p1,?,
1769500768.885145,RECEIVED,5c0b2219-13d3-4fd3-8681-e5f72354fab9,77a2609a-3883-4e9a-afd9-d2f833f8ab57,c2,DROP,1440,p2,?,
1769500769.0396495,RECEIVED,556f7229-673a-4383-bca6-6065831adf31,b9a07ee3-052e-42fc-9838-eafc30f30817,c1,DROP,441,x4,?,
1769500769.1576126,SENT,180282f0-10e5-42c2-84ee-31c76121a239,de909afd-ea00-4ec0-883c-081e8b3cdc11,c4,DROP,1008,?,i10,
1769500769.1576574,FORWARDED,180282f0-10e5-42c2-84ee-31c76121a239,de909afd-ea00-4ec0-883c-081e8b3cdc11,c4,DROP,1008,?,i10,
1769500769.303798,SENT,5c0b2219-13d3-4fd3-8681-e5f72354fab9,77a2609a-3883-4e9a-afd9-d2f833f8ab57,c2,DROP,1008,?,i1,
1769500769.3038416,FORWARDED,5c0b2219-13d3-4fd3-8681-e5f72354fab9,77a2609a-3883-4e9a-afd9-d2f833f8ab57,c2,DROP,1008,?,i1,
1769500769.5632248,RECEIVED,790806dd-5946-4d6d-a99c-d2c33ef699d8,2107a0b8-ee8d-4807-8ff1-08c83c562898,c2,DROP,1448,p2,?,
1769500769.56482,SENT,73cf0e86-70bc-4bc7-b465-7b0e4fc48250,f666de20-89bd-4bec-a21d-f634f0848c0b,c3,c4,1767,?,i3,
1769500769.564859,FORWARDED,73cf0e86-70bc-4bc7-b465-7b0e4fc48250,f666de20-89bd-4bec-a21d-f634f0848c0b,c3,c4,1767,?,i3,
1769500769.7373555,SENT,9ece2dcb-96f0-457f-a346-2295f73de395,8bbcb633-65f6-4663-abd5-533fa860ad0a,c3,DROP,1007,?,i6,
1769500769.7373946,FORWARDED,9ece2dcb-96f0-457f-a346-2295f73de395,8bbcb633-65f6-4663-abd5-533fa860ad0a,c3,DROP,1007,?,i6,
1769500769.7513924,RECEIVED,9f5aca36-c8c4-4f4b-96f4-228f06d45104,4c78426c-ae4e-41c4-88c6-507fb9eb57e3,c3,DROP,1440,p3,?,
1769500769.873897,SENT,790806dd-5946-4d6d-a99c-d2c33ef699d8,2107a0b8-ee8d-4807-8ff1-08c83c562898,c2,DROP,1012,?,i9,
1769500769.873941,FORWARDED,790806dd-5946-4d6d-a99c-d2c33ef699d8,2107a0b8-ee8d-4807-8ff1-08c83c562898,c2,DROP,1012,?,i9,
1769500770.1801448,RECEIVED,b0d621a5-8193-4200-8b3b-c0e91e33ef02,1c7feba5-ecf7-45db-8d47-d5d67a28eb06,c4,DROP,1440,p1,?,
1769500770.230055,SENT,9f5aca36-c8c4-4f4b-96f4-228f06d45104,4c78426c-ae4e-41c4-88c6-507fb9eb57e3,c3,DROP,1007,?,i9,
1769500770.2300994,FORWARDED,9f5aca36-c8c4-4f4b-96f4-228f06d45104,4c78426c-ae4e-41c4-88c6-507fb9eb57e3,c3,DROP,1007,?,i9,
1769500770.2504227,SENT,b0d621a5-8193-4200-8b3b-c0e91e33ef02,1c7feba5-ecf7-45db-8d47-d5d67a28eb06,c4,DROP,1008,?,i3,
1769500770.2504637,FORWARDED,b0d621a5-8193-4200-8b3b-c0e91e33ef02,1c7feba5-ecf7-45db-8d47-d5d67a28eb06,c4,DROP,1008,?,i3,
1769500770.2547495,RECEIVED,bf91b456-0bdb-42db-a10f-a6af4a311b62,58b9782a-ae86-4583-8ef2-3dca680bbb3c,c1,DROP,1447,p1,?,
1769500770.597216,RECEIVED,d12cd66c-8c7d-4f7b-94a7-65f60b16e5bd,c638e2f5-e40a-48d6-9e01-f2ee080603bc,c1,DROP,1447,p1,?,
1769500770.7520885,RECEIVED,4fe6bee0-b240-4d40-9868-3c6de6beccbe,c6d86347-d4af-4fbc-828f-166c4ba4c1d8,c1,c5,2463,p1,?,
1769500770.7755287,RECEIVED,56aef8ce-885b-4375-b0ec-1f91234e2c5e,b24b48b0-2b18-4a96-9dae-e20211a83812,c1,DROP,1440,p1,?,
1769500770.8757591,SENT,56aef8ce-885b-4375-b0ec-1f91234e2c5e,b24b48b0-2b18-4a96-9dae-e20211a83812,c1,DROP,1007,?,i4,
1769500770.875801,FORWARDED,56aef8ce-885b-4375-b0ec-1f91234e2c5e,b24b48b0-2b18-4a96-9dae-e20211a83812,c1,DROP,1007,?,i4,
1769500770.897265,RECEIVED,f6075cad-a365-4300-bf16-4dcde8f8b17f,cc63f942-ac58-402a-bbf2-1091b34813d6,c1,DROP,1446,p1,?,
1769500770.9913597,SENT,d12cd66c-8c7d-4f7b-94a7-65f60b16e5bd,c638e2f5-e40a-48d6-9e01-f2ee080603bc,c1,DROP,1012,?,i5,
1769500770.991401,FORWARDED,d12cd66c-8c7d-4f7b-94a7-65f60b16e5bd,c638e2f5-e40a-48d6-9e01-f2ee080603bc,c1,DROP,1012,?,i5,
1769500771.0226662,SENT,bf91b456-0bdb-42db-a10f-a6af4a311b62,58b9782a-ae86-4583-8ef2-3dca680bbb3c,c1,DROP,1012,?,i1,
1769500771.0227087,FORWARDED,bf91b456-0bdb-42db-a10f-a6af4a311b62,58b9782a-ae86-4583-8ef2-3dca680bbb3c,c1,DROP,1012,?,i1,
1769500771.0580704,SENT,4fe6bee0-b240-4d40-9868-3c6de6beccbe,c6d86347-d4af-4fbc-828f-166c4ba4c1d8,c1,c5,1776,?,i4,
1769500771.0581179,FORWARDED,4fe6bee0-b240-4d40-9868-3c6de6beccbe,c6d86347-d4af-4fbc-828f-166c4ba4c1d8,c1,c5,1776,?,i4,
1769500771.2612216,RECEIVED,e265cbc0-ee7b-40fb-93a0-d4c26cf0708e,c029bbd3-12cf-482e-9d22-704ad0d97df7,c1,c5,2447,p1,?,
1769500771.364967,RECEIVED,ff4f88c9-1ab6-4023-a7bc-4143881c7f15,b72fc298-6f0e-4ef6-9c98-3baa1249d5cd,c2,DROP,1440,p2,?,
1769500771.602751,RECEIVED,75b8ff07-48b2-4882-ae73-68468907fe54,341b4bf9-5ebe-47bf-9ca8-9f0e6e0068da,c1,None,2240,p1,?,
1769500771.6050665,RECEIVED,20c7536f-1e17-407f-8e47-4fb4fa8c9ace,6b72e817-035d-448c-96ff-838cc96d0088,c2,None,2220,p2,?,
1769500771.6197894,SENT,ff4f88c9-1ab6-4023-a7bc-4143881c7f15,b72fc298-6f0e-4ef6-9c98-3baa1249d5cd,c2,DROP,1007,?,i4,
1769500771.6198304,FORWARDED,ff4f88c9-1ab6-4023-a7bc-4143881c7f15,b72fc298-6f0e-4ef6-9c98-3baa1249d5cd,c2,DROP,1007,?,i4,
1769500771.6470718,RECEIVED,a3c41e76-39b8-44bb-9f51-b4f3cfc3b127,eb8cedf6-b5c6-4d96-81b5-5ad30c4e61fb,c1,DROP,1441,p1,?,
1769500771.6935194,RECEIVED,a2881b7f-8086-4a8d-b1ae-957aa59d28ee,c596fcff-2409-49b3-971c-fc0dad13041c,c4,DROP,1461,p1,?,
1769500771.735451,RECEIVED,ebbc86ed-65ad-4afe-81ba-6d71892a436a,c921ee08-1cfa-41d1-b582-19b781d7901a,c4,DROP,1444,p1,?,
1769500771.761258,SENT,a2881b7f-8086-4a8d-b1ae-957aa59d28ee,c596fcff-2409-49b3-971c-fc0dad13041c,c4,DROP,1021,?,i12,
1769500771.7613,FORWARDED,a2881b7f-8086-4a8d-b1ae-957aa59d28ee,c596fcff-2409-49b3-971c-fc0dad13041c,c4,DROP,1021,?,i12,
1769500771.8006442,SENT,20c7536f-1e17-407f-8e47-4fb4fa8c9ace,6b72e817-035d-448c-96ff-838cc96d0088,c2,None,1592,?,i3,
1769500771.800688,FORWARDED,20c7536f-1e17-407f-8e47-4fb4fa8c9ace,6b72e817-035d-448c-96ff-838cc96d0088,c2,None,1592,?,i3,
1769500771.8278375,SENT,75b8ff07-48b2-4882-ae73-68468907fe54,341b4bf9-5ebe-47bf-9ca8-9f0e6e0068da,c1,None,1608,?,i1,
1769500771.8278923,FORWARDED,75b8ff07-48b2-4882-ae73-68468907fe54,341b4bf9-5ebe-47bf-9ca8-9f0e6e0068da,c1,None,1608,?,i1,
1769500771.8879402,SENT,e265cbc0-ee7b-40fb-93a0-d4c26cf0708e,c029bbd3-12cf-482e-9d22-704ad0d97df7,c1,c5,1763,?,i5,
1769500771.88798,FORWARDED,e265cbc0-ee7b-40fb-93a0-d4c26cf0708e,c029bbd3-12cf-482e-9d22-704ad0d97df7,c1,c5,1763,?,i5,
1769500771.899121,RECEIVED,df7af95b-cb2d-4e40-94c6-790e68e4371f,65d6818d-ed27-4fde-8b61-af0a5eda31d1,c5,c2,2459,p2,?,
1769500771.9128234,SENT,a3c41e76-39b8-44bb-9f51-b4f3cfc3b127,eb8cedf6-b5c6-4d96-81b5-5ad30c4e61fb,c1,DROP,1007,?,i11,
1769500771.9128659,FORWARDED,a3c41e76-39b8-44bb-9f51-b4f3cfc3b127,eb8cedf6-b5c6-4d96-81b5-5ad30c4e61fb,c1,DROP,1007,?,i11,
1769500772.084977,RECEIVED,5dbe75cb-e994-444b-8eba-4b0baf098842,f2497f65-2ff8-46df-8273-e0d687662d33,c1,DROP,1443,p1,?,
1769500772.1348898,SENT,df7af95b-cb2d-4e40-94c6-790e68e4371f,65d6818d-ed27-4fde-8b61-af0a5eda31d1,c5,c2,1772,?,i8,
1769500772.1349297,FORWARDED,df7af95b-cb2d-4e40-94c6-790e68e4371f,65d6818d-ed27-4fde-8b61-af0a5eda31d1,c5,c2,1772,?,i8,
1769500772.145965,RECEIVED,3cfc3370-4bf3-4369-9e8e-8cc8c764d016,239b7a7a-a807-466f-ba3a-b5ff46ca0ed8,c4,c3,2460,p1,?,
1769500772.199437,SENT,f6075cad-a365-4300-bf16-4dcde8f8b17f,cc63f942-ac58-402a-bbf2-1091b34813d6,c1,DROP,1012,?,i1,
1769500772.1994815,FORWARDED,f6075cad-a365-4300-bf16-4dcde8f8b17f,cc63f942-ac58-402a-bbf2-1091b34813d6,c1,DROP,1012,?,i1,
1769500772.261503,SENT,ebbc86ed-65ad-4afe-81ba-6d71892a436a,c921ee08-1cfa-41d1-b582-19b781d7901a,c4,DROP,1011,?,i10,
1769500772.2615404,FORWARDED,ebbc86ed-65ad-4afe-81ba-6d71892a436a,c921ee08-1cfa-41d1-b582-19b781d7901a,c4,DROP,1011,?,i10,
1769500772.3936281,SENT,3cfc3370-4bf3-4369-9e8e-8cc8c764d016,239b7a7a-a807-466f-ba3a-b5ff46ca0ed8,c4,c3,1773,?,i4,
1769500772.393669,FORWARDED,3cfc3370-4bf3-4369-9e8e-8cc8c764d016,239b7a7a-a807-466f-ba3a-b5ff46ca0ed8,c4,c3,1773,?,i4,
1769500772.527537,RECEIVED,0e913cb0-3a8d-4f98-b2a5-c2bfdb468dbb,b08f41b8-cdbf-44ba-948b-798c11fbafc6,c5,None,2235,p2,?,
1769500772.638873,RECEIVED,bf400e72-0ae6-4552-ae5a-096385a2941e,1efae645-1790-4a24-a473-497b9e9fcff3,c3,DROP,1439,p3,?,
1769500772.7734919,SENT,5dbe75cb-e994-444b-8eba-4b0baf098842,f2497f65-2ff8-46df-8273-e0d687662d33,c1,DROP,1011,?,i5,
1769500772.773533,FORWARDED,5dbe75cb-e994-444b-8eba-4b0baf098842,f2497f65-2ff8-46df-8273-e0d687662d33,c1,DROP,1011,?,i5,
1769500772.8858254,RECEIVED,bec99c12-084d-4790-9590-dc76a8ff5bfd,cf252c2e-2387-4bbe-8b3f-6d80c2fb0cad,c2,DROP,1449,p2,?,
1769500772.9331446,RECEIVED,bc1cf913-76ba-40ef-88a1-d3af002fde6a,7cbcc176-54cb-4aca-8064-44667e8fb0ba,c1,None,2224,p1,?,
1769500772.976068,SENT,bec99c12-084d-4790-9590-dc76a8ff5bfd,cf252c2e-2387-4bbe-8b3f-6d80c2fb0cad,c2,DROP,1012,?,i4,
1769500772.97611,FORWARDED,bec99c12-084d-4790-9590-dc76a8ff5bfd,cf252c2e-2387-4bbe-8b3f-6d80c2fb0cad,c2,DROP,1012,?,i4,
1769500773.1027412,SENT,bc1cf913-76ba-40ef-88a1-d3af002fde6a,7cbcc176-54cb-4aca-8064-44667e8fb0ba,c1,None,1596,?,i6,
1769500773.1027844,FORWARDED,bc1cf913-76ba-40ef-88a1-d3af002fde6a,7cbcc176-54cb-4aca-8064-44667e8fb0ba,c1,None,1596,?,i6,
1769500773.1809824,RECEIVED,fab99121-5b97-40da-a3d0-1231d2c5f6bc,08fe580d-82ef-4cb0-bc53-6137297320f4,c2,None,2219,p2,?,
1769500773.3080227,RECEIVED,9b3344e4-1db0-42b7-a5d2-a0e79c0d166d,b9b1e026-bf11-4deb-b873-9a14124215a8,c2,DROP,445,x12,?,
1769500773.3906903,SENT,bf400e72-0ae6-4552-ae5a-096385a2941e,1efae645-1790-4a24-a473-497b9e9fcff3,c3,DROP,1008,?,i3,
1769500773.3907332,FORWARDED,bf400e72-0ae6-4552-ae5a-096385a2941e,1efae645-1790-4a24-a473-497b9e9fcff3,c3,DROP,1008,?,i3,
1769500773.4063096,RECEIVED,50a92dd7-9f3e-4de4-939f-848715a22b53,73adf81b-e9d0-4502-b3cc-99c329f361e5,c1,DROP,1443,p1,?,
1769500773.4090586,RECEIVED,7801d579-4c49-4758-96a7-73cf6f38f5c3,db11ee2e-60c3-4680-b5d9-4f05a151a651,c1,DROP,446,x12,?,
1769500773.504272,RECEIVED,3ec597fe-2995-48bc-9ab4-aa54bf567256,8142c38e-bb9e-4007-919a-3a2c13cc1522,c4,DROP,1448,p1,?,
1769500773.6385021,RECEIVED,9cbd53c4-85b6-41ac-957d-94de1d16766c,4f1d36d2-a62e-47d0-8a96-93c82ca3ff4e,c2,DROP,437,x9,?,
1769500773.9879088,SENT,3ec597fe-2995-48bc-9ab4-aa54bf567256,8142c38e-bb9e-4007-919a-3a2c13cc1522,c4,DROP,1014,?,i7,
1769500773.9879606,FORWARDED,3ec597fe-2995-48bc-9ab4-aa54bf567256,8142c38e-bb9e-4007-919a-3a2c13cc1522,c4,DROP,1014,?,i7,
1769500774.0268931,RECEIVED,f41e4807-e510-471a-9bff-f366f16e8c90,86a77de1-5503-4387-a5f8-0de3f26bf1ff,c1,c5,2468,p1,?,
1769500774.0508177,RECEIVED,98f2f004-c173-48ab-bc8b-259e8387141b,bd41c1fe-81ac-4038-b5e3-246f85d2ed7e,c5,DROP,1461,p2,?,
1769500774.082144,RECEIVED,c5351510-f86c-4406-bebb-f84a471f753e,0d8cc479-64e0-443d-b3d5-0e00eeb9878f,c1,DROP,442,x12,?,
1769500774.0896704,SENT,f41e4807-e510-471a-9bff-f366f16e8c90,86a77de1-5503-4387-a5f8-0de3f26bf1ff,c1,c5,1778,?,i2,
1769500774.0897105,FORWARDED,f41e4807-e510-471a-9bff-f366f16e8c90,86a77de1-5503-4387-a5f8-0de3f26bf1ff,c1,c5,1778,?,i2,
1769500774.116748,SENT,50a92dd7-9f3e-4de4-939f-848715a22b53,73adf81b-e9d0-4502-b3cc-99c329f361e5,c1,DROP,1009,?,i9,
1769500774.1167877,FORWARDED,50a92dd7-9f3e-4de4-939f-848715a22b53,73adf81b-e9d0-4502-b3cc-99c329f361e5,c1,DROP,1009,?,i9,
1769500774.1602244,SENT,0e913cb0-3a8d-4f98-b2a5-c2bfdb468dbb,b08f41b8-cdbf-44ba-948b-798c11fbafc6,c5,None,1603,?,i8,
1769500774.1602657,FORWARDED,0e913cb0-3a8d-4f98-b2a5-c2bfdb468dbb,b08f41b8-cdbf-44ba-948b-798c11fbafc6,c5,None,1603,?,i8,
1769500774.1728458,RECEIVED,d9290a21-645e-42c3-8591-dc620f150db7,ea8eaecc-3014-4eca-9372-e911721ce9f7,c5,DROP,1440,p2,?,
1769500774.248006,SENT,98f2f004-c173-48ab-bc8b-259e8387141b,bd41c1fe-81ac-4038-b5e3-246f85d2ed7e,c5,DROP,1021,?,i12,
1769500774.2480624,FORWARDED,98f2f004-c173-48ab-bc8b-259e8387141b,bd41c1fe-81ac-4038-b5e3-246f85d2ed7e,c5,DROP,1021,?,i12,
1769500774.3325229,RECEIVED,a2d38995-be98-48c9-812d-d3fb6b211ecb,1177a41b-8136-4c3d-8520-498ea550b979,c2,DROP,1447,p2,?,
1769500774.3488557,RECEIVED,b12cd4e6-09e2-4499-ae15-fe68695280f5,f37d2805-6d43-4abb-9eff-7e4448d04573,c2,DROP,1445,p2,?,
1769500774.3617268,RECEIVED,a183a5dd-39ff-4d8a-842f-c3d82f9ae512,dcbb50f2-1811-4638-b7e1-d0acf2a253cb,c2,DROP,1447,p2,?,
1769500774.4447052,SENT,b12cd4e6-09e2-4499-ae15-fe68695280f5,f37d2805-6d43-4abb-9eff-7e4448d04573,c2,DROP,1010,?,i12,
1769500774.444744,FORWARDED,b12cd4e6-09e2-4499-ae15-fe68695280f5,f37d2805-6d43-4abb-9eff-7e4448d04573,c2,DROP,1010,?,i12,
1769500774.4939823,SENT,a2d38995-be98-48c9-812d-d3fb6b211ecb,1177a41b-8136-4c3d-8520-498ea550b979,c2,DROP,1012,?,i9,
1769500774.4940255,FORWARDED,a2d38995-be98-48c9-812d-d3fb6b211ecb,1177a41b-8136-4c3d-8520-498ea550b979,c2,DROP,1012,?,i9,
1769500774.5137806,RECEIVED,420ec457-a157-481d-83a9-f7de8d0e9889,9f2a0b53-a557-43b3-b1f7-92bc7580d754,c5,DROP,1456,p2,?,
1769500774.5266967,RECEIVED,b8a60a46-21da-446c-b7e2-3c0e97afd285,f1c476af-801c-4f9e-8631-8c2b097ac27a,c4,DROP,1442,p1,?,
1769500774.5342393,SENT,d9290a21-645e-42c3-8591-dc620f150db7,ea8eaecc-3014-4eca-9372-e911721ce9f7,c5,DROP,1007,?,i9,
1769500774.534282,FORWARDED,d9290a21-645e-42c3-8591-dc620f150db7,ea8eaecc-3014-4eca-9372-e911721ce9f7,c5,DROP,1007,?,i9,
1769500774.6257129,RECEIVED,a455c29e-396b-4efe-8fbc-dddcb33c0d3d,95583ab5-625e-41bf-b844-647d5c0de3fc,c1,DROP,441,x9,?,
1769500774.8742957,SENT,b8a60a46-21da-446c-b7e2-3c0e97afd285,f1c476af-801c-4f9e-8631-8c2b097ac27a,c4,DROP,1011,?,i9,
1769500774.8743393,FORWARDED,b8a60a46-21da-446c-b7e2-3c0e97afd285,f1c476af-801c-4f9e-8631-8c2b097ac27a,c4,DROP,1011,?,i9,
1769500774.8805864,RECEIVED,98f7309b-db6f-4862-8344-78fd95409c22,ef291351-1400-4cbc-bfab-b26b7c6f8bbd,c1,c5,2451,p1,?,
1769500774.8907974,RECEIVED,cfe1cff5-a279-4a2a-94a9-c9af1594515d,6d6435a7-c76a-40d2-8f9f-3399a79fd448,c3,None,2231,p3,?,
1769500775.0097508,SENT,98f7309b-db6f-4862-8344-78fd95409c22,ef291351-1400-4cbc-bfab-b26b7c6f8bbd,c1,c5,1767,?,i8,
1769500775.0097878,FORWARDED,98f7309b-db6f-4862-8344-78fd95409c22,ef291351-1400-4cbc-bfab-b26b7c6f8bbd,c1,c5,1767,?,i8,
1769500775.0936596,RECEIVED,c3053049-471e-41b1-bc48-7f7a80a18862,ec48e610-b6f4-4fb0-a705-b6b5c9e572d5,c1,c5,2451,p1,?,
1769500775.2006006,RECEIVED,30b4a4ef-6003-41bf-8c40-ca3cfbbc2ac5,39d7b5ab-ee06-4a32-ae84-6d1645e48a1f,c4,None,2222,p1,?,
1769500775.326732,SENT,420ec457-a157-481d-83a9-f7de8d0e9889,9f2a0b53-a557-43b3-b1f7-92bc7580d754,c5,DROP,1019,?,i11,
1769500775.3267846,FORWARDED,420ec457-a157-481d-83a9-f7de8d0e9889,9f2a0b53-a557-43b3-b1f7-92bc7580d754,c5,DROP,1019,?,i11,
1769500775.5141637,SENT,cfe1cff5-a279-4a2a-94a9-c9af1594515d,6d6435a7-c76a-40d2-8f9f-3399a79fd448,c3,None,1600,?,i8,
1769500775.5142877,FORWARDED,cfe1cff5-a279-4a2a-94a9-c9af1594515d,6d6435a7-c76a-40d2-8f9f-3399a79fd448,c3,None,1600,?,i8,
1769500775.6131432,RECEIVED,f3eb5cde-3d02-436d-a3a5-c27992adca82,b5ced309-53f7-4c04-8481-6396367d8f65,c1,c5,2451,p1,?,
1769500775.6394575,SENT,30b4a4ef-6003-41bf-8c40-ca3cfbbc2ac5,39d7b5ab-ee06-4a32-ae84-6d1645e48a1f,c4,None,1594,?,i7,
1769500775.6395044,FORWARDED,30b4a4ef-6003-41bf-8c40-ca3cfbbc2ac5,39d7b5ab-ee06-4a32-ae84-6d1645e48a1f,c4,None,1594,?,i7,
1769500775.8348632,RECEIVED,a1664138-b31b-4a2a-8b5e-50e1b3389c54,517c54de-255b-42a4-b842-c1a63c4e58d4,c5,DROP,444,x2,?,
1769500775.9637167,SENT,fab99121-5b97-40da-a3d0-1231d2c5f6bc,08fe580d-82ef-4cb0-bc53-6137297320f4,c2,None,1592,?,i4,
1769500775.963761,FORWARDED,fab99121-5b97-40da-a3d0-1231d2c5f6bc,08fe580d-82ef-4cb0-bc53-6137297320f4,c2,None,1592,?,i4,
1769500775.9933097,SENT,c3053049-471e-41b1-bc48-7f7a80a18862,ec48e610-b6f4-4fb0-a705-b6b5c9e572d5,c1,c5,1766,?,i1,
1769500775.9933498,FORWARDED,c3053049-471e-41b1-bc48-7f7a80a18862,ec48e610-b6f4-4fb0-a705-b6b5c9e572d5,c1,c5,1766,?,i1,
1769500776.189331,RECEIVED,d805b506-c0a6-4e48-b017-058199a5a5d5,cdd73599-ddba-4156-8c7d-ca258d2053c4,c2,DROP,1438,p2,?,
1769500776.2877276,RECEIVED,f17ca0d2-b7cf-4746-b3af-ee928d8d73a2,50ef3f4e-44df-4661-8eea-2b7afe487364,c1,DROP,441,x7,?,
1769500776.3039742,RECEIVED,b7598398-47c5-485a-815b-37c273bd3921,f370e410-18ae-443f-b7a9-e5feb66ad8ef,c4,DROP,1439,p1,?,
1769500776.3622375,RECEIVED,a558cd6d-9e02-48f0-984e-a1862446eb4d,27035403-0869-417c-9a6a-315f9397e256,c2,c1,2448,p2,?,
1769500776.3658478,RECEIVED,92ee90c9-cc7a-485b-8d8a-81961cc51187,fee02607-f932-48c0-86a8-c88f9d2890d8,c1,DROP,1448,p1,?,
1769500776.5076473,SENT,a558cd6d-9e02-48f0-984e-a1862446eb4d,27035403-0869-417c-9a6a-315f9397e256,c2,c1,1764,?,i7,
1769500776.5076876,FORWARDED,a558cd6d-9e02-48f0-984e-a1862446eb4d,27035403-0869-417c-9a6a-315f9397e256,c2,c1,1764,?,i7,
1769500776.7837083,SENT,f3eb5cde-3d02-436d-a3a5-c27992adca82,b5ced309-53f7-4c04-8481-6396367d8f65,c1,c5,1766,?,i3,
1769500776.7837508,FORWARDED,f3eb5cde-3d02-436d-a3a5-c27992adca82,b5ced309-53f7-4c04-8481-6396367d8f65,c1,c5,1766,?,i3,
1769500776.797423,RECEIVED,5359abc3-5652-4f53-b0ad-28559def50ac,64ea72e9-3add-444e-ace0-a13f63b07684,c1,DROP,1436,p1,?,
1769500776.8865182,SENT,a183a5dd-39ff-4d8a-842f-c3d82f9ae512,dcbb50f2-1811-4638-b7e1-d0acf2a253cb,c2,DROP,1013,?,i2,
1769500776.886559,FORWARDED,a183a5dd-39ff-4d8a-842f-c3d82f9ae512,dcbb50f2-1811-4638-b7e1-d0acf2a253cb,c2,DROP,1013,?,i2,
1769500777.139461,SENT,5359abc3-5652-4f53-b0ad-28559def50ac,64ea72e9-3add-444e-ace0-a13f63b07684,c1,DROP,1005,?,i12,
1769500777.1395009,FORWARDED,5359abc3-5652-4f53-b0ad-28559def50ac,64ea72e9-3add-444e-ace0-a13f63b07684,c1,DROP,1005,?,i12,
1769500777.2128723,RECEIVED,743314b3-7b88-4194-88bf-0106b2fabbb3,4af9e7ad-699f-465c-94d9-d1cacf7a5c2f,c3,None,2236,p3,?,
1769500777.253437,SENT,743314b3-7b88-4194-88bf-0106b2fabbb3,4af9e7ad-699f-465c-94d9-d1cacf7a5c2f,c3,None,1604,?,i1,
1769500777.2534792,FORWARDED,743314b3-7b88-4194-88bf-0106b2fabbb3,4af9e7ad-699f-465c-94d9-d1cacf7a5c2f,c3,None,1604,?,i1,
1769500777.2842362,RECEIVED,e2068b03-58fc-4746-bfdb-f34ee96d3a68,461b0d50-cba9-4545-8cfc-5c6fe5eb96fd,c4,DROP,1440,p1,?,
1769500777.3462696,SENT,b7598398-47c5-485a-815b-37c273bd3921,f370e410-18ae-443f-b7a9-e5feb66ad8ef,c4,DROP,1007,?,i9,
1769500777.3463106,FORWARDED,b7598398-47c5-485a-815b-37c273bd3921,f370e410-18ae-443f-b7a9-e5feb66ad8ef,c4,DROP,1007,?,i9,
1769500777.3743384,RECEIVED,a78d0c77-959d-4be6-aed2-023fcfd2ad23,e69f2b51-3c58-4673-a623-f761643a6b3e,c1,DROP,441,x7,?,
1769500777.588767,RECEIVED,113abc2f-67a0-4490-b3c8-b735a84c6c38,51f9128b-3827-4980-b22d-61ece791f6b5,c5,DROP,1444,p2,?,
1769500777.6610284,RECEIVED,b542bd7c-9265-4d7e-9d83-97a0c0df745c,2916e04b-4820-4df8-a714-6651e7b07bef,c5,DROP,1447,p2,?,
1769500777.6633596,RECEIVED,2756f2a4-4912-4625-9b6a-495c2a4a045a,a9e5bfd3-97f4-4361-920f-5b4873a9dd4f,c4,DROP,1460,p1,?,
1769500777.665946,RECEIVED,c120c377-4ebe-43ae-b141-8af8b7c21bc8,e210316c-ae26-4437-96e1-c19565f37176,c2,None,2232,p2,?,
1769500777.713701,RECEIVED,a0e8b531-afc6-4dfd-8510-708c2799a5f1,2705432b-28bb-4348-bfad-b381799d08bb,c4,DROP,1444,p1,?,
1769500777.8442054,RECEIVED,c5b9720c-f270-4d44-9439-5ebe1eb0e94e,0692138a-a790-474c-b261-44b289123ce2,c5,DROP,1439,p2,?,
1769500777.863021,SENT,a0e8b531-afc6-4dfd-8510-708c2799a5f1,2705432b-28bb-4348-bfad-b381799d08bb,c4,DROP,1011,?,i6,
1769500777.8630736,FORWARDED,a0e8b531-afc6-4dfd-8510-708c2799a5f1,2705432b-28bb-4348-bfad-b381799d08bb,c4,DROP,1011,?,i6,
1769500777.8916898,SENT,e2068b03-58fc-4746-bfdb-f34ee96d3a68,461b0d50-cba9-4545-8cfc-5c6fe5eb96fd,c4,DROP,1007,?,i12,
1769500777.8917317,FORWARDED,e2068b03-58fc-4746-bfdb-f34ee96d3a68,461b0d50-cba9-4545-8cfc-5c6fe5eb96fd,c4,DROP,1007,?,i12,
1769500777.9489393,RECEIVED,250bd831-27d9-4989-a31d-aec670070a14,36c0bf70-1a37-423a-9c65-348873e13f55,c5,c2,2471,p2,?,
1769500777.9839077,RECEIVED,1d8fa07a-d390-4180-bd21-7f6df723a194,ef154d57-dc7f-46cc-b56b-f17b998e3657,c2,DROP,441,x1,?,
1769500778.1196206,SENT,c120c377-4ebe-43ae-b141-8af8b7c21bc8,e210316c-ae26-4437-96e1-c19565f37176,c2,None,1602,?,i8,
1769500778.1196604,FORWARDED,c120c377-4ebe-43ae-b141-8af8b7c21bc8,e210316c-ae26-4437-96e1-c19565f37176,c2,None,1602,?,i8,
1769500778.1561413,RECEIVED,7a424975-c638-4207-a011-b315dc81bde0,c9073449-a78d-4fe3-8e6b-b3f2bae85ac5,c3,c4,2455,p3,?,
1769500778.156701,SENT,113abc2f-67a0-4490-b3c8-b735a84c6c38,51f9128b-3827-4980-b22d-61ece791f6b5,c5,DROP,1011,?,i12,
1769500778.1567385,FORWARDED,113abc2f-67a0-4490-b3c8-b735a84c6c38,51f9128b-3827-4980-b22d-61ece791f6b5,c5,DROP,1011,?,i12,
1769500778.1593819,RECEIVED,887dde96-3a8f-48e3-99b9-f23db50c15b9,3cb7add0-d7bd-4142-83ea-f3a04d916e0d,c1,DROP,442,x1,?,
1769500778.1873841,RECEIVED,d02031b7-b091-4bed-8ed6-61da013f4bcb,46c19824-6772-4f0a-9355-49899572cca0,c3,DROP,1439,p3,?,
1769500778.2342944,SENT,b542bd7c-9265-4d7e-9d83-97a0c0df745c,2916e04b-4820-4df8-a714-6651e7b07bef,c5,DROP,1013,?,i9,
1769500778.234336,FORWARDED,b542bd7c-9265-4d7e-9d83-97a0c0df745c,2916e04b-4820-4df8-a714-6651e7b07bef,c5,DROP,1013,?,i9,
1769500778.2807312,RECEIVED,d29b2ef4-bf13-43d7-a8f6-a74ddf3a7171,febb3ca7-c801-43df-938e-c779600f77f4,c2,None,2241,p2,?,
1769500778.321032,RECEIVED,a79bad54-a1d5-4541-8ecd-385463957134,e242b02a-4fb5-4c94-be41-bf51493bbccb,c4,DROP,1456,p1,?,
1769500778.3691661,RECEIVED,6946fdd1-d877-4e95-b61a-a3e5b81a3fd0,53376a52-6320-4f06-9cf8-c28181e32302,c1,None,2225,p1,?,
1769500778.3924875,RECEIVED,2ddee366-ba0d-4420-97ff-499691ee3e2c,2a355667-86be-45db-a673-b92e3899e8c6,c1,None,2231,p1,?,
1769500778.4118855,SENT,a79bad54-a1d5-4541-8ecd-385463957134,e242b02a-4fb5-4c94-be41-bf51493bbccb,c4,DROP,1018,?,i8,
1769500778.4119267,FORWARDED,a79bad54-a1d5-4541-8ecd-385463957134,e242b02a-4fb5-4c94-be41-bf51493bbccb,c4,DROP,1018,?,i8,
1769500778.42087,SENT,d29b2ef4-bf13-43d7-a8f6-a74ddf3a7171,febb3ca7-c801-43df-938e-c779600f77f4,c2,None,1606,?,i10,
1769500778.420913,FORWARDED,d29b2ef4-bf13-43d7-a8f6-a74ddf3a7171,febb3ca7-c801-43df-938e-c779600f77f4,c2,None,1606,?,i10,
1769500778.4681919,SENT,7a424975-c638-4207-a011-b315dc81bde0,c9073449-a78d-4fe3-8e6b-b3f2bae85ac5,c3,c4,1770,?,i2,
1769500778.4683537,FORWARDED,7a424975-c638-4207-a011-b315dc81bde0,c9073449-a78d-4fe3-8e6b-b3f2bae85ac5,c3,c4,1770,?,i2,
1769500778.487201,SENT,2ddee366-ba0d-4420-97ff-499691ee3e2c,2a355667-86be-45db-a673-b92e3899e8c6,c1,None,1601,?,i5,
1769500778.4872415,FORWARDED,2ddee366-ba0d-4420-97ff-499691ee3e2c,2a355667-86be-45db-a673-b92e3899e8c6,c1,None,1601,?,i5,
1769500778.4996166,SENT,6946fdd1-d877-4e95-b61a-a3e5b81a3fd0,53376a52-6320-4f06-9cf8-c28181e32302,c1,None,1595,?,i10,
1769500778.4996607,FORWARDED,6946fdd1-d877-4e95-b61a-a3e5b81a3fd0,53376a52-6320-4f06-9cf8-c28181e32302,c1,None,1595,?,i10,
1769500778.5191104,RECEIVED,b5aa7c59-150d-4aaf-b021-08fefcad4fca,16e53493-5045-4b79-8993-12866ea39763,c4,c3,2444,p1,?,
1769500778.545213,SENT,250bd831-27d9-4989-a31d-aec670070a14,36c0bf70-1a37-423a-9c65-348873e13f55,c5,c2,1780,?,i8,
1769500778.5452611,FORWARDED,250bd831-27d9-4989-a31d-aec670070a14,36c0bf70-1a37-423a-9c65-348873e13f55,c5,c2,1780,?,i8,
1769500778.5586145,SENT,d805b506-c0a6-4e48-b017-058199a5a5d5,cdd73599-ddba-4156-8c7d-ca258d2053c4,c2,DROP,1007,?,i1,
1769500778.558656,FORWARDED,d805b506-c0a6-4e48-b017-058199a5a5d5,cdd73599-ddba-4156-8c7d-ca258d2053c4,c2,DROP,1007,?,i1,
1769500778.5928278,SENT,92ee90c9-cc7a-485b-8d8a-81961cc51187,fee02607-f932-48c0-86a8-c88f9d2890d8,c1,DROP,1014,?,i12,
1769500778.5928695,FORWARDED,92ee90c9-cc7a-485b-8d8a-81961cc51187,fee02607-f932-48c0-86a8-c88f9d2890d8,c1,DROP,1014,?,i12,
1769500778.6365807,RECEIVED,f97778ef-9570-4d79-8c3e-376f6c2cc649,d5f1ce74-f3ad-41fb-b514-b86b7a5c75e6,c3,DROP,1439,p3,?,
1769500778.726018,RECEIVED,1b648223-5609-4605-809b-e917deb24f98,fbc9e5a7-da1e-4168-b571-257ab612e5c8,c3,DROP,1456,p3,?,
1769500778.7994785,RECEIVED,0531fc70-85bf-4dda-a683-696d92a81813,2ba1fbe1-41a0-483c-8f6a-d46c4de77d76,c5,DROP,441,x9,?,
1769500778.8417764,SENT,2756f2a4-4912-4625-9b6a-495c2a4a045a,a9e5bfd3-97f4-4361-920f-5b4873a9dd4f,c4,DROP,1021,?,i10,
1769500778.841825,FORWARDED,2756f2a4-4912-4625-9b6a-495c2a4a045a,a9e5bfd3-97f4-4361-920f-5b4873a9dd4f,c4,DROP,1021,?,i10,
1769500778.8595355,RECEIVED,cccce4a0-1016-4aa6-973a-18c29e66e8fa,6697f481-726d-4c5a-b646-8d461a3b900e,c4,DROP,440,x1,?,
1769500778.889895,RECEIVED,cf520a8c-c4c9-4398-ab11-4a8b0be8d2de,7cac6bb4-5bb2-492e-8556-2a947dd81835,c1,c5,2471,p1,?,
1769500778.9316268,SENT,b5aa7c59-150d-4aaf-b021-08fefcad4fca,16e53493-5045-4b79-8993-12866ea39763,c4,c3,1759,?,i9,
1769500778.9316669,FORWARDED,b5aa7c59-150d-4aaf-b021-08fefcad4fca,16e53493-5045-4b79-8993-12866ea39763,c4,c3,1759,?,i9,
1769500779.0623598,SENT,d02031b7-b091-4bed-8ed6-61da013f4bcb,46c19824-6772-4f0a-9355-49899572cca0,c3,DROP,1008,?,i2,
1769500779.0624034,FORWARDED,d02031b7-b091-4bed-8ed6-61da013f4bcb,46c19824-6772-4f0a-9355-49899572cca0,c3,DROP,1008,?,i2,
1769500779.0772707,RECEIVED,e0abeec8-ee86-419f-a81b-ceab40d88f3e,1d78e7b5-a75b-4ebb-a674-6a5670b0e8d4,c2,DROP,1452,p2,?,
1769500779.164108,SENT,e0abeec8-ee86-419f-a81b-ceab40d88f3e,1d78e7b5-a75b-4ebb-a674-6a5670b0e8d4,c2,DROP,1017,?,i5,
1769500779.164152,FORWARDED,e0abeec8-ee86-419f-a81b-ceab40d88f3e,1d78e7b5-a75b-4ebb-a674-6a5670b0e8d4,c2,DROP,1017,?,i5,
1769500779.255609,RECEIVED,91513688-09b4-481d-87ed-2f424c803386,4e9abae2-ee89-4aff-869d-5ea95bcac87b,c5,DROP,442,x4,?,
1769500779.2712023,RECEIVED,c553877a-322b-4ef6-b3dc-4a3c296fbc8d,7f5724b1-7600-448c-8537-a8f69c8b2c49,c3,DROP,1451,p3,?,
1769500779.3387544,RECEIVED,b5bc7a68-d7a1-4b35-b1d3-1dbdc39eb3be,b2062d11-2c93-4965-b06f-43ca4ade485d,c5,DROP,1455,p2,?,
1769500779.3948367,SENT,f97778ef-9570-4d79-8c3e-376f6c2cc649,d5f1ce74-f3ad-41fb-b514-b86b7a5c75e6,c3,DROP,1007,?,i5,
1769500779.3948765,FORWARDED,f97778ef-9570-4d79-8c3e-376f6c2cc649,d5f1ce74-f3ad-41fb-b514-b86b7a5c75e6,c3,DROP,1007,?,i5,
1769500779.4431589,RECEIVED,2a4a4f38-64f7-4a5b-a319-b29c82d96851,4bdca613-8325-4252-bfef-a34e0464433c,c4,c3,2464,p1,?,
1769500779.5011897,SENT,cf520a8c-c4c9-4398-ab11-4a8b0be8d2de,7cac6bb4-5bb2-492e-8556-2a947dd81835,c1,c5,1780,?,i9,
1769500779.501232,FORWARDED,cf520a8c-c4c9-4398-ab11-4a8b0be8d2de,7cac6bb4-5bb2-492e-8556-2a947dd81835,c1,c5,1780,?,i9,
1769500779.6405487,SENT,1b648223-5609-4605-809b-e917deb24f98,fbc9e5a7-da1e-4168-b571-257ab612e5c8,c3,DROP,1020,?,i11,
1769500779.6405888,FORWARDED,1b648223-5609-4605-809b-e917deb24f98,fbc9e5a7-da1e-4168-b571-257ab612e5c8,c3,DROP,1020,?,i11,
1769500779.6532006,RECEIVED,81a0d56f-904a-4104-a840-e25144b21487,9a8bc34f-b72f-45f4-8cef-cbe31c039034,c1,DROP,1436,p1,?,
1769500779.7312148,RECEIVED,af780915-b47b-4bb8-acf6-74e54747b47d,cfced763-6250-49f2-8170-b35ec468b4e7,c3,DROP,1448,p3,?,
1769500779.7776694,SENT,2a4a4f38-64f7-4a5b-a319-b29c82d96851,4bdca613-8325-4252-bfef-a34e0464433c,c4,c3,1775,?,i3,
1769500779.7777052,FORWARDED,2a4a4f38-64f7-4a5b-a319-b29c82d96851,4bdca613-8325-4252-bfef-a34e0464433c,c4,c3,1775,?,i3,
1769500779.9198232,SENT,81a0d56f-904a-4104-a840-e25144b21487,9a8bc34f-b72f-45f4-8cef-cbe31c039034,c1,DROP,1004,?,i9,
1769500779.919984,FORWARDED,81a0d56f-904a-4104-a840-e25144b21487,9a8bc34f-b72f-45f4-8cef-cbe31c039034,c1,DROP,1004,?,i9,
1769500779.9842877,RECEIVED,cbe968f6-4cc0-4ca2-8c47-9d3e73b22eb5,28980e83-bc9a-405f-812e-7b3fec4d1e5c,c3,c4,2456,p3,?,
1769500780.0211308,SENT,cbe968f6-4cc0-4ca2-8c47-9d3e73b22eb5,28980e83-bc9a-405f-812e-7b3fec4d1e5c,c3,c4,1769,?,i4,
1769500780.0211718,FORWARDED,cbe968f6-4cc0-4ca2-8c47-9d3e73b22eb5,28980e83-bc9a-405f-812e-7b3fec4d1e5c,c3,c4,1769,?,i4,
1769500780.0642645,RECEIVED,140cfa1a-7ef4-4467-ae9e-46104112794d,d7705f14-7e67-442c-be99-6b71b4ef41e7,c5,DROP,442,x12,?,
1769500780.113605,RECEIVED,2186357c-8e0d-4ded-9f05-65c149102fc6,6a90822c-29fa-4474-ad7f-2dd5b168a758,c2,DROP,1439,p2,?,
1769500780.1536689,SENT,c5b9720c-f270-4d44-9439-5ebe1eb0e94e,0692138a-a790-474c-b261-44b289123ce2,c5,DROP,1007,?,i8,
1769500780.153719,FORWARDED,c5b9720c-f270-4d44-9439-5ebe1eb0e94e,0692138a-a790-474c-b261-44b289123ce2,c5,DROP,1007,?,i8,
1769500780.1877282,SENT,c553877a-322b-4ef6-b3dc-4a3c296fbc8d,7f5724b1-7600-448c-8537-a8f69c8b2c49,c3,DROP,1016,?,i1,
1769500780.1877701,FORWARDED,c553877a-322b-4ef6-b3dc-4a3c296fbc8d,7f5724b1-7600-448c-8537-a8f69c8b2c49,c3,DROP,1016,?,i1,
1769500780.1997025,RECEIVED,41a8a2e0-5637-4fcf-9d5a-3cde1f88208e,6e2245ce-7e5e-4896-84db-7a6df8407c5f,c2,DROP,1435,p2,?,
1769500780.2272525,RECEIVED,a57c3f6e-3d0f-47d3-b867-76c755b878bd,ae131420-8c8b-44f9-808e-b8bb3aeb2bf5,c1,DROP,1443,p1,?,
1769500780.2304258,RECEIVED,8ac1422e-7414-4887-89dd-2cceb5e8dc6d,f2bea6a9-550c-49e4-9f3d-9dd68104fa9c,c4,DROP,441,x5,?,
1769500780.3876882,SENT,b5bc7a68-d7a1-4b35-b1d3-1dbdc39eb3be,b2062d11-2c93-4965-b06f-43ca4ade485d,c5,DROP,1020,?,i7,
1769500780.3877325,FORWARDED,b5bc7a68-d7a1-4b35-b1d3-1dbdc39eb3be,b2062d11-2c93-4965-b06f-43ca4ade485d,c5,DROP,1020,?,i7,
1769500780.391356,RECEIVED,0d1d1391-3dba-4ea3-84e8-f4ddbb0c108f,0d170561-3f4e-4371-af3f-14dbe56b274f,c3,DROP,1440,p3,?,
1769500780.468736,RECEIVED,952ba530-23bd-46e7-bde5-900eded7791a,1b194af8-ddd1-4dd4-950c-fa3688a4a939,c3,DROP,1440,p3,?,
1769500780.5905256,SENT,2186357c-8e0d-4ded-9f05-65c149102fc6,6a90822c-29fa-4474-ad7f-2dd5b168a758,c2,DROP,1007,?,i2,
1769500780.5905719,FORWARDED,2186357c-8e0d-4ded-9f05-65c149102fc6,6a90822c-29fa-4474-ad7f-2dd5b168a758,c2,DROP,1007,?,i2,
1769500780.6055465,RECEIVED,d7f516e8-78a4-4e49-a2ad-63cc4dcaa98f,30a2e886-f8ad-4279-8093-fa2ee0d7682e,c1,DROP,1439,p1,?,
1769500780.6076846,SENT,a57c3f6e-3d0f-47d3-b867-76c755b878bd,ae131420-8c8b-44f9-808e-b8bb3aeb2bf5,c1,DROP,1009,?,i7,
1769500780.6077285,FORWARDED,a57c3f6e-3d0f-47d3-b867-76c755b878bd,ae131420-8c8b-44f9-808e-b8bb3aeb2bf5,c1,DROP,1009,?,i7,
1769500780.690878,RECEIVED,96cd99aa-a85f-4bc7-b053-2f2e230936a1,a189d5b1-69dd-4044-8b2f-524c102ff367,c1,None,2234,p1,?,
1769500780.7895117,SENT,41a8a2e0-5637-4fcf-9d5a-3cde1f88208e,6e2245ce-7e5e-4896-84db-7a6df8407c5f,c2,DROP,1003,?,i6,
1769500780.7895517,FORWARDED,41a8a2e0-5637-4fcf-9d5a-3cde1f88208e,6e2245ce-7e5e-4896-84db-7a6df8407c5f,c2,DROP,1003,?,i6,
1769500780.8903782,RECEIVED,b6c21144-b438-4893-b06a-ec87ec586a10,664bd9bd-8b24-471e-a586-641482207452,c3,c4,2468,p3,?,
1769500780.9220235,SENT,af780915-b47b-4bb8-acf6-74e54747b47d,cfced763-6250-49f2-8170-b35ec468b4e7,c3,DROP,1012,?,i10,
1769500780.922077,FORWARDED,af780915-b47b-4bb8-acf6-74e54747b47d,cfced763-6250-49f2-8170-b35ec468b4e7,c3,DROP,1012,?,i10,
1769500780.9362676,SENT,d7f516e8-78a4-4e49-a2ad-63cc4dcaa98f,30a2e886-f8ad-4279-8093-fa2ee0d7682e,c1,DROP,1007,?,i4,
1769500780.9363031,FORWARDED,d7f516e8-78a4-4e49-a2ad-63cc4dcaa98f,30a2e886-f8ad-4279-8093-fa2ee0d7682e,c1,DROP,1007,?,i4,
1769500780.9509678,RECEIVED,df2f507d-fc43-47e7-b3e5-f66ab5be950f,16d6d5b1-a6d6-4393-a575-dcf50d299a0c,c3,None,2222,p3,?,
1769500781.3294804,SENT,96cd99aa-a85f-4bc7-b053-2f2e230936a1,a189d5b1-69dd-4044-8b2f-524c102ff367,c1,None,1603,?,i6,
1769500781.3295283,FORWARDED,96cd99aa-a85f-4bc7-b053-2f2e230936a1,a189d5b1-69dd-4044-8b2f-524c102ff367,c1,None,1603,?,i6,
1769500781.3452866,SENT,b6c21144-b438-4893-b06a-ec87ec586a10,664bd9bd-8b24-471e-a586-641482207452,c3,c4,1779,?,i11,
1769500781.3453383,FORWARDED,b6c21144-b438-4893-b06a-ec87ec586a10,664bd9bd-8b24-471e-a586-641482207452,c3,c4,1779,?,i11,
1769500781.4168031,SENT,0d1d1391-3dba-4ea3-84e8-f4ddbb0c108f,0d170561-3f4e-4371-af3f-14dbe56b274f,c3,DROP,1007,?,i11,
1769500781.416845,FORWARDED,0d1d1391-3dba-4ea3-84e8-f4ddbb0c108f,0d170561-3f4e-4371-af3f-14dbe56b274f,c3,DROP,1007,?,i11,
1769500781.5314155,RECEIVED,17af2252-58e2-4d1b-a78c-db3838adbce9,094175cd-b9c5-4338-bb50-c2cb41cfe493,c1,DROP,1447,p1,?,
1769500781.5566602,SENT,df2f507d-fc43-47e7-b3e5-f66ab5be950f,16d6d5b1-a6d6-4393-a575-dcf50d299a0c,c3,None,1596,?,i2,
1769500781.5567033,FORWARDED,df2f507d-fc43-47e7-b3e5-f66ab5be950f,16d6d5b1-a6d6-4393-a575-dcf50d299a0c,c3,None,1596,?,i2,
1769500781.558844,RECEIVED,bf0d4969-65e2-47a6-a0ab-835d43a35d1c,5e90ee18-838c-45c3-bc2b-4fff0b91df31,c5,DROP,1445,p2,?,
1769500781.6131158,RECEIVED,06033466-72f8-4658-8e5f-c4400dc48436,085829b2-a20a-47c7-a2be-ccf2c46126e2,c1,DROP,1439,p1,?,
1769500781.762923,SENT,952ba530-23bd-46e7-bde5-900eded7791a,1b194af8-ddd1-4dd4-950c-fa3688a4a939,c3,DROP,1008,?,i11,
1769500781.7629669,FORWARDED,952ba530-23bd-46e7-bde5-900eded7791a,1b194af8-ddd1-4dd4-950c-fa3688a4a939,c3,DROP,1008,?,i11,
1769500781.775613,RECEIVED,51c15d88-7f7e-4611-a35b-54dc0da616f9,669079ab-7171-47e1-8c77-b03657defcc7,c5,DROP,1451,p2,?,
1769500781.886485,SENT,17af2252-58e2-4d1b-a78c-db3838adbce9,094175cd-b9c5-4338-bb50-c2cb41cfe493,c1,DROP,1012,?,i3,
1769500781.886521,FORWARDED,17af2252-58e2-4d1b-a78c-db3838adbce9,094175cd-b9c5-4338-bb50-c2cb41cfe493,c1,DROP,1012,?,i3,
1769500781.9985967,SENT,bf0d4969-65e2-47a6-a0ab-835d43a35d1c,5e90ee18-838c-45c3-bc2b-4fff0b91df31,c5,DROP,1009,?,i10,
1769500781.998639,FORWARDED,bf0d4969-65e2-47a6-a0ab-835d43a35d1c,5e90ee18-838c-45c3-bc2b-4fff0b91df31,c5,DROP,1009,?,i10,
1769500782.0808744,RECEIVED,4d5af5a4-0863-4b43-847a-52df2cc4a665,15e051f5-174d-4611-9464-4778790c1735,c2,DROP,442,x10,?,
1769500782.1172318,RECEIVED,6b6f58c5-3f97-4d07-8e0a-da1a53c79d4c,d9574714-76b3-4850-80a8-ff468a1cc167,c2,DROP,1441,p2,?,
1769500782.178074,RECEIVED,c12ff0e7-64db-4222-9f9e-481ba8110cd8,860620b6-6b97-4c67-a4c9-82a359b535bc,c2,DROP,1440,p2,?,
1769500782.200934,SENT,c12ff0e7-64db-4222-9f9e-481ba8110cd8,860620b6-6b97-4c67-a4c9-82a359b535bc,c2,DROP,1007,?,i9,
1769500782.2009776,FORWARDED,c12ff0e7-64db-4222-9f9e-481ba8110cd8,860620b6-6b97-4c67-a4c9-82a359b535bc,c2,DROP,1007,?,i9,
1769500782.269976,RECEIVED,122416bc-3b32-4d8b-97ec-1d25e950c8bc,bb456961-40a9-4b69-a11a-5a7314866bd7,c4,c3,2452,p1,?,
1769500782.3429291,SENT,122416bc-3b32-4d8b-97ec-1d25e950c8bc,bb456961-40a9-4b69-a11a-5a7314866bd7,c4,c3,1767,?,i1,
1769500782.3429692,FORWARDED,122416bc-3b32-4d8b-97ec-1d25e950c8bc,bb456961-40a9-4b69-a11a-5a7314866bd7,c4,c3,1767,?,i1,
1769500782.3648455,SENT,06033466-72f8-4658-8e5f-c4400dc48436,085829b2-a20a-47c7-a2be-ccf2c46126e2,c1,DROP,1007,?,i6,
1769500782.3648858,FORWARDED,06033466-72f8-4658-8e5f-c4400dc48436,085829b2-a20a-47c7-a2be-ccf2c46126e2,c1,DROP,1007,?,i6,
1769500782.420144,SENT,51c15d88-7f7e-4611-a35b-54dc0da616f9,669079ab-7171-47e1-8c77-b03657defcc7,c5,DROP,1016,?,i8,
1769500782.4201891,FORWARDED,51c15d88-7f7e-4611-a35b-54dc0da616f9,669079ab-7171-47e1-8c77-b03657defcc7,c5,DROP,1016,?,i8,
1769500782.4688754,RECEIVED,8dd5b73b-18d5-4fdf-8424-e7364e3daa71,eb8e1bcf-626c-4c3b-9f0e-503c7e83275c,c5,None,2230,p2,?,
1769500782.4970078,SENT,6b6f58c5-3f97-4d07-8e0a-da1a53c79d4c,d9574714-76b3-4850-80a8-ff468a1cc167,c2,DROP,1008,?,i12,
1769500782.4974585,FORWARDED,6b6f58c5-3f97-4d07-8e0a-da1a53c79d4c,d9574714-76b3-4850-80a8-ff468a1cc167,c2,DROP,1008,?,i12,
1769500782.9422786,RECEIVED,bae83739-7188-4a10-a1e0-7d819bb1937d,0e53c50f-f1f2-4e46-9c6b-0cf33ddf8760,c5,c2,2457,p2,?,
1769500782.9911475,RECEIVED,733853b3-fdbc-4be7-abc9-5372f9ce8766,b24ea8b9-ce8a-49e0-bf79-b5777dcd60da,c4,DROP,1448,p1,?,
1769500783.0035548,SENT,bae83739-7188-4a10-a1e0-7d819bb1937d,0e53c50f-f1f2-4e46-9c6b-0cf33ddf8760,c5,c2,1770,?,i12,
1769500783.0035992,FORWARDED,bae83739-7188-4a10-a1e0-7d819bb1937d,0e53c50f-f1f2-4e46-9c6b-0cf33ddf8760,c5,c2,1770,?,i12,
1769500783.1688333,RECEIVED,d10a6e4a-6953-4da3-8fc4-7ab68f3e99ff,66decc63-0f97-4fdc-9b69-7c108aded6f9,c5,DROP,1440,p2,?,
1769500783.391163,SENT,d10a6e4a-6953-4da3-8fc4-7ab68f3e99ff,66decc63-0f97-4fdc-9b69-7c108aded6f9,c5,DROP,1007,?,i9,
1769500783.3912053,FORWARDED,d10a6e4a-6953-4da3-8fc4-7ab68f3e99ff,66decc63-0f97-4fdc-9b69-7c108aded6f9,c5,DROP,1007,?,i9,
1769500783.5056183,RECEIVED,c4ab7e9b-ee73-4c72-97e0-9cd970bb9618,9daeee08-9421-42e3-88c2-871e23b4548b,c5,DROP,1448,p2,?,
1769500783.5350983,SENT,8dd5b73b-18d5-4fdf-8424-e7364e3daa71,eb8e1bcf-626c-4c3b-9f0e-503c7e83275c,c5,None,1600,?,i2,
1769500783.5351436,FORWARDED,8dd5b73b-18d5-4fdf-8424-e7364e3daa71,eb8e1bcf-626c-4c3b-9f0e-503c7e83275c,c5,None,1600,?,i2,
1769500783.5432963,SENT,733853b3-fdbc-4be7-abc9-5372f9ce8766,b24ea8b9-ce8a-49e0-bf79-b5777dcd60da,c4,DROP,1013,?,i12,
1769500783.5434806,FORWARDED,733853b3-fdbc-4be7-abc9-5372f9ce8766,b24ea8b9-ce8a-49e0-bf79-b5777dcd60da,c4,DROP,1013,?,i12,
1769500783.6532435,SENT,c4ab7e9b-ee73-4c72-97e0-9cd970bb9618,9daeee08-9421-42e3-88c2-871e23b4548b,c5,DROP,1012,?,i6,
1769500783.653285,FORWARDED,c4ab7e9b-ee73-4c72-97e0-9cd970bb9618,9daeee08-9421-42e3-88c2-871e23b4548b,c5,DROP,1012,?,i6,
1769500783.671764,RECEIVED,b7aa9ab4-c1d5-45e2-b85f-cf4a156425b1,2ef5aac0-bed0-45ce-913e-ec625a9254d2,c4,DROP,441,x1,?,
1769500783.8160844,RECEIVED,d563b349-4e7e-4c45-87a9-0d761c99afd2,d6d59e09-dc80-40ec-989e-c9ac79675353,c2,DROP,1441,p2,?,
1769500783.9244678,RECEIVED,dde1c909-9c57-4aa8-9e61-2cc54ea1c6d2,bb7205f5-b639-4d83-b57b-200829af7a3f,c4,DROP,1440,p1,?,
1769500784.0216353,RECEIVED,ca895ab9-9ee4-4dd4-8a5c-79f42092a619,747c9ab4-2420-439e-8d5f-144443015e8e,c4,DROP,1456,p1,?,
1769500784.2016482,SENT,dde1c909-9c57-4aa8-9e61-2cc54ea1c6d2,bb7205f5-b639-4d83-b57b-200829af7a3f,c4,DROP,1008,?,i1,
1769500784.2016902,FORWARDED,dde1c909-9c57-4aa8-9e61-2cc54ea1c6d2,bb7205f5-b639-4d83-b57b-200829af7a3f,c4,DROP,1008,?,i1,
1769500784.271079,SENT,d563b349-4e7e-4c45-87a9-0d761c99afd2,d6d59e09-dc80-40ec-989e-c9ac79675353,c2,DROP,1008,?,i11,
1769500784.2711232,FORWARDED,d563b349-4e7e-4c45-87a9-0d761c99afd2,d6d59e09-dc80-40ec-989e-c9ac79675353,c2,DROP,1008,?,i11,
1769500784.3210309,RECEIVED,561ac978-2313-4d49-a8a6-e1b722fdb0ac,b53a435b-0ca0-4f6e-b937-6c81042c0cb5,c1,DROP,1451,p1,?,
1769500784.5495229,RECEIVED,ffd36708-7250-4e2b-9793-3036bd03f8d3,c2a05f88-8f2d-4c78-8d7f-60ba329b19aa,c5,DROP,1452,p2,?,
1769500784.6216738,SENT,561ac978-2313-4d49-a8a6-e1b722fdb0ac,b53a435b-0ca0-4f6e-b937-6c81042c0cb5,c1,DROP,1017,?,i3,
1769500784.6217124,FORWARDED,561ac978-2313-4d49-a8a6-e1b722fdb0ac,b53a435b-0ca0-4f6e-b937-6c81042c0cb5,c1,DROP,1017,?,i3,
1769500784.6459973,RECEIVED,c16c5429-dc46-4843-b316-7fbd2e5332ff,8bdfd095-6d66-495e-961e-6e3cc37de725,c1,DROP,440,x2,?,
1769500784.7327137,RECEIVED,fc406216-e035-4abe-a538-fd2c4ecc83dc,8cf0d3b8-4cdf-4654-820c-f0cf90296f98,c2,DROP,1456,p2,?,
1769500784.9661853,RECEIVED,745b4551-fb93-4bfd-b4c0-421928a520ec,04990ec4-02d8-452c-a8b8-c4e3dc7560df,c4,DROP,1439,p1,?,
1769500785.0711093,RECEIVED,b7ca9f21-eb58-4038-b57d-2ea753a6e086,5c1a65c2-7fa7-402e-806a-fff72b1fc1f6,c2,DROP,1439,p2,?,
1769500785.078847,SENT,ca895ab9-9ee4-4dd4-8a5c-79f42092a619,747c9ab4-2420-439e-8d5f-144443015e8e,c4,DROP,1019,?,i12,
1769500785.07889,FORWARDED,ca895ab9-9ee4-4dd4-8a5c-79f42092a619,747c9ab4-2420-439e-8d5f-144443015e8e,c4,DROP,1019,?,i12,
1769500785.138793,RECEIVED,2bf7c1c1-9c0b-4a02-ac55-7c54bfb99ac2,2d56de54-3b00-41ea-9289-983c960986cb,c4,None,2236,p1,?,
1769500785.2413983,RECEIVED,682caca6-5307-4871-8753-e05d236585b7,539f365b-5f4f-40c7-a39f-89d1dc64b7c0,c3,DROP,1442,p3,?,
1769500785.2515733,SENT,b7ca9f21-eb58-4038-b57d-2ea753a6e086,5c1a65c2-7fa7-402e-806a-fff72b1fc1f6,c2,DROP,1007,?,i4,
1769500785.2516146,FORWARDED,b7ca9f21-eb58-4038-b57d-2ea753a6e086,5c1a65c2-7fa7-402e-806a-fff72b1fc1f6,c2,DROP,1007,?,i4,
1769500785.2936642,SENT,745b4551-fb93-4bfd-b4c0-421928a520ec,04990ec4-02d8-452c-a8b8-c4e3dc7560df,c4,DROP,1007,?,i1,
1769500785.2937057,FORWARDED,745b4551-fb93-4bfd-b4c0-421928a520ec,04990ec4-02d8-452c-a8b8-c4e3dc7560df,c4,DROP,1007,?,i1,
1769500785.551885,RECEIVED,e3647ea1-5f08-4346-8ac6-80a1486a5b79,28b71a43-dd0c-4eba-ba46-aa668203a1c2,c1,c5,2460,p1,?,
1769500785.5650222,RECEIVED,6941bbd4-605c-4c1b-8f30-23a3a8522a9d,7389e3c6-85d9-4e52-a0e9-8f7080e7918c,c5,c2,2464,p2,?,
1769500785.5784671,SENT,2bf7c1c1-9c0b-4a02-ac55-7c54bfb99ac2,2d56de54-3b00-41ea-9289-983c960986cb,c4,None,1604,?,i7,
1769500785.5785098,FORWARDED,2bf7c1c1-9c0b-4a02-ac55-7c54bfb99ac2,2d56de54-3b00-41ea-9289-983c960986cb,c4,None,1604,?,i7,
1769500785.6068964,SENT,6941bbd4-605c-4c1b-8f30-23a3a8522a9d,7389e3c6-85d9-4e52-a0e9-8f7080e7918c,c5,c2,1776,?,i1,
1769500785.6071854,FORWARDED,6941bbd4-605c-4c1b-8f30-23a3a8522a9d,7389e3c6-85d9-4e52-a0e9-8f7080e7918c,c5,c2,1776,?,i1,
1769500785.6401958,RECEIVED,f2a67759-ff93-4e15-8ea9-261e63bc19ae,1c22f955-420d-4114-955e-fc8e446d3473,c4,c3,2464,p1,?,
1769500785.911736,SENT,ffd36708-7250-4e2b-9793-3036bd03f8d3,c2a05f88-8f2d-4c78-8d7f-60ba329b19aa,c5,DROP,1016,?,i11,
1769500785.9117868,FORWARDED,ffd36708-7250-4e2b-9793-3036bd03f8d3,c2a05f88-8f2d-4c78-8d7f-60ba329b19aa,c5,DROP,1016,?,i11,
1769500785.9274437,SENT,e3647ea1-5f08-4346-8ac6-80a1486a5b79,28b71a43-dd0c-4eba-ba46-aa668203a1c2,c1,c5,1773,?,i9,
1769500785.9274886,FORWARDED,e3647ea1-5f08-4346-8ac6-80a1486a5b79,28b71a43-dd0c-4eba-ba46-aa668203a1c2,c1,c5,1773,?,i9,
1769500785.9661028,SENT,f2a67759-ff93-4e15-8ea9-261e63bc19ae,1c22f955-420d-4114-955e-fc8e446d3473,c4,c3,1776,?,i6,
1769500785.9661477,FORWARDED,f2a67759-ff93-4e15-8ea9-261e63bc19ae,1c22f955-420d-4114-955e-fc8e446d3473,c4,c3,1776,?,i6,
1769500786.0116022,RECEIVED,b442c660-f792-4de4-b16f-0cea72002530,805f1941-c78e-40ac-985d-87fdd73d18e5,c4,DROP,1440,p1,?,
1769500786.032064,RECEIVED,6ef7437d-4bb0-430c-a8d7-b8609b40e250,cc22d68d-45b5-40eb-9d50-e1b66de39e48,c3,DROP,1439,p3,?,
1769500786.2843711,SENT,b442c660-f792-4de4-b16f-0cea72002530,805f1941-c78e-40ac-985d-87fdd73d18e5,c4,DROP,1008,?,i6,
1769500786.2844145,FORWARDED,b442c660-f792-4de4-b16f-0cea72002530,805f1941-c78e-40ac-985d-87fdd73d18e5,c4,DROP,1008,?,i6,
1769500786.3001194,RECEIVED,421223d4-d2cf-4f06-9549-a6e4c93ba871,54c1ca09-9f69-4d12-9305-9569f309d8e9,c2,DROP,1438,p2,?,
1769500786.354209,SENT,682caca6-5307-4871-8753-e05d236585b7,539f365b-5f4f-40c7-a39f-89d1dc64b7c0,c3,DROP,1009,?,i5,
1769500786.354258,FORWARDED,682caca6-5307-4871-8753-e05d236585b7,539f365b-5f4f-40c7-a39f-89d1dc64b7c0,c3,DROP,1009,?,i5,
1769500786.3664646,RECEIVED,a3f2c1f6-b9c5-4cdc-bb40-d649446bafcf,34c97bbb-f288-41fc-a624-f3ddf8099046,c2,None,2233,p2,?,
1769500786.3735006,RECEIVED,00b920e9-d46a-4baf-a6d8-aa76e12a05b1,263c3fcc-367b-4116-9bff-d225930d7c05,c2,DROP,1440,p2,?,
1769500786.4687061,SENT,6ef7437d-4bb0-430c-a8d7-b8609b40e250,cc22d68d-45b5-40eb-9d50-e1b66de39e48,c3,DROP,1006,?,i2,
1769500786.468748,FORWARDED,6ef7437d-4bb0-430c-a8d7-b8609b40e250,cc22d68d-45b5-40eb-9d50-e1b66de39e48,c3,DROP,1006,?,i2,
1769500786.5086713,SENT,a3f2c1f6-b9c5-4cdc-bb40-d649446bafcf,34c97bbb-f288-41fc-a624-f3ddf8099046,c2,None,1601,?,i12,
1769500786.508707,FORWARDED,a3f2c1f6-b9c5-4cdc-bb40-d649446bafcf,34c97bbb-f288-41fc-a624-f3ddf8099046,c2,None,1601,?,i12,
1769500786.640096,SENT,fc406216-e035-4abe-a538-fd2c4ecc83dc,8cf0d3b8-4cdf-4654-820c-f0cf90296f98,c2,DROP,1020,?,i12,
1769500786.640139,FORWARDED,fc406216-e035-4abe-a538-fd2c4ecc83dc,8cf0d3b8-4cdf-4654-820c-f0cf90296f98,c2,DROP,1020,?,i12,
1769500786.6457186,RECEIVED,60b102d6-b6b8-4167-92b5-ad0471aa7900,f5f36126-c153-47f5-abc2-d2f07c479315,c2,DROP,441,x10,?,
1769500786.6981328,RECEIVED,deb17f99-3d33-4d34-8585-ea2d4ae30f4c,7060e820-f20c-4e64-b4eb-bb4610448bd2,c1,DROP,1447,p1,?,
1769500786.7264779,RECEIVED,2767c60e-22f5-4942-816b-596358069d22,f1a88bd6-190b-491e-8c4e-0ce5861a093a,c4,DROP,1448,p1,?,
1769500786.7548332,RECEIVED,9da0f300-dfab-4bec-befa-795d0584f25e,0a373499-3a0f-4314-8f10-f949fb40fceb,c5,DROP,1448,p2,?,
1769500786.9348636,RECEIVED,1b597108-771f-4c02-9a6f-a8839702255d,19ee4b89-d9f6-44b0-a32d-da66a509c6c0,c2,DROP,1439,p2,?,
1769500786.9590826,RECEIVED,47326cda-e39d-4366-8c12-b18c1808a053,3fe857aa-bc03-43c3-8f3c-6f56d523e518,c2,DROP,1451,p2,?,
1769500786.9675791,SENT,00b920e9-d46a-4baf-a6d8-aa76e12a05b1,263c3fcc-367b-4116-9bff-d225930d7c05,c2,DROP,1008,?,i10,
1769500786.9676306,FORWARDED,00b920e9-d46a-4baf-a6d8-aa76e12a05b1,263c3fcc-367b-4116-9bff-d225930d7c05,c2,DROP,1008,?,i10,
1769500787.0339031,SENT,2767c60e-22f5-4942-816b-596358069d22,f1a88bd6-190b-491e-8c4e-0ce5861a093a,c4,DROP,1012,?,i12,
1769500787.033945,FORWARDED,2767c60e-22f5-4942-816b-596358069d22,f1a88bd6-190b-491e-8c4e-0ce5861a093a,c4,DROP,1012,?,i12,
1769500787.1295438,RECEIVED,b4510108-86e0-4d8a-8914-e75ec0c772c5,b9e33d56-97c1-436b-9d61-29b162fc8136,c4,DROP,1443,p1,?,
1769500787.133408,SENT,1b597108-771f-4c02-9a6f-a8839702255d,19ee4b89-d9f6-44b0-a32d-da66a509c6c0,c2,DROP,1008,?,i9,
1769500787.1335068,FORWARDED,1b597108-771f-4c02-9a6f-a8839702255d,19ee4b89-d9f6-44b0-a32d-da66a509c6c0,c2,DROP,1008,?,i9,
1769500787.2298222,RECEIVED,b4aec2fa-c80f-4817-b288-df8477b55d59,459909fb-779f-4843-b885-c68e5b029533,c1,DROP,1439,p1,?,
1769500787.454136,SENT,b4510108-86e0-4d8a-8914-e75ec0c772c5,b9e33d56-97c1-436b-9d61-29b162fc8136,c4,DROP,1009,?,i11,
1769500787.4541855,FORWARDED,b4510108-86e0-4d8a-8914-e75ec0c772c5,b9e33d56-97c1-436b-9d61-29b162fc8136,c4,DROP,1009,?,i11,
1769500787.5089796,RECEIVED,fae222aa-6be3-4223-9021-1a802774d30f,79f36c13-02a6-40a2-9d6e-aef3da4c5948,c4,DROP,1447,p1,?,
1769500787.5260816,SENT,421223d4-d2cf-4f06-9549-a6e4c93ba871,54c1ca09-9f69-4d12-9305-9569f309d8e9,c2,DROP,1008,?,i5,
1769500787.5261233,FORWARDED,421223d4-d2cf-4f06-9549-a6e4c93ba871,54c1ca09-9f69-4d12-9305-9569f309d8e9,c2,DROP,1008,?,i5,
1769500787.6062782,SENT,9da0f300-dfab-4bec-befa-795d0584f25e,0a373499-3a0f-4314-8f10-f949fb40fceb,c5,DROP,1012,?,i11,
1769500787.6063182,FORWARDED,9da0f300-dfab-4bec-befa-795d0584f25e,0a373499-3a0f-4314-8f10-f949fb40fceb,c5,DROP,1012,?,i11,
1769500787.6324582,SENT,b4aec2fa-c80f-4817-b288-df8477b55d59,459909fb-779f-4843-b885-c68e5b029533,c1,DROP,1007,?,i4,
1769500787.6325004,FORWARDED,b4aec2fa-c80f-4817-b288-df8477b55d59,459909fb-779f-4843-b885-c68e5b029533,c1,DROP,1007,?,i4,
1769500787.7701335,RECEIVED,02666a5f-257b-4d18-9e5d-5c4ee87a07e5,87acfae0-be88-4683-b96d-a6bc8b9d841a,c4,DROP,1439,p1,?,
1769500787.8751261,RECEIVED,990793e6-7e42-46db-b549-ef0bb97fb4c2,c2e98517-71ee-4773-9859-c0f81c91291d,c5,DROP,441,x4,?,
1769500787.9382174,RECEIVED,5e72aef4-de20-4e63-9e39-8f71005a4d5c,5b711f1e-49ba-42ab-8d98-ec8f6a3fe11c,c5,None,2232,p2,?,
1769500788.0222957,RECEIVED,95f9587a-cca2-408a-ba94-f1f8ace6596f,cf0ae019-e48b-44ac-9e32-29cfb8603230,c2,DROP,1453,p2,?,
1769500788.1025558,SENT,47326cda-e39d-4366-8c12-b18c1808a053,3fe857aa-bc03-43c3-8f3c-6f56d523e518,c2,DROP,1015,?,i7,
1769500788.1025984,FORWARDED,47326cda-e39d-4366-8c12-b18c1808a053,3fe857aa-bc03-43c3-8f3c-6f56d523e518,c2,DROP,1015,?,i7,
1769500788.1207535,SENT,fae222aa-6be3-4223-9021-1a802774d30f,79f36c13-02a6-40a2-9d6e-aef3da4c5948,c4,DROP,1012,?,i1,
1769500788.1207952,FORWARDED,fae222aa-6be3-4223-9021-1a802774d30f,79f36c13-02a6-40a2-9d6e-aef3da4c5948,c4,DROP,1012,?,i1,
1769500788.176418,SENT,95f9587a-cca2-408a-ba94-f1f8ace6596f,cf0ae019-e48b-44ac-9e32-29cfb8603230,c2,DROP,1015,?,i11,
1769500788.1764526,FORWARDED,95f9587a-cca2-408a-ba94-f1f8ace6596f,cf0ae019-e48b-44ac-9e32-29cfb8603230,c2,DROP,1015,?,i11,
1769500788.2288384,RECEIVED,7afc1aea-13cc-4655-828a-3b8e77d8d6f6,59a5c079-ab83-4e6e-acb0-62e5494d3782,c3,None,2232,p3,?,
1769500788.267354,RECEIVED,21acf62a-bbbe-4a79-9761-f313dbad0943,755d9444-231c-4427-a1a5-fbe656a0f46f,c4,None,2236,p1,?,
1769500788.3401587,SENT,7afc1aea-13cc-4655-828a-3b8e77d8d6f6,59a5c079-ab83-4e6e-acb0-62e5494d3782,c3,None,1602,?,i2,
1769500788.3402004,FORWARDED,7afc1aea-13cc-4655-828a-3b8e77d8d6f6,59a5c079-ab83-4e6e-acb0-62e5494d3782,c3,None,1602,?,i2,
1769500788.354113,RECEIVED,d3ff54f2-c1a7-426e-b104-9f9353137ca0,51fc39d6-2386-4c65-9fbd-36772738ec72,c2,DROP,1448,p2,?,
1769500788.4774845,SENT,deb17f99-3d33-4d34-8585-ea2d4ae30f4c,7060e820-f20c-4e64-b4eb-bb4610448bd2,c1,DROP,1012,?,i7,
1769500788.4775255,FORWARDED,deb17f99-3d33-4d34-8585-ea2d4ae30f4c,7060e820-f20c-4e64-b4eb-bb4610448bd2,c1,DROP,1012,?,i7,
1769500788.526932,SENT,21acf62a-bbbe-4a79-9761-f313dbad0943,755d9444-231c-4427-a1a5-fbe656a0f46f,c4,None,1603,?,i11,
1769500788.526983,FORWARDED,21acf62a-bbbe-4a79-9761-f313dbad0943,755d9444-231c-4427-a1a5-fbe656a0f46f,c4,None,1603,?,i11,
1769500788.6869833,RECEIVED,73db421e-168d-4627-8b99-788315e41a8f,0ae34d78-cd6b-452c-aa9e-7aeeec1640fa,c5,DROP,1451,p2,?,
1769500788.7436628,SENT,d3ff54f2-c1a7-426e-b104-9f9353137ca0,51fc39d6-2386-4c65-9fbd-36772738ec72,c2,DROP,1012,?,i12,
1769500788.7437057,FORWARDED,d3ff54f2-c1a7-426e-b104-9f9353137ca0,51fc39d6-2386-4c65-9fbd-36772738ec72,c2,DROP,1012,?,i12,
1769500788.7583473,SENT,02666a5f-257b-4d18-9e5d-5c4ee87a07e5,87acfae0-be88-4683-b96d-a6bc8b9d841a,c4,DROP,1007,?,i9,
1769500788.7583904,FORWARDED,02666a5f-257b-4d18-9e5d-5c4ee87a07e5,87acfae0-be88-4683-b96d-a6bc8b9d841a,c4,DROP,1007,?,i9,
1769500788.9666977,RECEIVED,b02fc93f-f5ad-468d-aa33-47011ee2ba62,6508ac54-1b1c-4131-b447-941b8ca02984,c5,None,2224,p2,?,
1769500789.0322578,SENT,b02fc93f-f5ad-468d-aa33-47011ee2ba62,6508ac54-1b1c-4131-b447-941b8ca02984,c5,None,1596,?,i1,
1769500789.0323033,FORWARDED,b02fc93f-f5ad-468d-aa33-47011ee2ba62,6508ac54-1b1c-4131-b447-941b8ca02984,c5,None,1596,?,i1,
1769500789.1653905,RECEIVED,6bc0f530-aaf0-4ccd-bb4e-4c54ac961c63,74c19968-d79d-40ef-8b29-ff6719781a48,c4,DROP,442,x3,?,
1769500789.2378,RECEIVED,0d9ad2bc-f90d-4b02-ab4b-3c59791cb381,d726c403-b1cf-420e-9f24-93c527b5aa38,c1,DROP,1440,p1,?,
1769500789.240013,SENT,5e72aef4-de20-4e63-9e39-8f71005a4d5c,5b711f1e-49ba-42ab-8d98-ec8f6a3fe11c,c5,None,1600,?,i11,
1769500789.2400682,FORWARDED,5e72aef4-de20-4e63-9e39-8f71005a4d5c,5b711f1e-49ba-42ab-8d98-ec8f6a3fe11c,c5,None,1600,?,i11,
1769500789.524069,SENT,0d9ad2bc-f90d-4b02-ab4b-3c59791cb381,d726c403-b1cf-420e-9f24-93c527b5aa38,c1,DROP,1007,?,i10,
1769500789.5241103,FORWARDED,0d9ad2bc-f90d-4b02-ab4b-3c59791cb381,d726c403-b1cf-420e-9f24-93c527b5aa38,c1,DROP,1007,?,i10,
1769500789.640848,SENT,73db421e-168d-4627-8b99-788315e41a8f,0ae34d78-cd6b-452c-aa9e-7aeeec1640fa,c5,DROP,1016,?,i7,
1769500789.6408913,FORWARDED,73db421e-168d-4627-8b99-788315e41a8f,0ae34d78-cd6b-452c-aa9e-7aeeec1640fa,c5,DROP,1016,?,i7,
1769500789.882965,RECEIVED,f644b0c8-ad19-44e4-8f29-182968284b65,d095a8b3-23f4-452e-aef8-4c8c98cd2f92,c2,c1,2447,p2,?,
1769500790.0011368,RECEIVED,0fc334bc-2a8a-4f6d-9ac7-6d3d5770a6a5,244665fa-28f3-42b9-b2dd-420979015b17,c5,DROP,1440,p2,?,
1769500790.0175703,RECEIVED,846e3573-e4ea-43f9-8e25-e4c32e962c7c,61457c6f-fc41-4703-9605-02c8ad4e0e40,c5,DROP,1444,p2,?,
1769500790.0521107,RECEIVED,cae59482-7c45-496c-8546-2d1197b5d4e6,74267140-d0f6-461d-b0a7-791786f665ae,c2,None,2221,p2,?,
1769500790.105297,SENT,0fc334bc-2a8a-4f6d-9ac7-6d3d5770a6a5,244665fa-28f3-42b9-b2dd-420979015b17,c5,DROP,1008,?,i1,
1769500790.1053371,FORWARDED,0fc334bc-2a8a-4f6d-9ac7-6d3d5770a6a5,244665fa-28f3-42b9-b2dd-420979015b17,c5,DROP,1008,?,i1,
1769500790.414587,SENT,cae59482-7c45-496c-8546-2d1197b5d4e6,74267140-d0f6-461d-b0a7-791786f665ae,c2,None,1595,?,i8,
1769500790.4146276,FORWARDED,cae59482-7c45-496c-8546-2d1197b5d4e6,74267140-d0f6-461d-b0a7-791786f665ae,c2,None,1595,?,i8,
1769500790.4976602,SENT,846e3573-e4ea-43f9-8e25-e4c32e962c7c,61457c6f-fc41-4703-9605-02c8ad4e0e40,c5,DROP,1011,?,i2,
1769500790.4977028,FORWARDED,846e3573-e4ea-43f9-8e25-e4c32e962c7c,61457c6f-fc41-4703-9605-02c8ad4e0e40,c5,DROP,1011,?,i2,
1769500790.5155377,RECEIVED,4f4896b1-891c-4593-ad0b-09a2e41d9875,0c46f42a-50ca-474d-a3d8-cbcbf6ea19b0,c5,DROP,1447,p2,?,
1769500790.6003242,SENT,f644b0c8-ad19-44e4-8f29-182968284b65,d095a8b3-23f4-452e-aef8-4c8c98cd2f92,c2,c1,1763,?,i8,
1769500790.6003594,FORWARDED,f644b0c8-ad19-44e4-8f29-182968284b65,d095a8b3-23f4-452e-aef8-4c8c98cd2f92,c2,c1,1763,?,i8,
1769500790.8182447,RECEIVED,e54084e3-c5cd-463b-90dc-95a467680fb8,a4c87a1e-34d5-4ade-ae69-77d64a4db8fa,c4,DROP,1442,p1,?,
1769500790.9101799,RECEIVED,9c706266-b89f-4042-976c-c1e6e13fa20b,680aef47-e417-4c45-8dcf-5fa26688a4cd,c5,DROP,442,x10,?,
1769500790.9356604,RECEIVED,8c49012a-9260-4b85-867e-40470ca56aed,01508895-4626-4350-ae57-addf901771f0,c2,DROP,1443,p2,?,
1769500790.956425,RECEIVED,616a9287-b514-4508-9e5f-2d67ce602912,32fad295-88be-4498-a7ca-58daefe34515,c2,None,2240,p2,?,
1769500791.0385253,SENT,4f4896b1-891c-4593-ad0b-09a2e41d9875,0c46f42a-50ca-474d-a3d8-cbcbf6ea19b0,c5,DROP,1012,?,i9,
1769500791.0385616,FORWARDED,4f4896b1-891c-4593-ad0b-09a2e41d9875,0c46f42a-50ca-474d-a3d8-cbcbf6ea19b0,c5,DROP,1012,?,i9,
1769500791.0651994,SENT,8c49012a-9260-4b85-867e-40470ca56aed,01508895-4626-4350-ae57-addf901771f0,c2,DROP,1009,?,i8,
1769500791.0652428,FORWARDED,8c49012a-9260-4b85-867e-40470ca56aed,01508895-4626-4350-ae57-addf901771f0,c2,DROP,1009,?,i8,
1769500791.135206,RECEIVED,f2b33c3b-0ec0-4aa7-a3f9-a44185b8ed80,3b09d081-7702-43ee-bed9-f65816268825,c1,DROP,442,x12,?,
1769500791.1872706,RECEIVED,c72ab260-2a34-4c37-bdf4-f7cb0aab2638,41702e42-5d55-4d73-bfd1-4b492de84b9b,c1,DROP,1456,p1,?,
1769500791.2823834,RECEIVED,99b29dae-a58a-4fdf-bfb6-17521fd9e77f,57ae5586-ce20-44d8-be08-654eb0ea6184,c5,DROP,1449,p2,?,
1769500791.3145247,SENT,99b29dae-a58a-4fdf-bfb6-17521fd9e77f,57ae5586-ce20-44d8-be08-654eb0ea6184,c5,DROP,1013,?,i5,
1769500791.3145661,FORWARDED,99b29dae-a58a-4fdf-bfb6-17521fd9e77f,57ae5586-ce20-44d8-be08-654eb0ea6184,c5,DROP,1013,?,i5,
1769500791.3490088,SENT,e54084e3-c5cd-463b-90dc-95a467680fb8,a4c87a1e-34d5-4ade-ae69-77d64a4db8fa,c4,DROP,1011,?,i3,
1769500791.3490765,FORWARDED,e54084e3-c5cd-463b-90dc-95a467680fb8,a4c87a1e-34d5-4ade-ae69-77d64a4db8fa,c4,DROP,1011,?,i3,
1769500791.6537144,RECEIVED,4e61d7b6-1c28-4cb3-a826-8c927d88a836,af8931c6-888f-4b2f-9915-f903d677e78e,c1,c5,2459,p1,?,
1769500791.7166722,SENT,c72ab260-2a34-4c37-bdf4-f7cb0aab2638,41702e42-5d55-4d73-bfd1-4b492de84b9b,c1,DROP,1020,?,i12,
1769500791.7167153,FORWARDED,c72ab260-2a34-4c37-bdf4-f7cb0aab2638,41702e42-5d55-4d73-bfd1-4b492de84b9b,c1,DROP,1020,?,i12,
1769500791.825132,RECEIVED,5a3a287b-c44a-45f0-a5a0-ca0bc0785697,341d7976-68da-4c0b-81fc-ab86c9ac938f,c1,c5,2484,p1,?,
1769500791.9743297,RECEIVED,f382df0d-9346-4f92-b361-cba666fa0362,d7bbf45f-7f77-4ec4-96c5-003d538a26b5,c1,DROP,443,x3,?,
1769500791.9860015,RECEIVED,6868c909-8647-4e5c-9787-26374b495249,e31bf1e3-157c-4307-ba2d-f16b5ddc0dc8,c5,DROP,1439,p2,?,
1769500791.991743,SENT,4e61d7b6-1c28-4cb3-a826-8c927d88a836,af8931c6-888f-4b2f-9915-f903d677e78e,c1,c5,1771,?,i4,
1769500791.9917831,FORWARDED,4e61d7b6-1c28-4cb3-a826-8c927d88a836,af8931c6-888f-4b2f-9915-f903d677e78e,c1,c5,1771,?,i4,
1769500792.020141,RECEIVED,b16ca509-0392-4adc-ac4c-70f177f9636e,a84a3ec4-3c7c-4c45-866e-9c742e47f7ce,c3,DROP,438,x3,?,
1769500792.0586228,RECEIVED,0bfa8d8d-0d16-477a-b85f-9bcaa561025c,fa5a18f0-3815-4563-937d-573e167f266e,c4,None,2235,p1,?,
1769500792.249405,RECEIVED,4b7448ad-673e-4e92-9c2f-812091740b1a,21bf0556-916c-4f54-8864-693b910e1e13,c1,DROP,1439,p1,?,
1769500792.2815592,SENT,6868c909-8647-4e5c-9787-26374b495249,e31bf1e3-157c-4307-ba2d-f16b5ddc0dc8,c5,DROP,1008,?,i9,
1769500792.281598,FORWARDED,6868c909-8647-4e5c-9787-26374b495249,e31bf1e3-157c-4307-ba2d-f16b5ddc0dc8,c5,DROP,1008,?,i9,
1769500792.3371108,RECEIVED,2f96a7eb-015d-4025-96e4-60a6ec6d058b,eee57e00-4619-4462-9afd-18bcff77fd2c,c2,DROP,1444,p2,?,
1769500792.4055839,RECEIVED,f7584fea-16ca-4184-839f-47311a09ea08,0e546506-7992-4ba3-8c47-7d2dd2648579,c2,None,2219,p2,?,
1769500792.482076,RECEIVED,ac28d9d4-8f57-43da-8797-7302aee0b652,f526f194-59c2-4063-944f-3c67683a386b,c5,c2,2472,p2,?,
1769500792.5377738,SENT,616a9287-b514-4508-9e5f-2d67ce602912,32fad295-88be-4498-a7ca-58daefe34515,c2,None,1608,?,i11,
1769500792.5378156,FORWARDED,616a9287-b514-4508-9e5f-2d67ce602912,32fad295-88be-4498-a7ca-58daefe34515,c2,None,1608,?,i11,
1769500792.568044,RECEIVED,9cb35fe5-2ae0-4fec-a61d-ef6f6f2a6541,07b2e255-5e4e-4bce-ba42-1be60b88f099,c1,DROP,441,x8,?,
1769500792.647674,SENT,f7584fea-16ca-4184-839f-47311a09ea08,0e546506-7992-4ba3-8c47-7d2dd2648579,c2,None,1591,?,i9,
1769500792.6477156,FORWARDED,f7584fea-16ca-4184-839f-47311a09ea08,0e546506-7992-4ba3-8c47-7d2dd2648579,c2,None,1591,?,i9,
1769500792.8726704,SENT,5a3a287b-c44a-45f0-a5a0-ca0bc0785697,341d7976-68da-4c0b-81fc-ab86c9ac938f,c1,c5,1789,?,i11,
1769500792.8733149,FORWARDED,5a3a287b-c44a-45f0-a5a0-ca0bc0785697,341d7976-68da-4c0b-81fc-ab86c9ac938f,c1,c5,1789,?,i11,
1769500792.9758587,RECEIVED,791eff44-823f-4cb1-90a2-e7fee0262215,55c4bd7f-8642-48d2-a0d1-bb93e5c01d8d,c5,DROP,1435,p2,?,
1769500793.0612245,RECEIVED,03422bec-9347-4089-9ac6-c0a97aa2cf6b,7e47ed03-2162-40a4-a906-71da4c6043dd,c4,c3,2467,p1,?,
1769500793.1656103,RECEIVED,46aec542-ce68-48a4-8eb6-7e026f289ff9,0784e95a-5f8f-400a-88e6-06915ecc8310,c2,DROP,1439,p2,?,
1769500793.1916058,SENT,ac28d9d4-8f57-43da-8797-7302aee0b652,f526f194-59c2-4063-944f-3c67683a386b,c5,c2,1780,?,i10,
1769500793.191644,FORWARDED,ac28d9d4-8f57-43da-8797-7302aee0b652,f526f194-59c2-4063-944f-3c67683a386b,c5,c2,1780,?,i10,
1769500793.3658905,SENT,4b7448ad-673e-4e92-9c2f-812091740b1a,21bf0556-916c-4f54-8864-693b910e1e13,c1,DROP,1007,?,i1,
1769500793.365931,FORWARDED,4b7448ad-673e-4e92-9c2f-812091740b1a,21bf0556-916c-4f54-8864-693b910e1e13,c1,DROP,1007,?,i1,
1769500793.5292392,RECEIVED,50e5b248-5b1b-4474-b3a1-a302a3bb10b2,4b65656e-311f-4ba2-90cc-a8f178e5ccf6,c2,c1,2463,p2,?,
1769500793.6213717,RECEIVED,5a2ee488-69ff-4961-a81f-acbf00cf2147,e2ed6623-3078-4cb1-8f57-97f6ea6f7b1f,c2,DROP,1443,p2,?,
1769500793.6217024,RECEIVED,03747673-842d-4b4b-a991-48c54de26659,da105a21-889a-4284-9722-d704aa8ad327,c4,DROP,1451,p1,?,
1769500793.653213,SENT,46aec542-ce68-48a4-8eb6-7e026f289ff9,0784e95a-5f8f-400a-88e6-06915ecc8310,c2,DROP,1008,?,i8,
1769500793.653257,FORWARDED,46aec542-ce68-48a4-8eb6-7e026f289ff9,0784e95a-5f8f-400a-88e6-06915ecc8310,c2,DROP,1008,?,i8,
1769500793.6679552,RECEIVED,43c4c9b7-16b9-4721-8752-5be5f9b8d2e6,4581a36a-3355-4d30-aef3-a8a72bffb807,c1,DROP,1439,p1,?,
1769500793.6967072,SENT,50e5b248-5b1b-4474-b3a1-a302a3bb10b2,4b65656e-311f-4ba2-90cc-a8f178e5ccf6,c2,c1,1775,?,i7,
1769500793.6967514,FORWARDED,50e5b248-5b1b-4474-b3a1-a302a3bb10b2,4b65656e-311f-4ba2-90cc-a8f178e5ccf6,c2,c1,1775,?,i7,
1769500793.7195609,SENT,2f96a7eb-015d-4025-96e4-60a6ec6d058b,eee57e00-4619-4462-9afd-18bcff77fd2c,c2,DROP,1011,?,i12,
1769500793.7196095,FORWARDED,2f96a7eb-015d-4025-96e4-60a6ec6d058b,eee57e00-4619-4462-9afd-18bcff77fd2c,c2,DROP,1011,?,i12,
1769500793.786421,SENT,03422bec-9347-4089-9ac6-c0a97aa2cf6b,7e47ed03-2162-40a4-a906-71da4c6043dd,c4,c3,1777,?,i5,
1769500793.7864647,FORWARDED,03422bec-9347-4089-9ac6-c0a97aa2cf6b,7e47ed03-2162-40a4-a906-71da4c6043dd,c4,c3,1777,?,i5,
1769500793.8697197,RECEIVED,05929a0b-7a34-4e49-a1b3-0b0c3c682df3,855504b7-1d99-474e-8587-22d86ae715a0,c5,DROP,1439,p2,?,
1769500793.920054,SENT,03747673-842d-4b4b-a991-48c54de26659,da105a21-889a-4284-9722-d704aa8ad327,c4,DROP,1015,?,i5,
1769500793.9201007,FORWARDED,03747673-842d-4b4b-a991-48c54de26659,da105a21-889a-4284-9722-d704aa8ad327,c4,DROP,1015,?,i5,
1769500793.9365332,RECEIVED,2e799490-78c7-4770-888c-4e5973c1f648,d26ede98-0a2d-4dde-94c6-a717ae99958c,c1,DROP,1447,p1,?,
1769500794.02821,RECEIVED,e1d4b885-749e-44e1-b243-d0719e11c47a,b7a0a386-c402-44b7-9e50-f83fc879cfa8,c3,None,2242,p3,?,
1769500794.142702,RECEIVED,673ee2fb-c321-45b4-88db-b0dc3de3cfb1,54dd7a80-62a7-4b0c-8fe1-9bb92134406d,c4,DROP,1448,p1,?,
1769500794.1547356,RECEIVED,fe893543-e20b-438c-b41a-6b0cc57e8af4,311ca23e-f5ca-4711-a6ad-ac7599e72abb,c4,None,2232,p1,?,
1769500794.1614604,SENT,05929a0b-7a34-4e49-a1b3-0b0c3c682df3,855504b7-1d99-474e-8587-22d86ae715a0,c5,DROP,1007,?,i7,
1769500794.1615064,FORWARDED,05929a0b-7a34-4e49-a1b3-0b0c3c682df3,855504b7-1d99-474e-8587-22d86ae715a0,c5,DROP,1007,?,i7,
1769500794.2055547,SENT,fe893543-e20b-438c-b41a-6b0cc57e8af4,311ca23e-f5ca-4711-a6ad-ac7599e72abb,c4,None,1600,?,i4,
1769500794.2055926,FORWARDED,fe893543-e20b-438c-b41a-6b0cc57e8af4,311ca23e-f5ca-4711-a6ad-ac7599e72abb,c4,None,1600,?,i4,
1769500794.2886994,RECEIVED,d1cff181-a733-43c1-9d4b-241f312b4214,350cf01f-cb60-437a-88c1-861e238231d0,c2,DROP,1444,p2,?,
1769500794.294212,SENT,673ee2fb-c321-45b4-88db-b0dc3de3cfb1,54dd7a80-62a7-4b0c-8fe1-9bb92134406d,c4,DROP,1012,?,i3,
1769500794.2942514,FORWARDED,673ee2fb-c321-45b4-88db-b0dc3de3cfb1,54dd7a80-62a7-4b0c-8fe1-9bb92134406d,c4,DROP,1012,?,i3,
1769500794.3614752,RECEIVED,8780492c-f042-4c35-a477-2cc238ea2f14,2df5792b-64a1-48ab-a76d-f65fe29f0c98,c5,DROP,1451,p2,?,
1769500794.5246043,RECEIVED,2dd8402e-c15c-41c9-af27-9ef11cee5cc3,ee356942-9eff-4bc5-bcee-66975c499739,c2,None,2218,p2,?,
1769500794.547811,SENT,43c4c9b7-16b9-4721-8752-5be5f9b8d2e6,4581a36a-3355-4d30-aef3-a8a72bffb807,c1,DROP,1007,?,i5,
1769500794.5478544,FORWARDED,43c4c9b7-16b9-4721-8752-5be5f9b8d2e6,4581a36a-3355-4d30-aef3-a8a72bffb807,c1,DROP,1007,?,i5,
1769500794.5629373,RECEIVED,3dfbbf9f-6893-4500-a347-795348d69ee5,14e0d645-495b-4749-862e-e24c51abd24a,c3,DROP,1448,p3,?,
1769500794.5679586,RECEIVED,da131e05-a0db-41fc-b420-f2cda1014ff3,6bc093a7-1b63-4ed2-9b55-44a5273aee10,c2,DROP,441,x10,?,
1769500794.631393,RECEIVED,b1cf49d3-63ca-406b-9640-bcc2bc8b575c,bad7c82d-dd88-4266-9fc8-b1ea500a8001,c2,c1,2476,p2,?,
1769500794.658621,SENT,2e799490-78c7-4770-888c-4e5973c1f648,d26ede98-0a2d-4dde-94c6-a717ae99958c,c1,DROP,1014,?,i3,
1769500794.6586657,FORWARDED,2e799490-78c7-4770-888c-4e5973c1f648,d26ede98-0a2d-4dde-94c6-a717ae99958c,c1,DROP,1014,?,i3,
1769500794.6616023,SENT,3dfbbf9f-6893-4500-a347-795348d69ee5,14e0d645-495b-4749-862e-e24c51abd24a,c3,DROP,1012,?,i6,
1769500794.6616442,FORWARDED,3dfbbf9f-6893-4500-a347-795348d69ee5,14e0d645-495b-4749-862e-e24c51abd24a,c3,DROP,1012,?,i6,
1769500794.6653883,RECEIVED,a5c848eb-89a1-492d-9ba9-d35311d5d020,a721972e-9b48-490b-874e-54e51a08a2a0,c5,DROP,1443,p2,?,
1769500794.6878417,SENT,0bfa8d8d-0d16-477a-b85f-9bcaa561025c,fa5a18f0-3815-4563-937d-573e167f266e,c4,None,1604,?,i5,
1769500794.6878853,FORWARDED,0bfa8d8d-0d16-477a-b85f-9bcaa561025c,fa5a18f0-3815-4563-937d-573e167f266e,c4,None,1604,?,i5,
1769500794.702209,SENT,e1d4b885-749e-44e1-b243-d0719e11c47a,b7a0a386-c402-44b7-9e50-f83fc879cfa8,c3,None,1609,?,i8,
1769500794.7022526,FORWARDED,e1d4b885-749e-44e1-b243-d0719e11c47a,b7a0a386-c402-44b7-9e50-f83fc879cfa8,c3,None,1609,?,i8,
1769500794.7197473,RECEIVED,7c911888-acd4-4ab4-823a-770cac393712,6f63d8b2-9ebb-4150-b0e2-d2e769c866b2,c2,DROP,442,x6,?,
1769500794.778643,RECEIVED,360380d2-a9d0-4f76-a790-f52da4ca099f,111d395d-656b-4f62-91e6-d0afaa633813,c4,DROP,1439,p1,?,
1769500794.8032064,SENT,d1cff181-a733-43c1-9d4b-241f312b4214,350cf01f-cb60-437a-88c1-861e238231d0,c2,DROP,1011,?,i10,
1769500794.8032475,FORWARDED,d1cff181-a733-43c1-9d4b-241f312b4214,350cf01f-cb60-437a-88c1-861e238231d0,c2,DROP,1011,?,i10,
1769500794.9458296,SENT,b1cf49d3-63ca-406b-9640-bcc2bc8b575c,bad7c82d-dd88-4266-9fc8-b1ea500a8001,c2,c1,1784,?,i8,
1769500794.9458714,FORWARDED,b1cf49d3-63ca-406b-9640-bcc2bc8b575c,bad7c82d-dd88-4266-9fc8-b1ea500a8001,c2,c1,1784,?,i8,
1769500794.9715593,SENT,360380d2-a9d0-4f76-a790-f52da4ca099f,111d395d-656b-4f62-91e6-d0afaa633813,c4,DROP,1007,?,i4,
1769500794.971602,FORWARDED,360380d2-a9d0-4f76-a790-f52da4ca099f,111d395d-656b-4f62-91e6-d0afaa633813,c4,DROP,1007,?,i4,
1769500795.0120914,RECEIVED,e0d6f633-ec08-4422-953f-442f6ffe4ef6,c5d074eb-eb33-4dc8-b923-aaf34ca3d075,c4,DROP,441,x2,?,
1769500795.028817,RECEIVED,6a347ef1-4605-4d6d-bf62-c5d8d6c974ef,b62e52d1-fc81-4785-b802-986db29ab713,c4,None,2212,p1,?,
1769500795.0702307,RECEIVED,f5845f30-829e-46a5-8613-fef110f693a4,43eb59d7-5a45-41c1-836b-fe0848a6a08f,c4,DROP,1448,p1,?,
1769500795.081104,SENT,a5c848eb-89a1-492d-9ba9-d35311d5d020,a721972e-9b48-490b-874e-54e51a08a2a0,c5,DROP,1010,?,i1,
1769500795.0811465,FORWARDED,a5c848eb-89a1-492d-9ba9-d35311d5d020,a721972e-9b48-490b-874e-54e51a08a2a0,c5,DROP,1010,?,i1,
1769500795.0880308,RECEIVED,4c661d65-9995-4c46-aac1-d22137ff6dba,00cf3348-b376-422a-b52a-c97619d23c4a,c3,DROP,1452,p3,?,
1769500795.0986598,SENT,791eff44-823f-4cb1-90a2-e7fee0262215,55c4bd7f-8642-48d2-a0d1-bb93e5c01d8d,c5,DROP,1004,?,i5,
1769500795.0987022,FORWARDED,791eff44-823f-4cb1-90a2-e7fee0262215,55c4bd7f-8642-48d2-a0d1-bb93e5c01d8d,c5,DROP,1004,?,i5,
1769500795.103512,RECEIVED,bc6e8050-9f01-4d38-8966-7b01394d10d9,4c0ffd6e-dfc9-49b3-86ef-2f9fa6f6405a,c4,DROP,1452,p1,?,
1769500795.1138177,SENT,f5845f30-829e-46a5-8613-fef110f693a4,43eb59d7-5a45-41c1-836b-fe0848a6a08f,c4,DROP,1012,?,i7,
1769500795.1138585,FORWARDED,f5845f30-829e-46a5-8613-fef110f693a4,43eb59d7-5a45-41c1-836b-fe0848a6a08f,c4,DROP,1012,?,i7,
1769500795.1576023,SENT,2dd8402e-c15c-41c9-af27-9ef11cee5cc3,ee356942-9eff-4bc5-bcee-66975c499739,c2,None,1591,?,i7,
1769500795.1577792,FORWARDED,2dd8402e-c15c-41c9-af27-9ef11cee5cc3,ee356942-9eff-4bc5-bcee-66975c499739,c2,None,1591,?,i7,
1769500795.1871374,RECEIVED,30c54bc7-d034-4a07-a9b6-a97db2aebe31,4c5213a1-145d-4841-a406-39b4dcb3f92c,c3,c4,2463,p3,?,
1769500795.2180989,RECEIVED,8844bed0-1cb8-4c09-b62a-d544b7d4deb7,90609ea4-3fd9-4a8e-9ae6-e6b74c04acae,c2,None,2247,p2,?,
1769500795.2306278,SENT,6a347ef1-4605-4d6d-bf62-c5d8d6c974ef,b62e52d1-fc81-4785-b802-986db29ab713,c4,None,1587,?,i5,
1769500795.230673,FORWARDED,6a347ef1-4605-4d6d-bf62-c5d8d6c974ef,b62e52d1-fc81-4785-b802-986db29ab713,c4,None,1587,?,i5,
1769500795.3468716,RECEIVED,1ead96ff-6ccb-40ad-97e7-14cabb8e8fda,ec45fd55-e486-44aa-ba12-220f50baf62e,c4,c3,2459,p1,?,
1769500795.3484862,SENT,4c661d65-9995-4c46-aac1-d22137ff6dba,00cf3348-b376-422a-b52a-c97619d23c4a,c3,DROP,1016,?,i7,
1769500795.3485272,FORWARDED,4c661d65-9995-4c46-aac1-d22137ff6dba,00cf3348-b376-422a-b52a-c97619d23c4a,c3,DROP,1016,?,i7,
1769500795.385264,SENT,5a2ee488-69ff-4961-a81f-acbf00cf2147,e2ed6623-3078-4cb1-8f57-97f6ea6f7b1f,c2,DROP,1011,?,i3,
1769500795.385306,FORWARDED,5a2ee488-69ff-4961-a81f-acbf00cf2147,e2ed6623-3078-4cb1-8f57-97f6ea6f7b1f,c2,DROP,1011,?,i3,
1769500795.4006865,SENT,bc6e8050-9f01-4d38-8966-7b01394d10d9,4c0ffd6e-dfc9-49b3-86ef-2f9fa6f6405a,c4,DROP,1015,?,i12,
1769500795.4007204,FORWARDED,bc6e8050-9f01-4d38-8966-7b01394d10d9,4c0ffd6e-dfc9-49b3-86ef-2f9fa6f6405a,c4,DROP,1015,?,i12,
1769500795.4334922,RECEIVED,e3d99e09-0fea-4908-a7b6-08cdc752f990,09203a58-c187-418d-9966-251d4d43d729,c2,DROP,1439,p2,?,
1769500795.4502823,RECEIVED,b8f7a09f-8715-4ae6-8ff0-04b2c8630c29,a13efd40-2620-43f8-ba8c-88673cd62109,c5,DROP,1448,p2,?,
1769500795.5072906,SENT,b8f7a09f-8715-4ae6-8ff0-04b2c8630c29,a13efd40-2620-43f8-ba8c-88673cd62109,c5,DROP,1012,?,i5,
1769500795.5073261,FORWARDED,b8f7a09f-8715-4ae6-8ff0-04b2c8630c29,a13efd40-2620-43f8-ba8c-88673cd62109,c5,DROP,1012,?,i5,
1769500795.513396,SENT,8844bed0-1cb8-4c09-b62a-d544b7d4deb7,90609ea4-3fd9-4a8e-9ae6-e6b74c04acae,c2,None,1613,?,i10,
1769500795.5134375,FORWARDED,8844bed0-1cb8-4c09-b62a-d544b7d4deb7,90609ea4-3fd9-4a8e-9ae6-e6b74c04acae,c2,None,1613,?,i10,
1769500795.534369,RECEIVED,d6da2396-ec72-40ce-b72c-64c1976a48ed,f045cae8-0fa8-47b2-8766-83a028bfea4b,c5,DROP,1439,p2,?,
1769500795.5785651,SENT,8780492c-f042-4c35-a477-2cc238ea2f14,2df5792b-64a1-48ab-a76d-f65fe29f0c98,c5,DROP,1015,?,i2,
1769500795.5786095,FORWARDED,8780492c-f042-4c35-a477-2cc238ea2f14,2df5792b-64a1-48ab-a76d-f65fe29f0c98,c5,DROP,1015,?,i2,
1769500795.631216,RECEIVED,38504595-b9d5-4fb6-8461-015b1eea4dd8,f6884afb-c9d9-48be-a865-2869ba1a44f1,c5,DROP,1460,p2,?,
1769500795.693834,SENT,30c54bc7-d034-4a07-a9b6-a97db2aebe31,4c5213a1-145d-4841-a406-39b4dcb3f92c,c3,c4,1776,?,i6,
1769500795.6938765,FORWARDED,30c54bc7-d034-4a07-a9b6-a97db2aebe31,4c5213a1-145d-4841-a406-39b4dcb3f92c,c3,c4,1776,?,i6,
1769500795.7850614,RECEIVED,78fce602-68bc-432f-959f-f497c8e41686,dde08d99-f1e7-4983-b0bd-00660ed2b270,c4,DROP,443,x2,?,
1769500795.7921498,RECEIVED,8848fc41-816b-4886-bde2-dba702b5ff31,a5713e63-756f-4eff-8584-e28753133f11,c3,DROP,442,x7,?,
1769500795.8196912,RECEIVED,75f0142f-9311-4b50-b709-6bda7322cef9,dc4431a7-a18e-419e-a62a-de0fc6b8bb91,c1,DROP,1439,p1,?,
1769500795.8638146,RECEIVED,0b261510-154f-4440-bf18-3966033b2ef6,a98513f7-b0a4-4608-8ee9-fbaca8648bc6,c1,DROP,1442,p1,?,
1769500795.892302,RECEIVED,239d1c35-d6e2-4324-a3b8-371d9095cb3e,df3bfe61-d8c1-4e28-a30a-762615e17fb8,c3,DROP,1447,p3,?,
1769500795.9104025,SENT,1ead96ff-6ccb-40ad-97e7-14cabb8e8fda,ec45fd55-e486-44aa-ba12-220f50baf62e,c4,c3,1772,?,i8,
1769500795.9104445,FORWARDED,1ead96ff-6ccb-40ad-97e7-14cabb8e8fda,ec45fd55-e486-44aa-ba12-220f50baf62e,c4,c3,1772,?,i8,
1769500795.9682581,RECEIVED,64a8dcfb-ec6a-4e1a-aeb6-af7dcea9a315,ebd036d1-d7dd-4390-911f-7ac73396053e,c2,DROP,1452,p2,?,
1769500795.9785392,RECEIVED,af14ee6b-757b-447b-9920-1b484f922962,5124763b-b92a-4599-9575-7b0d24cea12b,c1,c5,2451,p1,?,
1769500795.9989758,RECEIVED,9f068ff5-a737-40b7-afe2-a8735c520275,a161a408-e1c2-4c3b-a054-2cf5549b31ae,c2,DROP,1463,p2,?,
1769500796.0335445,RECEIVED,d762d5ec-3c73-4d83-8331-f02dee8455d0,50201307-bccc-473f-acd3-3de988faeb1a,c4,DROP,1440,p1,?,
1769500796.0733724,SENT,64a8dcfb-ec6a-4e1a-aeb6-af7dcea9a315,ebd036d1-d7dd-4390-911f-7ac73396053e,c2,DROP,1016,?,i7,
1769500796.0734105,FORWARDED,64a8dcfb-ec6a-4e1a-aeb6-af7dcea9a315,ebd036d1-d7dd-4390-911f-7ac73396053e,c2,DROP,1016,?,i7,
1769500796.0873783,SENT,0b261510-154f-4440-bf18-3966033b2ef6,a98513f7-b0a4-4608-8ee9-fbaca8648bc6,c1,DROP,1009,?,i1,
1769500796.087415,FORWARDED,0b261510-154f-4440-bf18-3966033b2ef6,a98513f7-b0a4-4608-8ee9-fbaca8648bc6,c1,DROP,1009,?,i1,
1769500796.1087027,SENT,38504595-b9d5-4fb6-8461-015b1eea4dd8,f6884afb-c9d9-48be-a865-2869ba1a44f1,c5,DROP,1021,?,i10,
1769500796.1087434,FORWARDED,38504595-b9d5-4fb6-8461-015b1eea4dd8,f6884afb-c9d9-48be-a865-2869ba1a44f1,c5,DROP,1021,?,i10,
1769500796.1638374,SENT,d762d5ec-3c73-4d83-8331-f02dee8455d0,50201307-bccc-473f-acd3-3de988faeb1a,c4,DROP,1008,?,i1,
1769500796.1638792,FORWARDED,d762d5ec-3c73-4d83-8331-f02dee8455d0,50201307-bccc-473f-acd3-3de988faeb1a,c4,DROP,1008,?,i1,
1769500796.286434,RECEIVED,e53086a3-1f07-420e-bfaa-24368bd6a1f5,c6577dc2-e072-4f56-9128-a99055a43e87,c5,DROP,442,x3,?,
1769500796.28755,SENT,e3d99e09-0fea-4908-a7b6-08cdc752f990,09203a58-c187-418d-9966-251d4d43d729,c2,DROP,1006,?,i7,
1769500796.2875977,FORWARDED,e3d99e09-0fea-4908-a7b6-08cdc752f990,09203a58-c187-418d-9966-251d4d43d729,c2,DROP,1006,?,i7,
1769500796.4093163,RECEIVED,c59247d4-8a8f-49ae-b59a-654bc7143377,5ad47014-cbd4-4579-b175-ae815af35a97,c3,DROP,441,x9,?,
1769500796.4727452,RECEIVED,697143db-5943-4005-ba85-cfd6c6b70b10,2f6b3f05-f0d6-4b42-8ff2-e052527c3d7d,c1,DROP,1444,p1,?,
1769500796.5458286,SENT,75f0142f-9311-4b50-b709-6bda7322cef9,dc4431a7-a18e-419e-a62a-de0fc6b8bb91,c1,DROP,1008,?,i1,
1769500796.5458999,FORWARDED,75f0142f-9311-4b50-b709-6bda7322cef9,dc4431a7-a18e-419e-a62a-de0fc6b8bb91,c1,DROP,1008,?,i1,
1769500796.5572212,RECEIVED,82c454e3-67ef-4582-a6b9-a463ae2fbb45,0f4dfc1b-4918-4b5b-b3c6-6a5a8d836776,c1,c5,2460,p1,?,
1769500796.694413,RECEIVED,3488fad0-839d-45d8-b3dd-4a47adccda0a,3c4085fd-6cb5-40ab-bf9b-33b8d6dcc536,c2,DROP,1439,p2,?,
1769500796.7214704,RECEIVED,944c5aca-8447-4ed4-8a99-e6ccecf2f5ab,016bb11f-8ef6-410e-b52e-9c42b1b41ad6,c2,c1,2474,p2,?,
1769500796.7618513,SENT,d6da2396-ec72-40ce-b72c-64c1976a48ed,f045cae8-0fa8-47b2-8766-83a028bfea4b,c5,DROP,1007,?,i2,
1769500796.761893,FORWARDED,d6da2396-ec72-40ce-b72c-64c1976a48ed,f045cae8-0fa8-47b2-8766-83a028bfea4b,c5,DROP,1007,?,i2,
1769500796.8359704,RECEIVED,3c437108-a6e4-4843-8f6e-309d9212b51f,3cb6b8e5-bfbf-4776-b77d-43f1e2dabea6,c4,None,2236,p1,?,
1769500796.8762257,RECEIVED,7747d94c-73d5-49e8-8c75-200b1e8da060,b8f05668-b130-4a34-9863-0b5435e64ab9,c2,DROP,1451,p2,?,
1769500797.0262766,SENT,944c5aca-8447-4ed4-8a99-e6ccecf2f5ab,016bb11f-8ef6-410e-b52e-9c42b1b41ad6,c2,c1,1783,?,i3,
1769500797.026317,FORWARDED,944c5aca-8447-4ed4-8a99-e6ccecf2f5ab,016bb11f-8ef6-410e-b52e-9c42b1b41ad6,c2,c1,1783,?,i3,
1769500797.0455878,RECEIVED,323421aa-c78a-436b-8636-d0adec13098c,1ba10190-eb4d-4954-978c-fe354387ced5,c3,DROP,441,x8,?,
1769500797.059729,SENT,9f068ff5-a737-40b7-afe2-a8735c520275,a161a408-e1c2-4c3b-a054-2cf5549b31ae,c2,DROP,1024,?,i2,
1769500797.0597725,FORWARDED,9f068ff5-a737-40b7-afe2-a8735c520275,a161a408-e1c2-4c3b-a054-2cf5549b31ae,c2,DROP,1024,?,i2,
1769500797.0689301,RECEIVED,cfcc8939-369a-47bb-afb6-ef9d8df65322,42e85c63-7d49-49c8-9997-6c13b0699694,c3,DROP,1439,p3,?,
1769500797.1334953,SENT,3c437108-a6e4-4843-8f6e-309d9212b51f,3cb6b8e5-bfbf-4776-b77d-43f1e2dabea6,c4,None,1603,?,i7,
1769500797.1335382,FORWARDED,3c437108-a6e4-4843-8f6e-309d9212b51f,3cb6b8e5-bfbf-4776-b77d-43f1e2dabea6,c4,None,1603,?,i7,
1769500797.1661463,SENT,3488fad0-839d-45d8-b3dd-4a47adccda0a,3c4085fd-6cb5-40ab-bf9b-33b8d6dcc536,c2,DROP,1008,?,i3,
1769500797.1661854,FORWARDED,3488fad0-839d-45d8-b3dd-4a47adccda0a,3c4085fd-6cb5-40ab-bf9b-33b8d6dcc536,c2,DROP,1008,?,i3,
1769500797.18919,SENT,697143db-5943-4005-ba85-cfd6c6b70b10,2f6b3f05-f0d6-4b42-8ff2-e052527c3d7d,c1,DROP,1009,?,i12,
1769500797.1892312,FORWARDED,697143db-5943-4005-ba85-cfd6c6b70b10,2f6b3f05-f0d6-4b42-8ff2-e052527c3d7d,c1,DROP,1009,?,i12,
1769500797.212302,RECEIVED,5bd61604-56d0-4823-a57d-1f993993d82f,c73cf031-cf4b-4af3-8e23-e78d8a9e3729,c5,None,2228,p2,?,
1769500797.2632568,SENT,cfcc8939-369a-47bb-afb6-ef9d8df65322,42e85c63-7d49-49c8-9997-6c13b0699694,c3,DROP,1008,?,i1,
1769500797.2633004,FORWARDED,cfcc8939-369a-47bb-afb6-ef9d8df65322,42e85c63-7d49-49c8-9997-6c13b0699694,c3,DROP,1008,?,i1,
1769500797.2806451,SENT,82c454e3-67ef-4582-a6b9-a463ae2fbb45,0f4dfc1b-4918-4b5b-b3c6-6a5a8d836776,c1,c5,1772,?,i12,
1769500797.2806892,FORWARDED,82c454e3-67ef-4582-a6b9-a463ae2fbb45,0f4dfc1b-4918-4b5b-b3c6-6a5a8d836776,c1,c5,1772,?,i12,
1769500797.4143167,RECEIVED,38b2c275-050f-41fa-8224-6a01d000ef23,ce480c4e-4937-4338-82fb-b9350bdd305a,c3,DROP,1448,p3,?,
1769500797.4440255,RECEIVED,6296cede-0c19-49e5-b87e-30fe282c45cc,e90e48e1-174c-4c84-afdc-db3df6279805,c2,DROP,1439,p2,?,
1769500797.4702313,RECEIVED,40399fd4-2539-4c32-a0a2-d7f384f4b65a,667774e9-abb9-4ec8-96e2-3e6d1443faac,c1,DROP,1438,p1,?,
1769500797.4912848,SENT,7747d94c-73d5-49e8-8c75-200b1e8da060,b8f05668-b130-4a34-9863-0b5435e64ab9,c2,DROP,1015,?,i9,
1769500797.4913237,FORWARDED,7747d94c-73d5-49e8-8c75-200b1e8da060,b8f05668-b130-4a34-9863-0b5435e64ab9,c2,DROP,1015,?,i9,
1769500797.5768979,RECEIVED,f3776d90-222c-4b9a-97aa-2c70187463a7,15d7e13e-b695-4524-abc8-0537985a92c5,c1,DROP,441,x6,?,
1769500797.5883522,RECEIVED,ea44ff87-d438-4be6-b27b-eb49c198e728,238a345a-04c5-4ff3-9cb7-0b8e77c71abd,c3,DROP,1437,p3,?,
1769500797.6323473,RECEIVED,0770e16d-1726-4722-b472-db70d57c35d2,906bac48-41be-45e6-8207-7018149e8469,c2,DROP,1444,p2,?,
1769500797.6451926,SENT,af14ee6b-757b-447b-9920-1b484f922962,5124763b-b92a-4599-9575-7b0d24cea12b,c1,c5,1767,?,i4,
1769500797.645235,FORWARDED,af14ee6b-757b-447b-9920-1b484f922962,5124763b-b92a-4599-9575-7b0d24cea12b,c1,c5,1767,?,i4,
1769500797.7062676,SENT,38b2c275-050f-41fa-8224-6a01d000ef23,ce480c4e-4937-4338-82fb-b9350bdd305a,c3,DROP,1012,?,i8,
1769500797.706311,FORWARDED,38b2c275-050f-41fa-8224-6a01d000ef23,ce480c4e-4937-4338-82fb-b9350bdd305a,c3,DROP,1012,?,i8,
1769500797.7264655,RECEIVED,497a1594-22ad-4745-881d-6ac77cfbc4e4,4bf6ec65-0aa8-4f9a-b698-d7e3a61d7236,c1,DROP,441,x5,?,
1769500797.7981384,SENT,5bd61604-56d0-4823-a57d-1f993993d82f,c73cf031-cf4b-4af3-8e23-e78d8a9e3729,c5,None,1599,?,i12,
1769500797.7981791,FORWARDED,5bd61604-56d0-4823-a57d-1f993993d82f,c73cf031-cf4b-4af3-8e23-e78d8a9e3729,c5,None,1599,?,i12,
1769500797.812237,SENT,0770e16d-1726-4722-b472-db70d57c35d2,906bac48-41be-45e6-8207-7018149e8469,c2,DROP,1009,?,i6,
1769500797.8122768,FORWARDED,0770e16d-1726-4722-b472-db70d57c35d2,906bac48-41be-45e6-8207-7018149e8469,c2,DROP,1009,?,i6,
1769500797.8374643,SENT,239d1c35-d6e2-4324-a3b8-371d9095cb3e,df3bfe61-d8c1-4e28-a30a-762615e17fb8,c3,DROP,1012,?,i6,
1769500797.8375127,FORWARDED,239d1c35-d6e2-4324-a3b8-371d9095cb3e,df3bfe61-d8c1-4e28-a30a-762615e17fb8,c3,DROP,1012,?,i6,
1769500797.8696766,RECEIVED,054f79cf-1ed6-486c-bd62-cca28f2356eb,500942c9-8b5d-48f8-a198-464c64c621fb,c1,DROP,1460,p1,?,
1769500797.8987975,RECEIVED,86a83c89-e5d1-4c15-81ee-52aea7ad5c89,4e5bd1a8-4084-4f30-8c11-497ef583ee45,c1,DROP,445,x11,?,
1769500797.936627,RECEIVED,9a2ce108-52ab-4bf1-ba29-9a0d32657b5f,dcdef968-a32a-4cc9-8661-99ed5464fce8,c1,None,2223,p1,?,
1769500797.9579356,RECEIVED,feab919d-337d-4359-aa75-6a90ff046be3,3da82179-556a-4549-9baf-a394a623d71b,c3,DROP,1441,p3,?,
1769500797.9970202,SENT,feab919d-337d-4359-aa75-6a90ff046be3,3da82179-556a-4549-9baf-a394a623d71b,c3,DROP,1007,?,i9,
1769500797.9970746,FORWARDED,feab919d-337d-4359-aa75-6a90ff046be3,3da82179-556a-4549-9baf-a394a623d71b,c3,DROP,1007,?,i9,
1769500798.107236,SENT,40399fd4-2539-4c32-a0a2-d7f384f4b65a,667774e9-abb9-4ec8-96e2-3e6d1443faac,c1,DROP,1006,?,i7,
1769500798.1072772,FORWARDED,40399fd4-2539-4c32-a0a2-d7f384f4b65a,667774e9-abb9-4ec8-96e2-3e6d1443faac,c1,DROP,1006,?,i7,
1769500798.1244233,SENT,6296cede-0c19-49e5-b87e-30fe282c45cc,e90e48e1-174c-4c84-afdc-db3df6279805,c2,DROP,1007,?,i1,
1769500798.1244667,FORWARDED,6296cede-0c19-49e5-b87e-30fe282c45cc,e90e48e1-174c-4c84-afdc-db3df6279805,c2,DROP,1007,?,i1,
1769500798.146123,RECEIVED,3b66dbc1-97a9-4148-9bd6-14a4971e2d92,e4e9524a-63f1-4771-aca6-63a53456f501,c5,DROP,1440,p2,?,
1769500798.1462488,RECEIVED,ef4ee7eb-30af-4ec4-afb4-aff8c721f0a9,627e1047-4b06-47d5-907b-9aace2760745,c5,DROP,442,x12,?,
1769500798.2418103,RECEIVED,59e2b976-dd58-4fd5-b4e5-92e2efb0a859,ae640869-9469-4a9f-b313-09f0f9145724,c1,DROP,441,x11,?,
1769500798.2447438,SENT,3b66dbc1-97a9-4148-9bd6-14a4971e2d92,e4e9524a-63f1-4771-aca6-63a53456f501,c5,DROP,1007,?,i1,
1769500798.244791,FORWARDED,3b66dbc1-97a9-4148-9bd6-14a4971e2d92,e4e9524a-63f1-4771-aca6-63a53456f501,c5,DROP,1007,?,i1,
1769500798.262138,RECEIVED,07861ffe-dea2-43e9-b7dd-e6e69e2f34ed,8ed32ea9-3d9a-4d32-ab3c-1bbe184d799f,c4,DROP,1451,p1,?,
1769500798.4572513,SENT,054f79cf-1ed6-486c-bd62-cca28f2356eb,500942c9-8b5d-48f8-a198-464c64c621fb,c1,DROP,1021,?,i12,
1769500798.4572937,FORWARDED,054f79cf-1ed6-486c-bd62-cca28f2356eb,500942c9-8b5d-48f8-a198-464c64c621fb,c1,DROP,1021,?,i12,
1769500798.5921564,RECEIVED,bc9f3486-d025-4695-a0a8-f7df7178856f,ab731e25-5b7b-496d-96d7-d41f8d7ca5f4,c4,DROP,1443,p1,?,
1769500798.769877,RECEIVED,9b1490f8-ab70-46ee-a86d-7b5506bd4561,82c479a8-ee1e-4dfa-bb85-a7e643642aee,c4,DROP,1439,p1,?,
1769500798.7890682,RECEIVED,a33968a9-a27a-43f0-a8d0-d46b9388b3db,7170ceba-aebb-449d-9749-019e239823eb,c3,c4,2471,p3,?,
1769500798.8110662,SENT,a33968a9-a27a-43f0-a8d0-d46b9388b3db,7170ceba-aebb-449d-9749-019e239823eb,c3,c4,1779,?,i11,
1769500798.8111417,FORWARDED,a33968a9-a27a-43f0-a8d0-d46b9388b3db,7170ceba-aebb-449d-9749-019e239823eb,c3,c4,1779,?,i11,
1769500798.826698,SENT,ea44ff87-d438-4be6-b27b-eb49c198e728,238a345a-04c5-4ff3-9cb7-0b8e77c71abd,c3,DROP,1008,?,i5,
1769500798.8267403,FORWARDED,ea44ff87-d438-4be6-b27b-eb49c198e728,238a345a-04c5-4ff3-9cb7-0b8e77c71abd,c3,DROP,1008,?,i5,
1769500798.9173117,RECEIVED,ab4e8145-94aa-4d6a-bdd3-b610c1c0069c,99cd7d37-ea64-4a32-a59c-79ebdc5fcdfb,c5,DROP,1440,p2,?,
1769500798.9223962,SENT,9b1490f8-ab70-46ee-a86d-7b5506bd4561,82c479a8-ee1e-4dfa-bb85-a7e643642aee,c4,DROP,1008,?,i6,
1769500798.9224336,FORWARDED,9b1490f8-ab70-46ee-a86d-7b5506bd4561,82c479a8-ee1e-4dfa-bb85-a7e643642aee,c4,DROP,1008,?,i6,
1769500798.9813168,SENT,9a2ce108-52ab-4bf1-ba29-9a0d32657b5f,dcdef968-a32a-4cc9-8661-99ed5464fce8,c1,None,1596,?,i10,
1769500798.9813578,FORWARDED,9a2ce108-52ab-4bf1-ba29-9a0d32657b5f,dcdef968-a32a-4cc9-8661-99ed5464fce8,c1,None,1596,?,i10,
1769500798.9950843,RECEIVED,00278215-bc99-4aa0-92eb-334c4e8b7efc,49d7f002-eb23-4a30-a5c4-881aa1c0c4c0,c3,DROP,440,x6,?,
1769500799.056598,SENT,07861ffe-dea2-43e9-b7dd-e6e69e2f34ed,8ed32ea9-3d9a-4d32-ab3c-1bbe184d799f,c4,DROP,1016,?,i9,
1769500799.0566394,FORWARDED,07861ffe-dea2-43e9-b7dd-e6e69e2f34ed,8ed32ea9-3d9a-4d32-ab3c-1bbe184d799f,c4,DROP,1016,?,i9,
1769500799.1131377,SENT,ab4e8145-94aa-4d6a-bdd3-b610c1c0069c,99cd7d37-ea64-4a32-a59c-79ebdc5fcdfb,c5,DROP,1007,?,i8,
1769500799.1131759,FORWARDED,ab4e8145-94aa-4d6a-bdd3-b610c1c0069c,99cd7d37-ea64-4a32-a59c-79ebdc5fcdfb,c5,DROP,1007,?,i8,
1769500799.1189938,RECEIVED,83f1092f-cb6f-4b3f-b92c-6f954dac6bad,efacf1c9-4019-44ec-a3c8-066db6a5650d,c1,DROP,1458,p1,?,
1769500799.218163,SENT,83f1092f-cb6f-4b3f-b92c-6f954dac6bad,efacf1c9-4019-44ec-a3c8-066db6a5650d,c1,DROP,1019,?,i10,
1769500799.218206,FORWARDED,83f1092f-cb6f-4b3f-b92c-6f954dac6bad,efacf1c9-4019-44ec-a3c8-066db6a5650d,c1,DROP,1019,?,i10,
1769500799.2511733,RECEIVED,9df68c79-a5da-467b-b961-c281dadaeba8,d8cea687-4a0c-4443-b6ea-581fb8691a50,c4,c3,2460,p1,?,
1769500799.2969427,SENT,bc9f3486-d025-4695-a0a8-f7df7178856f,ab731e25-5b7b-496d-96d7-d41f8d7ca5f4,c4,DROP,1010,?,i4,
1769500799.2969825,FORWARDED,bc9f3486-d025-4695-a0a8-f7df7178856f,ab731e25-5b7b-496d-96d7-d41f8d7ca5f4,c4,DROP,1010,?,i4,
1769500799.3655767,RECEIVED,4f2ab2da-3e66-4bcb-b0e7-4c15ae2fbbfd,7f6c096b-e98b-45de-811a-df381b914140,c5,DROP,442,x5,?,
1769500799.4779708,SENT,9df68c79-a5da-467b-b961-c281dadaeba8,d8cea687-4a0c-4443-b6ea-581fb8691a50,c4,c3,1773,?,i7,
1769500799.4780166,FORWARDED,9df68c79-a5da-467b-b961-c281dadaeba8,d8cea687-4a0c-4443-b6ea-581fb8691a50,c4,c3,1773,?,i7,
1769500799.666399,RECEIVED,5ec6da0f-83c7-4e05-a01c-2766586b3e8b,fb34bdf6-8703-4120-b707-469839c7c9bb,c1,None,2228,p1,?,
1769500799.7577343,SENT,5ec6da0f-83c7-4e05-a01c-2766586b3e8b,fb34bdf6-8703-4120-b707-469839c7c9bb,c1,None,1597,?,i3,
1769500799.7577777,FORWARDED,5ec6da0f-83c7-4e05-a01c-2766586b3e8b,fb34bdf6-8703-4120-b707-469839c7c9bb,c1,None,1597,?,i3,
1769500799.9583719,RECEIVED,aef39f7f-aa18-412e-b97b-ebcc9920b68e,a515a46b-b408-43a6-87f9-4e4ecc266b4b,c5,DROP,1441,p2,?,
1769500799.9907162,RECEIVED,c4005bfb-5cb0-4893-bd35-c24baf2e7b78,97e1e1a4-423f-4c30-b589-aba418a32d27,c5,DROP,440,x9,?,
1769500800.0112548,RECEIVED,12391a40-fc40-4677-9d23-e6dc0b3c32f8,d74af334-784d-40e5-8679-255e382ee5f3,c3,c4,2460,p3,?,
1769500800.0871863,SENT,12391a40-fc40-4677-9d23-e6dc0b3c32f8,d74af334-784d-40e5-8679-255e382ee5f3,c3,c4,1771,?,i6,
1769500800.087231,FORWARDED,12391a40-fc40-4677-9d23-e6dc0b3c32f8,d74af334-784d-40e5-8679-255e382ee5f3,c3,c4,1771,?,i6,
1769500800.2368152,RECEIVED,285726ae-2fb7-4754-9056-8f05e10a684d,d1cf7fe3-b825-4f4b-aa4c-b2265f589be3,c4,DROP,1451,p1,?,
1769500800.3407085,SENT,aef39f7f-aa18-412e-b97b-ebcc9920b68e,a515a46b-b408-43a6-87f9-4e4ecc266b4b,c5,DROP,1007,?,i11,
1769500800.3407495,FORWARDED,aef39f7f-aa18-412e-b97b-ebcc9920b68e,a515a46b-b408-43a6-87f9-4e4ecc266b4b,c5,DROP,1007,?,i11,
1769500800.3866925,RECEIVED,d23e5018-b807-42fc-8239-3d697a10cf27,2e690a41-3632-42e1-8d7c-0778b0cb3add,c1,DROP,1435,p1,?,
1769500800.5185206,RECEIVED,52317e05-77ac-4ddc-a4ce-9ac68e930fa2,29adfa43-4261-43dc-88fe-7e9b5e87e103,c5,c2,2448,p2,?,
1769500800.5386357,RECEIVED,f37725b1-5ef2-41a4-9d2c-9b686f8576da,680ac432-2c4c-4c04-8d88-e9385bed3015,c3,DROP,1451,p3,?,
1769500800.5939057,RECEIVED,7c9a35cf-1996-46e2-9afb-b7623dcfa4c6,311e0c8f-57f6-4976-b313-a77fb01a9cc5,c4,c3,2470,p1,?,
1769500800.6098266,SENT,52317e05-77ac-4ddc-a4ce-9ac68e930fa2,29adfa43-4261-43dc-88fe-7e9b5e87e103,c5,c2,1763,?,i4,
1769500800.6098678,FORWARDED,52317e05-77ac-4ddc-a4ce-9ac68e930fa2,29adfa43-4261-43dc-88fe-7e9b5e87e103,c5,c2,1763,?,i4,
1769500800.7300138,RECEIVED,c2a8fff0-c639-4d60-9bd0-5cd7bd68dcc6,3ede5f07-a789-4ab1-a918-5bd06effc3de,c2,DROP,1441,p2,?,
1769500800.8112476,SENT,c2a8fff0-c639-4d60-9bd0-5cd7bd68dcc6,3ede5f07-a789-4ab1-a918-5bd06effc3de,c2,DROP,1007,?,i3,
1769500800.811286,FORWARDED,c2a8fff0-c639-4d60-9bd0-5cd7bd68dcc6,3ede5f07-a789-4ab1-a918-5bd06effc3de,c2,DROP,1007,?,i3,
1769500800.853274,SENT,285726ae-2fb7-4754-9056-8f05e10a684d,d1cf7fe3-b825-4f4b-aa4c-b2265f589be3,c4,DROP,1016,?,i7,
1769500800.8533158,FORWARDED,285726ae-2fb7-4754-9056-8f05e10a684d,d1cf7fe3-b825-4f4b-aa4c-b2265f589be3,c4,DROP,1016,?,i7,
1769500800.9140346,RECEIVED,b6785a31-9af5-402c-9fe8-79a31a5a717d,5d2e1ffb-922c-4a1b-8e68-069b4b44442e,c2,DROP,1441,p2,?,
1769500800.9302945,RECEIVED,eb516fe8-93a9-43d5-b352-67868adb4847,30127c10-d820-43e7-b20c-fe4ee8e6511b,c5,None,2236,p2,?,
1769500800.9723175,SENT,b6785a31-9af5-402c-9fe8-79a31a5a717d,5d2e1ffb-922c-4a1b-8e68-069b4b44442e,c2,DROP,1006,?,i1,
1769500800.972359,FORWARDED,b6785a31-9af5-402c-9fe8-79a31a5a717d,5d2e1ffb-922c-4a1b-8e68-069b4b44442e,c2,DROP,1006,?,i1,
1769500801.007554,RECEIVED,7a242713-9dd0-4b03-9454-55afdce8da20,18e813f9-7f53-485d-97bf-fd99ac0e92b4,c4,DROP,1449,p1,?,
1769500801.019185,RECEIVED,06cf2abe-1bd3-4f9a-a38d-13d710b3e3d6,ccd86130-c96d-4f71-a592-1490a8f2b80d,c5,DROP,1444,p2,?,
1769500801.0422153,SENT,7a242713-9dd0-4b03-9454-55afdce8da20,18e813f9-7f53-485d-97bf-fd99ac0e92b4,c4,DROP,1013,?,i7,
1769500801.0422552,FORWARDED,7a242713-9dd0-4b03-9454-55afdce8da20,18e813f9-7f53-485d-97bf-fd99ac0e92b4,c4,DROP,1013,?,i7,
1769500801.0492883,SENT,f37725b1-5ef2-41a4-9d2c-9b686f8576da,680ac432-2c4c-4c04-8d88-e9385bed3015,c3,DROP,1016,?,i6,
1769500801.0493295,FORWARDED,f37725b1-5ef2-41a4-9d2c-9b686f8576da,680ac432-2c4c-4c04-8d88-e9385bed3015,c3,DROP,1016,?,i6,
1769500801.07167,RECEIVED,090f7803-98f5-493f-aabc-3ce38876a34b,9e1533b5-0fee-4b1b-b75b-348a03f87e5a,c3,c4,2448,p3,?,
1769500801.0829337,RECEIVED,c6d8e118-9b33-47ad-98f0-9a8bbb75b8d7,0d97f8f3-c2aa-40ff-99db-50c9be26e5c1,c5,DROP,441,x12,?,
1769500801.152651,SENT,090f7803-98f5-493f-aabc-3ce38876a34b,9e1533b5-0fee-4b1b-b75b-348a03f87e5a,c3,c4,1763,?,i5,
1769500801.1526947,FORWARDED,090f7803-98f5-493f-aabc-3ce38876a34b,9e1533b5-0fee-4b1b-b75b-348a03f87e5a,c3,c4,1763,?,i5,
1769500801.2131946,SENT,06cf2abe-1bd3-4f9a-a38d-13d710b3e3d6,ccd86130-c96d-4f71-a592-1490a8f2b80d,c5,DROP,1011,?,i4,
1769500801.2132294,FORWARDED,06cf2abe-1bd3-4f9a-a38d-13d710b3e3d6,ccd86130-c96d-4f71-a592-1490a8f2b80d,c5,DROP,1011,?,i4,
1769500801.2889829,SENT,d23e5018-b807-42fc-8239-3d697a10cf27,2e690a41-3632-42e1-8d7c-0778b0cb3add,c1,DROP,1004,?,i9,
1769500801.2890203,FORWARDED,d23e5018-b807-42fc-8239-3d697a10cf27,2e690a41-3632-42e1-8d7c-0778b0cb3add,c1,DROP,1004,?,i9,
1769500801.353383,RECEIVED,36500c5b-073b-4b32-9184-ec5060ad15e1,a9c4812f-5289-48f1-85fb-3937229c3138,c5,c2,2477,p2,?,
1769500801.3727267,SENT,7c9a35cf-1996-46e2-9afb-b7623dcfa4c6,311e0c8f-57f6-4976-b313-a77fb01a9cc5,c4,c3,1780,?,i1,
1769500801.3727772,FORWARDED,7c9a35cf-1996-46e2-9afb-b7623dcfa4c6,311e0c8f-57f6-4976-b313-a77fb01a9cc5,c4,c3,1780,?,i1,
1769500801.375943,SENT,36500c5b-073b-4b32-9184-ec5060ad15e1,a9c4812f-5289-48f1-85fb-3937229c3138,c5,c2,1784,?,i1,
1769500801.3759873,FORWARDED,36500c5b-073b-4b32-9184-ec5060ad15e1,a9c4812f-5289-48f1-85fb-3937229c3138,c5,c2,1784,?,i1,
1769500801.625043,RECEIVED,40a80524-39e4-4f9a-b299-cd88b5ad8f5d,699ed2b5-83df-4fb7-8aee-26a0f87ec1ef,c4,DROP,1456,p1,?,
1769500801.6544054,RECEIVED,7da47411-47f2-4216-a2fd-f5218a91abf1,920a3087-c51a-477f-9265-825e7fd1a376,c3,DROP,1440,p3,?,
1769500801.6991038,SENT,7da47411-47f2-4216-a2fd-f5218a91abf1,920a3087-c51a-477f-9265-825e7fd1a376,c3,DROP,1007,?,i3,
1769500801.699146,FORWARDED,7da47411-47f2-4216-a2fd-f5218a91abf1,920a3087-c51a-477f-9265-825e7fd1a376,c3,DROP,1007,?,i3,
1769500801.8093958,RECEIVED,64ff7d9d-ad4d-44c3-addb-0187ef007b74,00d2b13c-19fe-43c2-a12b-2471f3bcc552,c1,DROP,1440,p1,?,
1769500801.8671076,SENT,40a80524-39e4-4f9a-b299-cd88b5ad8f5d,699ed2b5-83df-4fb7-8aee-26a0f87ec1ef,c4,DROP,1018,?,i9,
1769500801.8671486,FORWARDED,40a80524-39e4-4f9a-b299-cd88b5ad8f5d,699ed2b5-83df-4fb7-8aee-26a0f87ec1ef,c4,DROP,1018,?,i9,
1769500801.8714898,SENT,eb516fe8-93a9-43d5-b352-67868adb4847,30127c10-d820-43e7-b20c-fe4ee8e6511b,c5,None,1604,?,i11,
1769500801.8715312,FORWARDED,eb516fe8-93a9-43d5-b352-67868adb4847,30127c10-d820-43e7-b20c-fe4ee8e6511b,c5,None,1604,?,i11,
1769500802.0878475,RECEIVED,e2ed0c89-4e8d-4c6d-a9fb-4aa22c22f8a8,bb7d1c2a-8d59-4c04-af94-9b1e41bb8000,c1,DROP,1440,p1,?,
1769500802.0902464,SENT,64ff7d9d-ad4d-44c3-addb-0187ef007b74,00d2b13c-19fe-43c2-a12b-2471f3bcc552,c1,DROP,1008,?,i8,
1769500802.0902867,FORWARDED,64ff7d9d-ad4d-44c3-addb-0187ef007b74,00d2b13c-19fe-43c2-a12b-2471f3bcc552,c1,DROP,1008,?,i8,
1769500802.1039505,RECEIVED,e9fa8987-360b-4061-b840-42946d4760a9,999361ba-d8c7-4a5f-87f6-f8dbb1b77732,c1,None,2236,p1,?,
1769500802.1097834,RECEIVED,ede63b4c-5cbf-4980-8c82-027904645113,bcbf5774-8e11-4212-8eac-f6cd3c3bcc49,c1,DROP,441,x6,?,
1769500802.2898061,SENT,e2ed0c89-4e8d-4c6d-a9fb-4aa22c22f8a8,bb7d1c2a-8d59-4c04-af94-9b1e41bb8000,c1,DROP,1006,?,i10,
1769500802.289848,FORWARDED,e2ed0c89-4e8d-4c6d-a9fb-4aa22c22f8a8,bb7d1c2a-8d59-4c04-af94-9b1e41bb8000,c1,DROP,1006,?,i10,
1769500802.3028293,RECEIVED,6839601a-06a2-4b0f-8b50-64bccd2bb20b,c4c0b8a8-d8cc-47d8-9ee7-45d100f79a96,c2,DROP,1452,p2,?,
1769500802.351331,RECEIVED,ae831230-2a74-4b1c-910d-75a77cd12c43,a8a67860-72c3-4c3a-9401-dc31c34eddae,c4,DROP,1440,p1,?,
1769500802.364767,RECEIVED,e02cfe2d-a1c9-4457-8195-c2602375eba3,2a143a9f-63db-461b-ab49-9d1b9974993f,c1,c5,2469,p1,?,
1769500802.4048264,SENT,e9fa8987-360b-4061-b840-42946d4760a9,999361ba-d8c7-4a5f-87f6-f8dbb1b77732,c1,None,1604,?,i6,
1769500802.405133,FORWARDED,e9fa8987-360b-4061-b840-42946d4760a9,999361ba-d8c7-4a5f-87f6-f8dbb1b77732,c1,None,1604,?,i6,
1769500802.4278293,RECEIVED,482a5d23-b7f7-437f-b6f4-339f5dfb6faf,526500d8-e415-4e96-900d-e2d077898d56,c1,None,2227,p1,?,
1769500802.5437968,SENT,e02cfe2d-a1c9-4457-8195-c2602375eba3,2a143a9f-63db-461b-ab49-9d1b9974993f,c1,c5,1778,?,i12,
1769500802.543833,FORWARDED,e02cfe2d-a1c9-4457-8195-c2602375eba3,2a143a9f-63db-461b-ab49-9d1b9974993f,c1,c5,1778,?,i12,
1769500802.5955524,RECEIVED,a0fe563c-315b-4aae-b731-04960f5b3cac,ea2c5d2f-978e-4a0f-9c5f-a39e13464357,c4,DROP,1439,p1,?,
1769500802.5956671,RECEIVED,c47d67a1-a379-4818-8332-87f8ade21cb1,43878bee-34cb-432e-9f9c-85b1130ce5a7,c5,DROP,1439,p2,?,
1769500802.6408467,RECEIVED,46cc5346-78d5-4e47-a17a-cab999726bc8,c86e7ff8-41b8-421f-b88a-41054af3a8e3,c1,DROP,441,x9,?,
1769500802.756225,SENT,6839601a-06a2-4b0f-8b50-64bccd2bb20b,c4c0b8a8-d8cc-47d8-9ee7-45d100f79a96,c2,DROP,1015,?,i12,
1769500802.7562666,FORWARDED,6839601a-06a2-4b0f-8b50-64bccd2bb20b,c4c0b8a8-d8cc-47d8-9ee7-45d100f79a96,c2,DROP,1015,?,i12,
1769500802.859444,RECEIVED,ff8f3a29-d68b-4e65-8cf8-af7a54218019,34b9c97f-0821-4eec-80c6-317834316b32,c5,DROP,1452,p2,?,
1769500802.8947003,RECEIVED,8b6e55ad-4d95-4f12-b39a-430d61e31c94,520200a1-45cc-45b6-ab55-4832189d4bf5,c1,DROP,442,x5,?,
1769500802.9424672,RECEIVED,c5042ff3-a8a0-4fe6-a1d3-322788203c5c,4a535ffc-538a-47e3-a5ef-34c4b56adcd9,c2,None,2227,p2,?,
1769500802.9529884,RECEIVED,b42bd213-69d4-40fe-a57a-19e713169d4d,81f6a8d1-5bb4-40dc-97db-34a6e277484e,c4,DROP,1439,p1,?,
1769500802.9654906,RECEIVED,a5994564-853b-484c-a357-97b3ad5d25b2,68cecbcb-a223-409d-bd05-22d0792f2e69,c3,DROP,1449,p3,?,
1769500803.0318503,RECEIVED,8006831c-657a-4bb1-8784-c23f1cac3eeb,2dbd5634-3269-4a47-a6bf-94f2f5fa6896,c3,DROP,1441,p3,?,
1769500803.0673888,SENT,a5994564-853b-484c-a357-97b3ad5d25b2,68cecbcb-a223-409d-bd05-22d0792f2e69,c3,DROP,1012,?,i4,
1769500803.067434,FORWARDED,a5994564-853b-484c-a357-97b3ad5d25b2,68cecbcb-a223-409d-bd05-22d0792f2e69,c3,DROP,1012,?,i4,
1769500803.0700848,SENT,8006831c-657a-4bb1-8784-c23f1cac3eeb,2dbd5634-3269-4a47-a6bf-94f2f5fa6896,c3,DROP,1008,?,i4,
1769500803.070126,FORWARDED,8006831c-657a-4bb1-8784-c23f1cac3eeb,2dbd5634-3269-4a47-a6bf-94f2f5fa6896,c3,DROP,1008,?,i4,
1769500803.0977147,RECEIVED,852814c8-0961-446f-9440-092c1da07299,c8199863-8172-4c89-b673-ecf75b965cda,c1,c5,2450,p1,?,
1769500803.1007342,SENT,ff8f3a29-d68b-4e65-8cf8-af7a54218019,34b9c97f-0821-4eec-80c6-317834316b32,c5,DROP,1016,?,i7,
1769500803.100777,FORWARDED,ff8f3a29-d68b-4e65-8cf8-af7a54218019,34b9c97f-0821-4eec-80c6-317834316b32,c5,DROP,1016,?,i7,
1769500803.1124308,SENT,a0fe563c-315b-4aae-b731-04960f5b3cac,ea2c5d2f-978e-4a0f-9c5f-a39e13464357,c4,DROP,1007,?,i9,
1769500803.1124742,FORWARDED,a0fe563c-315b-4aae-b731-04960f5b3cac,ea2c5d2f-978e-4a0f-9c5f-a39e13464357,c4,DROP,1007,?,i9,
1769500803.124813,RECEIVED,37dc5ec0-8124-4857-803b-ab8fe357353c,5ce7d047-7278-407f-a8e3-7512974228bb,c2,None,2235,p2,?,
1769500803.1837223,RECEIVED,c47c925c-d4ae-4006-a7b6-e33795055e03,f4f884cb-f489-4d61-9c23-b70476691875,c5,DROP,1451,p2,?,
1769500803.4082434,RECEIVED,c8703505-d8b3-4ec8-9b6b-0373d1c0a6f9,9180e4ec-fb1d-4c8d-8a6f-ce0bc2b570eb,c4,DROP,443,x6,?,
1769500803.436775,SENT,ae831230-2a74-4b1c-910d-75a77cd12c43,a8a67860-72c3-4c3a-9401-dc31c34eddae,c4,DROP,1008,?,i11,
1769500803.4369004,FORWARDED,ae831230-2a74-4b1c-910d-75a77cd12c43,a8a67860-72c3-4c3a-9401-dc31c34eddae,c4,DROP,1008,?,i11,
1769500803.6413176,RECEIVED,94fc07f4-364a-4abb-8064-11369b749ee9,103783aa-8e77-4967-a81d-c98e44f8de6f,c5,DROP,1450,p2,?,
1769500803.6444187,SENT,482a5d23-b7f7-437f-b6f4-339f5dfb6faf,526500d8-e415-4e96-900d-e2d077898d56,c1,None,1597,?,i1,
1769500803.6444566,FORWARDED,482a5d23-b7f7-437f-b6f4-339f5dfb6faf,526500d8-e415-4e96-900d-e2d077898d56,c1,None,1597,?,i1,
1769500803.7393503,SENT,c5042ff3-a8a0-4fe6-a1d3-322788203c5c,4a535ffc-538a-47e3-a5ef-34c4b56adcd9,c2,None,1599,?,i8,
1769500803.739388,FORWARDED,c5042ff3-a8a0-4fe6-a1d3-322788203c5c,4a535ffc-538a-47e3-a5ef-34c4b56adcd9,c2,None,1599,?,i8,
1769500803.764649,RECEIVED,28e2126a-5471-4580-8259-be38a7e80cc9,5c258e8c-ead4-4b96-aae5-c0b3d237db61,c1,DROP,1455,p1,?,
1769500803.7694008,RECEIVED,25aa5789-24af-42b1-a8bf-77a06b08c646,f4559b0d-32ff-4863-95f1-358207a9d282,c2,None,2227,p2,?,
1769500803.779157,SENT,28e2126a-5471-4580-8259-be38a7e80cc9,5c258e8c-ead4-4b96-aae5-c0b3d237db61,c1,DROP,1016,?,i10,
1769500803.7792113,FORWARDED,28e2126a-5471-4580-8259-be38a7e80cc9,5c258e8c-ead4-4b96-aae5-c0b3d237db61,c1,DROP,1016,?,i10,
1769500803.784009,SENT,c47c925c-d4ae-4006-a7b6-e33795055e03,f4f884cb-f489-4d61-9c23-b70476691875,c5,DROP,1016,?,i9,
1769500803.7840614,FORWARDED,c47c925c-d4ae-4006-a7b6-e33795055e03,f4f884cb-f489-4d61-9c23-b70476691875,c5,DROP,1016,?,i9,
1769500803.8684728,RECEIVED,c2491afe-e49c-47da-98b3-46974c6aa86b,d7adad07-cd4f-4f36-944f-5c3ffb5317fa,c5,DROP,1440,p2,?,
1769500803.8734276,RECEIVED,945e4c70-d93a-4f55-b539-6970c48052ae,e566b594-3df9-473d-a266-aa3da85a186a,c5,None,2237,p2,?,
1769500803.9202754,RECEIVED,6a503ae7-6203-423d-9374-1759f405d010,dfab2e84-999d-4ef1-8b43-c1dab3ede9c6,c2,DROP,1448,p2,?,
1769500803.925099,RECEIVED,cdb88734-eaec-4860-a09e-8d367ef3e0e7,b9fe9aea-16a0-4d83-a018-485cae6f128e,c3,c4,2463,p3,?,
1769500804.029691,RECEIVED,5e274deb-d54a-4ca9-ad1f-b833c00fdd64,db282964-2602-4d12-b814-9629d509e04b,c2,DROP,1451,p2,?,
1769500804.0578988,SENT,945e4c70-d93a-4f55-b539-6970c48052ae,e566b594-3df9-473d-a266-aa3da85a186a,c5,None,1603,?,i12,
1769500804.0579429,FORWARDED,945e4c70-d93a-4f55-b539-6970c48052ae,e566b594-3df9-473d-a266-aa3da85a186a,c5,None,1603,?,i12,
1769500804.086766,SENT,c2491afe-e49c-47da-98b3-46974c6aa86b,d7adad07-cd4f-4f36-944f-5c3ffb5317fa,c5,DROP,1007,?,i11,
1769500804.0868092,FORWARDED,c2491afe-e49c-47da-98b3-46974c6aa86b,d7adad07-cd4f-4f36-944f-5c3ffb5317fa,c5,DROP,1007,?,i11,
1769500804.0938845,RECEIVED,84553550-e2b2-4131-85e3-dfc41364ee6b,fea08a93-d19f-416f-9472-183e8e717e7a,c5,DROP,441,x3,?,
1769500804.1019382,RECEIVED,5792d4e1-1b06-415b-80c9-4f19a19376e3,97b7ff0d-9e76-44ea-8807-41ab1c525ec3,c5,DROP,442,x1,?,
1769500804.1692414,SENT,cdb88734-eaec-4860-a09e-8d367ef3e0e7,b9fe9aea-16a0-4d83-a018-485cae6f128e,c3,c4,1776,?,i3,
1769500804.1692815,FORWARDED,cdb88734-eaec-4860-a09e-8d367ef3e0e7,b9fe9aea-16a0-4d83-a018-485cae6f128e,c3,c4,1776,?,i3,
1769500804.1964157,SENT,94fc07f4-364a-4abb-8064-11369b749ee9,103783aa-8e77-4967-a81d-c98e44f8de6f,c5,DROP,1017,?,i7,
1769500804.1964552,FORWARDED,94fc07f4-364a-4abb-8064-11369b749ee9,103783aa-8e77-4967-a81d-c98e44f8de6f,c5,DROP,1017,?,i7,
1769500804.211206,SENT,25aa5789-24af-42b1-a8bf-77a06b08c646,f4559b0d-32ff-4863-95f1-358207a9d282,c2,None,1599,?,i3,
1769500804.2112606,FORWARDED,25aa5789-24af-42b1-a8bf-77a06b08c646,f4559b0d-32ff-4863-95f1-358207a9d282,c2,None,1599,?,i3,
1769500804.2275288,SENT,852814c8-0961-446f-9440-092c1da07299,c8199863-8172-4c89-b673-ecf75b965cda,c1,c5,1765,?,i4,
1769500804.2275724,FORWARDED,852814c8-0961-446f-9440-092c1da07299,c8199863-8172-4c89-b673-ecf75b965cda,c1,c5,1765,?,i4,
1769500804.2456517,SENT,b42bd213-69d4-40fe-a57a-19e713169d4d,81f6a8d1-5bb4-40dc-97db-34a6e277484e,c4,DROP,1007,?,i11,
1769500804.2456944,FORWARDED,b42bd213-69d4-40fe-a57a-19e713169d4d,81f6a8d1-5bb4-40dc-97db-34a6e277484e,c4,DROP,1007,?,i11,
1769500804.289165,SENT,c47d67a1-a379-4818-8332-87f8ade21cb1,43878bee-34cb-432e-9f9c-85b1130ce5a7,c5,DROP,1008,?,i8,
1769500804.2892075,FORWARDED,c47d67a1-a379-4818-8332-87f8ade21cb1,43878bee-34cb-432e-9f9c-85b1130ce5a7,c5,DROP,1008,?,i8,
1769500804.350795,SENT,5e274deb-d54a-4ca9-ad1f-b833c00fdd64,db282964-2602-4d12-b814-9629d509e04b,c2,DROP,1016,?,i9,
1769500804.3508346,FORWARDED,5e274deb-d54a-4ca9-ad1f-b833c00fdd64,db282964-2602-4d12-b814-9629d509e04b,c2,DROP,1016,?,i9,
1769500804.3986936,RECEIVED,1b2376b7-49ce-4a5d-b61a-8ba750669db3,3f86b363-e187-4c4e-9d39-eea4587d02c7,c4,DROP,1457,p1,?,
1769500804.4584036,RECEIVED,286d2f54-8034-435b-9b54-4e8532f8237e,cdb0bbf9-f91c-45ba-9878-8722dd6d63fa,c5,None,2224,p2,?,
1769500804.5125399,SENT,1b2376b7-49ce-4a5d-b61a-8ba750669db3,3f86b363-e187-4c4e-9d39-eea4587d02c7,c4,DROP,1020,?,i11,
1769500804.5125835,FORWARDED,1b2376b7-49ce-4a5d-b61a-8ba750669db3,3f86b363-e187-4c4e-9d39-eea4587d02c7,c4,DROP,1020,?,i11,
1769500804.5863955,SENT,6a503ae7-6203-423d-9374-1759f405d010,dfab2e84-999d-4ef1-8b43-c1dab3ede9c6,c2,DROP,1012,?,i11,
1769500804.586439,FORWARDED,6a503ae7-6203-423d-9374-1759f405d010,dfab2e84-999d-4ef1-8b43-c1dab3ede9c6,c2,DROP,1012,?,i11,
1769500804.6303012,SENT,37dc5ec0-8124-4857-803b-ab8fe357353c,5ce7d047-7278-407f-a8e3-7512974228bb,c2,None,1603,?,i2,
1769500804.630414,FORWARDED,37dc5ec0-8124-4857-803b-ab8fe357353c,5ce7d047-7278-407f-a8e3-7512974228bb,c2,None,1603,?,i2,
1769500804.693734,RECEIVED,6c5c27fe-b577-403b-af46-62fe5735d270,dec2c8be-d734-40fa-a9a1-81cec5fd372a,c5,DROP,1449,p2,?,
1769500804.7360141,SENT,6c5c27fe-b577-403b-af46-62fe5735d270,dec2c8be-d734-40fa-a9a1-81cec5fd372a,c5,DROP,1013,?,i7,
1769500804.736067,FORWARDED,6c5c27fe-b577-403b-af46-62fe5735d270,dec2c8be-d734-40fa-a9a1-81cec5fd372a,c5,DROP,1013,?,i7,
1769500805.0681086,SENT,286d2f54-8034-435b-9b54-4e8532f8237e,cdb0bbf9-f91c-45ba-9878-8722dd6d63fa,c5,None,1596,?,i10,
1769500805.0681536,FORWARDED,286d2f54-8034-435b-9b54-4e8532f8237e,cdb0bbf9-f91c-45ba-9878-8722dd6d63fa,c5,None,1596,?,i10,
1769500805.0843697,RECEIVED,a7c8ab44-cf7f-43d4-9222-debda377ac62,aceb24d7-b5d4-4e1c-91de-cdfaa32df34f,c5,DROP,1439,p2,?,
1769500805.2836967,RECEIVED,e4161aba-c92e-4027-adf3-47aabc239e33,7d253604-b560-40fe-a7fb-802a89a82fcd,c5,DROP,1444,p2,?,
1769500805.3307333,RECEIVED,2bcba7b1-fc73-46d0-a306-8bdbbb934d59,f84a1dc9-1bed-499b-8745-471839fb90ea,c2,DROP,1448,p2,?,
1769500805.4115791,RECEIVED,b04b4495-ec35-4069-a39b-22cfc42592fd,b783dd5e-febe-4b3d-ba15-565946e55583,c2,DROP,1452,p2,?,
1769500805.4380383,RECEIVED,982117ce-3c06-430d-81fc-0d48b48578ab,91014185-9044-4ee2-855e-d66a91b1208e,c3,c4,2463,p3,?,
1769500805.4499624,SENT,e4161aba-c92e-4027-adf3-47aabc239e33,7d253604-b560-40fe-a7fb-802a89a82fcd,c5,DROP,1011,?,i2,
1769500805.4500003,FORWARDED,e4161aba-c92e-4027-adf3-47aabc239e33,7d253604-b560-40fe-a7fb-802a89a82fcd,c5,DROP,1011,?,i2,
1769500805.4656234,RECEIVED,2408cdad-027e-4da9-8a85-5c97bbc4bea9,4e0610d4-3b23-4013-b2cc-434076a1267e,c4,DROP,1445,p1,?,
1769500805.4725068,RECEIVED,7f083668-8764-4c22-8a3e-06a037ce1841,eb1f128a-33e8-4f5f-9271-ff2ee3bea1fc,c2,DROP,1448,p2,?,
1769500805.5437307,RECEIVED,d8abb9cc-ebe7-4298-a9af-060524114535,ededbf5b-e48d-4de8-98e5-f0b83c550641,c3,DROP,1449,p3,?,
1769500805.583208,SENT,2bcba7b1-fc73-46d0-a306-8bdbbb934d59,f84a1dc9-1bed-499b-8745-471839fb90ea,c2,DROP,1012,?,i8,
1769500805.5832443,FORWARDED,2bcba7b1-fc73-46d0-a306-8bdbbb934d59,f84a1dc9-1bed-499b-8745-471839fb90ea,c2,DROP,1012,?,i8,
1769500805.5893056,RECEIVED,c2c5f708-8f24-4279-baa3-267b50c4ff31,9670445c-5ead-4389-b408-bdf56a4316df,c5,DROP,1452,p2,?,
1769500805.628784,RECEIVED,6bfa8736-2958-4cd0-ae33-0dc738bda91c,cf020fa5-fd8c-4b2c-a1ed-c493bc445ce1,c4,c3,2464,p1,?,
1769500805.706315,RECEIVED,f8c5ced6-8aa2-47b2-8d78-4542bea585e8,b4faacee-3dd9-4604-ba48-434b2c1ceece,c4,c3,2455,p1,?,
1769500805.7092361,RECEIVED,9880c906-010e-45b5-b63b-da86250b8ef3,9ad192f0-dc65-4698-9581-7f79137b9a75,c5,DROP,1449,p2,?,
1769500805.7664385,SENT,2408cdad-027e-4da9-8a85-5c97bbc4bea9,4e0610d4-3b23-4013-b2cc-434076a1267e,c4,DROP,1011,?,i11,
1769500805.7664835,FORWARDED,2408cdad-027e-4da9-8a85-5c97bbc4bea9,4e0610d4-3b23-4013-b2cc-434076a1267e,c4,DROP,1011,?,i11,
1769500805.7676492,SENT,6bfa8736-2958-4cd0-ae33-0dc738bda91c,cf020fa5-fd8c-4b2c-a1ed-c493bc445ce1,c4,c3,1776,?,i5,
1769500805.7676868,FORWARDED,6bfa8736-2958-4cd0-ae33-0dc738bda91c,cf020fa5-fd8c-4b2c-a1ed-c493bc445ce1,c4,c3,1776,?,i5,
1769500805.773911,SENT,9880c906-010e-45b5-b63b-da86250b8ef3,9ad192f0-dc65-4698-9581-7f79137b9a75,c5,DROP,1012,?,i10,
1769500805.7739537,FORWARDED,9880c906-010e-45b5-b63b-da86250b8ef3,9ad192f0-dc65-4698-9581-7f79137b9a75,c5,DROP,1012,?,i10,
1769500805.8338678,SENT,d8abb9cc-ebe7-4298-a9af-060524114535,ededbf5b-e48d-4de8-98e5-f0b83c550641,c3,DROP,1014,?,i12,
1769500805.8339112,FORWARDED,d8abb9cc-ebe7-4298-a9af-060524114535,ededbf5b-e48d-4de8-98e5-f0b83c550641,c3,DROP,1014,?,i12,
1769500805.8503673,SENT,b04b4495-ec35-4069-a39b-22cfc42592fd,b783dd5e-febe-4b3d-ba15-565946e55583,c2,DROP,1015,?,i6,
1769500805.8504457,FORWARDED,b04b4495-ec35-4069-a39b-22cfc42592fd,b783dd5e-febe-4b3d-ba15-565946e55583,c2,DROP,1015,?,i6,
1769500805.9031012,SENT,7f083668-8764-4c22-8a3e-06a037ce1841,eb1f128a-33e8-4f5f-9271-ff2ee3bea1fc,c2,DROP,1012,?,i8,
1769500805.903146,FORWARDED,7f083668-8764-4c22-8a3e-06a037ce1841,eb1f128a-33e8-4f5f-9271-ff2ee3bea1fc,c2,DROP,1012,?,i8,
1769500805.9056807,RECEIVED,ace9f4a5-1b04-455b-a22e-5b5cad021a8b,c2b304df-da7a-464c-86b4-080bfc3121d8,c1,DROP,1453,p1,?,
1769500805.9400854,SENT,ace9f4a5-1b04-455b-a22e-5b5cad021a8b,c2b304df-da7a-464c-86b4-080bfc3121d8,c1,DROP,1015,?,i11,
1769500805.940123,FORWARDED,ace9f4a5-1b04-455b-a22e-5b5cad021a8b,c2b304df-da7a-464c-86b4-080bfc3121d8,c1,DROP,1015,?,i11,
1769500805.9419036,SENT,982117ce-3c06-430d-81fc-0d48b48578ab,91014185-9044-4ee2-855e-d66a91b1208e,c3,c4,1775,?,i2,
1769500805.9419444,FORWARDED,982117ce-3c06-430d-81fc-0d48b48578ab,91014185-9044-4ee2-855e-d66a91b1208e,c3,c4,1775,?,i2,
1769500806.1145248,SENT,c2c5f708-8f24-4279-baa3-267b50c4ff31,9670445c-5ead-4389-b408-bdf56a4316df,c5,DROP,1017,?,i11,
1769500806.1145656,FORWARDED,c2c5f708-8f24-4279-baa3-267b50c4ff31,9670445c-5ead-4389-b408-bdf56a4316df,c5,DROP,1017,?,i11,
1769500806.1617208,RECEIVED,9cf5df23-e5b6-45f8-84f9-bc3fa1a38acf,8cd3cbd6-0254-4d53-bf57-abd15508fb22,c5,DROP,1441,p2,?,
1769500806.1853156,SENT,f8c5ced6-8aa2-47b2-8d78-4542bea585e8,b4faacee-3dd9-4604-ba48-434b2c1ceece,c4,c3,1768,?,i9,
1769500806.185355,FORWARDED,f8c5ced6-8aa2-47b2-8d78-4542bea585e8,b4faacee-3dd9-4604-ba48-434b2c1ceece,c4,c3,1768,?,i9,
1769500806.2198498,SENT,9cf5df23-e5b6-45f8-84f9-bc3fa1a38acf,8cd3cbd6-0254-4d53-bf57-abd15508fb22,c5,DROP,1008,?,i2,
1769500806.2198896,FORWARDED,9cf5df23-e5b6-45f8-84f9-bc3fa1a38acf,8cd3cbd6-0254-4d53-bf57-abd15508fb22,c5,DROP,1008,?,i2,
1769500806.4701078,RECEIVED,269ea09f-02c5-4cbf-a499-a233eacbd25e,538c12e1-d6e6-4bfa-a7ef-e2fc99acb2eb,c1,None,2223,p1,?,
1769500806.5334558,RECEIVED,2351b897-0c4d-4b5a-b03d-0fc65e180df0,e9265ce6-a7e7-4522-9706-d9629528922f,c3,DROP,1458,p3,?,
1769500806.6213877,SENT,2351b897-0c4d-4b5a-b03d-0fc65e180df0,e9265ce6-a7e7-4522-9706-d9629528922f,c3,DROP,1019,?,i10,
1769500806.6214285,FORWARDED,2351b897-0c4d-4b5a-b03d-0fc65e180df0,e9265ce6-a7e7-4522-9706-d9629528922f,c3,DROP,1019,?,i10,
1769500806.8056781,RECEIVED,514e84e3-7241-4df6-bf94-77ee4111e9b2,01f5f15e-cf4a-4169-a228-96c6753602a0,c2,c1,2464,p2,?,
1769500806.8081396,SENT,a7c8ab44-cf7f-43d4-9222-debda377ac62,aceb24d7-b5d4-4e1c-91de-cdfaa32df34f,c5,DROP,1006,?,i10,
1769500806.808178,FORWARDED,a7c8ab44-cf7f-43d4-9222-debda377ac62,aceb24d7-b5d4-4e1c-91de-cdfaa32df34f,c5,DROP,1006,?,i10,
1769500806.8387983,RECEIVED,d3b8588f-5dda-4e2f-a6a3-8cbab6a13967,68c6c9ed-b985-4a88-80d0-fe19ffc25600,c1,None,2225,p1,?,
1769500806.91066,SENT,d3b8588f-5dda-4e2f-a6a3-8cbab6a13967,68c6c9ed-b985-4a88-80d0-fe19ffc25600,c1,None,1594,?,i5,
1769500806.9107013,FORWARDED,d3b8588f-5dda-4e2f-a6a3-8cbab6a13967,68c6c9ed-b985-4a88-80d0-fe19ffc25600,c1,None,1594,?,i5,
1769500806.9379547,SENT,514e84e3-7241-4df6-bf94-77ee4111e9b2,01f5f15e-cf4a-4169-a228-96c6753602a0,c2,c1,1775,?,i6,
1769500806.9379969,FORWARDED,514e84e3-7241-4df6-bf94-77ee4111e9b2,01f5f15e-cf4a-4169-a228-96c6753602a0,c2,c1,1775,?,i6,
1769500806.9408958,RECEIVED,0fa1524b-cb57-4adc-b645-a499d02bf44f,c99e8356-9d3e-4679-bfcc-9e2bd25f4bff,c5,DROP,1440,p2,?,
1769500807.0334551,RECEIVED,62dc237d-cce8-488f-ab54-b8c54c380ba9,0d9c67c7-5a05-4121-acbb-7f121fa7f1b5,c3,None,2225,p3,?,
1769500807.0824232,SENT,269ea09f-02c5-4cbf-a499-a233eacbd25e,538c12e1-d6e6-4bfa-a7ef-e2fc99acb2eb,c1,None,1596,?,i7,
1769500807.0824637,FORWARDED,269ea09f-02c5-4cbf-a499-a233eacbd25e,538c12e1-d6e6-4bfa-a7ef-e2fc99acb2eb,c1,None,1596,?,i7,
1769500807.131021,RECEIVED,d2b562ba-bb8c-4ff8-916a-41ad622fe217,59547b3a-1c59-425c-bf9a-283595cdd7a9,c4,DROP,1445,p1,?,
1769500807.1888123,RECEIVED,5d7fe62f-32ed-41d9-ac6d-c6ab5853a50c,1c0d938d-61e2-48ce-9b26-cff388dd7f53,c5,DROP,1439,p2,?,
1769500807.1894736,SENT,d2b562ba-bb8c-4ff8-916a-41ad622fe217,59547b3a-1c59-425c-bf9a-283595cdd7a9,c4,DROP,1010,?,i4,
1769500807.1895833,FORWARDED,d2b562ba-bb8c-4ff8-916a-41ad622fe217,59547b3a-1c59-425c-bf9a-283595cdd7a9,c4,DROP,1010,?,i4,
1769500807.2817874,SENT,62dc237d-cce8-488f-ab54-b8c54c380ba9,0d9c67c7-5a05-4121-acbb-7f121fa7f1b5,c3,None,1596,?,i10,
1769500807.281828,FORWARDED,62dc237d-cce8-488f-ab54-b8c54c380ba9,0d9c67c7-5a05-4121-acbb-7f121fa7f1b5,c3,None,1596,?,i10,
1769500807.4577057,SENT,0fa1524b-cb57-4adc-b645-a499d02bf44f,c99e8356-9d3e-4679-bfcc-9e2bd25f4bff,c5,DROP,1007,?,i10,
1769500807.4577472,FORWARDED,0fa1524b-cb57-4adc-b645-a499d02bf44f,c99e8356-9d3e-4679-bfcc-9e2bd25f4bff,c5,DROP,1007,?,i10,
1769500807.5349422,RECEIVED,cd76d6b5-6a14-47fa-b6de-05852ab0e375,78f56060-e622-4150-8763-aee7d2bdaf81,c2,c1,2474,p2,?,
1769500807.6866412,RECEIVED,d42d42a2-0ef6-4a58-854b-72a60b28aec4,6f547a31-3335-4c99-aa84-f9868f8e96e0,c5,DROP,1438,p2,?,
1769500807.7274919,RECEIVED,92470574-b7a1-4e35-93d1-b089b6b35fae,53b7d22e-2e2f-45fe-934e-e734b38f3e77,c1,DROP,1443,p1,?,
1769500807.7716744,RECEIVED,14a78eed-26d1-4d58-9592-de3a37b46498,632418b4-7e7b-4a0e-9db6-2bbf001de061,c2,DROP,1444,p2,?,
1769500807.910857,RECEIVED,934db19a-ad4f-438d-a341-93d1bec59e08,129e65aa-2104-4cbe-800e-5074d1f905c9,c1,None,2241,p1,?,
1769500807.9231212,SENT,92470574-b7a1-4e35-93d1-b089b6b35fae,53b7d22e-2e2f-45fe-934e-e734b38f3e77,c1,DROP,1011,?,i6,
1769500807.9231646,FORWARDED,92470574-b7a1-4e35-93d1-b089b6b35fae,53b7d22e-2e2f-45fe-934e-e734b38f3e77,c1,DROP,1011,?,i6,
1769500807.9370992,SENT,934db19a-ad4f-438d-a341-93d1bec59e08,129e65aa-2104-4cbe-800e-5074d1f905c9,c1,None,1607,?,i6,
1769500807.937141,FORWARDED,934db19a-ad4f-438d-a341-93d1bec59e08,129e65aa-2104-4cbe-800e-5074d1f905c9,c1,None,1607,?,i6,
1769500808.0739627,SENT,5d7fe62f-32ed-41d9-ac6d-c6ab5853a50c,1c0d938d-61e2-48ce-9b26-cff388dd7f53,c5,DROP,1008,?,i3,
1769500808.0740042,FORWARDED,5d7fe62f-32ed-41d9-ac6d-c6ab5853a50c,1c0d938d-61e2-48ce-9b26-cff388dd7f53,c5,DROP,1008,?,i3,
1769500808.1050775,SENT,14a78eed-26d1-4d58-9592-de3a37b46498,632418b4-7e7b-4a0e-9db6-2bbf001de061,c2,DROP,1009,?,i4,
1769500808.1051192,FORWARDED,14a78eed-26d1-4d58-9592-de3a37b46498,632418b4-7e7b-4a0e-9db6-2bbf001de061,c2,DROP,1009,?,i4,
1769500808.1439652,SENT,cd76d6b5-6a14-47fa-b6de-05852ab0e375,78f56060-e622-4150-8763-aee7d2bdaf81,c2,c1,1783,?,i9,
1769500808.1440086,FORWARDED,cd76d6b5-6a14-47fa-b6de-05852ab0e375,78f56060-e622-4150-8763-aee7d2bdaf81,c2,c1,1783,?,i9,
1769500808.4302332,RECEIVED,566663f8-6ba1-4d2b-bc0f-483852c530f1,d851eee1-1149-44db-ac1e-ab880f89343d,c4,DROP,1438,p1,?,
1769500808.8006878,RECEIVED,61c44f5b-5a47-4a0a-8832-1a8841c5cef5,5c8ef422-89b0-44b8-863d-0aa9ead49ddb,c5,None,2225,p2,?,
1769500808.8040805,SENT,d42d42a2-0ef6-4a58-854b-72a60b28aec4,6f547a31-3335-4c99-aa84-f9868f8e96e0,c5,DROP,1008,?,i7,
1769500808.804539,FORWARDED,d42d42a2-0ef6-4a58-854b-72a60b28aec4,6f547a31-3335-4c99-aa84-f9868f8e96e0,c5,DROP,1008,?,i7,
1769500808.8346975,RECEIVED,068efda7-37fd-4e20-9ed1-b0efc5a9caba,5b57b745-e0e9-4aed-8517-198ff08fd4ec,c4,DROP,1452,p1,?,
1769500808.8728428,SENT,61c44f5b-5a47-4a0a-8832-1a8841c5cef5,5c8ef422-89b0-44b8-863d-0aa9ead49ddb,c5,None,1595,?,i10,
1769500808.8728878,FORWARDED,61c44f5b-5a47-4a0a-8832-1a8841c5cef5,5c8ef422-89b0-44b8-863d-0aa9ead49ddb,c5,None,1595,?,i10,
1769500808.8763158,RECEIVED,be46e264-24ac-478f-9c97-413eb5cd9664,779757d2-bc19-4fee-aa90-025fd7dad171,c2,c1,2464,p2,?,
1769500809.0248318,RECEIVED,568fc436-accb-4340-94bf-90eada96f385,574ba72a-7197-43fb-82a0-a899bd490fd7,c5,DROP,1447,p2,?,
1769500809.136846,SENT,068efda7-37fd-4e20-9ed1-b0efc5a9caba,5b57b745-e0e9-4aed-8517-198ff08fd4ec,c4,DROP,1015,?,i8,
1769500809.1368895,FORWARDED,068efda7-37fd-4e20-9ed1-b0efc5a9caba,5b57b745-e0e9-4aed-8517-198ff08fd4ec,c4,DROP,1015,?,i8,
1769500809.1642246,RECEIVED,ea75f879-379d-4851-92e1-71e0a2f1a960,4f6fa7fb-3f99-47df-8139-b9c01b77cb68,c5,DROP,440,x9,?,
1769500809.262323,SENT,be46e264-24ac-478f-9c97-413eb5cd9664,779757d2-bc19-4fee-aa90-025fd7dad171,c2,c1,1775,?,i10,
1769500809.2623646,FORWARDED,be46e264-24ac-478f-9c97-413eb5cd9664,779757d2-bc19-4fee-aa90-025fd7dad171,c2,c1,1775,?,i10,
1769500809.3031948,RECEIVED,494a7f99-572b-4d29-96f3-411c30636511,e2c4dad0-f7f4-47d0-92df-17a40de10d40,c2,DROP,1461,p2,?,
1769500809.3978183,RECEIVED,3597634f-c397-4e3e-8689-51c9c0426301,3b117b4b-4308-40ba-81d6-6d3e9d0d23cb,c3,DROP,441,x6,?,
1769500809.613016,SENT,568fc436-accb-4340-94bf-90eada96f385,574ba72a-7197-43fb-82a0-a899bd490fd7,c5,DROP,1014,?,i4,
1769500809.6130757,FORWARDED,568fc436-accb-4340-94bf-90eada96f385,574ba72a-7197-43fb-82a0-a899bd490fd7,c5,DROP,1014,?,i4,
1769500809.651642,RECEIVED,a379ecf0-e33d-4999-9c4f-d6923714df33,61119d50-3b73-48b6-ad2c-d21052309a71,c4,DROP,1439,p1,?,
1769500809.6718323,RECEIVED,5c6a22f7-272a-407b-9df3-9e6b9ff7aca6,4b7e8b88-60b7-4490-a4de-9424b1ce8223,c3,DROP,440,x1,?,
1769500809.6830442,RECEIVED,e20924a9-fb62-4994-b248-878d97355d8c,baba5713-b761-4cb7-bdd4-bbe5c241e889,c3,DROP,1447,p3,?,
1769500809.723685,SENT,566663f8-6ba1-4d2b-bc0f-483852c530f1,d851eee1-1149-44db-ac1e-ab880f89343d,c4,DROP,1007,?,i5,
1769500809.7237277,FORWARDED,566663f8-6ba1-4d2b-bc0f-483852c530f1,d851eee1-1149-44db-ac1e-ab880f89343d,c4,DROP,1007,?,i5,
1769500809.7595007,SENT,494a7f99-572b-4d29-96f3-411c30636511,e2c4dad0-f7f4-47d0-92df-17a40de10d40,c2,DROP,1022,?,i12,
1769500809.7595432,FORWARDED,494a7f99-572b-4d29-96f3-411c30636511,e2c4dad0-f7f4-47d0-92df-17a40de10d40,c2,DROP,1022,?,i12,
1769500809.8878484,SENT,a379ecf0-e33d-4999-9c4f-d6923714df33,61119d50-3b73-48b6-ad2c-d21052309a71,c4,DROP,1007,?,i4,
1769500809.8878913,FORWARDED,a379ecf0-e33d-4999-9c4f-d6923714df33,61119d50-3b73-48b6-ad2c-d21052309a71,c4,DROP,1007,?,i4,
1769500810.076784,RECEIVED,8f222a8f-5d25-497f-90b9-a8821a2ea60d,9d3c6d9a-717f-4c3c-9e98-8f599ad21b7f,c1,DROP,1444,p1,?,
1769500810.1482227,RECEIVED,b53b1ce7-5ae0-42a8-8639-a58f49334904,8ab95aaa-49a3-4043-a082-44438932eec3,c3,DROP,1440,p3,?,
1769500810.3806095,SENT,8f222a8f-5d25-497f-90b9-a8821a2ea60d,9d3c6d9a-717f-4c3c-9e98-8f599ad21b7f,c1,DROP,1009,?,i1,
1769500810.3806498,FORWARDED,8f222a8f-5d25-497f-90b9-a8821a2ea60d,9d3c6d9a-717f-4c3c-9e98-8f599ad21b7f,c1,DROP,1009,?,i1,
1769500810.4326124,RECEIVED,e55bf4a8-702f-4d19-bf47-4275b8427f4d,7eaa65c7-862c-4edf-adf7-ef5f12ae4a92,c2,DROP,1444,p2,?,
1769500810.474088,RECEIVED,75e740da-b08d-4cba-a26b-145d2ee5647d,ceb4400f-0b7c-4787-a885-91d14320c29c,c3,DROP,1440,p3,?,
1769500810.5286524,SENT,b53b1ce7-5ae0-42a8-8639-a58f49334904,8ab95aaa-49a3-4043-a082-44438932eec3,c3,DROP,1008,?,i7,
1769500810.5286896,FORWARDED,b53b1ce7-5ae0-42a8-8639-a58f49334904,8ab95aaa-49a3-4043-a082-44438932eec3,c3,DROP,1008,?,i7,
1769500810.5438783,RECEIVED,f4aa709f-658a-4447-9921-1021996f9d42,ae4b06a0-140d-452b-a842-dc1a1da777a6,c5,DROP,1449,p2,?,
1769500810.5723293,SENT,f4aa709f-658a-4447-9921-1021996f9d42,ae4b06a0-140d-452b-a842-dc1a1da777a6,c5,DROP,1012,?,i3,
1769500810.5723684,FORWARDED,f4aa709f-658a-4447-9921-1021996f9d42,ae4b06a0-140d-452b-a842-dc1a1da777a6,c5,DROP,1012,?,i3,
1769500810.5748322,SENT,e55bf4a8-702f-4d19-bf47-4275b8427f4d,7eaa65c7-862c-4edf-adf7-ef5f12ae4a92,c2,DROP,1009,?,i3,
1769500810.5748734,FORWARDED,e55bf4a8-702f-4d19-bf47-4275b8427f4d,7eaa65c7-862c-4edf-adf7-ef5f12ae4a92,c2,DROP,1009,?,i3,
1769500810.7570388,SENT,e20924a9-fb62-4994-b248-878d97355d8c,baba5713-b761-4cb7-bdd4-bbe5c241e889,c3,DROP,1013,?,i8,
1769500810.7570922,FORWARDED,e20924a9-fb62-4994-b248-878d97355d8c,baba5713-b761-4cb7-bdd4-bbe5c241e889,c3,DROP,1013,?,i8,
1769500810.7805765,RECEIVED,f279fe61-eda3-407a-819c-a0f2820005c9,1da650fb-e2be-4624-94be-b688e383d1ac,c2,DROP,1441,p2,?,
1769500810.802065,RECEIVED,b72f43e4-cfd9-4ebe-a101-2f2f7dc7adea,fb9e92bd-cf8c-4c89-af78-e125cf8ed70c,c4,DROP,1440,p1,?,
1769500810.8722165,RECEIVED,9e2baa18-6888-4d85-ad87-c29ebb742ee4,1b2fff9d-ac86-4e27-950e-09222c2cb178,c4,DROP,445,x10,?,
1769500810.8867629,SENT,f279fe61-eda3-407a-819c-a0f2820005c9,1da650fb-e2be-4624-94be-b688e383d1ac,c2,DROP,1007,?,i12,
1769500810.8868048,FORWARDED,f279fe61-eda3-407a-819c-a0f2820005c9,1da650fb-e2be-4624-94be-b688e383d1ac,c2,DROP,1007,?,i12,
1769500810.9046524,RECEIVED,66ea7512-9541-4172-8981-d27caf8471ed,f9d42e43-ee6c-45ee-a29e-87c11f80a65f,c2,DROP,1435,p2,?,
1769500810.9177678,RECEIVED,44feea6b-1061-4241-9467-c0047f29c5f2,3a052632-dd15-45fa-91f0-b80b5ad9eaeb,c3,DROP,1448,p3,?,
1769500810.9201167,RECEIVED,d488b659-17d0-4191-9a7a-5156e7f6c24f,9a9bb7e9-0a8a-40b0-ae15-50fca3cffa19,c2,DROP,1441,p2,?,
1769500810.9480643,RECEIVED,1f7ec083-bcc7-4d31-8e7d-13c076de63d8,1a177e8e-b78a-4820-93bb-ab3f0f0016f0,c3,None,2232,p3,?,
1769500810.975412,SENT,b72f43e4-cfd9-4ebe-a101-2f2f7dc7adea,fb9e92bd-cf8c-4c89-af78-e125cf8ed70c,c4,DROP,1008,?,i8,
1769500810.9754674,FORWARDED,b72f43e4-cfd9-4ebe-a101-2f2f7dc7adea,fb9e92bd-cf8c-4c89-af78-e125cf8ed70c,c4,DROP,1008,?,i8,
1769500810.9829555,RECEIVED,72ef5ab6-e0b3-4f65-8661-ab0f29f2fc2e,bce9c1e0-b5e7-4e05-8d86-cf92a85521a3,c3,DROP,1453,p3,?,
1769500811.0477068,SENT,72ef5ab6-e0b3-4f65-8661-ab0f29f2fc2e,bce9c1e0-b5e7-4e05-8d86-cf92a85521a3,c3,DROP,1015,?,i3,
1769500811.0477507,FORWARDED,72ef5ab6-e0b3-4f65-8661-ab0f29f2fc2e,bce9c1e0-b5e7-4e05-8d86-cf92a85521a3,c3,DROP,1015,?,i3,
1769500811.0519946,SENT,d488b659-17d0-4191-9a7a-5156e7f6c24f,9a9bb7e9-0a8a-40b0-ae15-50fca3cffa19,c2,DROP,1007,?,i11,
1769500811.052035,FORWARDED,d488b659-17d0-4191-9a7a-5156e7f6c24f,9a9bb7e9-0a8a-40b0-ae15-50fca3cffa19,c2,DROP,1007,?,i11,
1769500811.0625572,SENT,66ea7512-9541-4172-8981-d27caf8471ed,f9d42e43-ee6c-45ee-a29e-87c11f80a65f,c2,DROP,1005,?,i7,
1769500811.0625987,FORWARDED,66ea7512-9541-4172-8981-d27caf8471ed,f9d42e43-ee6c-45ee-a29e-87c11f80a65f,c2,DROP,1005,?,i7,
1769500811.070255,SENT,44feea6b-1061-4241-9467-c0047f29c5f2,3a052632-dd15-45fa-91f0-b80b5ad9eaeb,c3,DROP,1013,?,i6,
1769500811.0702932,FORWARDED,44feea6b-1061-4241-9467-c0047f29c5f2,3a052632-dd15-45fa-91f0-b80b5ad9eaeb,c3,DROP,1013,?,i6,
1769500811.0973835,SENT,1f7ec083-bcc7-4d31-8e7d-13c076de63d8,1a177e8e-b78a-4820-93bb-ab3f0f0016f0,c3,None,1600,?,i9,
1769500811.0974276,FORWARDED,1f7ec083-bcc7-4d31-8e7d-13c076de63d8,1a177e8e-b78a-4820-93bb-ab3f0f0016f0,c3,None,1600,?,i9,
1769500811.2563863,RECEIVED,a041e938-8962-45a1-8ce1-5634c89aa3fd,c62bae13-9357-4f5d-85ff-2cf671f80d6a,c2,DROP,1451,p2,?,
1769500811.2636058,RECEIVED,06b8a595-6638-46f0-8718-73ca44972516,4cce1b7b-3b11-4e3e-8e79-81571523fa05,c3,DROP,1440,p3,?,
1769500811.304307,RECEIVED,281e78c4-bfcd-49d7-ad3a-50a9a6dba538,aa022e97-c151-4bf4-83eb-375d65cc0086,c5,None,2230,p2,?,
1769500811.4866238,RECEIVED,2a491159-f9aa-4601-8ab3-f6cb06acbbd0,ebd9fcd6-665d-44c1-acd8-a2b43e55c1d2,c3,DROP,1439,p3,?,
1769500811.5425055,SENT,06b8a595-6638-46f0-8718-73ca44972516,4cce1b7b-3b11-4e3e-8e79-81571523fa05,c3,DROP,1007,?,i5,
1769500811.5425467,FORWARDED,06b8a595-6638-46f0-8718-73ca44972516,4cce1b7b-3b11-4e3e-8e79-81571523fa05,c3,DROP,1007,?,i5,
1769500811.7367158,RECEIVED,c6b8f151-d972-4ea8-8242-b4b29c338051,f7de3a27-80bc-4c81-af28-0a96f65b79f7,c3,DROP,441,x2,?,
1769500811.8721657,SENT,75e740da-b08d-4cba-a26b-145d2ee5647d,ceb4400f-0b7c-4787-a885-91d14320c29c,c3,DROP,1008,?,i12,
1769500811.8722064,FORWARDED,75e740da-b08d-4cba-a26b-145d2ee5647d,ceb4400f-0b7c-4787-a885-91d14320c29c,c3,DROP,1008,?,i12,
1769500811.9784439,SENT,281e78c4-bfcd-49d7-ad3a-50a9a6dba538,aa022e97-c151-4bf4-83eb-375d65cc0086,c5,None,1600,?,i5,
1769500811.9784865,FORWARDED,281e78c4-bfcd-49d7-ad3a-50a9a6dba538,aa022e97-c151-4bf4-83eb-375d65cc0086,c5,None,1600,?,i5,
1769500812.000562,RECEIVED,c210ac09-0940-4cbc-ab88-1aa0c958ca53,2affe2f0-9240-42f5-b73c-ff3abaa18b2a,c4,DROP,1453,p1,?,
1769500812.0805435,SENT,c210ac09-0940-4cbc-ab88-1aa0c958ca53,2affe2f0-9240-42f5-b73c-ff3abaa18b2a,c4,DROP,1016,?,i11,
1769500812.0805845,FORWARDED,c210ac09-0940-4cbc-ab88-1aa0c958ca53,2affe2f0-9240-42f5-b73c-ff3abaa18b2a,c4,DROP,1016,?,i11,
1769500812.1641808,SENT,a041e938-8962-45a1-8ce1-5634c89aa3fd,c62bae13-9357-4f5d-85ff-2cf671f80d6a,c2,DROP,1015,?,i3,
1769500812.164224,FORWARDED,a041e938-8962-45a1-8ce1-5634c89aa3fd,c62bae13-9357-4f5d-85ff-2cf671f80d6a,c2,DROP,1015,?,i3,
1769500812.1683564,RECEIVED,c74a9af6-745d-40c9-bd94-c68b35ed58a0,de5b708d-832e-40b9-bb2f-0ed36c68670b,c1,DROP,1439,p1,?,
1769500812.5300348,RECEIVED,e3ecebc8-c1b4-4373-bc5c-98ca8821fd98,1a8a43e9-40c0-45e6-b416-f3cbe0e7c476,c2,c1,2459,p2,?,
1769500812.5757592,SENT,c74a9af6-745d-40c9-bd94-c68b35ed58a0,de5b708d-832e-40b9-bb2f-0ed36c68670b,c1,DROP,1008,?,i1,
1769500812.575795,FORWARDED,c74a9af6-745d-40c9-bd94-c68b35ed58a0,de5b708d-832e-40b9-bb2f-0ed36c68670b,c1,DROP,1008,?,i1,
1769500812.5958614,RECEIVED,6c805028-ba01-4f14-b0b2-c70779dcf748,89f2cd7a-d312-4b38-80b1-b777fda1f61e,c3,DROP,1442,p3,?,
1769500812.6827404,SENT,6c805028-ba01-4f14-b0b2-c70779dcf748,89f2cd7a-d312-4b38-80b1-b777fda1f61e,c3,DROP,1007,?,i1,
1769500812.6827927,FORWARDED,6c805028-ba01-4f14-b0b2-c70779dcf748,89f2cd7a-d312-4b38-80b1-b777fda1f61e,c3,DROP,1007,?,i1,
1769500812.726798,RECEIVED,66bdf9b4-8933-4c26-9fff-1121f846513e,6ad40eea-a4b5-47f7-bce0-a22717408054,c1,c5,2455,p1,?,
1769500812.7274265,RECEIVED,21c887f0-22f5-49db-8684-79fe1fb7d1e8,a7f57f83-c944-4a58-9214-6bb547c9f6b0,c3,DROP,1435,p3,?,
1769500812.8239017,SENT,21c887f0-22f5-49db-8684-79fe1fb7d1e8,a7f57f83-c944-4a58-9214-6bb547c9f6b0,c3,DROP,1004,?,i8,
1769500812.823947,FORWARDED,21c887f0-22f5-49db-8684-79fe1fb7d1e8,a7f57f83-c944-4a58-9214-6bb547c9f6b0,c3,DROP,1004,?,i8,
1769500812.875984,RECEIVED,b7b657d2-184a-4bde-93ec-2acde95d60ac,9c152d8f-0feb-43e4-92d2-615aa464cd5e,c1,DROP,1449,p1,?,
1769500812.924857,SENT,66bdf9b4-8933-4c26-9fff-1121f846513e,6ad40eea-a4b5-47f7-bce0-a22717408054,c1,c5,1769,?,i2,
1769500812.9248981,FORWARDED,66bdf9b4-8933-4c26-9fff-1121f846513e,6ad40eea-a4b5-47f7-bce0-a22717408054,c1,c5,1769,?,i2,
1769500813.1275573,SENT,b7b657d2-184a-4bde-93ec-2acde95d60ac,9c152d8f-0feb-43e4-92d2-615aa464cd5e,c1,DROP,1012,?,i10,
1769500813.1275995,FORWARDED,b7b657d2-184a-4bde-93ec-2acde95d60ac,9c152d8f-0feb-43e4-92d2-615aa464cd5e,c1,DROP,1012,?,i10,
1769500813.1295557,SENT,2a491159-f9aa-4601-8ab3-f6cb06acbbd0,ebd9fcd6-665d-44c1-acd8-a2b43e55c1d2,c3,DROP,1007,?,i1,
1769500813.129595,FORWARDED,2a491159-f9aa-4601-8ab3-f6cb06acbbd0,ebd9fcd6-665d-44c1-acd8-a2b43e55c1d2,c3,DROP,1007,?,i1,
1769500813.2670279,RECEIVED,1a0c3b45-18f0-4f1c-9683-1ea1fe44076d,8736473f-4a15-49c4-b9da-63f87b448a41,c4,DROP,441,x9,?,
1769500813.4806163,RECEIVED,e820fa05-09cc-40db-b40a-e60bf08501d8,1b0307b9-7858-4740-b979-5961072fced5,c5,DROP,1443,p2,?,
1769500813.5229464,RECEIVED,e5c098df-1343-4af4-8ae7-104e077b102d,70a1f104-6b59-44cb-a5f3-cae0b03e1db5,c4,DROP,1452,p1,?,
1769500813.554307,RECEIVED,fff0f8e2-982e-431d-bc8c-fe4fd381fdfa,7ca6dbde-1f5a-4707-91e5-48ab672e1ded,c1,DROP,1440,p1,?,
1769500813.5768025,SENT,e5c098df-1343-4af4-8ae7-104e077b102d,70a1f104-6b59-44cb-a5f3-cae0b03e1db5,c4,DROP,1016,?,i9,
1769500813.5768397,FORWARDED,e5c098df-1343-4af4-8ae7-104e077b102d,70a1f104-6b59-44cb-a5f3-cae0b03e1db5,c4,DROP,1016,?,i9,
1769500813.6224215,RECEIVED,375667cb-56a7-44d3-86de-fc3ff318d6c0,0ced49a9-dd28-4902-adcb-cf7d22c2b4a4,c5,c2,2448,p2,?,
1769500813.6774738,RECEIVED,93fc5c2d-85a5-40cd-a01e-c170b13daeab,d75b988a-6ae1-4d00-9390-098e92edb73f,c2,DROP,1448,p2,?,
1769500813.7706895,RECEIVED,e9864cab-754a-4ea7-b25b-545487aab24b,b3cdfee5-6da5-4c35-8d30-5b7edce8271c,c3,DROP,1452,p3,?,
1769500813.7800598,SENT,93fc5c2d-85a5-40cd-a01e-c170b13daeab,d75b988a-6ae1-4d00-9390-098e92edb73f,c2,DROP,1013,?,i3,
1769500813.780103,FORWARDED,93fc5c2d-85a5-40cd-a01e-c170b13daeab,d75b988a-6ae1-4d00-9390-098e92edb73f,c2,DROP,1013,?,i3,
1769500813.7822435,RECEIVED,cb5cedef-0c1d-4c51-9fa9-b849a12f8181,5d713938-aa2c-4421-b2dc-1016b9aabc19,c5,None,2236,p2,?,
1769500813.7979639,RECEIVED,0ebc4475-29e8-4bd3-8fb7-94f5dc54b1ac,1dd6a026-b4ef-44e4-8c0d-7f01cf9fc691,c2,c1,2453,p2,?,
1769500813.8659835,RECEIVED,320b47a4-fd67-4d0b-9cc8-a7d94cdedf5c,68514ac5-7ec0-45af-bc58-45f6427ef65b,c3,DROP,441,x9,?,
1769500813.8734126,SENT,0ebc4475-29e8-4bd3-8fb7-94f5dc54b1ac,1dd6a026-b4ef-44e4-8c0d-7f01cf9fc691,c2,c1,1767,?,i8,
1769500813.8734548,FORWARDED,0ebc4475-29e8-4bd3-8fb7-94f5dc54b1ac,1dd6a026-b4ef-44e4-8c0d-7f01cf9fc691,c2,c1,1767,?,i8,
1769500813.8756638,SENT,e9864cab-754a-4ea7-b25b-545487aab24b,b3cdfee5-6da5-4c35-8d30-5b7edce8271c,c3,DROP,1017,?,i6,
1769500813.8757017,FORWARDED,e9864cab-754a-4ea7-b25b-545487aab24b,b3cdfee5-6da5-4c35-8d30-5b7edce8271c,c3,DROP,1017,?,i6,
1769500813.9799683,SENT,375667cb-56a7-44d3-86de-fc3ff318d6c0,0ced49a9-dd28-4902-adcb-cf7d22c2b4a4,c5,c2,1764,?,i7,
1769500813.980008,FORWARDED,375667cb-56a7-44d3-86de-fc3ff318d6c0,0ced49a9-dd28-4902-adcb-cf7d22c2b4a4,c5,c2,1764,?,i7,
1769500814.0075023,SENT,fff0f8e2-982e-431d-bc8c-fe4fd381fdfa,7ca6dbde-1f5a-4707-91e5-48ab672e1ded,c1,DROP,1008,?,i10,
1769500814.0075471,FORWARDED,fff0f8e2-982e-431d-bc8c-fe4fd381fdfa,7ca6dbde-1f5a-4707-91e5-48ab672e1ded,c1,DROP,1008,?,i10,
1769500814.0998907,SENT,cb5cedef-0c1d-4c51-9fa9-b849a12f8181,5d713938-aa2c-4421-b2dc-1016b9aabc19,c5,None,1604,?,i8,
1769500814.0999467,FORWARDED,cb5cedef-0c1d-4c51-9fa9-b849a12f8181,5d713938-aa2c-4421-b2dc-1016b9aabc19,c5,None,1604,?,i8,
1769500814.1946917,RECEIVED,725cad90-ba9c-4287-8026-57735f84e026,b9b01b97-de13-4c03-bd13-92fb094c5427,c1,DROP,1440,p1,?,
1769500814.2386398,RECEIVED,8e5b0c2b-50f9-4c53-95dc-f5c888f9c61b,322c3b2f-9058-44d0-bd9c-4eac292a30e4,c2,DROP,1441,p2,?,
1769500814.2483292,SENT,e3ecebc8-c1b4-4373-bc5c-98ca8821fd98,1a8a43e9-40c0-45e6-b416-f3cbe0e7c476,c2,c1,1771,?,i7,
1769500814.2483726,FORWARDED,e3ecebc8-c1b4-4373-bc5c-98ca8821fd98,1a8a43e9-40c0-45e6-b416-f3cbe0e7c476,c2,c1,1771,?,i7,
1769500814.325584,RECEIVED,c4f8fc20-3545-4297-b0dd-d46c0d1820a2,6c81a1c6-92e8-4587-9283-48ebe53a0256,c1,DROP,1447,p1,?,
1769500814.4477746,RECEIVED,7c58ad50-3ff4-43ab-8708-19df70276bc5,c273f150-2dba-4aed-bb5e-d542febbb3f6,c5,DROP,1440,p2,?,
1769500814.4813948,SENT,8e5b0c2b-50f9-4c53-95dc-f5c888f9c61b,322c3b2f-9058-44d0-bd9c-4eac292a30e4,c2,DROP,1007,?,i11,
1769500814.4814355,FORWARDED,8e5b0c2b-50f9-4c53-95dc-f5c888f9c61b,322c3b2f-9058-44d0-bd9c-4eac292a30e4,c2,DROP,1007,?,i11,
1769500814.5528476,RECEIVED,9b84ab11-9990-4c2f-a7e2-104a3a0d218a,4583a565-0e61-4538-a0f1-e77f0f8366d2,c4,c3,2462,p1,?,
1769500814.5666955,SENT,725cad90-ba9c-4287-8026-57735f84e026,b9b01b97-de13-4c03-bd13-92fb094c5427,c1,DROP,1007,?,i2,
1769500814.5667353,FORWARDED,725cad90-ba9c-4287-8026-57735f84e026,b9b01b97-de13-4c03-bd13-92fb094c5427,c1,DROP,1007,?,i2,
1769500814.640171,SENT,e820fa05-09cc-40db-b40a-e60bf08501d8,1b0307b9-7858-4740-b979-5961072fced5,c5,DROP,1011,?,i9,
1769500814.6402109,FORWARDED,e820fa05-09cc-40db-b40a-e60bf08501d8,1b0307b9-7858-4740-b979-5961072fced5,c5,DROP,1011,?,i9,
1769500814.6880715,RECEIVED,754d573b-13b5-4c29-b824-24da17b73997,37eb8913-f043-4387-a183-febff88a1a7d,c3,DROP,440,x4,?,
1769500814.7009504,RECEIVED,ed65422f-c2e7-414b-a457-6209a24e6530,7026453b-6825-44f1-adf6-79ae867be1e4,c5,DROP,442,x1,?,
1769500814.7623656,SENT,7c58ad50-3ff4-43ab-8708-19df70276bc5,c273f150-2dba-4aed-bb5e-d542febbb3f6,c5,DROP,1007,?,i2,
1769500814.7624063,FORWARDED,7c58ad50-3ff4-43ab-8708-19df70276bc5,c273f150-2dba-4aed-bb5e-d542febbb3f6,c5,DROP,1007,?,i2,
1769500815.1527488,RECEIVED,8dfd46b2-d0c9-4701-9ecc-e727f5286ac6,88356faa-6dee-4db3-952b-da5c81f05a1d,c4,DROP,1459,p1,?,
1769500815.184293,RECEIVED,54791727-3113-4b3e-8fff-cc4c71aab273,23dce9e3-12cb-4e1c-98d5-22b65575012b,c1,c5,2467,p1,?,
1769500815.195439,SENT,8dfd46b2-d0c9-4701-9ecc-e727f5286ac6,88356faa-6dee-4db3-952b-da5c81f05a1d,c4,DROP,1019,?,i10,
1769500815.1954813,FORWARDED,8dfd46b2-d0c9-4701-9ecc-e727f5286ac6,88356faa-6dee-4db3-952b-da5c81f05a1d,c4,DROP,1019,?,i10,
1769500815.223655,SENT,c4f8fc20-3545-4297-b0dd-d46c0d1820a2,6c81a1c6-92e8-4587-9283-48ebe53a0256,c1,DROP,1012,?,i5,
1769500815.2236958,FORWARDED,c4f8fc20-3545-4297-b0dd-d46c0d1820a2,6c81a1c6-92e8-4587-9283-48ebe53a0256,c1,DROP,1012,?,i5,
1769500815.5731595,RECEIVED,10d24780-7688-424f-b210-d84a3a160e26,9d1fdced-eeff-4012-b800-28fb9fd5e13b,c5,DROP,1444,p2,?,
1769500815.6549582,RECEIVED,ebbd0f61-daf0-4b9b-b26d-5a53d907b98e,e3e669bf-82e1-45c3-b1a6-ce3e54f08673,c3,DROP,441,x3,?,
1769500815.7259326,RECEIVED,17b85ce3-cd46-46d4-8e70-79a524ce7379,7de053f4-e6a1-4db9-9084-50f357f07c67,c4,DROP,1439,p1,?,
1769500815.7266853,RECEIVED,34920c66-1715-424d-9100-0aace2cf0a83,3cc453bc-78be-49d5-9723-84b1a8c61383,c3,None,2236,p3,?,
1769500815.728553,RECEIVED,fa6dcbda-c5d4-4e06-a1f3-c9c2dde2c0ac,43b63a3f-15b7-4a53-8a36-f5ae71305d8f,c2,None,2236,p2,?,
1769500815.9067898,SENT,fa6dcbda-c5d4-4e06-a1f3-c9c2dde2c0ac,43b63a3f-15b7-4a53-8a36-f5ae71305d8f,c2,None,1604,?,i7,
1769500815.9068322,FORWARDED,fa6dcbda-c5d4-4e06-a1f3-c9c2dde2c0ac,43b63a3f-15b7-4a53-8a36-f5ae71305d8f,c2,None,1604,?,i7,
1769500815.9497426,SENT,34920c66-1715-424d-9100-0aace2cf0a83,3cc453bc-78be-49d5-9723-84b1a8c61383,c3,None,1605,?,i8,
1769500815.949787,FORWARDED,34920c66-1715-424d-9100-0aace2cf0a83,3cc453bc-78be-49d5-9723-84b1a8c61383,c3,None,1605,?,i8,
1769500815.9798317,RECEIVED,3c9272ba-426d-4d8a-a93d-430de3ad42a6,e1a4a2dc-ab42-46a4-bc58-1a7061cdaf97,c4,DROP,1438,p1,?,
1769500816.031683,RECEIVED,3ff32162-5553-4f56-b6a0-68a909603fa6,51a1d159-8f96-44e9-801a-080ee78c63ca,c2,DROP,441,x12,?,
1769500816.0954392,RECEIVED,64f42a58-7707-4b5c-93b7-8f59f732d243,e8e970b3-4af8-426b-bec3-c0dd40646919,c3,DROP,1448,p3,?,
1769500816.0971968,SENT,54791727-3113-4b3e-8fff-cc4c71aab273,23dce9e3-12cb-4e1c-98d5-22b65575012b,c1,c5,1779,?,i12,
1769500816.0972395,FORWARDED,54791727-3113-4b3e-8fff-cc4c71aab273,23dce9e3-12cb-4e1c-98d5-22b65575012b,c1,c5,1779,?,i12,
1769500816.1387353,SENT,17b85ce3-cd46-46d4-8e70-79a524ce7379,7de053f4-e6a1-4db9-9084-50f357f07c67,c4,DROP,1008,?,i9,
1769500816.1387758,FORWARDED,17b85ce3-cd46-46d4-8e70-79a524ce7379,7de053f4-e6a1-4db9-9084-50f357f07c67,c4,DROP,1008,?,i9,
1769500816.2127943,RECEIVED,628ceaee-d298-4186-89c2-45bdd6bd6ca2,ba638dd2-e1d8-4816-ba3c-d5ecdf087b64,c2,DROP,441,x6,?,
1769500816.2336147,SENT,9b84ab11-9990-4c2f-a7e2-104a3a0d218a,4583a565-0e61-4538-a0f1-e77f0f8366d2,c4,c3,1776,?,i6,
1769500816.2336578,FORWARDED,9b84ab11-9990-4c2f-a7e2-104a3a0d218a,4583a565-0e61-4538-a0f1-e77f0f8366d2,c4,c3,1776,?,i6,
1769500816.2634118,RECEIVED,0c362c8a-7636-4f36-b517-ebb8d3b3e5a5,1c4c0110-9f5c-4604-a69e-142b61f80363,c3,None,2235,p3,?,
1769500816.292473,RECEIVED,7b26378e-c633-449a-b538-0098391243ba,43295d87-c7c9-47b5-8f39-56b331981436,c3,DROP,441,x4,?,
1769500816.3601987,RECEIVED,9047034c-8f28-488e-b90c-410189f6fae1,e42beac4-ce65-48f5-a87d-911dbc7fcc12,c1,None,2224,p1,?,
1769500816.3758502,SENT,64f42a58-7707-4b5c-93b7-8f59f732d243,e8e970b3-4af8-426b-bec3-c0dd40646919,c3,DROP,1013,?,i9,
1769500816.3758924,FORWARDED,64f42a58-7707-4b5c-93b7-8f59f732d243,e8e970b3-4af8-426b-bec3-c0dd40646919,c3,DROP,1013,?,i9,
1769500816.3996778,SENT,0c362c8a-7636-4f36-b517-ebb8d3b3e5a5,1c4c0110-9f5c-4604-a69e-142b61f80363,c3,None,1604,?,i8,
1769500816.3997202,FORWARDED,0c362c8a-7636-4f36-b517-ebb8d3b3e5a5,1c4c0110-9f5c-4604-a69e-142b61f80363,c3,None,1604,?,i8,
1769500816.4558756,RECEIVED,293b6790-6064-4862-92d4-e7b2b74f2008,f4b38875-5d19-42f0-9225-b14fc010c2a8,c3,DROP,441,x8,?,
1769500816.5632663,RECEIVED,d4f56550-8290-473c-ace8-f611fd1c2c88,d5bffe72-f025-44c3-a5aa-991290b82ed5,c3,DROP,1439,p3,?,
1769500816.609447,SENT,10d24780-7688-424f-b210-d84a3a160e26,9d1fdced-eeff-4012-b800-28fb9fd5e13b,c5,DROP,1011,?,i12,
1769500816.6094875,FORWARDED,10d24780-7688-424f-b210-d84a3a160e26,9d1fdced-eeff-4012-b800-28fb9fd5e13b,c5,DROP,1011,?,i12,
1769500816.652024,RECEIVED,1ea001f6-63c9-4e47-9fcb-07e3b8716ca7,3abfd8d1-98f7-4334-92c1-3932a5b6dc59,c4,DROP,1440,p1,?,
1769500816.714547,RECEIVED,24f59878-3dd3-4d8e-b855-6cef5536e914,78b9f406-e07a-4f09-bcdb-6e21de781057,c4,DROP,1447,p1,?,
1769500816.8223839,SENT,9047034c-8f28-488e-b90c-410189f6fae1,e42beac4-ce65-48f5-a87d-911dbc7fcc12,c1,None,1595,?,i7,
1769500816.822429,FORWARDED,9047034c-8f28-488e-b90c-410189f6fae1,e42beac4-ce65-48f5-a87d-911dbc7fcc12,c1,None,1595,?,i7,
1769500816.829749,SENT,1ea001f6-63c9-4e47-9fcb-07e3b8716ca7,3abfd8d1-98f7-4334-92c1-3932a5b6dc59,c4,DROP,1008,?,i1,
1769500816.829794,FORWARDED,1ea001f6-63c9-4e47-9fcb-07e3b8716ca7,3abfd8d1-98f7-4334-92c1-3932a5b6dc59,c4,DROP,1008,?,i1,
1769500816.9628816,RECEIVED,e9afc59d-7bae-493f-8e2d-166dc8aa6b78,cf65b32b-4dd7-42a3-b6f1-38209d1c547e,c2,DROP,1440,p2,?,
1769500816.9787316,RECEIVED,7206c0b4-35bb-4992-b331-ca4b2997b2f6,72d0ba16-3b11-4014-9a7a-2307e07487dd,c2,DROP,1446,p2,?,
1769500817.031845,SENT,e9afc59d-7bae-493f-8e2d-166dc8aa6b78,cf65b32b-4dd7-42a3-b6f1-38209d1c547e,c2,DROP,1006,?,i9,
1769500817.0318887,FORWARDED,e9afc59d-7bae-493f-8e2d-166dc8aa6b78,cf65b32b-4dd7-42a3-b6f1-38209d1c547e,c2,DROP,1006,?,i9,
1769500817.1378915,SENT,d4f56550-8290-473c-ace8-f611fd1c2c88,d5bffe72-f025-44c3-a5aa-991290b82ed5,c3,DROP,1007,?,i8,
1769500817.1379328,FORWARDED,d4f56550-8290-473c-ace8-f611fd1c2c88,d5bffe72-f025-44c3-a5aa-991290b82ed5,c3,DROP,1007,?,i8,
1769500817.16642,SENT,3c9272ba-426d-4d8a-a93d-430de3ad42a6,e1a4a2dc-ab42-46a4-bc58-1a7061cdaf97,c4,DROP,1008,?,i2,
1769500817.1664598,FORWARDED,3c9272ba-426d-4d8a-a93d-430de3ad42a6,e1a4a2dc-ab42-46a4-bc58-1a7061cdaf97,c4,DROP,1008,?,i2,
1769500817.2075453,RECEIVED,b5e97d9a-1eb1-4d8d-93bd-ceb9d894f999,65b3b86c-8ebd-43b5-9d35-56c8fcf519a9,c4,DROP,442,x9,?,
1769500817.2079694,RECEIVED,0e03f633-277a-4322-a2a7-b594085b95b0,44a406a7-7f4a-4b72-a2d0-f0d8d8173eed,c2,DROP,1440,p2,?,
1769500817.2590334,SENT,24f59878-3dd3-4d8e-b855-6cef5536e914,78b9f406-e07a-4f09-bcdb-6e21de781057,c4,DROP,1012,?,i1,
1769500817.2590864,FORWARDED,24f59878-3dd3-4d8e-b855-6cef5536e914,78b9f406-e07a-4f09-bcdb-6e21de781057,c4,DROP,1012,?,i1,
1769500817.5427673,RECEIVED,4f70e77b-6942-4a32-a675-dc059205a5ed,841cc8f4-a45c-4daf-809e-84cfa8ec81af,c4,DROP,1448,p1,?,
1769500817.7959964,SENT,4f70e77b-6942-4a32-a675-dc059205a5ed,841cc8f4-a45c-4daf-809e-84cfa8ec81af,c4,DROP,1014,?,i7,
1769500817.7960598,FORWARDED,4f70e77b-6942-4a32-a675-dc059205a5ed,841cc8f4-a45c-4daf-809e-84cfa8ec81af,c4,DROP,1014,?,i7,
1769500817.9750044,RECEIVED,d9f3b2c2-fd46-460d-a68a-50a8bd1f7908,d5e73a1a-a20d-4517-896d-d93feba2c5ae,c2,c1,2480,p2,?,
1769500818.1633525,SENT,0e03f633-277a-4322-a2a7-b594085b95b0,44a406a7-7f4a-4b72-a2d0-f0d8d8173eed,c2,DROP,1008,?,i12,
1769500818.1633976,FORWARDED,0e03f633-277a-4322-a2a7-b594085b95b0,44a406a7-7f4a-4b72-a2d0-f0d8d8173eed,c2,DROP,1008,?,i12,
1769500818.1750078,RECEIVED,42823ea5-4d2b-4d4b-adb5-b66b93e2ace2,d1ff5836-a1c3-4a3c-9b60-7efcb4681fc8,c3,DROP,1443,p3,?,
1769500818.198857,SENT,d9f3b2c2-fd46-460d-a68a-50a8bd1f7908,d5e73a1a-a20d-4517-896d-d93feba2c5ae,c2,c1,1787,?,i5,
1769500818.1988938,FORWARDED,d9f3b2c2-fd46-460d-a68a-50a8bd1f7908,d5e73a1a-a20d-4517-896d-d93feba2c5ae,c2,c1,1787,?,i5,
1769500818.2873113,RECEIVED,e3a649a7-4499-44cc-90b7-691f95f12c4e,43d32147-2c06-42a4-a60c-618791ba1ed0,c3,DROP,1440,p3,?,
1769500818.3923385,SENT,42823ea5-4d2b-4d4b-adb5-b66b93e2ace2,d1ff5836-a1c3-4a3c-9b60-7efcb4681fc8,c3,DROP,1010,?,i4,
1769500818.3925524,FORWARDED,42823ea5-4d2b-4d4b-adb5-b66b93e2ace2,d1ff5836-a1c3-4a3c-9b60-7efcb4681fc8,c3,DROP,1010,?,i4,
1769500818.682419,SENT,e3a649a7-4499-44cc-90b7-691f95f12c4e,43d32147-2c06-42a4-a60c-618791ba1ed0,c3,DROP,1007,?,i12,
1769500818.6824563,FORWARDED,e3a649a7-4499-44cc-90b7-691f95f12c4e,43d32147-2c06-42a4-a60c-618791ba1ed0,c3,DROP,1007,?,i12,
1769500819.3444192,RECEIVED,a2426b7a-2d14-4258-81a4-50a684986478,f9372c00-57af-4b76-a1c8-d885e6396bd5,c3,DROP,1455,p3,?,
1769500819.5817351,RECEIVED,c13d801f-b508-4899-9c93-d2ba6a702a58,b4627f82-da9f-4428-b48a-bf7fd274108c,c5,c2,2464,p2,?,
1769500819.6567948,SENT,c13d801f-b508-4899-9c93-d2ba6a702a58,b4627f82-da9f-4428-b48a-bf7fd274108c,c5,c2,1776,?,i4,
1769500819.6568387,FORWARDED,c13d801f-b508-4899-9c93-d2ba6a702a58,b4627f82-da9f-4428-b48a-bf7fd274108c,c5,c2,1776,?,i4,
1769500819.958141,RECEIVED,114b7f6e-08e2-4684-9c85-a11e3a81893f,c940c7ef-4426-498a-b9ef-8cff67cf13cf,c5,c2,2449,p2,?,
1769500820.0312681,RECEIVED,9d0129b9-676c-41ab-af7c-cff6f51a2ee6,fb4ca6b0-2824-4a28-972e-583f05056eed,c4,None,2240,p1,?,
1769500820.0862799,SENT,114b7f6e-08e2-4684-9c85-a11e3a81893f,c940c7ef-4426-498a-b9ef-8cff67cf13cf,c5,c2,1763,?,i12,
1769500820.0863214,FORWARDED,114b7f6e-08e2-4684-9c85-a11e3a81893f,c940c7ef-4426-498a-b9ef-8cff67cf13cf,c5,c2,1763,?,i12,
1769500820.1080341,RECEIVED,f234eac3-b96d-486a-828f-88969d984a84,c42ab08b-b6dd-4a78-b53a-5f211b4f67b8,c1,DROP,1451,p1,?,
1769500820.1498444,RECEIVED,0fc4411d-4d4e-4781-985b-9a3c587e7c56,eef41d27-13b5-464d-9045-8508cefed327,c2,None,2248,p2,?,
1769500820.1619382,RECEIVED,20704388-95fb-4a75-8555-127077ff170b,55f20645-0a81-4c8d-9f56-8054d96bc5f3,c5,DROP,1450,p2,?,
1769500820.2287745,RECEIVED,0690844b-d0e8-45c0-a26e-697a8ece10e8,3ca0f54c-aecc-4374-9a12-90d925bd20d4,c2,c1,2451,p2,?,
1769500820.292825,SENT,9d0129b9-676c-41ab-af7c-cff6f51a2ee6,fb4ca6b0-2824-4a28-972e-583f05056eed,c4,None,1607,?,i6,
1769500820.292866,FORWARDED,9d0129b9-676c-41ab-af7c-cff6f51a2ee6,fb4ca6b0-2824-4a28-972e-583f05056eed,c4,None,1607,?,i6,
1769500820.312594,RECEIVED,cc1a5f67-1bde-4e71-a42f-443500a851f2,33d82355-de3b-4dd2-88d5-17346130dc5f,c3,DROP,1448,p3,?,
1769500820.3606956,SENT,a2426b7a-2d14-4258-81a4-50a684986478,f9372c00-57af-4b76-a1c8-d885e6396bd5,c3,DROP,1020,?,i10,
1769500820.3607478,FORWARDED,a2426b7a-2d14-4258-81a4-50a684986478,f9372c00-57af-4b76-a1c8-d885e6396bd5,c3,DROP,1020,?,i10,
1769500820.3868825,RECEIVED,30114153-17a7-446d-8738-862640e71a9e,736b536b-ff7e-425d-8b54-b3ff3a97a3bb,c5,None,2235,p2,?,
1769500820.5412824,RECEIVED,cca23764-0480-4522-843d-2baccf8a0110,69d5d62c-dd85-4db6-abf5-a0ec667bab06,c3,DROP,1434,p3,?,
1769500820.5535703,SENT,cc1a5f67-1bde-4e71-a42f-443500a851f2,33d82355-de3b-4dd2-88d5-17346130dc5f,c3,DROP,1013,?,i8,
1769500820.5536118,FORWARDED,cc1a5f67-1bde-4e71-a42f-443500a851f2,33d82355-de3b-4dd2-88d5-17346130dc5f,c3,DROP,1013,?,i8,
1769500820.6488461,SENT,20704388-95fb-4a75-8555-127077ff170b,55f20645-0a81-4c8d-9f56-8054d96bc5f3,c5,DROP,1017,?,i4,
1769500820.6488898,FORWARDED,20704388-95fb-4a75-8555-127077ff170b,55f20645-0a81-4c8d-9f56-8054d96bc5f3,c5,DROP,1017,?,i4,
1769500820.6834261,RECEIVED,bd6c95cc-f2b0-46c1-8ed4-f45fcd4bb43f,a3c54f6e-1aa6-4144-a140-49c0f52faa73,c2,DROP,442,x10,?,
1769500820.764516,SENT,f234eac3-b96d-486a-828f-88969d984a84,c42ab08b-b6dd-4a78-b53a-5f211b4f67b8,c1,DROP,1016,?,i2,
1769500820.7645595,FORWARDED,f234eac3-b96d-486a-828f-88969d984a84,c42ab08b-b6dd-4a78-b53a-5f211b4f67b8,c1,DROP,1016,?,i2,
1769500820.7778769,RECEIVED,08bb9426-77c3-4b21-af38-443e6000d4d7,0602d2d5-0d35-45f2-99cc-963e0a6c9c2e,c5,DROP,1448,p2,?,
1769500820.7843938,SENT,7206c0b4-35bb-4992-b331-ca4b2997b2f6,72d0ba16-3b11-4014-9a7a-2307e07487dd,c2,DROP,1012,?,i7,
1769500820.784436,FORWARDED,7206c0b4-35bb-4992-b331-ca4b2997b2f6,72d0ba16-3b11-4014-9a7a-2307e07487dd,c2,DROP,1012,?,i7,
1769500820.9065611,RECEIVED,4542f0ee-cb18-43f8-9a71-b480a4a12795,bad3fde1-2dbd-4cd4-b9cd-fbb9c156edda,c2,DROP,1446,p2,?,
1769500820.922005,SENT,08bb9426-77c3-4b21-af38-443e6000d4d7,0602d2d5-0d35-45f2-99cc-963e0a6c9c2e,c5,DROP,1014,?,i6,
1769500820.922155,FORWARDED,08bb9426-77c3-4b21-af38-443e6000d4d7,0602d2d5-0d35-45f2-99cc-963e0a6c9c2e,c5,DROP,1014,?,i6,
1769500820.9385183,RECEIVED,f5748f94-c7d9-4ab6-9b04-9269022140e6,d2b2372e-c614-4274-86f9-4b98a0b07c54,c3,DROP,1443,p3,?,
1769500821.0306866,RECEIVED,c2fe8430-6cc8-4a66-ba5e-053477ae3687,9b584a91-89a6-4aa6-b1ca-32036c5b6f45,c4,DROP,1448,p1,?,
1769500821.1396997,RECEIVED,7eac994a-2850-4ff2-90c7-2bbba26116f9,c1978906-dcb2-4689-9ad3-40246be52297,c5,c2,2456,p2,?,
1769500821.2258546,SENT,7eac994a-2850-4ff2-90c7-2bbba26116f9,c1978906-dcb2-4689-9ad3-40246be52297,c5,c2,1769,?,i9,
1769500821.2258961,FORWARDED,7eac994a-2850-4ff2-90c7-2bbba26116f9,c1978906-dcb2-4689-9ad3-40246be52297,c5,c2,1769,?,i9,
1769500821.2500749,SENT,30114153-17a7-446d-8738-862640e71a9e,736b536b-ff7e-425d-8b54-b3ff3a97a3bb,c5,None,1603,?,i6,
1769500821.250114,FORWARDED,30114153-17a7-446d-8738-862640e71a9e,736b536b-ff7e-425d-8b54-b3ff3a97a3bb,c5,None,1603,?,i6,
1769500821.3448386,SENT,0690844b-d0e8-45c0-a26e-697a8ece10e8,3ca0f54c-aecc-4374-9a12-90d925bd20d4,c2,c1,1765,?,i9,
1769500821.3448806,FORWARDED,0690844b-d0e8-45c0-a26e-697a8ece10e8,3ca0f54c-aecc-4374-9a12-90d925bd20d4,c2,c1,1765,?,i9,
1769500821.3549614,SENT,0fc4411d-4d4e-4781-985b-9a3c587e7c56,eef41d27-13b5-464d-9045-8508cefed327,c2,None,1612,?,i12,
1769500821.3550084,FORWARDED,0fc4411d-4d4e-4781-985b-9a3c587e7c56,eef41d27-13b5-464d-9045-8508cefed327,c2,None,1612,?,i12,
1769500821.3837013,SENT,f5748f94-c7d9-4ab6-9b04-9269022140e6,d2b2372e-c614-4274-86f9-4b98a0b07c54,c3,DROP,1011,?,i8,
1769500821.3837438,FORWARDED,f5748f94-c7d9-4ab6-9b04-9269022140e6,d2b2372e-c614-4274-86f9-4b98a0b07c54,c3,DROP,1011,?,i8,
1769500821.443776,RECEIVED,b050f077-d623-4447-b1a0-b86dfa44d4c5,bf056083-68e2-4bdf-b8db-70ff708f04e2,c1,DROP,1448,p1,?,
1769500821.51372,RECEIVED,43833ffc-9343-4fc7-a14f-f07f348250cd,357534e3-086a-4201-8034-e40ca4d19569,c1,None,2240,p1,?,
1769500821.5839124,SENT,b050f077-d623-4447-b1a0-b86dfa44d4c5,bf056083-68e2-4bdf-b8db-70ff708f04e2,c1,DROP,1012,?,i5,
1769500821.5839539,FORWARDED,b050f077-d623-4447-b1a0-b86dfa44d4c5,bf056083-68e2-4bdf-b8db-70ff708f04e2,c1,DROP,1012,?,i5,
1769500821.6553733,SENT,cca23764-0480-4522-843d-2baccf8a0110,69d5d62c-dd85-4db6-abf5-a0ec667bab06,c3,DROP,1005,?,i6,
1769500821.655433,FORWARDED,cca23764-0480-4522-843d-2baccf8a0110,69d5d62c-dd85-4db6-abf5-a0ec667bab06,c3,DROP,1005,?,i6,
1769500821.7104487,RECEIVED,9b4d9c32-fa35-42cb-85af-69271d05e508,d407cf5e-7457-4c82-8196-d4dc88a5b814,c4,None,2232,p1,?,
1769500821.7682266,RECEIVED,456a2890-15c6-4ea9-99f0-5484441ecef3,480573b2-1360-49b5-ac1d-e941a17b503c,c2,None,2225,p2,?,
1769500821.8494911,SENT,c2fe8430-6cc8-4a66-ba5e-053477ae3687,9b584a91-89a6-4aa6-b1ca-32036c5b6f45,c4,DROP,1012,?,i11,
1769500821.8495286,FORWARDED,c2fe8430-6cc8-4a66-ba5e-053477ae3687,9b584a91-89a6-4aa6-b1ca-32036c5b6f45,c4,DROP,1012,?,i11,
1769500821.8559568,SENT,43833ffc-9343-4fc7-a14f-f07f348250cd,357534e3-086a-4201-8034-e40ca4d19569,c1,None,1608,?,i8,
1769500821.8559992,FORWARDED,43833ffc-9343-4fc7-a14f-f07f348250cd,357534e3-086a-4201-8034-e40ca4d19569,c1,None,1608,?,i8,
1769500821.862883,SENT,456a2890-15c6-4ea9-99f0-5484441ecef3,480573b2-1360-49b5-ac1d-e941a17b503c,c2,None,1595,?,i12,
1769500821.8629248,FORWARDED,456a2890-15c6-4ea9-99f0-5484441ecef3,480573b2-1360-49b5-ac1d-e941a17b503c,c2,None,1595,?,i12,
1769500821.8929744,SENT,9b4d9c32-fa35-42cb-85af-69271d05e508,d407cf5e-7457-4c82-8196-d4dc88a5b814,c4,None,1600,?,i1,
1769500821.8930175,FORWARDED,9b4d9c32-fa35-42cb-85af-69271d05e508,d407cf5e-7457-4c82-8196-d4dc88a5b814,c4,None,1600,?,i1,
1769500822.0046704,RECEIVED,e9418a37-ffa8-4ecd-a145-0c3240df5382,5e6d50f2-04ef-48c0-896a-d4ad15801671,c1,DROP,442,x12,?,
1769500822.035154,RECEIVED,2f4d06b8-96b9-4439-82f9-b076a5d1fd0f,3701709c-bd1a-416b-a41d-df9cafab276c,c4,c3,2455,p1,?,
1769500822.1029875,RECEIVED,a138a392-d85d-4555-a08f-dae3bfbc53d6,b1e47610-efcd-4e65-8a7d-58f2f2c37e82,c4,DROP,1436,p1,?,
1769500822.3556383,RECEIVED,cb16dd0d-f4f7-463d-aada-647aa551e186,e3c53060-ef51-4bb7-9e99-c6e0a4281121,c5,DROP,1443,p2,?,
1769500822.4136992,RECEIVED,d071aa0d-9b6d-4f19-ac25-9ea0a9ce629e,fccaf12c-67d8-4ca1-804c-89ef3d82ce27,c2,None,2240,p2,?,
1769500822.4933615,SENT,2f4d06b8-96b9-4439-82f9-b076a5d1fd0f,3701709c-bd1a-416b-a41d-df9cafab276c,c4,c3,1770,?,i6,
1769500822.493403,FORWARDED,2f4d06b8-96b9-4439-82f9-b076a5d1fd0f,3701709c-bd1a-416b-a41d-df9cafab276c,c4,c3,1770,?,i6,
1769500822.5193398,SENT,a138a392-d85d-4555-a08f-dae3bfbc53d6,b1e47610-efcd-4e65-8a7d-58f2f2c37e82,c4,DROP,1003,?,i3,
1769500822.519383,FORWARDED,a138a392-d85d-4555-a08f-dae3bfbc53d6,b1e47610-efcd-4e65-8a7d-58f2f2c37e82,c4,DROP,1003,?,i3,
1769500822.5654173,SENT,d071aa0d-9b6d-4f19-ac25-9ea0a9ce629e,fccaf12c-67d8-4ca1-804c-89ef3d82ce27,c2,None,1607,?,i5,
1769500822.5654595,FORWARDED,d071aa0d-9b6d-4f19-ac25-9ea0a9ce629e,fccaf12c-67d8-4ca1-804c-89ef3d82ce27,c2,None,1607,?,i5,
1769500822.719095,SENT,4542f0ee-cb18-43f8-9a71-b480a4a12795,bad3fde1-2dbd-4cd4-b9cd-fbb9c156edda,c2,DROP,1012,?,i8,
1769500822.719158,FORWARDED,4542f0ee-cb18-43f8-9a71-b480a4a12795,bad3fde1-2dbd-4cd4-b9cd-fbb9c156edda,c2,DROP,1012,?,i8,
1769500822.8479595,RECEIVED,e4f88d3a-108c-4286-a099-048016bde56f,faf630d1-344f-4f9e-9420-0794e52c6056,c3,DROP,1439,p3,?,
1769500823.0059495,RECEIVED,08cc8208-b7ff-4f4e-bbce-2cd1a73ab5db,be615a2f-a366-4ea8-82fd-876815c2d540,c4,DROP,441,x6,?,
1769500823.0062947,RECEIVED,b8e59131-a6bc-4585-90ec-628c8a0829f6,971bdbc2-5ed4-4a41-a3aa-74b847d63cc9,c3,c4,2459,p3,?,
1769500823.0150669,RECEIVED,5aab5a4a-f5ef-4c5e-b844-d4a70924878e,b90fbffc-ee56-43d9-8d52-68594e1461a9,c4,DROP,1440,p1,?,
1769500823.1593497,SENT,5aab5a4a-f5ef-4c5e-b844-d4a70924878e,b90fbffc-ee56-43d9-8d52-68594e1461a9,c4,DROP,1006,?,i7,
1769500823.1593926,FORWARDED,5aab5a4a-f5ef-4c5e-b844-d4a70924878e,b90fbffc-ee56-43d9-8d52-68594e1461a9,c4,DROP,1006,?,i7,
1769500823.3883574,SENT,b8e59131-a6bc-4585-90ec-628c8a0829f6,971bdbc2-5ed4-4a41-a3aa-74b847d63cc9,c3,c4,1772,?,i3,
1769500823.388398,FORWARDED,b8e59131-a6bc-4585-90ec-628c8a0829f6,971bdbc2-5ed4-4a41-a3aa-74b847d63cc9,c3,c4,1772,?,i3,
1769500823.5771966,SENT,cb16dd0d-f4f7-463d-aada-647aa551e186,e3c53060-ef51-4bb7-9e99-c6e0a4281121,c5,DROP,1009,?,i5,
1769500823.5772324,FORWARDED,cb16dd0d-f4f7-463d-aada-647aa551e186,e3c53060-ef51-4bb7-9e99-c6e0a4281121,c5,DROP,1009,?,i5,
1769500823.6423614,RECEIVED,b6c049d5-1885-41c1-b75a-3f90637355f6,6a9d63b5-bc09-4bad-b359-d4888aff297c,c2,DROP,1439,p2,?,
1769500823.846015,RECEIVED,8b435b42-210f-4461-9b7f-56b9c0a27a71,f66fc87e-ba33-443d-8554-3c961694c03c,c4,DROP,441,x5,?,
1769500823.8728156,RECEIVED,a32d8758-c39c-4141-a7c7-9caf226d746f,0b3531e6-e711-4d74-9194-db54e0613edf,c2,DROP,1448,p2,?,
1769500823.905701,RECEIVED,630e3fad-f212-4ed6-bcc5-870d50df2781,9a3bd245-bce6-4af8-8a8e-460df684be18,c3,None,2231,p3,?,
1769500824.02634,SENT,a32d8758-c39c-4141-a7c7-9caf226d746f,0b3531e6-e711-4d74-9194-db54e0613edf,c2,DROP,1012,?,i1,
1769500824.026383,FORWARDED,a32d8758-c39c-4141-a7c7-9caf226d746f,0b3531e6-e711-4d74-9194-db54e0613edf,c2,DROP,1012,?,i1,
1769500824.172954,RECEIVED,f0d15a48-f113-4b92-a236-025326a49664,16d7fb86-f7eb-40f4-b4d5-4978d233ff75,c1,DROP,441,x9,?,
1769500824.1850195,RECEIVED,12760269-cc56-4afc-8775-df96e95e63ce,58f561ab-99b1-43d1-885e-a584812cec46,c5,DROP,1448,p2,?,
1769500824.2304528,SENT,b6c049d5-1885-41c1-b75a-3f90637355f6,6a9d63b5-bc09-4bad-b359-d4888aff297c,c2,DROP,1007,?,i7,
1769500824.2304935,FORWARDED,b6c049d5-1885-41c1-b75a-3f90637355f6,6a9d63b5-bc09-4bad-b359-d4888aff297c,c2,DROP,1007,?,i7,
1769500824.2850451,RECEIVED,dbd1cc70-d9ad-4717-8f8e-c0d2dd7cfd70,1987e67b-499d-4402-a930-355b86a4f289,c1,c5,2476,p1,?,
1769500824.3558936,SENT,630e3fad-f212-4ed6-bcc5-870d50df2781,9a3bd245-bce6-4af8-8a8e-460df684be18,c3,None,1600,?,i5,
1769500824.3559372,FORWARDED,630e3fad-f212-4ed6-bcc5-870d50df2781,9a3bd245-bce6-4af8-8a8e-460df684be18,c3,None,1600,?,i5,
1769500824.371418,SENT,dbd1cc70-d9ad-4717-8f8e-c0d2dd7cfd70,1987e67b-499d-4402-a930-355b86a4f289,c1,c5,1783,?,i10,
1769500824.371453,FORWARDED,dbd1cc70-d9ad-4717-8f8e-c0d2dd7cfd70,1987e67b-499d-4402-a930-355b86a4f289,c1,c5,1783,?,i10,
1769500824.4184558,SENT,12760269-cc56-4afc-8775-df96e95e63ce,58f561ab-99b1-43d1-885e-a584812cec46,c5,DROP,1014,?,i3,
1769500824.4184954,FORWARDED,12760269-cc56-4afc-8775-df96e95e63ce,58f561ab-99b1-43d1-885e-a584812cec46,c5,DROP,1014,?,i3,
1769500824.4436514,RECEIVED,7a67fe49-9de2-4360-9e25-6f91305cb866,449ad0c4-7b73-42ad-8615-d8888a49d797,c4,None,2239,p1,?,
1769500824.464784,SENT,e4f88d3a-108c-4286-a099-048016bde56f,faf630d1-344f-4f9e-9420-0794e52c6056,c3,DROP,1007,?,i3,
1769500824.464826,FORWARDED,e4f88d3a-108c-4286-a099-048016bde56f,faf630d1-344f-4f9e-9420-0794e52c6056,c3,DROP,1007,?,i3,
1769500824.4997911,RECEIVED,84de5588-e2c7-4ff4-b6e2-049b9c3384d4,cb87ff2c-5e39-4984-bf4b-68c241c34596,c2,DROP,1452,p2,?,
1769500824.5120811,RECEIVED,abc5015b-8729-4671-8d80-f4410c725396,d801cb18-e36d-46d3-a4ed-63d459f199a7,c5,DROP,1452,p2,?,
1769500824.5703745,SENT,84de5588-e2c7-4ff4-b6e2-049b9c3384d4,cb87ff2c-5e39-4984-bf4b-68c241c34596,c2,DROP,1016,?,i5,
1769500824.570417,FORWARDED,84de5588-e2c7-4ff4-b6e2-049b9c3384d4,cb87ff2c-5e39-4984-bf4b-68c241c34596,c2,DROP,1016,?,i5,
1769500824.6031132,SENT,7a67fe49-9de2-4360-9e25-6f91305cb866,449ad0c4-7b73-42ad-8615-d8888a49d797,c4,None,1607,?,i4,
1769500824.6031566,FORWARDED,7a67fe49-9de2-4360-9e25-6f91305cb866,449ad0c4-7b73-42ad-8615-d8888a49d797,c4,None,1607,?,i4,
1769500824.6219277,RECEIVED,8c6ee4b1-a7a3-470d-a741-d32fc0d80cc2,3c293739-3cc9-4045-a63f-e118f7475854,c2,DROP,1448,p2,?,
1769500824.6491487,RECEIVED,58626c73-5bf2-4c47-8d42-45fba144923e,f19bad47-9aac-4e21-a70a-3c315d08e352,c2,c1,2464,p2,?,
1769500824.7415826,SENT,58626c73-5bf2-4c47-8d42-45fba144923e,f19bad47-9aac-4e21-a70a-3c315d08e352,c2,c1,1775,?,i10,
1769500824.741622,FORWARDED,58626c73-5bf2-4c47-8d42-45fba144923e,f19bad47-9aac-4e21-a70a-3c315d08e352,c2,c1,1775,?,i10,
1769500824.7842746,RECEIVED,7631c2c4-d53c-4189-8437-219a291f6bdc,4914f05a-6909-41da-92bc-12caa09f0717,c2,DROP,442,x1,?,
1769500824.8045826,SENT,8c6ee4b1-a7a3-470d-a741-d32fc0d80cc2,3c293739-3cc9-4045-a63f-e118f7475854,c2,DROP,1012,?,i7,
1769500824.8046231,FORWARDED,8c6ee4b1-a7a3-470d-a741-d32fc0d80cc2,3c293739-3cc9-4045-a63f-e118f7475854,c2,DROP,1012,?,i7,
1769500824.837754,SENT,abc5015b-8729-4671-8d80-f4410c725396,d801cb18-e36d-46d3-a4ed-63d459f199a7,c5,DROP,1016,?,i10,
1769500824.8379405,FORWARDED,abc5015b-8729-4671-8d80-f4410c725396,d801cb18-e36d-46d3-a4ed-63d459f199a7,c5,DROP,1016,?,i10,
1769500824.9420257,RECEIVED,1ebf1e07-b96c-4aa7-a02b-d1eac3835917,23389edf-b8f8-4133-b9f2-6e3328c82174,c5,None,2231,p2,?,
1769500825.043363,RECEIVED,4608c479-1138-4d08-be8e-18ba1550da22,948cc83c-9081-47b1-a489-ed594e61b7c3,c3,DROP,1448,p3,?,
1769500825.0857282,RECEIVED,a0e40031-1810-4bc8-865d-6ca0011b860d,1429fb66-c7ae-4bfb-94cb-71d0d1997d6d,c5,DROP,1440,p2,?,
1769500825.1468132,RECEIVED,1e58c71c-2560-4291-8cee-7ccd78a62f45,dd230d59-0b0b-470e-b013-595df0131321,c5,c2,2463,p2,?,
1769500825.1612766,RECEIVED,d53c5bb5-9571-4ecf-aee8-3354d7a1a7a4,b104ab95-a5e3-4de1-b0fb-dd6a765cade4,c5,None,2235,p2,?,
1769500825.1926737,SENT,4608c479-1138-4d08-be8e-18ba1550da22,948cc83c-9081-47b1-a489-ed594e61b7c3,c3,DROP,1012,?,i4,
1769500825.1927137,FORWARDED,4608c479-1138-4d08-be8e-18ba1550da22,948cc83c-9081-47b1-a489-ed594e61b7c3,c3,DROP,1012,?,i4,
1769500825.3002403,SENT,1ebf1e07-b96c-4aa7-a02b-d1eac3835917,23389edf-b8f8-4133-b9f2-6e3328c82174,c5,None,1601,?,i4,
1769500825.300285,FORWARDED,1ebf1e07-b96c-4aa7-a02b-d1eac3835917,23389edf-b8f8-4133-b9f2-6e3328c82174,c5,None,1601,?,i4,
1769500825.4893878,RECEIVED,0dbaafe9-a787-473d-b644-d644592e2f13,f38f79df-203c-46c2-b70d-93e0b417a01a,c2,DROP,1452,p2,?,
1769500825.4959795,RECEIVED,de232b89-7629-4498-b983-0a522de02e88,01fe1cac-2637-4068-b178-8a167baf61c0,c4,None,2224,p1,?,
1769500825.5269086,SENT,a0e40031-1810-4bc8-865d-6ca0011b860d,1429fb66-c7ae-4bfb-94cb-71d0d1997d6d,c5,DROP,1008,?,i2,
1769500825.5269492,FORWARDED,a0e40031-1810-4bc8-865d-6ca0011b860d,1429fb66-c7ae-4bfb-94cb-71d0d1997d6d,c5,DROP,1008,?,i2,
1769500825.5551038,SENT,0dbaafe9-a787-473d-b644-d644592e2f13,f38f79df-203c-46c2-b70d-93e0b417a01a,c2,DROP,1015,?,i4,
1769500825.5551436,FORWARDED,0dbaafe9-a787-473d-b644-d644592e2f13,f38f79df-203c-46c2-b70d-93e0b417a01a,c2,DROP,1015,?,i4,
1769500825.5636485,SENT,1e58c71c-2560-4291-8cee-7ccd78a62f45,dd230d59-0b0b-470e-b013-595df0131321,c5,c2,1776,?,i2,
1769500825.5636895,FORWARDED,1e58c71c-2560-4291-8cee-7ccd78a62f45,dd230d59-0b0b-470e-b013-595df0131321,c5,c2,1776,?,i2,
1769500825.6760821,SENT,d53c5bb5-9571-4ecf-aee8-3354d7a1a7a4,b104ab95-a5e3-4de1-b0fb-dd6a765cade4,c5,None,1605,?,i1,
1769500825.6761281,FORWARDED,d53c5bb5-9571-4ecf-aee8-3354d7a1a7a4,b104ab95-a5e3-4de1-b0fb-dd6a765cade4,c5,None,1605,?,i1,
1769500825.7166607,SENT,de232b89-7629-4498-b983-0a522de02e88,01fe1cac-2637-4068-b178-8a167baf61c0,c4,None,1595,?,i10,
1769500825.7167106,FORWARDED,de232b89-7629-4498-b983-0a522de02e88,01fe1cac-2637-4068-b178-8a167baf61c0,c4,None,1595,?,i10,
1769500825.8219929,RECEIVED,3e89a5f8-adc3-429b-bc4c-560092f8eafa,5e289b8a-e61b-4522-a71e-f659715e5d9b,c2,DROP,442,x6,?,
1769500826.261563,RECEIVED,5a5ba028-96f4-41f7-9c32-836c5c7bcc59,b2e8acbb-941c-453e-bcdb-6cb72964e130,c4,DROP,1448,p1,?,
1769500826.413625,SENT,5a5ba028-96f4-41f7-9c32-836c5c7bcc59,b2e8acbb-941c-453e-bcdb-6cb72964e130,c4,DROP,1013,?,i4,
1769500826.4136617,FORWARDED,5a5ba028-96f4-41f7-9c32-836c5c7bcc59,b2e8acbb-941c-453e-bcdb-6cb72964e130,c4,DROP,1013,?,i4,
1769500826.653211,RECEIVED,a2a5538a-f903-425e-800d-12a105f5bca8,7b7ac484-b1bf-4a81-be0e-31745619d10a,c2,DROP,1443,p2,?,
1769500826.7954884,RECEIVED,a1be6029-f5f5-4124-82fd-4cd04229f5d2,0cc96bc7-ad25-4ebf-b1ab-62c3908df6fd,c1,None,2224,p1,?,
1769500826.850865,RECEIVED,9c974ff0-86cd-4445-b840-36c8765d242a,3119c906-5e48-4110-9d01-0f4c2d3cfd25,c4,DROP,1441,p1,?,
1769500826.8804295,SENT,a1be6029-f5f5-4124-82fd-4cd04229f5d2,0cc96bc7-ad25-4ebf-b1ab-62c3908df6fd,c1,None,1596,?,i7,
1769500826.880473,FORWARDED,a1be6029-f5f5-4124-82fd-4cd04229f5d2,0cc96bc7-ad25-4ebf-b1ab-62c3908df6fd,c1,None,1596,?,i7,
1769500826.9135926,SENT,9c974ff0-86cd-4445-b840-36c8765d242a,3119c906-5e48-4110-9d01-0f4c2d3cfd25,c4,DROP,1007,?,i2,
1769500826.9136307,FORWARDED,9c974ff0-86cd-4445-b840-36c8765d242a,3119c906-5e48-4110-9d01-0f4c2d3cfd25,c4,DROP,1007,?,i2,
1769500826.9325929,SENT,a2a5538a-f903-425e-800d-12a105f5bca8,7b7ac484-b1bf-4a81-be0e-31745619d10a,c2,DROP,1011,?,i1,
1769500826.9326315,FORWARDED,a2a5538a-f903-425e-800d-12a105f5bca8,7b7ac484-b1bf-4a81-be0e-31745619d10a,c2,DROP,1011,?,i1,
1769500827.0152283,RECEIVED,1694b37d-ef15-4c81-83b2-1e875f6659d3,4ffce2a2-30e5-4d35-9338-b8f496b41b5d,c1,DROP,1445,p1,?,
1769500827.1640074,SENT,1694b37d-ef15-4c81-83b2-1e875f6659d3,4ffce2a2-30e5-4d35-9338-b8f496b41b5d,c1,DROP,1010,?,i11,
1769500827.1640627,FORWARDED,1694b37d-ef15-4c81-83b2-1e875f6659d3,4ffce2a2-30e5-4d35-9338-b8f496b41b5d,c1,DROP,1010,?,i11,
1769500827.4414806,RECEIVED,f4d2b751-c011-4f6b-9ba7-0d2afcb48e5f,cd81b523-6d18-45e4-9309-c8c2e18c8257,c3,c4,2474,p3,?,
1769500827.4862027,RECEIVED,43879361-be40-4006-839c-453f0889c7ac,9684821c-330a-4f20-b5b8-a7af75d2ba90,c2,DROP,1441,p2,?,
1769500827.5539613,SENT,43879361-be40-4006-839c-453f0889c7ac,9684821c-330a-4f20-b5b8-a7af75d2ba90,c2,DROP,1007,?,i8,
1769500827.5540023,FORWARDED,43879361-be40-4006-839c-453f0889c7ac,9684821c-330a-4f20-b5b8-a7af75d2ba90,c2,DROP,1007,?,i8,
1769500827.812441,RECEIVED,2a9868e6-bd91-4117-af77-16dd76a71294,a9173231-f501-4cbd-8c4b-54ec8952a69e,c4,None,2228,p1,?,
1769500827.8375409,SENT,f4d2b751-c011-4f6b-9ba7-0d2afcb48e5f,cd81b523-6d18-45e4-9309-c8c2e18c8257,c3,c4,1785,?,i7,
1769500827.8375797,FORWARDED,f4d2b751-c011-4f6b-9ba7-0d2afcb48e5f,cd81b523-6d18-45e4-9309-c8c2e18c8257,c3,c4,1785,?,i7,
1769500827.8435833,RECEIVED,7baa369e-e4d3-420a-ba65-501c82b5efd1,cfa79eea-f016-47fb-8369-9762fbf76df6,c2,DROP,1452,p2,?,
1769500827.873267,RECEIVED,d0c8e822-d191-488a-9593-79b155b849e2,80c8bfea-6eee-48a0-bebf-5e2e2d4b1fec,c2,DROP,1460,p2,?,
1769500828.1130705,RECEIVED,4b6466a9-ce13-4d32-9b0f-51bd37347f79,42ec1db1-34cd-459f-8ce2-3cbf339049af,c2,DROP,442,x3,?,
1769500828.2174795,RECEIVED,efa1a5bc-e456-43e3-8a65-81aa99f17278,808decbb-2232-4b92-b36f-ab60688c1a22,c1,DROP,1456,p1,?,
1769500828.2337768,SENT,7baa369e-e4d3-420a-ba65-501c82b5efd1,cfa79eea-f016-47fb-8369-9762fbf76df6,c2,DROP,1015,?,i1,
1769500828.233816,FORWARDED,7baa369e-e4d3-420a-ba65-501c82b5efd1,cfa79eea-f016-47fb-8369-9762fbf76df6,c2,DROP,1015,?,i1,
1769500828.3924725,RECEIVED,310e84f9-8b1b-42de-a9e0-3be13b292999,46c69fb0-6671-4def-8a71-58270e0dd69f,c4,DROP,1448,p1,?,
1769500828.470419,RECEIVED,4e7a8557-dc69-41ce-8d7d-1be2bd85cf53,f177501c-f157-4820-b97b-1cec6e422c90,c3,c4,2476,p3,?,
1769500828.5381107,SENT,d0c8e822-d191-488a-9593-79b155b849e2,80c8bfea-6eee-48a0-bebf-5e2e2d4b1fec,c2,DROP,1021,?,i12,
1769500828.5381536,FORWARDED,d0c8e822-d191-488a-9593-79b155b849e2,80c8bfea-6eee-48a0-bebf-5e2e2d4b1fec,c2,DROP,1021,?,i12,
1769500828.5965526,RECEIVED,9cab24d3-6dd8-4269-bc37-217d0543096c,8027b309-0313-47ef-8f08-b6afa256f5db,c1,DROP,1439,p1,?,
1769500828.637391,RECEIVED,dc166d3d-4807-487d-a01f-3ad2a5f416a0,b784555f-7283-43d2-8454-9ad7cc372340,c1,DROP,444,x4,?,
1769500828.6841648,RECEIVED,6c857f1b-ea43-4772-80eb-406272209bb8,62e3bd60-088e-460e-8881-bea29b4457a3,c4,DROP,1440,p1,?,
1769500828.8273425,SENT,2a9868e6-bd91-4117-af77-16dd76a71294,a9173231-f501-4cbd-8c4b-54ec8952a69e,c4,None,1599,?,i11,
1769500828.827382,FORWARDED,2a9868e6-bd91-4117-af77-16dd76a71294,a9173231-f501-4cbd-8c4b-54ec8952a69e,c4,None,1599,?,i11,
1769500828.8691251,RECEIVED,baa37098-fae3-4fec-b022-73295e1d5d65,71894297-1146-4910-9db1-987b0f10b468,c5,DROP,1440,p2,?,
1769500828.9287984,SENT,baa37098-fae3-4fec-b022-73295e1d5d65,71894297-1146-4910-9db1-987b0f10b468,c5,DROP,1008,?,i7,
1769500828.9288404,FORWARDED,baa37098-fae3-4fec-b022-73295e1d5d65,71894297-1146-4910-9db1-987b0f10b468,c5,DROP,1008,?,i7,
1769500829.1034489,SENT,efa1a5bc-e456-43e3-8a65-81aa99f17278,808decbb-2232-4b92-b36f-ab60688c1a22,c1,DROP,1020,?,i12,
1769500829.1034932,FORWARDED,efa1a5bc-e456-43e3-8a65-81aa99f17278,808decbb-2232-4b92-b36f-ab60688c1a22,c1,DROP,1020,?,i12,
1769500829.1855593,RECEIVED,0d4dbf51-a8a2-489a-8ed0-b62774a78782,0b4fe857-c12b-487a-8ec0-d548f81e9d1b,c5,c2,2444,p2,?,
1769500829.2230902,SENT,4e7a8557-dc69-41ce-8d7d-1be2bd85cf53,f177501c-f157-4820-b97b-1cec6e422c90,c3,c4,1785,?,i11,
1769500829.223132,FORWARDED,4e7a8557-dc69-41ce-8d7d-1be2bd85cf53,f177501c-f157-4820-b97b-1cec6e422c90,c3,c4,1785,?,i11,
1769500829.486107,RECEIVED,8cd5abe5-e74c-4449-93f7-806f14790f29,9ae6b2b7-314b-44e7-ad0a-75a6be94dfc5,c4,None,2236,p1,?,
1769500829.4997382,RECEIVED,38db3241-ab6c-47de-b406-b246d57435bc,c446afe8-113e-4283-901a-69ea7bce6117,c1,c5,2471,p1,?,
1769500829.5142286,RECEIVED,474d51f8-9a65-44c0-bfb5-6967b94718b5,035b98b9-3b7a-412a-a6a4-89ad81844ebb,c1,None,2235,p1,?,
1769500829.5576508,RECEIVED,21fb54b6-9f21-49d7-8107-99c49525a127,51ce051c-f755-4583-8eeb-23f347fb1c20,c4,None,2224,p1,?,
1769500829.5856264,SENT,474d51f8-9a65-44c0-bfb5-6967b94718b5,035b98b9-3b7a-412a-a6a4-89ad81844ebb,c1,None,1605,?,i9,
1769500829.5856657,FORWARDED,474d51f8-9a65-44c0-bfb5-6967b94718b5,035b98b9-3b7a-412a-a6a4-89ad81844ebb,c1,None,1605,?,i9,
1769500829.6321306,RECEIVED,39cf7c84-e5d8-42d0-abc6-a4dca982d062,a663acd9-1271-49d5-90ac-8054fe855051,c3,DROP,1440,p3,?,
1769500829.6717002,SENT,6c857f1b-ea43-4772-80eb-406272209bb8,62e3bd60-088e-460e-8881-bea29b4457a3,c4,DROP,1007,?,i11,
1769500829.671741,FORWARDED,6c857f1b-ea43-4772-80eb-406272209bb8,62e3bd60-088e-460e-8881-bea29b4457a3,c4,DROP,1007,?,i11,
1769500829.7008688,SENT,0d4dbf51-a8a2-489a-8ed0-b62774a78782,0b4fe857-c12b-487a-8ec0-d548f81e9d1b,c5,c2,1759,?,i11,
1769500829.7009087,FORWARDED,0d4dbf51-a8a2-489a-8ed0-b62774a78782,0b4fe857-c12b-487a-8ec0-d548f81e9d1b,c5,c2,1759,?,i11,
1769500829.7034376,RECEIVED,b55501f0-8b46-41e2-8265-076057302de4,a9ed8761-3fc1-48d3-a2e1-c3f4f6b705bb,c4,None,2241,p1,?,
1769500829.7088587,SENT,21fb54b6-9f21-49d7-8107-99c49525a127,51ce051c-f755-4583-8eeb-23f347fb1c20,c4,None,1595,?,i8,
1769500829.708993,FORWARDED,21fb54b6-9f21-49d7-8107-99c49525a127,51ce051c-f755-4583-8eeb-23f347fb1c20,c4,None,1595,?,i8,
1769500829.7205653,SENT,39cf7c84-e5d8-42d0-abc6-a4dca982d062,a663acd9-1271-49d5-90ac-8054fe855051,c3,DROP,1007,?,i8,
1769500829.720608,FORWARDED,39cf7c84-e5d8-42d0-abc6-a4dca982d062,a663acd9-1271-49d5-90ac-8054fe855051,c3,DROP,1007,?,i8,
1769500829.784426,SENT,310e84f9-8b1b-42de-a9e0-3be13b292999,46c69fb0-6671-4def-8a71-58270e0dd69f,c4,DROP,1013,?,i12,
1769500829.7844696,FORWARDED,310e84f9-8b1b-42de-a9e0-3be13b292999,46c69fb0-6671-4def-8a71-58270e0dd69f,c4,DROP,1013,?,i12,
1769500829.8119602,SENT,8cd5abe5-e74c-4449-93f7-806f14790f29,9ae6b2b7-314b-44e7-ad0a-75a6be94dfc5,c4,None,1604,?,i7,
1769500829.8120012,FORWARDED,8cd5abe5-e74c-4449-93f7-806f14790f29,9ae6b2b7-314b-44e7-ad0a-75a6be94dfc5,c4,None,1604,?,i7,
1769500829.9849756,RECEIVED,849b9af7-d1ed-410b-86b3-46f066600e17,619df1b2-4d49-4d76-9355-2f475d904ed1,c4,None,2225,p1,?,
1769500830.0551171,RECEIVED,0d3a37f9-8edf-4406-9eb8-9079174636d3,765aa741-0adf-4ca3-b3de-5277f76137ac,c5,DROP,1450,p2,?,
1769500830.1011624,RECEIVED,f6f89634-9085-466d-b26b-9cc167ef4222,2051395f-f3dc-4513-a9a4-f8c949ec8692,c1,c5,2455,p1,?,
1769500830.1670365,SENT,b55501f0-8b46-41e2-8265-076057302de4,a9ed8761-3fc1-48d3-a2e1-c3f4f6b705bb,c4,None,1607,?,i12,
1769500830.16709,FORWARDED,b55501f0-8b46-41e2-8265-076057302de4,a9ed8761-3fc1-48d3-a2e1-c3f4f6b705bb,c4,None,1607,?,i12,
1769500830.2538795,RECEIVED,b1a0378d-5c2f-4549-878e-3fb799f6cab8,e6e78267-0f5a-4bab-8292-d6b6106baf60,c5,None,2224,p2,?,
1769500830.2687755,SENT,38db3241-ab6c-47de-b406-b246d57435bc,c446afe8-113e-4283-901a-69ea7bce6117,c1,c5,1781,?,i5,
1769500830.2688167,FORWARDED,38db3241-ab6c-47de-b406-b246d57435bc,c446afe8-113e-4283-901a-69ea7bce6117,c1,c5,1781,?,i5,
1769500830.2697506,RECEIVED,5877719f-aea3-4c3c-84f5-13bb36372999,c5239fd3-79f5-4504-a26c-6d4bf23d069c,c3,DROP,1439,p3,?,
1769500830.2746496,RECEIVED,3f9aebe7-7596-45f8-bd25-84ceffc44b73,96dc2d0c-ea84-444a-acd7-d2a2a3dfe7b5,c2,DROP,442,x5,?,
1769500830.298619,SENT,849b9af7-d1ed-410b-86b3-46f066600e17,619df1b2-4d49-4d76-9355-2f475d904ed1,c4,None,1595,?,i11,
1769500830.2986565,FORWARDED,849b9af7-d1ed-410b-86b3-46f066600e17,619df1b2-4d49-4d76-9355-2f475d904ed1,c4,None,1595,?,i11,
1769500830.332917,RECEIVED,c4789867-68ac-46ca-a978-ec51c4e2f8bb,320cf833-2093-4ea4-94c2-563b3b453c25,c3,DROP,445,x10,?,
1769500830.3531244,RECEIVED,bd3c5d13-8cfe-425c-a05c-6204f6eb17d4,5d76f041-7f65-430f-ac3d-ac4cfb5031d9,c4,DROP,1448,p1,?,
1769500830.4659357,SENT,bd3c5d13-8cfe-425c-a05c-6204f6eb17d4,5d76f041-7f65-430f-ac3d-ac4cfb5031d9,c4,DROP,1012,?,i6,
1769500830.465974,FORWARDED,bd3c5d13-8cfe-425c-a05c-6204f6eb17d4,5d76f041-7f65-430f-ac3d-ac4cfb5031d9,c4,DROP,1012,?,i6,
1769500830.4663131,RECEIVED,00c0b7dc-4e7c-49e6-8375-f6c90c2cce13,ced32c54-99c5-4b66-9e89-4a16d440df9e,c2,c1,2455,p2,?,
1769500830.588842,RECEIVED,ab26d89a-63ca-4ebf-97e6-70846e9be9c1,a7064ebc-f049-4e79-a35b-97b74e33cefb,c1,DROP,1451,p1,?,
1769500830.7194777,RECEIVED,9ff78ba3-6689-4b3f-a6a1-46210027f247,171d2b05-97dd-4c1c-9fc8-73e619f3c8ca,c5,DROP,1452,p2,?,
1769500830.7337587,SENT,f6f89634-9085-466d-b26b-9cc167ef4222,2051395f-f3dc-4513-a9a4-f8c949ec8692,c1,c5,1768,?,i6,
1769500830.733799,FORWARDED,f6f89634-9085-466d-b26b-9cc167ef4222,2051395f-f3dc-4513-a9a4-f8c949ec8692,c1,c5,1768,?,i6,
1769500830.8626132,RECEIVED,e9721a97-c59e-428d-b429-9e71e523aba2,d0ee9db5-94a5-4db5-83e3-adc84427832b,c5,DROP,1447,p2,?,
1769500830.8968992,RECEIVED,a31bfc4f-4e7d-43d3-8296-4aed041e5985,4ce6d486-3c00-4336-b868-9ff3130f02bd,c5,DROP,1444,p2,?,
1769500830.9265397,SENT,9ff78ba3-6689-4b3f-a6a1-46210027f247,171d2b05-97dd-4c1c-9fc8-73e619f3c8ca,c5,DROP,1016,?,i9,
1769500830.9265826,FORWARDED,9ff78ba3-6689-4b3f-a6a1-46210027f247,171d2b05-97dd-4c1c-9fc8-73e619f3c8ca,c5,DROP,1016,?,i9,
1769500831.0115147,SENT,5877719f-aea3-4c3c-84f5-13bb36372999,c5239fd3-79f5-4504-a26c-6d4bf23d069c,c3,DROP,1008,?,i4,
1769500831.0115623,FORWARDED,5877719f-aea3-4c3c-84f5-13bb36372999,c5239fd3-79f5-4504-a26c-6d4bf23d069c,c3,DROP,1008,?,i4,
1769500831.014106,RECEIVED,1596f097-44f9-4d6f-a143-a368ff4e6e1c,305bd7a3-242c-43f8-8b41-0c6dc65c6cba,c1,DROP,1439,p1,?,
1769500831.0688252,SENT,9cab24d3-6dd8-4269-bc37-217d0543096c,8027b309-0313-47ef-8f08-b6afa256f5db,c1,DROP,1008,?,i6,
1769500831.0688663,FORWARDED,9cab24d3-6dd8-4269-bc37-217d0543096c,8027b309-0313-47ef-8f08-b6afa256f5db,c1,DROP,1008,?,i6,
1769500831.134583,RECEIVED,75ec440f-6d35-4376-972e-0720bc34015d,17256a12-191f-48d8-90a9-6c792d361c7f,c4,DROP,1452,p1,?,
1769500831.1773472,SENT,00c0b7dc-4e7c-49e6-8375-f6c90c2cce13,ced32c54-99c5-4b66-9e89-4a16d440df9e,c2,c1,1768,?,i1,
1769500831.1773896,FORWARDED,00c0b7dc-4e7c-49e6-8375-f6c90c2cce13,ced32c54-99c5-4b66-9e89-4a16d440df9e,c2,c1,1768,?,i1,
1769500831.214999,SENT,75ec440f-6d35-4376-972e-0720bc34015d,17256a12-191f-48d8-90a9-6c792d361c7f,c4,DROP,1016,?,i5,
1769500831.2150414,FORWARDED,75ec440f-6d35-4376-972e-0720bc34015d,17256a12-191f-48d8-90a9-6c792d361c7f,c4,DROP,1016,?,i5,
1769500831.4352198,SENT,ab26d89a-63ca-4ebf-97e6-70846e9be9c1,a7064ebc-f049-4e79-a35b-97b74e33cefb,c1,DROP,1017,?,i6,
1769500831.4352598,FORWARDED,ab26d89a-63ca-4ebf-97e6-70846e9be9c1,a7064ebc-f049-4e79-a35b-97b74e33cefb,c1,DROP,1017,?,i6,
1769500831.4443614,RECEIVED,825b0bab-1f20-486f-8c9b-d91e5b2112d2,31d1967d-8509-497c-9986-35e9941fa526,c4,DROP,1440,p1,?,
1769500831.4653437,SENT,0d3a37f9-8edf-4406-9eb8-9079174636d3,765aa741-0adf-4ca3-b3de-5277f76137ac,c5,DROP,1015,?,i6,
1769500831.4653854,FORWARDED,0d3a37f9-8edf-4406-9eb8-9079174636d3,765aa741-0adf-4ca3-b3de-5277f76137ac,c5,DROP,1015,?,i6,
1769500831.512293,SENT,b1a0378d-5c2f-4549-878e-3fb799f6cab8,e6e78267-0f5a-4bab-8292-d6b6106baf60,c5,None,1595,?,i12,
1769500831.5123343,FORWARDED,b1a0378d-5c2f-4549-878e-3fb799f6cab8,e6e78267-0f5a-4bab-8292-d6b6106baf60,c5,None,1595,?,i12,
1769500831.5430367,SENT,e9721a97-c59e-428d-b429-9e71e523aba2,d0ee9db5-94a5-4db5-83e3-adc84427832b,c5,DROP,1012,?,i1,
1769500831.5430892,FORWARDED,e9721a97-c59e-428d-b429-9e71e523aba2,d0ee9db5-94a5-4db5-83e3-adc84427832b,c5,DROP,1012,?,i1,
1769500831.5876322,SENT,a31bfc4f-4e7d-43d3-8296-4aed041e5985,4ce6d486-3c00-4336-b868-9ff3130f02bd,c5,DROP,1010,?,i10,
1769500831.5876732,FORWARDED,a31bfc4f-4e7d-43d3-8296-4aed041e5985,4ce6d486-3c00-4336-b868-9ff3130f02bd,c5,DROP,1010,?,i10,
1769500831.6731658,RECEIVED,a5e3a27d-892b-410d-9384-d78298affd29,d9a85661-8d66-476f-b92d-5099b95d854a,c2,None,2235,p2,?,
1769500831.7819054,RECEIVED,01d9b09f-3980-45f5-a157-62f5662b6073,00227ff2-947e-4fe9-8e91-72ba16977907,c1,DROP,1454,p1,?,
1769500831.8155348,RECEIVED,b67e69b1-5a24-4ff1-aa11-2d6f7cfc7edd,05687281-3bf5-48e7-8ffa-4686e2425283,c3,DROP,1452,p3,?,
1769500831.82115,SENT,1596f097-44f9-4d6f-a143-a368ff4e6e1c,305bd7a3-242c-43f8-8b41-0c6dc65c6cba,c1,DROP,1008,?,i5,
1769500831.821201,FORWARDED,1596f097-44f9-4d6f-a143-a368ff4e6e1c,305bd7a3-242c-43f8-8b41-0c6dc65c6cba,c1,DROP,1008,?,i5,
1769500831.9115553,SENT,825b0bab-1f20-486f-8c9b-d91e5b2112d2,31d1967d-8509-497c-9986-35e9941fa526,c4,DROP,1007,?,i2,
1769500831.9115999,FORWARDED,825b0bab-1f20-486f-8c9b-d91e5b2112d2,31d1967d-8509-497c-9986-35e9941fa526,c4,DROP,1007,?,i2,
1769500832.1212506,SENT,b67e69b1-5a24-4ff1-aa11-2d6f7cfc7edd,05687281-3bf5-48e7-8ffa-4686e2425283,c3,DROP,1015,?,i2,
1769500832.1212962,FORWARDED,b67e69b1-5a24-4ff1-aa11-2d6f7cfc7edd,05687281-3bf5-48e7-8ffa-4686e2425283,c3,DROP,1015,?,i2,
1769500832.244171,RECEIVED,57368669-eb33-4355-b406-b4227cc6d66a,19552350-f917-477a-b293-4631781f176e,c3,DROP,1440,p3,?,
1769500832.319413,RECEIVED,4ae80ae1-7040-4531-9710-17e223d41330,0938cf0d-2ae6-4feb-8fcc-926b179c254c,c1,DROP,1440,p1,?,
1769500832.3242033,SENT,57368669-eb33-4355-b406-b4227cc6d66a,19552350-f917-477a-b293-4631781f176e,c3,DROP,1006,?,i8,
1769500832.3242447,FORWARDED,57368669-eb33-4355-b406-b4227cc6d66a,19552350-f917-477a-b293-4631781f176e,c3,DROP,1006,?,i8,
1769500832.3491006,SENT,a5e3a27d-892b-410d-9384-d78298affd29,d9a85661-8d66-476f-b92d-5099b95d854a,c2,None,1603,?,i6,
1769500832.3491492,FORWARDED,a5e3a27d-892b-410d-9384-d78298affd29,d9a85661-8d66-476f-b92d-5099b95d854a,c2,None,1603,?,i6,
1769500832.4472451,RECEIVED,2ce918f9-52d6-4a52-b4a8-53922d4e4cfa,bed3a090-6290-4cf7-87f2-98025fd65f03,c5,DROP,1452,p2,?,
1769500832.4879405,SENT,4ae80ae1-7040-4531-9710-17e223d41330,0938cf0d-2ae6-4feb-8fcc-926b179c254c,c1,DROP,1006,?,i2,
1769500832.4879878,FORWARDED,4ae80ae1-7040-4531-9710-17e223d41330,0938cf0d-2ae6-4feb-8fcc-926b179c254c,c1,DROP,1006,?,i2,
1769500832.523908,SENT,2ce918f9-52d6-4a52-b4a8-53922d4e4cfa,bed3a090-6290-4cf7-87f2-98025fd65f03,c5,DROP,1016,?,i5,
1769500832.5239472,FORWARDED,2ce918f9-52d6-4a52-b4a8-53922d4e4cfa,bed3a090-6290-4cf7-87f2-98025fd65f03,c5,DROP,1016,?,i5,
1769500832.548849,RECEIVED,23068f6c-de82-4cb5-8252-8c21a92bcee0,39b6d9a8-8d0b-42f4-bcf3-04039b102f46,c2,DROP,1452,p2,?,
1769500832.616118,RECEIVED,0d1bafe4-4118-4ee9-9516-90fb87ebdb9a,e2948302-eeb8-4c23-8e3b-dfc4a5251c75,c4,DROP,442,x3,?,
1769500832.6259253,RECEIVED,cee2f7b2-5a87-45df-8024-cae7854a0deb,f03f945b-58df-4201-9cc4-cdb03797c5bf,c1,DROP,1441,p1,?,
1769500832.6952744,SENT,cee2f7b2-5a87-45df-8024-cae7854a0deb,f03f945b-58df-4201-9cc4-cdb03797c5bf,c1,DROP,1007,?,i10,
1769500832.6953175,FORWARDED,cee2f7b2-5a87-45df-8024-cae7854a0deb,f03f945b-58df-4201-9cc4-cdb03797c5bf,c1,DROP,1007,?,i10,
1769500832.779586,SENT,23068f6c-de82-4cb5-8252-8c21a92bcee0,39b6d9a8-8d0b-42f4-bcf3-04039b102f46,c2,DROP,1017,?,i10,
1769500832.779629,FORWARDED,23068f6c-de82-4cb5-8252-8c21a92bcee0,39b6d9a8-8d0b-42f4-bcf3-04039b102f46,c2,DROP,1017,?,i10,
1769500832.8042893,RECEIVED,730cb47c-771b-4ed4-80ee-d51001c80f79,c43b817f-17d1-4fe0-b0bd-901e57507529,c2,DROP,1452,p2,?,
1769500833.1988585,SENT,730cb47c-771b-4ed4-80ee-d51001c80f79,c43b817f-17d1-4fe0-b0bd-901e57507529,c2,DROP,1017,?,i2,
1769500833.1989014,FORWARDED,730cb47c-771b-4ed4-80ee-d51001c80f79,c43b817f-17d1-4fe0-b0bd-901e57507529,c2,DROP,1017,?,i2,
1769500833.2359247,RECEIVED,6c081915-a781-42bf-916b-eeb39353d42d,296b0baa-ab4f-49b8-aaad-823b6fb4c5e0,c2,DROP,1439,p2,?,
1769500833.3195639,SENT,01d9b09f-3980-45f5-a157-62f5662b6073,00227ff2-947e-4fe9-8e91-72ba16977907,c1,DROP,1020,?,i7,
1769500833.3196082,FORWARDED,01d9b09f-3980-45f5-a157-62f5662b6073,00227ff2-947e-4fe9-8e91-72ba16977907,c1,DROP,1020,?,i7,
1769500833.343136,RECEIVED,9a89fbf6-aebe-4e71-b3db-530fd4a55543,4f4d858c-87a2-4879-9928-de8698757eb5,c4,c3,2463,p1,?,
1769500833.4776497,RECEIVED,cc74cef3-1ae7-4a2e-a648-491c9b1d237a,4bb55d9d-c8c5-4b52-be10-af277ffe4c80,c3,DROP,1453,p3,?,
1769500833.5208788,SENT,cc74cef3-1ae7-4a2e-a648-491c9b1d237a,4bb55d9d-c8c5-4b52-be10-af277ffe4c80,c3,DROP,1016,?,i9,
1769500833.5209193,FORWARDED,cc74cef3-1ae7-4a2e-a648-491c9b1d237a,4bb55d9d-c8c5-4b52-be10-af277ffe4c80,c3,DROP,1016,?,i9,
1769500833.6030967,RECEIVED,3fce8e52-83b7-44fa-bf41-ccae1453a549,78d08002-e524-4a1e-92ed-16ebf6b2e326,c3,DROP,1439,p3,?,
1769500833.6532476,RECEIVED,b904d79d-c59b-4205-b301-13dd20a2abf5,5fe6ff87-e4ca-41e9-bc14-ae1eaf250c19,c3,DROP,1439,p3,?,
1769500833.7002544,RECEIVED,d340890c-6e80-4fb1-a791-74344f13297c,3eb759c4-0016-4e9d-beae-e0509db5bc8f,c5,None,2224,p2,?,
1769500833.7250912,SENT,b904d79d-c59b-4205-b301-13dd20a2abf5,5fe6ff87-e4ca-41e9-bc14-ae1eaf250c19,c3,DROP,1008,?,i4,
1769500833.7251544,FORWARDED,b904d79d-c59b-4205-b301-13dd20a2abf5,5fe6ff87-e4ca-41e9-bc14-ae1eaf250c19,c3,DROP,1008,?,i4,
1769500833.7720935,RECEIVED,5e8cda84-61fc-4a67-8812-b506f12f6323,354dcd4a-a37b-4655-a2b4-7796e88fe48a,c4,DROP,1439,p1,?,
1769500833.774565,RECEIVED,5262b813-8565-4e67-a6b1-dc3fd2f238c5,6f5612fa-de22-4075-b8b6-90824ac2c73e,c5,DROP,1448,p2,?,
1769500833.797847,SENT,3fce8e52-83b7-44fa-bf41-ccae1453a549,78d08002-e524-4a1e-92ed-16ebf6b2e326,c3,DROP,1007,?,i1,
1769500833.7978885,FORWARDED,3fce8e52-83b7-44fa-bf41-ccae1453a549,78d08002-e524-4a1e-92ed-16ebf6b2e326,c3,DROP,1007,?,i1,
1769500833.940962,RECEIVED,088e5ce1-eb10-4899-98b0-9b6c52526746,ffb8d4a4-eb24-4aa8-aa4f-6cf4274060fb,c1,DROP,441,x9,?,
1769500834.1628559,SENT,5e8cda84-61fc-4a67-8812-b506f12f6323,354dcd4a-a37b-4655-a2b4-7796e88fe48a,c4,DROP,1008,?,i9,
1769500834.1628919,FORWARDED,5e8cda84-61fc-4a67-8812-b506f12f6323,354dcd4a-a37b-4655-a2b4-7796e88fe48a,c4,DROP,1008,?,i9,
1769500834.1784582,RECEIVED,ccfe9d45-a955-4f82-93ab-29c9ac0eec5b,a241a820-98ea-446c-bff6-9e1dc51af622,c1,DROP,1439,p1,?,
1769500834.2507463,SENT,d340890c-6e80-4fb1-a791-74344f13297c,3eb759c4-0016-4e9d-beae-e0509db5bc8f,c5,None,1595,?,i12,
1769500834.2507885,FORWARDED,d340890c-6e80-4fb1-a791-74344f13297c,3eb759c4-0016-4e9d-beae-e0509db5bc8f,c5,None,1595,?,i12,
1769500834.3371878,SENT,ccfe9d45-a955-4f82-93ab-29c9ac0eec5b,a241a820-98ea-446c-bff6-9e1dc51af622,c1,DROP,1006,?,i9,
1769500834.3372316,FORWARDED,ccfe9d45-a955-4f82-93ab-29c9ac0eec5b,a241a820-98ea-446c-bff6-9e1dc51af622,c1,DROP,1006,?,i9,
1769500834.3717222,RECEIVED,6ec998ce-4e86-4ec1-bc5c-ded9837ddd40,8b1077dc-d719-430d-8929-ac7467fbc6a4,c2,DROP,441,x9,?,
1769500834.5155473,RECEIVED,e7255167-b79d-4773-9dbd-a6c60d2ef457,e94e1b99-022d-41e4-a0c9-217fd67724b5,c4,DROP,1440,p1,?,
1769500834.5178673,RECEIVED,c71ecee9-86dd-4434-bcc4-ab4c52421162,624eb0ff-e9bd-4045-953c-b0f7b2303cee,c3,DROP,1449,p3,?,
1769500834.5819364,SENT,9a89fbf6-aebe-4e71-b3db-530fd4a55543,4f4d858c-87a2-4879-9928-de8698757eb5,c4,c3,1774,?,i8,
1769500834.581975,FORWARDED,9a89fbf6-aebe-4e71-b3db-530fd4a55543,4f4d858c-87a2-4879-9928-de8698757eb5,c4,c3,1774,?,i8,
1769500834.6247947,RECEIVED,324b6846-23c1-48ae-b2b4-73ac64630f41,36c64bca-54a0-4067-9e0f-58041f8e6c6b,c2,DROP,1437,p2,?,
1769500834.6366026,SENT,c71ecee9-86dd-4434-bcc4-ab4c52421162,624eb0ff-e9bd-4045-953c-b0f7b2303cee,c3,DROP,1013,?,i10,
1769500834.6366417,FORWARDED,c71ecee9-86dd-4434-bcc4-ab4c52421162,624eb0ff-e9bd-4045-953c-b0f7b2303cee,c3,DROP,1013,?,i10,
1769500834.653516,SENT,324b6846-23c1-48ae-b2b4-73ac64630f41,36c64bca-54a0-4067-9e0f-58041f8e6c6b,c2,DROP,1004,?,i3,
1769500834.6535578,FORWARDED,324b6846-23c1-48ae-b2b4-73ac64630f41,36c64bca-54a0-4067-9e0f-58041f8e6c6b,c2,DROP,1004,?,i3,
1769500834.6711025,SENT,5262b813-8565-4e67-a6b1-dc3fd2f238c5,6f5612fa-de22-4075-b8b6-90824ac2c73e,c5,DROP,1012,?,i11,
1769500834.6711476,FORWARDED,5262b813-8565-4e67-a6b1-dc3fd2f238c5,6f5612fa-de22-4075-b8b6-90824ac2c73e,c5,DROP,1012,?,i11,
1769500834.68632,RECEIVED,91e0054e-28ee-4e14-81a0-bfa1f73d2870,49ef8613-18cd-47be-9de8-643a89f07a08,c1,DROP,1448,p1,?,
1769500834.6946964,RECEIVED,99084757-54b6-465c-bcb8-cb82c6c22e13,298eef6a-1549-48a4-85dc-05a2d84ac435,c5,DROP,440,x1,?,
1769500834.6952848,SENT,6c081915-a781-42bf-916b-eeb39353d42d,296b0baa-ab4f-49b8-aaad-823b6fb4c5e0,c2,DROP,1007,?,i7,
1769500834.6953251,FORWARDED,6c081915-a781-42bf-916b-eeb39353d42d,296b0baa-ab4f-49b8-aaad-823b6fb4c5e0,c2,DROP,1007,?,i7,
1769500834.7765908,SENT,e7255167-b79d-4773-9dbd-a6c60d2ef457,e94e1b99-022d-41e4-a0c9-217fd67724b5,c4,DROP,1007,?,i3,
1769500834.7766318,FORWARDED,e7255167-b79d-4773-9dbd-a6c60d2ef457,e94e1b99-022d-41e4-a0c9-217fd67724b5,c4,DROP,1007,?,i3,
1769500834.8756926,RECEIVED,91faf688-bda3-490a-9ef1-cab7dab0031f,2a352c4c-823c-478d-a6df-d8d9f42269c2,c5,DROP,1440,p2,?,
1769500834.91897,RECEIVED,aa5c5250-e083-4045-b6f7-cce44325ac5c,e6ed4e97-4da6-4f50-bbcb-964f27e69aaa,c2,DROP,1456,p2,?,
1769500834.9835694,SENT,91e0054e-28ee-4e14-81a0-bfa1f73d2870,49ef8613-18cd-47be-9de8-643a89f07a08,c1,DROP,1014,?,i10,
1769500834.9836102,FORWARDED,91e0054e-28ee-4e14-81a0-bfa1f73d2870,49ef8613-18cd-47be-9de8-643a89f07a08,c1,DROP,1014,?,i10,
1769500835.0234885,SENT,91faf688-bda3-490a-9ef1-cab7dab0031f,2a352c4c-823c-478d-a6df-d8d9f42269c2,c5,DROP,1008,?,i12,
1769500835.0235431,FORWARDED,91faf688-bda3-490a-9ef1-cab7dab0031f,2a352c4c-823c-478d-a6df-d8d9f42269c2,c5,DROP,1008,?,i12,
1769500835.130422,RECEIVED,5f148e7b-d1af-4172-b7f3-0b9d64e7495a,f3aedfc8-0b69-4a6b-ba02-ba34062625a9,c2,c1,2463,p2,?,
1769500835.3472207,RECEIVED,2ce75f35-3bca-4103-b249-7b737f5d3708,8ef0ff70-c4f7-4397-a9c1-bdaea13b0997,c4,DROP,1439,p1,?,
1769500835.38433,RECEIVED,f5c51e0b-9290-4b2d-92aa-020096a87802,e14570cc-7e73-4be3-8355-47f9f8f494c2,c1,None,2219,p1,?,
1769500835.580517,RECEIVED,1e420714-9d15-40c2-9f17-b40971c7b614,7eddb947-bdf6-44a1-a902-51670c24ab0f,c4,c3,2464,p1,?,
1769500835.6540716,SENT,1e420714-9d15-40c2-9f17-b40971c7b614,7eddb947-bdf6-44a1-a902-51670c24ab0f,c4,c3,1776,?,i4,
1769500835.6541166,FORWARDED,1e420714-9d15-40c2-9f17-b40971c7b614,7eddb947-bdf6-44a1-a902-51670c24ab0f,c4,c3,1776,?,i4,
1769500835.659322,RECEIVED,276cfa25-a3c2-4548-bca2-66a58e0948d9,8ac9c674-100e-400a-a203-5192027fa46b,c2,None,2236,p2,?,
1769500835.8523166,SENT,276cfa25-a3c2-4548-bca2-66a58e0948d9,8ac9c674-100e-400a-a203-5192027fa46b,c2,None,1603,?,i7,
1769500835.8523612,FORWARDED,276cfa25-a3c2-4548-bca2-66a58e0948d9,8ac9c674-100e-400a-a203-5192027fa46b,c2,None,1603,?,i7,
1769500835.9444616,RECEIVED,56f39975-9c0d-46fc-acbe-ed51d8ef4344,ac470107-c0f4-471b-8aa8-445f2a4d132b,c3,DROP,1439,p3,?,
1769500835.9553032,RECEIVED,73e975f6-3df1-48ee-8e6b-418a0526a940,1377b604-82cc-4f9d-b084-b38a6fbc89b8,c5,DROP,1444,p2,?,
1769500835.9954438,SENT,5f148e7b-d1af-4172-b7f3-0b9d64e7495a,f3aedfc8-0b69-4a6b-ba02-ba34062625a9,c2,c1,1775,?,i1,
1769500835.9954848,FORWARDED,5f148e7b-d1af-4172-b7f3-0b9d64e7495a,f3aedfc8-0b69-4a6b-ba02-ba34062625a9,c2,c1,1775,?,i1,
1769500836.0046897,RECEIVED,2a6e5cc4-e860-4fc6-a326-22e48a39ebed,7fb859f3-b180-4f54-9cad-07122e17f624,c3,DROP,1439,p3,?,
1769500836.1358752,SENT,2ce75f35-3bca-4103-b249-7b737f5d3708,8ef0ff70-c4f7-4397-a9c1-bdaea13b0997,c4,DROP,1007,?,i1,
1769500836.1359162,FORWARDED,2ce75f35-3bca-4103-b249-7b737f5d3708,8ef0ff70-c4f7-4397-a9c1-bdaea13b0997,c4,DROP,1007,?,i1,
1769500836.1611497,RECEIVED,8ad9b73e-0840-4d0c-b333-2e0a1f175b07,93f69e1a-c821-41c0-b7e7-b207a52f33fb,c3,DROP,1439,p3,?,
1769500836.4932454,RECEIVED,ab2b4654-ff72-4739-9028-83ac6e0efe5f,4bff4d09-42e9-49f1-9828-87a5919a8240,c2,DROP,1440,p2,?,
1769500836.582395,SENT,f5c51e0b-9290-4b2d-92aa-020096a87802,e14570cc-7e73-4be3-8355-47f9f8f494c2,c1,None,1593,?,i7,
1769500836.5824332,FORWARDED,f5c51e0b-9290-4b2d-92aa-020096a87802,e14570cc-7e73-4be3-8355-47f9f8f494c2,c1,None,1593,?,i7,
1769500836.751459,SENT,ab2b4654-ff72-4739-9028-83ac6e0efe5f,4bff4d09-42e9-49f1-9828-87a5919a8240,c2,DROP,1007,?,i11,
1769500836.7514968,FORWARDED,ab2b4654-ff72-4739-9028-83ac6e0efe5f,4bff4d09-42e9-49f1-9828-87a5919a8240,c2,DROP,1007,?,i11,
1769500836.7780814,SENT,56f39975-9c0d-46fc-acbe-ed51d8ef4344,ac470107-c0f4-471b-8aa8-445f2a4d132b,c3,DROP,1008,?,i5,
1769500836.778124,FORWARDED,56f39975-9c0d-46fc-acbe-ed51d8ef4344,ac470107-c0f4-471b-8aa8-445f2a4d132b,c3,DROP,1008,?,i5,
1769500836.7965243,RECEIVED,0029bea2-0255-404d-b6d1-8ea1b7f37038,3f4fcf66-84c3-49bc-a53d-9ffb7e7deb3f,c1,c5,2463,p1,?,
1769500836.8563826,SENT,73e975f6-3df1-48ee-8e6b-418a0526a940,1377b604-82cc-4f9d-b084-b38a6fbc89b8,c5,DROP,1011,?,i11,
1769500836.8564255,FORWARDED,73e975f6-3df1-48ee-8e6b-418a0526a940,1377b604-82cc-4f9d-b084-b38a6fbc89b8,c5,DROP,1011,?,i11,
1769500836.8641675,SENT,2a6e5cc4-e860-4fc6-a326-22e48a39ebed,7fb859f3-b180-4f54-9cad-07122e17f624,c3,DROP,1008,?,i3,
1769500836.8642213,FORWARDED,2a6e5cc4-e860-4fc6-a326-22e48a39ebed,7fb859f3-b180-4f54-9cad-07122e17f624,c3,DROP,1008,?,i3,
1769500837.0860853,SENT,0029bea2-0255-404d-b6d1-8ea1b7f37038,3f4fcf66-84c3-49bc-a53d-9ffb7e7deb3f,c1,c5,1775,?,i8,
1769500837.0861273,FORWARDED,0029bea2-0255-404d-b6d1-8ea1b7f37038,3f4fcf66-84c3-49bc-a53d-9ffb7e7deb3f,c1,c5,1775,?,i8,
1769500837.1748424,SENT,aa5c5250-e083-4045-b6f7-cce44325ac5c,e6ed4e97-4da6-4f50-bbcb-964f27e69aaa,c2,DROP,1019,?,i12,
1769500837.174883,FORWARDED,aa5c5250-e083-4045-b6f7-cce44325ac5c,e6ed4e97-4da6-4f50-bbcb-964f27e69aaa,c2,DROP,1019,?,i12,
1769500837.5117538,SENT,8ad9b73e-0840-4d0c-b333-2e0a1f175b07,93f69e1a-c821-41c0-b7e7-b207a52f33fb,c3,DROP,1006,?,i7,
1769500837.5119972,FORWARDED,8ad9b73e-0840-4d0c-b333-2e0a1f175b07,93f69e1a-c821-41c0-b7e7-b207a52f33fb,c3,DROP,1006,?,i7,
1769500837.638228,RECEIVED,cc3eaf81-d199-43fa-abf5-71bb9628f760,5fc6db16-c3dd-434d-9b11-a8cc796daa98,c2,None,2231,p2,?,
1769500837.6518128,RECEIVED,05d05ee5-e653-4aa5-b73e-b33008c0ac17,e68af687-ae95-4cbe-a950-26dea2b93c83,c3,DROP,1439,p3,?,
1769500837.7637768,RECEIVED,15808958-b08d-4ad3-b310-72a561cdacd1,a866c032-2608-45a7-b66c-e6e50b0b7d85,c3,DROP,1452,p3,?,
1769500837.7994018,RECEIVED,54db9f4f-d2da-4826-9e26-a5b3972ef61a,8e682ad0-48ec-49d5-afc5-7b4472c5b36c,c2,DROP,1443,p2,?,
1769500837.8524654,RECEIVED,e8eeb47a-a743-439e-a46a-2d620a6c8834,22417e05-c10c-4ec2-b329-df0aeebd18b5,c4,DROP,1440,p1,?,
1769500837.866187,SENT,15808958-b08d-4ad3-b310-72a561cdacd1,a866c032-2608-45a7-b66c-e6e50b0b7d85,c3,DROP,1016,?,i1,
1769500837.8662314,FORWARDED,15808958-b08d-4ad3-b310-72a561cdacd1,a866c032-2608-45a7-b66c-e6e50b0b7d85,c3,DROP,1016,?,i1,
1769500838.0763369,SENT,54db9f4f-d2da-4826-9e26-a5b3972ef61a,8e682ad0-48ec-49d5-afc5-7b4472c5b36c,c2,DROP,1011,?,i8,
1769500838.076378,FORWARDED,54db9f4f-d2da-4826-9e26-a5b3972ef61a,8e682ad0-48ec-49d5-afc5-7b4472c5b36c,c2,DROP,1011,?,i8,
1769500838.135712,RECEIVED,b6140f92-ac21-4956-8bf2-6b6fa8de91e2,799cb07b-bc01-410a-8b35-5b420bb97139,c2,DROP,1461,p2,?,
1769500838.1774147,RECEIVED,1448d787-e5b2-45e5-badc-f7cce172a5cd,f743ec36-e430-4c39-9406-37d1d7c8d460,c1,DROP,1438,p1,?,
1769500838.405816,RECEIVED,4a8beff8-b1b4-471d-b18b-99bd6a2c64fa,332c76ab-6c24-46d7-a5ad-99948c5499b1,c4,DROP,1438,p1,?,
1769500838.4089487,SENT,b6140f92-ac21-4956-8bf2-6b6fa8de91e2,799cb07b-bc01-410a-8b35-5b420bb97139,c2,DROP,1021,?,i12,
1769500838.4089882,FORWARDED,b6140f92-ac21-4956-8bf2-6b6fa8de91e2,799cb07b-bc01-410a-8b35-5b420bb97139,c2,DROP,1021,?,i12,
1769500838.4199085,RECEIVED,cd9ce4b1-35a8-469b-bccc-4d07931ef008,316e96ba-3fd8-4ad1-92e1-c03e310493f6,c2,DROP,1452,p2,?,
1769500838.6043437,RECEIVED,4f68d0f4-62a8-4f55-878b-fb467a1602c2,44dcc5d5-2514-448f-830a-8bb5b69bc34b,c2,None,2229,p2,?,
1769500838.6176023,RECEIVED,3a1d44c0-179d-4af6-8986-91c02a035ea4,293085f7-79d5-474d-8ea2-e9fc74ba426d,c4,DROP,442,x3,?,
1769500838.6194046,SENT,e8eeb47a-a743-439e-a46a-2d620a6c8834,22417e05-c10c-4ec2-b329-df0aeebd18b5,c4,DROP,1007,?,i12,
1769500838.619445,FORWARDED,e8eeb47a-a743-439e-a46a-2d620a6c8834,22417e05-c10c-4ec2-b329-df0aeebd18b5,c4,DROP,1007,?,i12,
1769500838.625219,RECEIVED,cde58a68-61db-41f5-a0d0-eeddb6a2cbf6,d578b3a9-7585-49f6-8219-0105b824dbe4,c1,DROP,441,x6,?,
1769500838.6326818,SENT,cc3eaf81-d199-43fa-abf5-71bb9628f760,5fc6db16-c3dd-434d-9b11-a8cc796daa98,c2,None,1601,?,i7,
1769500838.632724,FORWARDED,cc3eaf81-d199-43fa-abf5-71bb9628f760,5fc6db16-c3dd-434d-9b11-a8cc796daa98,c2,None,1601,?,i7,
1769500838.6960812,RECEIVED,8033b8fb-6c9c-4052-b79e-da6cb6133969,58e2c828-a795-4d99-8ae7-8a08b3fd3188,c1,DROP,1456,p1,?,
1769500838.755324,SENT,cd9ce4b1-35a8-469b-bccc-4d07931ef008,316e96ba-3fd8-4ad1-92e1-c03e310493f6,c2,DROP,1016,?,i2,
1769500838.755366,FORWARDED,cd9ce4b1-35a8-469b-bccc-4d07931ef008,316e96ba-3fd8-4ad1-92e1-c03e310493f6,c2,DROP,1016,?,i2,
1769500838.7979453,RECEIVED,caaf965a-db73-4c3f-aa8a-4e3a61dfe0e9,e4464b03-62d2-49d8-bbe8-6a35cfd8add7,c3,c4,2460,p3,?,
1769500838.8121839,RECEIVED,219ff742-7b8d-416e-818a-3d12a7e32cd4,ddbe1137-8f11-434e-8efe-f46a8b0b3df8,c1,DROP,1442,p1,?,
1769500838.919977,SENT,05d05ee5-e653-4aa5-b73e-b33008c0ac17,e68af687-ae95-4cbe-a950-26dea2b93c83,c3,DROP,1008,?,i2,
1769500838.9200232,FORWARDED,05d05ee5-e653-4aa5-b73e-b33008c0ac17,e68af687-ae95-4cbe-a950-26dea2b93c83,c3,DROP,1008,?,i2,
1769500838.9348238,SENT,caaf965a-db73-4c3f-aa8a-4e3a61dfe0e9,e4464b03-62d2-49d8-bbe8-6a35cfd8add7,c3,c4,1772,?,i7,
1769500838.9351616,FORWARDED,caaf965a-db73-4c3f-aa8a-4e3a61dfe0e9,e4464b03-62d2-49d8-bbe8-6a35cfd8add7,c3,c4,1772,?,i7,
1769500838.9644864,SENT,4f68d0f4-62a8-4f55-878b-fb467a1602c2,44dcc5d5-2514-448f-830a-8bb5b69bc34b,c2,None,1599,?,i11,
1769500838.964528,FORWARDED,4f68d0f4-62a8-4f55-878b-fb467a1602c2,44dcc5d5-2514-448f-830a-8bb5b69bc34b,c2,None,1599,?,i11,
1769500839.1058922,RECEIVED,d62e1989-8c91-4c8e-b49a-eb631d431cf2,cdbcfc86-be07-45dd-8f78-34b93e53525c,c5,DROP,1444,p2,?,
1769500839.2642815,SENT,d62e1989-8c91-4c8e-b49a-eb631d431cf2,cdbcfc86-be07-45dd-8f78-34b93e53525c,c5,DROP,1009,?,i9,
1769500839.2643209,FORWARDED,d62e1989-8c91-4c8e-b49a-eb631d431cf2,cdbcfc86-be07-45dd-8f78-34b93e53525c,c5,DROP,1009,?,i9,
1769500839.3941045,RECEIVED,fc2299c3-5582-46e5-8181-7267315879ec,e2cca9d6-6aff-4004-98cf-ce8158cf5d3c,c1,DROP,441,x3,?,
1769500839.4516606,SENT,4a8beff8-b1b4-471d-b18b-99bd6a2c64fa,332c76ab-6c24-46d7-a5ad-99948c5499b1,c4,DROP,1006,?,i2,
1769500839.4517024,FORWARDED,4a8beff8-b1b4-471d-b18b-99bd6a2c64fa,332c76ab-6c24-46d7-a5ad-99948c5499b1,c4,DROP,1006,?,i2,
1769500839.5044417,RECEIVED,b0c639a9-1212-426e-a238-174892182c06,24fab544-cff5-4f55-9ba3-e2059f169364,c2,DROP,1451,p2,?,
1769500839.5494418,RECEIVED,1dd64e6b-cd10-45cb-b302-540fa41e7b13,75e00184-2a0d-41c0-a19b-905b9edf87f9,c1,DROP,441,x8,?,
1769500839.5602565,SENT,219ff742-7b8d-416e-818a-3d12a7e32cd4,ddbe1137-8f11-434e-8efe-f46a8b0b3df8,c1,DROP,1011,?,i2,
1769500839.560298,FORWARDED,219ff742-7b8d-416e-818a-3d12a7e32cd4,ddbe1137-8f11-434e-8efe-f46a8b0b3df8,c1,DROP,1011,?,i2,
1769500839.5671206,RECEIVED,c01ce551-1d6a-475b-a20c-28d7a9ad9ef8,784be36b-751e-4e09-b19a-5a9ac544dd13,c2,DROP,441,x6,?,
1769500839.7564037,RECEIVED,3739368b-65d2-40f9-8af4-81b48973689c,49b5541a-f98e-4010-909a-3c3221bb7538,c2,DROP,1441,p2,?,
1769500839.9832206,RECEIVED,fcdb7a24-ae94-4300-8e93-04401fec6ab7,4806df6e-c4ff-4040-bd4e-0255f5043c5d,c5,DROP,1443,p2,?,
1769500840.0600674,SENT,8033b8fb-6c9c-4052-b79e-da6cb6133969,58e2c828-a795-4d99-8ae7-8a08b3fd3188,c1,DROP,1020,?,i12,
1769500840.0601118,FORWARDED,8033b8fb-6c9c-4052-b79e-da6cb6133969,58e2c828-a795-4d99-8ae7-8a08b3fd3188,c1,DROP,1020,?,i12,
1769500840.098256,SENT,3739368b-65d2-40f9-8af4-81b48973689c,49b5541a-f98e-4010-909a-3c3221bb7538,c2,DROP,1007,?,i12,
1769500840.098298,FORWARDED,3739368b-65d2-40f9-8af4-81b48973689c,49b5541a-f98e-4010-909a-3c3221bb7538,c2,DROP,1007,?,i12,
1769500840.1277072,RECEIVED,b6b3dc5e-4572-4b66-a8f1-c93f20acde3a,386d02c9-5dad-4277-b358-d006ee439ae0,c3,DROP,446,x11,?,
1769500840.172932,SENT,fcdb7a24-ae94-4300-8e93-04401fec6ab7,4806df6e-c4ff-4040-bd4e-0255f5043c5d,c5,DROP,1011,?,i7,
1769500840.1729732,FORWARDED,fcdb7a24-ae94-4300-8e93-04401fec6ab7,4806df6e-c4ff-4040-bd4e-0255f5043c5d,c5,DROP,1011,?,i7,
1769500840.7233946,SENT,1448d787-e5b2-45e5-badc-f7cce172a5cd,f743ec36-e430-4c39-9406-37d1d7c8d460,c1,DROP,1008,?,i5,
1769500840.723437,FORWARDED,1448d787-e5b2-45e5-badc-f7cce172a5cd,f743ec36-e430-4c39-9406-37d1d7c8d460,c1,DROP,1008,?,i5,
1769500840.8209944,RECEIVED,4606afea-c5df-4fba-a4a2-5d8696d68c8e,456235b6-e9af-48c3-b62d-0e366e496c79,c5,DROP,1441,p2,?,
1769500840.933931,SENT,4606afea-c5df-4fba-a4a2-5d8696d68c8e,456235b6-e9af-48c3-b62d-0e366e496c79,c5,DROP,1007,?,i10,
1769500840.9339712,FORWARDED,4606afea-c5df-4fba-a4a2-5d8696d68c8e,456235b6-e9af-48c3-b62d-0e366e496c79,c5,DROP,1007,?,i10,
1769500841.1996355,RECEIVED,dae3a489-81f3-45dc-ae9f-60d099984fcf,5385442f-139f-4d8e-b607-fb426cd9e72b,c4,DROP,1448,p1,?,
1769500841.2549174,RECEIVED,08133836-3314-4a7f-92e1-6a02b5414573,094aeaa8-89db-45c7-8eee-ca540e7cce63,c4,DROP,441,x7,?,
1769500841.3105354,RECEIVED,ed78d609-ff4e-4d2e-abd4-b75b3e39e6f8,ad398add-4a45-4f8b-b25e-ac10e6d43342,c2,None,2226,p2,?,
1769500841.382873,SENT,dae3a489-81f3-45dc-ae9f-60d099984fcf,5385442f-139f-4d8e-b607-fb426cd9e72b,c4,DROP,1013,?,i9,
1769500841.3829234,FORWARDED,dae3a489-81f3-45dc-ae9f-60d099984fcf,5385442f-139f-4d8e-b607-fb426cd9e72b,c4,DROP,1013,?,i9,
1769500841.4211586,RECEIVED,a338e939-d132-4e88-9c50-7de4383089fd,151d917e-5395-4255-84d8-f405687afce8,c5,DROP,1439,p2,?,
1769500841.5015495,RECEIVED,1679bb2c-fd0b-471e-afce-ffef18f4ef0c,517955b2-f8b6-45d2-a7f5-29a2f3306cb8,c4,DROP,1452,p1,?,
1769500841.5920308,SENT,b0c639a9-1212-426e-a238-174892182c06,24fab544-cff5-4f55-9ba3-e2059f169364,c2,DROP,1015,?,i5,
1769500841.592374,FORWARDED,b0c639a9-1212-426e-a238-174892182c06,24fab544-cff5-4f55-9ba3-e2059f169364,c2,DROP,1015,?,i5,
1769500841.6138544,RECEIVED,aaaee097-3eb1-4b8b-bece-848c915342d0,e1145f43-b661-4b4d-9de6-7e5be5eabe1e,c5,c2,2443,p2,?,
1769500841.735012,RECEIVED,bba94bc3-a22d-41f1-be87-b95b2fd4661a,ee280b63-f47e-46d2-95d9-66350a3ccbd2,c4,c3,2472,p1,?,
1769500841.7806242,SENT,ed78d609-ff4e-4d2e-abd4-b75b3e39e6f8,ad398add-4a45-4f8b-b25e-ac10e6d43342,c2,None,1597,?,i6,
1769500841.7806687,FORWARDED,ed78d609-ff4e-4d2e-abd4-b75b3e39e6f8,ad398add-4a45-4f8b-b25e-ac10e6d43342,c2,None,1597,?,i6,
1769500841.8111422,SENT,a338e939-d132-4e88-9c50-7de4383089fd,151d917e-5395-4255-84d8-f405687afce8,c5,DROP,1007,?,i9,
1769500841.811186,FORWARDED,a338e939-d132-4e88-9c50-7de4383089fd,151d917e-5395-4255-84d8-f405687afce8,c5,DROP,1007,?,i9,
1769500841.877237,RECEIVED,8b13e8d7-eacc-4796-8d3d-ce3410940967,ae0af08a-aa5e-4795-b219-4306cad74312,c1,DROP,441,x10,?,
1769500842.0426972,RECEIVED,5d365275-461d-48f1-bc74-52bc1df50db1,e7424178-6c09-42f7-8f2f-03a220712160,c3,DROP,1440,p3,?,
1769500842.079619,RECEIVED,95268bb1-6cae-4c8c-9e35-c54d6ca5b958,9aabd171-dcf5-4fe8-85b5-7c380a9497f5,c4,DROP,1439,p1,?,
1769500842.1746204,SENT,1679bb2c-fd0b-471e-afce-ffef18f4ef0c,517955b2-f8b6-45d2-a7f5-29a2f3306cb8,c4,DROP,1015,?,i10,
1769500842.1746562,FORWARDED,1679bb2c-fd0b-471e-afce-ffef18f4ef0c,517955b2-f8b6-45d2-a7f5-29a2f3306cb8,c4,DROP,1015,?,i10,
1769500842.206242,SENT,5d365275-461d-48f1-bc74-52bc1df50db1,e7424178-6c09-42f7-8f2f-03a220712160,c3,DROP,1007,?,i2,
1769500842.2062838,FORWARDED,5d365275-461d-48f1-bc74-52bc1df50db1,e7424178-6c09-42f7-8f2f-03a220712160,c3,DROP,1007,?,i2,
1769500842.295123,RECEIVED,3aca9878-7dbf-4001-b5e5-15d2f6587083,c5357820-c0c6-4503-8fd3-2ee89e9543cc,c1,c5,2463,p1,?,
1769500842.3232262,RECEIVED,00e5bdd5-a369-4340-aadc-a34cf81cd085,296a27a1-0ad9-41c8-8396-c4b84ea32f4d,c4,None,2224,p1,?,
1769500842.4171784,RECEIVED,abc05555-aece-4419-9134-65cc633b38e1,1edf179e-1f57-49f6-a203-35ca075b9fef,c3,None,2240,p3,?,
1769500842.4378574,RECEIVED,8631385e-1980-43aa-ad8a-6cceddf3f1ad,3317c2b7-f597-4c8c-a52d-29a2ec5ce8f5,c1,DROP,1441,p1,?,
1769500842.508069,SENT,abc05555-aece-4419-9134-65cc633b38e1,1edf179e-1f57-49f6-a203-35ca075b9fef,c3,None,1606,?,i2,
1769500842.508112,FORWARDED,abc05555-aece-4419-9134-65cc633b38e1,1edf179e-1f57-49f6-a203-35ca075b9fef,c3,None,1606,?,i2,
1769500842.6172702,SENT,00e5bdd5-a369-4340-aadc-a34cf81cd085,296a27a1-0ad9-41c8-8396-c4b84ea32f4d,c4,None,1595,?,i3,
1769500842.6173186,FORWARDED,00e5bdd5-a369-4340-aadc-a34cf81cd085,296a27a1-0ad9-41c8-8396-c4b84ea32f4d,c4,None,1595,?,i3,
1769500842.64976,RECEIVED,da418c75-6d8e-4b9f-a137-c8b2b496e88d,12412428-5fad-43c0-ba9d-4b59cb98b4d5,c5,DROP,1440,p2,?,
1769500842.7112253,RECEIVED,00c9b928-439e-4910-b0c6-065bccf06eb3,8924689b-8f0f-40ef-9990-a7a192ecff05,c3,DROP,1440,p3,?,
1769500842.736312,SENT,da418c75-6d8e-4b9f-a137-c8b2b496e88d,12412428-5fad-43c0-ba9d-4b59cb98b4d5,c5,DROP,1007,?,i7,
1769500842.73635,FORWARDED,da418c75-6d8e-4b9f-a137-c8b2b496e88d,12412428-5fad-43c0-ba9d-4b59cb98b4d5,c5,DROP,1007,?,i7,
1769500842.813317,SENT,95268bb1-6cae-4c8c-9e35-c54d6ca5b958,9aabd171-dcf5-4fe8-85b5-7c380a9497f5,c4,DROP,1007,?,i5,
1769500842.8133583,FORWARDED,95268bb1-6cae-4c8c-9e35-c54d6ca5b958,9aabd171-dcf5-4fe8-85b5-7c380a9497f5,c4,DROP,1007,?,i5,
1769500842.9115274,SENT,8631385e-1980-43aa-ad8a-6cceddf3f1ad,3317c2b7-f597-4c8c-a52d-29a2ec5ce8f5,c1,DROP,1007,?,i10,
1769500842.9115684,FORWARDED,8631385e-1980-43aa-ad8a-6cceddf3f1ad,3317c2b7-f597-4c8c-a52d-29a2ec5ce8f5,c1,DROP,1007,?,i10,
1769500842.9134572,RECEIVED,e20140b6-d49b-4f55-b576-b05ec98f4c1e,8e16d7f0-0f67-4984-a293-0e5ab07ef81f,c4,DROP,1440,p1,?,
1769500842.9270644,SENT,00c9b928-439e-4910-b0c6-065bccf06eb3,8924689b-8f0f-40ef-9990-a7a192ecff05,c3,DROP,1007,?,i8,
1769500842.927105,FORWARDED,00c9b928-439e-4910-b0c6-065bccf06eb3,8924689b-8f0f-40ef-9990-a7a192ecff05,c3,DROP,1007,?,i8,
1769500843.162103,SENT,e20140b6-d49b-4f55-b576-b05ec98f4c1e,8e16d7f0-0f67-4984-a293-0e5ab07ef81f,c4,DROP,1006,?,i8,
1769500843.1621423,FORWARDED,e20140b6-d49b-4f55-b576-b05ec98f4c1e,8e16d7f0-0f67-4984-a293-0e5ab07ef81f,c4,DROP,1006,?,i8,
1769500843.1826553,SENT,3aca9878-7dbf-4001-b5e5-15d2f6587083,c5357820-c0c6-4503-8fd3-2ee89e9543cc,c1,c5,1774,?,i6,
1769500843.182698,FORWARDED,3aca9878-7dbf-4001-b5e5-15d2f6587083,c5357820-c0c6-4503-8fd3-2ee89e9543cc,c1,c5,1774,?,i6,
1769500843.2316802,RECEIVED,43be1178-10e3-4ac7-a31e-2600878b2af2,77620ac2-def4-47cb-b1c1-10c6b18d3004,c2,DROP,1443,p2,?,
1769500843.3525777,RECEIVED,317eabc5-a364-46f0-b257-4f0620f9ecfa,20d1be26-f3cb-499f-9c5d-451326445da7,c2,DROP,1456,p2,?,
1769500843.3794122,SENT,aaaee097-3eb1-4b8b-bece-848c915342d0,e1145f43-b661-4b4d-9de6-7e5be5eabe1e,c5,c2,1760,?,i6,
1769500843.379453,FORWARDED,aaaee097-3eb1-4b8b-bece-848c915342d0,e1145f43-b661-4b4d-9de6-7e5be5eabe1e,c5,c2,1760,?,i6,
1769500843.4441433,SENT,bba94bc3-a22d-41f1-be87-b95b2fd4661a,ee280b63-f47e-46d2-95d9-66350a3ccbd2,c4,c3,1780,?,i10,
1769500843.4441864,FORWARDED,bba94bc3-a22d-41f1-be87-b95b2fd4661a,ee280b63-f47e-46d2-95d9-66350a3ccbd2,c4,c3,1780,?,i10,
1769500843.5132518,RECEIVED,7c4572d4-617a-438f-91d3-566f0d1ca2da,7ba2176e-5833-4dd6-abfe-6e1279ab3dc3,c1,c5,2449,p1,?,
1769500843.548091,SENT,7c4572d4-617a-438f-91d3-566f0d1ca2da,7ba2176e-5833-4dd6-abfe-6e1279ab3dc3,c1,c5,1763,?,i2,
1769500843.5481324,FORWARDED,7c4572d4-617a-438f-91d3-566f0d1ca2da,7ba2176e-5833-4dd6-abfe-6e1279ab3dc3,c1,c5,1763,?,i2,
1769500843.5922246,SENT,43be1178-10e3-4ac7-a31e-2600878b2af2,77620ac2-def4-47cb-b1c1-10c6b18d3004,c2,DROP,1011,?,i1,
1769500843.5922663,FORWARDED,43be1178-10e3-4ac7-a31e-2600878b2af2,77620ac2-def4-47cb-b1c1-10c6b18d3004,c2,DROP,1011,?,i1,
1769500843.61667,SENT,317eabc5-a364-46f0-b257-4f0620f9ecfa,20d1be26-f3cb-499f-9c5d-451326445da7,c2,DROP,1020,?,i12,
1769500843.6168537,FORWARDED,317eabc5-a364-46f0-b257-4f0620f9ecfa,20d1be26-f3cb-499f-9c5d-451326445da7,c2,DROP,1020,?,i12,
1769500843.662289,RECEIVED,aa1976b6-fe85-4abe-b2fd-aaf77230b472,4bfbc0df-2baa-43ff-8402-e72f8cd0d523,c3,DROP,1448,p3,?,
1769500843.699772,RECEIVED,6b049c81-79d5-4199-bc6e-32673387243d,6da5ad1e-7cd2-45f3-ad84-1922dd52b700,c2,DROP,1435,p2,?,
1769500843.7795231,RECEIVED,7f204c93-387f-4d9f-a22e-a18520273564,3ab71b21-852d-458c-88d6-74e4dd08e094,c1,DROP,1445,p1,?,
1769500843.803045,SENT,aa1976b6-fe85-4abe-b2fd-aaf77230b472,4bfbc0df-2baa-43ff-8402-e72f8cd0d523,c3,DROP,1012,?,i4,
1769500843.8030984,FORWARDED,aa1976b6-fe85-4abe-b2fd-aaf77230b472,4bfbc0df-2baa-43ff-8402-e72f8cd0d523,c3,DROP,1012,?,i4,
1769500843.8376355,SENT,7f204c93-387f-4d9f-a22e-a18520273564,3ab71b21-852d-458c-88d6-74e4dd08e094,c1,DROP,1011,?,i5,
1769500843.8376772,FORWARDED,7f204c93-387f-4d9f-a22e-a18520273564,3ab71b21-852d-458c-88d6-74e4dd08e094,c1,DROP,1011,?,i5,
1769500843.9021003,RECEIVED,a2137404-d501-4d3f-9528-1a214a4fe9b5,2c2780b2-accc-44e1-84c5-d4ebdd3a2e93,c4,DROP,1452,p1,?,
1769500844.0412478,SENT,a2137404-d501-4d3f-9528-1a214a4fe9b5,2c2780b2-accc-44e1-84c5-d4ebdd3a2e93,c4,DROP,1015,?,i9,
1769500844.0412908,FORWARDED,a2137404-d501-4d3f-9528-1a214a4fe9b5,2c2780b2-accc-44e1-84c5-d4ebdd3a2e93,c4,DROP,1015,?,i9,
1769500844.4855301,SENT,6b049c81-79d5-4199-bc6e-32673387243d,6da5ad1e-7cd2-45f3-ad84-1922dd52b700,c2,DROP,1003,?,i4,
1769500844.4855728,FORWARDED,6b049c81-79d5-4199-bc6e-32673387243d,6da5ad1e-7cd2-45f3-ad84-1922dd52b700,c2,DROP,1003,?,i4,
1769500844.5016565,RECEIVED,a28f56fc-b18b-4122-acfe-4ab4423f2956,83b28536-d2c0-451a-85c2-bd359538479a,c4,DROP,1453,p1,?,
1769500844.513039,SENT,a28f56fc-b18b-4122-acfe-4ab4423f2956,83b28536-d2c0-451a-85c2-bd359538479a,c4,DROP,1015,?,i2,
1769500844.5131016,FORWARDED,a28f56fc-b18b-4122-acfe-4ab4423f2956,83b28536-d2c0-451a-85c2-bd359538479a,c4,DROP,1015,?,i2,
1769500844.5421474,RECEIVED,459ae8b1-f955-4744-81e7-515ea2678349,a7784e4c-f079-42ff-98ed-6406cd372469,c4,DROP,442,x12,?,
1769500844.793205,RECEIVED,4ac9678c-b418-41c8-89a5-dff6ed057e19,66df9f8e-e297-475a-9c0c-0cfff3020be3,c2,DROP,1443,p2,?,
1769500844.8521183,RECEIVED,c1e4cb99-59f5-4050-8dc2-5cf286d82180,621a68c1-1520-4102-bea1-f7e9b979a63a,c1,DROP,441,x11,?,
1769500845.2925394,RECEIVED,41e0fb63-654e-4651-bfd7-57b84fed41fe,17bba10a-b613-4a66-9e15-65d7c4a819e0,c1,DROP,441,x6,?,
1769500845.578096,RECEIVED,06e2b9fe-b997-40c1-b12a-bfe6a455ed2b,2dad2277-cae9-4dc0-8fd4-7f6e80fa3242,c2,None,2240,p2,?,
1769500845.6703727,RECEIVED,6e43c3e7-b3a4-483b-8914-d905315094e2,b5de42f4-a44f-4114-9df5-33a70c471b4f,c4,DROP,1440,p1,?,
1769500845.6965113,RECEIVED,edc59a51-af98-476c-9684-4f629d1fe190,b344005b-bdaf-4686-b995-8a2f52643ca3,c1,None,2237,p1,?,
1769500845.7334101,SENT,edc59a51-af98-476c-9684-4f629d1fe190,b344005b-bdaf-4686-b995-8a2f52643ca3,c1,None,1604,?,i2,
1769500845.7334523,FORWARDED,edc59a51-af98-476c-9684-4f629d1fe190,b344005b-bdaf-4686-b995-8a2f52643ca3,c1,None,1604,?,i2,
1769500845.735712,RECEIVED,e1427308-a026-4959-9731-9f22953964e9,dc40d072-6b7a-4003-a8a4-59797d23131a,c2,DROP,446,x3,?,
1769500845.7649455,SENT,4ac9678c-b418-41c8-89a5-dff6ed057e19,66df9f8e-e297-475a-9c0c-0cfff3020be3,c2,DROP,1011,?,i2,
1769500845.7649891,FORWARDED,4ac9678c-b418-41c8-89a5-dff6ed057e19,66df9f8e-e297-475a-9c0c-0cfff3020be3,c2,DROP,1011,?,i2,
1769500845.7937715,RECEIVED,a7d86a87-adda-4fba-a1a5-f13600e844c9,087891b2-48f4-4beb-80e6-a0b0e41af6f1,c1,DROP,1440,p1,?,
1769500845.86574,RECEIVED,729b7f45-dae9-4431-adcb-bfefe8637630,0193d1fa-7d24-4c9a-afa8-80d8ace60e62,c5,DROP,1435,p2,?,
1769500845.8970969,SENT,6e43c3e7-b3a4-483b-8914-d905315094e2,b5de42f4-a44f-4114-9df5-33a70c471b4f,c4,DROP,1008,?,i5,
1769500845.8971412,FORWARDED,6e43c3e7-b3a4-483b-8914-d905315094e2,b5de42f4-a44f-4114-9df5-33a70c471b4f,c4,DROP,1008,?,i5,
1769500845.9292924,RECEIVED,e780559f-2a96-4c79-a206-9ec01844f8ae,0c8c4e3c-16fa-4c8a-a2f2-c37955eac8aa,c5,DROP,1440,p2,?,
1769500846.1197822,RECEIVED,d055ec78-5a21-4340-b9dd-6e953e1ea9cf,35eb0fd8-9de1-4e74-95f6-fe2905f92021,c3,None,2240,p3,?,
1769500846.1241064,RECEIVED,0dcf75ab-96ef-4fd2-9c6b-b3fa0a0bf42f,0d64c989-9890-4454-be31-63470f36b915,c1,DROP,1444,p1,?,
1769500846.1310956,SENT,a7d86a87-adda-4fba-a1a5-f13600e844c9,087891b2-48f4-4beb-80e6-a0b0e41af6f1,c1,DROP,1007,?,i5,
1769500846.1311395,FORWARDED,a7d86a87-adda-4fba-a1a5-f13600e844c9,087891b2-48f4-4beb-80e6-a0b0e41af6f1,c1,DROP,1007,?,i5,
1769500846.1953866,SENT,d055ec78-5a21-4340-b9dd-6e953e1ea9cf,35eb0fd8-9de1-4e74-95f6-fe2905f92021,c3,None,1607,?,i5,
1769500846.195432,FORWARDED,d055ec78-5a21-4340-b9dd-6e953e1ea9cf,35eb0fd8-9de1-4e74-95f6-fe2905f92021,c3,None,1607,?,i5,
1769500846.2532845,RECEIVED,f7f1ece9-aa11-44e3-915b-69d37d18c9f0,67ee9ff0-5dea-4b69-a50b-d36c33ebfd44,c3,DROP,1443,p3,?,
1769500846.2749603,SENT,e780559f-2a96-4c79-a206-9ec01844f8ae,0c8c4e3c-16fa-4c8a-a2f2-c37955eac8aa,c5,DROP,1008,?,i3,
1769500846.274996,FORWARDED,e780559f-2a96-4c79-a206-9ec01844f8ae,0c8c4e3c-16fa-4c8a-a2f2-c37955eac8aa,c5,DROP,1008,?,i3,
1769500846.3244808,RECEIVED,ba963043-b8d9-4a2d-832d-25e256001b15,d8e39a34-de58-48e9-9060-32886519bea7,c5,DROP,1439,p2,?,
1769500846.3355634,RECEIVED,fd35ec65-0234-466e-8934-0bc8eefea1f8,b98b9ae1-1846-4eac-a8ac-7cede205689f,c5,DROP,1456,p2,?,
1769500846.394339,RECEIVED,4b16a76a-596c-46a8-ac92-86485679117a,c2ae88aa-fbeb-4d89-b86d-16b53a268ea9,c5,DROP,1441,p2,?,
1769500846.4846547,SENT,4b16a76a-596c-46a8-ac92-86485679117a,c2ae88aa-fbeb-4d89-b86d-16b53a268ea9,c5,DROP,1007,?,i10,
1769500846.484695,FORWARDED,4b16a76a-596c-46a8-ac92-86485679117a,c2ae88aa-fbeb-4d89-b86d-16b53a268ea9,c5,DROP,1007,?,i10,
1769500846.4883063,SENT,fd35ec65-0234-466e-8934-0bc8eefea1f8,b98b9ae1-1846-4eac-a8ac-7cede205689f,c5,DROP,1019,?,i1,
1769500846.488348,FORWARDED,fd35ec65-0234-466e-8934-0bc8eefea1f8,b98b9ae1-1846-4eac-a8ac-7cede205689f,c5,DROP,1019,?,i1,
1769500846.511508,RECEIVED,b6eccc49-63cf-43a8-9062-04849b51f430,6d4e03ad-e84e-4293-a319-0f13deff6b17,c2,DROP,1447,p2,?,
1769500846.7775145,SENT,b6eccc49-63cf-43a8-9062-04849b51f430,6d4e03ad-e84e-4293-a319-0f13deff6b17,c2,DROP,1013,?,i5,
1769500846.777558,FORWARDED,b6eccc49-63cf-43a8-9062-04849b51f430,6d4e03ad-e84e-4293-a319-0f13deff6b17,c2,DROP,1013,?,i5,
1769500846.8109264,SENT,ba963043-b8d9-4a2d-832d-25e256001b15,d8e39a34-de58-48e9-9060-32886519bea7,c5,DROP,1007,?,i2,
1769500846.8109667,FORWARDED,ba963043-b8d9-4a2d-832d-25e256001b15,d8e39a34-de58-48e9-9060-32886519bea7,c5,DROP,1007,?,i2,
1769500846.8242962,SENT,0dcf75ab-96ef-4fd2-9c6b-b3fa0a0bf42f,0d64c989-9890-4454-be31-63470f36b915,c1,DROP,1011,?,i12,
1769500846.8243341,FORWARDED,0dcf75ab-96ef-4fd2-9c6b-b3fa0a0bf42f,0d64c989-9890-4454-be31-63470f36b915,c1,DROP,1011,?,i12,
1769500846.9651585,RECEIVED,5fdbb37d-2b53-4142-9b23-bf1e2163149b,d5f7149b-b107-4837-a005-369307aa4586,c4,DROP,1445,p1,?,
1769500847.0263503,SENT,5fdbb37d-2b53-4142-9b23-bf1e2163149b,d5f7149b-b107-4837-a005-369307aa4586,c4,DROP,1011,?,i8,
1769500847.0263937,FORWARDED,5fdbb37d-2b53-4142-9b23-bf1e2163149b,d5f7149b-b107-4837-a005-369307aa4586,c4,DROP,1011,?,i8,
1769500847.0833216,SENT,729b7f45-dae9-4431-adcb-bfefe8637630,0193d1fa-7d24-4c9a-afa8-80d8ace60e62,c5,DROP,1004,?,i3,
1769500847.0833642,FORWARDED,729b7f45-dae9-4431-adcb-bfefe8637630,0193d1fa-7d24-4c9a-afa8-80d8ace60e62,c5,DROP,1004,?,i3,
1769500847.2792022,RECEIVED,ca12973f-2c68-4e73-ac12-bf9bece7362a,36713184-a544-4388-943c-a4c1b2710d22,c2,c1,2471,p2,?,
1769500847.3618274,RECEIVED,ae481d40-86c5-45a9-8093-794c71ac7556,52a20291-a167-4c95-afb9-4c26482f457f,c3,None,2233,p3,?,
1769500847.3726544,RECEIVED,aba459fd-3ae2-42b1-9d52-f96da769520a,a4707277-bb7f-427c-80f9-977c19fe4174,c4,DROP,1443,p1,?,
1769500847.4377105,SENT,aba459fd-3ae2-42b1-9d52-f96da769520a,a4707277-bb7f-427c-80f9-977c19fe4174,c4,DROP,1010,?,i9,
1769500847.4377534,FORWARDED,aba459fd-3ae2-42b1-9d52-f96da769520a,a4707277-bb7f-427c-80f9-977c19fe4174,c4,DROP,1010,?,i9,
1769500847.4601212,SENT,ae481d40-86c5-45a9-8093-794c71ac7556,52a20291-a167-4c95-afb9-4c26482f457f,c3,None,1600,?,i11,
1769500847.4601648,FORWARDED,ae481d40-86c5-45a9-8093-794c71ac7556,52a20291-a167-4c95-afb9-4c26482f457f,c3,None,1600,?,i11,
1769500847.4923675,RECEIVED,f5202f1e-07c7-4099-935e-7b9b258c5674,06639bc5-ffd6-49e8-aa7f-82e474014cac,c1,DROP,1440,p1,?,
1769500847.7299318,SENT,06e2b9fe-b997-40c1-b12a-bfe6a455ed2b,2dad2277-cae9-4dc0-8fd4-7f6e80fa3242,c2,None,1608,?,i11,
1769500847.7299767,FORWARDED,06e2b9fe-b997-40c1-b12a-bfe6a455ed2b,2dad2277-cae9-4dc0-8fd4-7f6e80fa3242,c2,None,1608,?,i11,
1769500847.8199492,RECEIVED,e10c9f12-dae1-4732-9b30-64e3da54f5b5,b7595844-6400-407c-9e59-a29779dfbc14,c2,c1,2464,p2,?,
1769500847.8283365,SENT,f5202f1e-07c7-4099-935e-7b9b258c5674,06639bc5-ffd6-49e8-aa7f-82e474014cac,c1,DROP,1007,?,i9,
1769500847.8283868,FORWARDED,f5202f1e-07c7-4099-935e-7b9b258c5674,06639bc5-ffd6-49e8-aa7f-82e474014cac,c1,DROP,1007,?,i9,
1769500847.86049,RECEIVED,5223dad9-9343-4e5a-845a-ff718730bc6a,9412c754-b0ac-4fc3-a4c3-1558481498f1,c2,DROP,1435,p2,?,
1769500847.8693638,SENT,ca12973f-2c68-4e73-ac12-bf9bece7362a,36713184-a544-4388-943c-a4c1b2710d22,c2,c1,1780,?,i9,
1769500847.869407,FORWARDED,ca12973f-2c68-4e73-ac12-bf9bece7362a,36713184-a544-4388-943c-a4c1b2710d22,c2,c1,1780,?,i9,
1769500847.899616,SENT,e10c9f12-dae1-4732-9b30-64e3da54f5b5,b7595844-6400-407c-9e59-a29779dfbc14,c2,c1,1776,?,i2,
1769500847.899671,FORWARDED,e10c9f12-dae1-4732-9b30-64e3da54f5b5,b7595844-6400-407c-9e59-a29779dfbc14,c2,c1,1776,?,i2,
1769500848.010464,RECEIVED,d6e8f6aa-4006-4239-85a0-2c365228d297,ff5175d0-b54b-44cf-87e4-481da1be0985,c4,c3,2460,p1,?,
1769500848.1121304,RECEIVED,3a872fa7-4136-4aaf-81b5-b611c33ec516,30689e2f-953c-44e2-8720-97e616a281fa,c3,c4,2468,p3,?,
1769500848.2184494,RECEIVED,da8121c8-a8ad-4a45-be41-d6844f3ee37b,2b6cfe28-6251-4c59-a79c-881a26cdc9d4,c4,DROP,441,x3,?,
1769500848.247585,SENT,3a872fa7-4136-4aaf-81b5-b611c33ec516,30689e2f-953c-44e2-8720-97e616a281fa,c3,c4,1779,?,i9,
1769500848.2476213,FORWARDED,3a872fa7-4136-4aaf-81b5-b611c33ec516,30689e2f-953c-44e2-8720-97e616a281fa,c3,c4,1779,?,i9,
1769500848.2782462,RECEIVED,a8ad3d68-7a8b-4d4f-9635-7f84fda91b20,304269b5-ee00-43fa-a0ff-128b585f2a3e,c2,DROP,442,x8,?,
1769500848.3794425,SENT,f7f1ece9-aa11-44e3-915b-69d37d18c9f0,67ee9ff0-5dea-4b69-a50b-d36c33ebfd44,c3,DROP,1010,?,i1,
1769500848.379484,FORWARDED,f7f1ece9-aa11-44e3-915b-69d37d18c9f0,67ee9ff0-5dea-4b69-a50b-d36c33ebfd44,c3,DROP,1010,?,i1,
1769500848.6181228,SENT,5223dad9-9343-4e5a-845a-ff718730bc6a,9412c754-b0ac-4fc3-a4c3-1558481498f1,c2,DROP,1004,?,i5,
1769500848.6181736,FORWARDED,5223dad9-9343-4e5a-845a-ff718730bc6a,9412c754-b0ac-4fc3-a4c3-1558481498f1,c2,DROP,1004,?,i5,
1769500848.6436179,RECEIVED,f0768a47-75a2-43dd-85d5-ccb3e1e86428,9a464f5f-b91a-48d9-b166-cd2227fcb4e9,c4,DROP,1440,p1,?,
1769500848.6992795,RECEIVED,a5a670e5-5fa4-446f-aa1f-a36cd0be125f,9a61410f-0cbc-4cf3-a96b-b7408255144d,c4,DROP,1448,p1,?,
1769500848.7905529,SENT,a5a670e5-5fa4-446f-aa1f-a36cd0be125f,9a61410f-0cbc-4cf3-a96b-b7408255144d,c4,DROP,1012,?,i4,
1769500848.7905943,FORWARDED,a5a670e5-5fa4-446f-aa1f-a36cd0be125f,9a61410f-0cbc-4cf3-a96b-b7408255144d,c4,DROP,1012,?,i4,
1769500849.0483425,RECEIVED,b3a49c8b-2b16-4f21-a35d-9f75aa33c42e,e5957153-0a21-439b-af48-acd71c5147a4,c3,DROP,1435,p3,?,
1769500849.0731857,SENT,d6e8f6aa-4006-4239-85a0-2c365228d297,ff5175d0-b54b-44cf-87e4-481da1be0985,c4,c3,1771,?,i10,
1769500849.0732281,FORWARDED,d6e8f6aa-4006-4239-85a0-2c365228d297,ff5175d0-b54b-44cf-87e4-481da1be0985,c4,c3,1771,?,i10,
1769500849.2102816,RECEIVED,163e1128-8d1e-49ec-b7ec-16f572575236,b34f633c-e700-4b44-9679-cc8c03151e6d,c1,DROP,1447,p1,?,
1769500849.305268,SENT,b3a49c8b-2b16-4f21-a35d-9f75aa33c42e,e5957153-0a21-439b-af48-acd71c5147a4,c3,DROP,1003,?,i3,
1769500849.3053098,FORWARDED,b3a49c8b-2b16-4f21-a35d-9f75aa33c42e,e5957153-0a21-439b-af48-acd71c5147a4,c3,DROP,1003,?,i3,
1769500849.356366,RECEIVED,d41f4101-5514-4cf2-8b35-147bc452933a,8fc4a681-c205-45a1-835e-1852f71c4d64,c5,c2,2471,p2,?,
1769500849.3587918,RECEIVED,e4b7906b-476d-4c93-95fa-7b2e1088c832,1db86cf1-18fb-4b75-8525-a160a2b129d8,c3,DROP,1461,p3,?,
1769500849.3701215,RECEIVED,cb1eb08b-1b52-4021-96f6-5947765c88a5,679aa2e8-de96-47e6-957d-8d5217639c6d,c5,DROP,1448,p2,?,
1769500849.4089983,RECEIVED,d9bba3e7-5673-4e7c-94f7-ad5996d3dbfd,f14a1cf3-b662-4506-be0c-7d902574533d,c2,None,2244,p2,?,
1769500849.4296849,SENT,f0768a47-75a2-43dd-85d5-ccb3e1e86428,9a464f5f-b91a-48d9-b166-cd2227fcb4e9,c4,DROP,1008,?,i12,
1769500849.4297235,FORWARDED,f0768a47-75a2-43dd-85d5-ccb3e1e86428,9a464f5f-b91a-48d9-b166-cd2227fcb4e9,c4,DROP,1008,?,i12,
1769500849.5042663,SENT,e4b7906b-476d-4c93-95fa-7b2e1088c832,1db86cf1-18fb-4b75-8525-a160a2b129d8,c3,DROP,1023,?,i10,
1769500849.5043082,FORWARDED,e4b7906b-476d-4c93-95fa-7b2e1088c832,1db86cf1-18fb-4b75-8525-a160a2b129d8,c3,DROP,1023,?,i10,
1769500849.5328584,RECEIVED,72495216-4bfe-4e87-ad5a-4a0252ea2ece,970d0633-dfac-457f-a922-dd91734fa92c,c5,DROP,1452,p2,?,
1769500849.5426474,RECEIVED,adc7572a-e205-40fe-bb32-93ed328ab3ab,2fb225e1-867d-47f7-8779-2065e05fbebc,c4,DROP,1455,p1,?,
1769500849.5681307,SENT,d9bba3e7-5673-4e7c-94f7-ad5996d3dbfd,f14a1cf3-b662-4506-be0c-7d902574533d,c2,None,1609,?,i4,
1769500849.5681694,FORWARDED,d9bba3e7-5673-4e7c-94f7-ad5996d3dbfd,f14a1cf3-b662-4506-be0c-7d902574533d,c2,None,1609,?,i4,
1769500849.5932727,SENT,163e1128-8d1e-49ec-b7ec-16f572575236,b34f633c-e700-4b44-9679-cc8c03151e6d,c1,DROP,1012,?,i4,
1769500849.5933163,FORWARDED,163e1128-8d1e-49ec-b7ec-16f572575236,b34f633c-e700-4b44-9679-cc8c03151e6d,c1,DROP,1012,?,i4,
1769500849.599484,SENT,cb1eb08b-1b52-4021-96f6-5947765c88a5,679aa2e8-de96-47e6-957d-8d5217639c6d,c5,DROP,1012,?,i8,
1769500849.5995262,FORWARDED,cb1eb08b-1b52-4021-96f6-5947765c88a5,679aa2e8-de96-47e6-957d-8d5217639c6d,c5,DROP,1012,?,i8,
1769500849.6855671,RECEIVED,c61d23df-bf6f-4001-8f10-d7683bd6346e,2c42d05c-e8a4-4fac-937b-1b32df494aa9,c2,DROP,1441,p2,?,
1769500849.685673,RECEIVED,4955113c-520e-4144-bad5-c8e38755d98e,25fee0b9-2d71-4c1c-99e8-e217f97e87ec,c4,DROP,1451,p1,?,
1769500849.7507794,SENT,c61d23df-bf6f-4001-8f10-d7683bd6346e,2c42d05c-e8a4-4fac-937b-1b32df494aa9,c2,DROP,1008,?,i11,
1769500849.7508345,FORWARDED,c61d23df-bf6f-4001-8f10-d7683bd6346e,2c42d05c-e8a4-4fac-937b-1b32df494aa9,c2,DROP,1008,?,i11,
1769500849.8501155,RECEIVED,9e155694-3e64-497a-86a1-d40bd37c11ee,b30a9216-a68d-47d2-9879-e5fff5511213,c1,DROP,441,x1,?,
1769500849.8538513,RECEIVED,d2248a59-a71c-4292-bdb3-293cf4912ce8,7ca2a4be-b575-4430-a851-6341621c054d,c3,DROP,1452,p3,?,
1769500849.8965433,SENT,72495216-4bfe-4e87-ad5a-4a0252ea2ece,970d0633-dfac-457f-a922-dd91734fa92c,c5,DROP,1016,?,i7,
1769500849.8971522,FORWARDED,72495216-4bfe-4e87-ad5a-4a0252ea2ece,970d0633-dfac-457f-a922-dd91734fa92c,c5,DROP,1016,?,i7,
1769500849.9399757,RECEIVED,c55ce10a-8df0-48cf-ad0b-c5df87dee161,0726c0b0-12f5-41cd-b41b-b7d1fc2351f1,c2,DROP,1439,p2,?,
1769500849.9471147,RECEIVED,d458aadd-07f0-49bc-ab51-1bc7010322a3,db22f794-c6cc-4635-a151-a925fcc181b4,c3,DROP,1447,p3,?,
1769500850.0242963,RECEIVED,f922224b-f3c8-46a2-8990-46828755ea5f,d515a6ff-186d-4f2f-88e7-d6703107633c,c1,DROP,1444,p1,?,
1769500850.0717425,SENT,d2248a59-a71c-4292-bdb3-293cf4912ce8,7ca2a4be-b575-4430-a851-6341621c054d,c3,DROP,1015,?,i6,
1769500850.0717854,FORWARDED,d2248a59-a71c-4292-bdb3-293cf4912ce8,7ca2a4be-b575-4430-a851-6341621c054d,c3,DROP,1015,?,i6,
1769500850.0789394,SENT,4955113c-520e-4144-bad5-c8e38755d98e,25fee0b9-2d71-4c1c-99e8-e217f97e87ec,c4,DROP,1016,?,i6,
1769500850.078981,FORWARDED,4955113c-520e-4144-bad5-c8e38755d98e,25fee0b9-2d71-4c1c-99e8-e217f97e87ec,c4,DROP,1016,?,i6,
1769500850.1298263,RECEIVED,12807062-b453-43f4-8893-5df52f5d12b5,ecafa512-f94b-471e-9f43-e32fa73b616a,c4,DROP,443,x9,?,
1769500850.3841715,RECEIVED,a853f6ae-44e8-48c6-9330-3291bee54104,19c46779-8293-4638-b7a6-b62bfbfaf903,c3,DROP,1452,p3,?,
1769500850.3862712,RECEIVED,90512d6c-9719-4331-83e5-29cc19507b12,90ee3a16-2600-4339-807b-7df053ce0e99,c2,DROP,1443,p2,?,
1769500850.3983324,RECEIVED,b834d53c-b5af-4ad0-be43-74a65787e9ef,85ebb572-896c-4187-9f83-4e6ded4fd091,c2,DROP,442,x9,?,
1769500850.4210806,SENT,90512d6c-9719-4331-83e5-29cc19507b12,90ee3a16-2600-4339-807b-7df053ce0e99,c2,DROP,1011,?,i7,
1769500850.421122,FORWARDED,90512d6c-9719-4331-83e5-29cc19507b12,90ee3a16-2600-4339-807b-7df053ce0e99,c2,DROP,1011,?,i7,
1769500850.5353036,SENT,adc7572a-e205-40fe-bb32-93ed328ab3ab,2fb225e1-867d-47f7-8779-2065e05fbebc,c4,DROP,1020,?,i3,
1769500850.5353441,FORWARDED,adc7572a-e205-40fe-bb32-93ed328ab3ab,2fb225e1-867d-47f7-8779-2065e05fbebc,c4,DROP,1020,?,i3,
1769500850.5884047,SENT,f922224b-f3c8-46a2-8990-46828755ea5f,d515a6ff-186d-4f2f-88e7-d6703107633c,c1,DROP,1011,?,i12,
1769500850.5884461,FORWARDED,f922224b-f3c8-46a2-8990-46828755ea5f,d515a6ff-186d-4f2f-88e7-d6703107633c,c1,DROP,1011,?,i12,
1769500850.6850681,SENT,a853f6ae-44e8-48c6-9330-3291bee54104,19c46779-8293-4638-b7a6-b62bfbfaf903,c3,DROP,1016,?,i3,
1769500850.6851113,FORWARDED,a853f6ae-44e8-48c6-9330-3291bee54104,19c46779-8293-4638-b7a6-b62bfbfaf903,c3,DROP,1016,?,i3,
1769500850.913425,RECEIVED,0205b1cf-36bf-4089-927f-69489eb17c70,7853a575-6f8b-400c-b362-a1488b033b62,c5,DROP,1449,p2,?,
1769500850.938082,RECEIVED,0d51f82c-4eb5-4132-bb94-e55222cdf32f,d36af623-aa1f-49f0-b653-24dc1ca4f10d,c3,DROP,442,x5,?,
1769500850.9400065,SENT,d458aadd-07f0-49bc-ab51-1bc7010322a3,db22f794-c6cc-4635-a151-a925fcc181b4,c3,DROP,1014,?,i6,
1769500850.940061,FORWARDED,d458aadd-07f0-49bc-ab51-1bc7010322a3,db22f794-c6cc-4635-a151-a925fcc181b4,c3,DROP,1014,?,i6,
1769500850.9578273,SENT,0205b1cf-36bf-4089-927f-69489eb17c70,7853a575-6f8b-400c-b362-a1488b033b62,c5,DROP,1013,?,i10,
1769500850.9578662,FORWARDED,0205b1cf-36bf-4089-927f-69489eb17c70,7853a575-6f8b-400c-b362-a1488b033b62,c5,DROP,1013,?,i10,
1769500850.9714074,RECEIVED,a519e542-b236-495d-b89a-ef6a02af300f,d1b095ae-e616-43d4-aa70-84126e1e1d9f,c2,DROP,1439,p2,?,
1769500851.1232193,SENT,c55ce10a-8df0-48cf-ad0b-c5df87dee161,0726c0b0-12f5-41cd-b41b-b7d1fc2351f1,c2,DROP,1008,?,i1,
1769500851.1232605,FORWARDED,c55ce10a-8df0-48cf-ad0b-c5df87dee161,0726c0b0-12f5-41cd-b41b-b7d1fc2351f1,c2,DROP,1008,?,i1,
1769500851.163397,RECEIVED,abb5be6b-ee07-4a00-931b-ea3fd29ad280,e07613bb-c0a8-4003-9a60-0a10dfe15249,c4,DROP,1449,p1,?,
1769500851.2364104,RECEIVED,9493ceb5-1e95-4734-b0cd-a22179e10847,93054f02-fb1d-4252-bf02-af1d09f85456,c1,DROP,1443,p1,?,
1769500851.2494917,SENT,a519e542-b236-495d-b89a-ef6a02af300f,d1b095ae-e616-43d4-aa70-84126e1e1d9f,c2,DROP,1007,?,i5,
1769500851.2495306,FORWARDED,a519e542-b236-495d-b89a-ef6a02af300f,d1b095ae-e616-43d4-aa70-84126e1e1d9f,c2,DROP,1007,?,i5,
1769500851.3620973,SENT,abb5be6b-ee07-4a00-931b-ea3fd29ad280,e07613bb-c0a8-4003-9a60-0a10dfe15249,c4,DROP,1012,?,i12,
1769500851.3621414,FORWARDED,abb5be6b-ee07-4a00-931b-ea3fd29ad280,e07613bb-c0a8-4003-9a60-0a10dfe15249,c4,DROP,1012,?,i12,
1769500851.458611,SENT,9493ceb5-1e95-4734-b0cd-a22179e10847,93054f02-fb1d-4252-bf02-af1d09f85456,c1,DROP,1009,?,i2,
1769500851.4587584,FORWARDED,9493ceb5-1e95-4734-b0cd-a22179e10847,93054f02-fb1d-4252-bf02-af1d09f85456,c1,DROP,1009,?,i2,
1769500851.4688938,RECEIVED,5d39629b-22ac-44de-8e00-3e7779b388fe,22bc28d7-fcff-4668-9477-d83bac464dea,c1,None,2223,p1,?,
1769500851.5261922,RECEIVED,e991989c-1cbd-4598-82dc-6c593540019d,cf4a83aa-5080-48f4-b758-1b4309502310,c3,None,2224,p3,?,
1769500851.8254623,SENT,5d39629b-22ac-44de-8e00-3e7779b388fe,22bc28d7-fcff-4668-9477-d83bac464dea,c1,None,1596,?,i3,
1769500851.8255022,FORWARDED,5d39629b-22ac-44de-8e00-3e7779b388fe,22bc28d7-fcff-4668-9477-d83bac464dea,c1,None,1596,?,i3,
1769500851.8831832,SENT,e991989c-1cbd-4598-82dc-6c593540019d,cf4a83aa-5080-48f4-b758-1b4309502310,c3,None,1596,?,i4,
1769500851.8832273,FORWARDED,e991989c-1cbd-4598-82dc-6c593540019d,cf4a83aa-5080-48f4-b758-1b4309502310,c3,None,1596,?,i4,
1769500851.9731634,RECEIVED,76850c7c-9db4-4e16-ac21-89aca96c6d21,0c108755-4c87-42bc-8f94-48455e164113,c3,None,2227,p3,?,
1769500851.999909,RECEIVED,70c0334e-8baf-4a91-95a3-16037219d630,9539d030-1938-4bda-8009-7dc8f8372866,c2,DROP,1441,p2,?,
1769500852.0158436,RECEIVED,6a58d1e1-c545-4c71-8d2f-86a2ad06196a,73b6d0b4-a61d-4bfd-82a4-9dbc26609793,c2,None,2231,p2,?,
1769500852.0848138,SENT,70c0334e-8baf-4a91-95a3-16037219d630,9539d030-1938-4bda-8009-7dc8f8372866,c2,DROP,1007,?,i1,
1769500852.0848577,FORWARDED,70c0334e-8baf-4a91-95a3-16037219d630,9539d030-1938-4bda-8009-7dc8f8372866,c2,DROP,1007,?,i1,
1769500852.2343862,RECEIVED,45c8752f-3d12-4432-9425-f7baa23dff96,438a71ad-a5ee-4481-9e28-2031c7ba3094,c5,DROP,442,x1,?,
1769500852.2886615,RECEIVED,ad5d6295-f65d-4f22-8f83-7dc1c1d091e7,ffadcd50-8b60-41f8-982c-7bb2b0186614,c2,c1,2460,p2,?,
1769500852.32923,SENT,d41f4101-5514-4cf2-8b35-147bc452933a,8fc4a681-c205-45a1-835e-1852f71c4d64,c5,c2,1781,?,i12,
1769500852.329272,FORWARDED,d41f4101-5514-4cf2-8b35-147bc452933a,8fc4a681-c205-45a1-835e-1852f71c4d64,c5,c2,1781,?,i12,
1769500852.344994,RECEIVED,47e9ffff-4f59-477d-8f35-23c5a57b94f8,9c3bce0b-4e5d-47fd-b2ed-515457305bc0,c4,c3,2463,p1,?,
1769500852.4545324,SENT,ad5d6295-f65d-4f22-8f83-7dc1c1d091e7,ffadcd50-8b60-41f8-982c-7bb2b0186614,c2,c1,1772,?,i7,
1769500852.4545686,FORWARDED,ad5d6295-f65d-4f22-8f83-7dc1c1d091e7,ffadcd50-8b60-41f8-982c-7bb2b0186614,c2,c1,1772,?,i7,
1769500852.469317,RECEIVED,7419984d-815e-4997-994a-7f35c2090958,1760269a-4a67-45f9-823f-643ec35c8829,c2,DROP,1447,p2,?,
1769500852.4867983,RECEIVED,74d79040-18fd-4bd0-9a10-90c0aeed6118,40c589cb-8b36-4cb5-95f7-482ecd2d5eb2,c3,DROP,1440,p3,?,
1769500852.521872,RECEIVED,75646ed8-7fe6-4b0f-be03-8ce11f06462a,37d259e3-aa46-419e-aa5f-b804179028ff,c1,DROP,1455,p1,?,
1769500852.607346,SENT,47e9ffff-4f59-477d-8f35-23c5a57b94f8,9c3bce0b-4e5d-47fd-b2ed-515457305bc0,c4,c3,1775,?,i5,
1769500852.6073887,FORWARDED,47e9ffff-4f59-477d-8f35-23c5a57b94f8,9c3bce0b-4e5d-47fd-b2ed-515457305bc0,c4,c3,1775,?,i5,
1769500852.616332,RECEIVED,8e2624aa-e404-4edc-b1b3-8c19df7587a0,1c9aee3e-058f-4e13-8f7b-501b72ad8f24,c3,DROP,1447,p3,?,
1769500852.6587815,SENT,6a58d1e1-c545-4c71-8d2f-86a2ad06196a,73b6d0b4-a61d-4bfd-82a4-9dbc26609793,c2,None,1600,?,i10,
1769500852.658837,FORWARDED,6a58d1e1-c545-4c71-8d2f-86a2ad06196a,73b6d0b4-a61d-4bfd-82a4-9dbc26609793,c2,None,1600,?,i10,
1769500852.7143779,SENT,76850c7c-9db4-4e16-ac21-89aca96c6d21,0c108755-4c87-42bc-8f94-48455e164113,c3,None,1599,?,i3,
1769500852.714422,FORWARDED,76850c7c-9db4-4e16-ac21-89aca96c6d21,0c108755-4c87-42bc-8f94-48455e164113,c3,None,1599,?,i3,
1769500852.7560182,RECEIVED,0f6895d6-aee8-45a5-9444-b9ff58988e9d,84a09139-7b68-4eb9-b5dd-f4f4fed78846,c4,DROP,1441,p1,?,
1769500852.8682005,SENT,0f6895d6-aee8-45a5-9444-b9ff58988e9d,84a09139-7b68-4eb9-b5dd-f4f4fed78846,c4,DROP,1007,?,i12,
1769500852.8682387,FORWARDED,0f6895d6-aee8-45a5-9444-b9ff58988e9d,84a09139-7b68-4eb9-b5dd-f4f4fed78846,c4,DROP,1007,?,i12,
1769500852.9943516,RECEIVED,630db0be-6e56-4d5e-94ef-3aefbd26b00d,e345a96e-5387-448b-aa36-115bdb24d581,c5,DROP,1449,p2,?,
1769500853.0392838,RECEIVED,03f25b28-9082-4b82-99e6-8897a64f6536,ee84aed3-733e-44e2-8bd3-606a9df9ca43,c3,c4,2473,p3,?,
1769500853.1555617,SENT,74d79040-18fd-4bd0-9a10-90c0aeed6118,40c589cb-8b36-4cb5-95f7-482ecd2d5eb2,c3,DROP,1008,?,i10,
1769500853.155605,FORWARDED,74d79040-18fd-4bd0-9a10-90c0aeed6118,40c589cb-8b36-4cb5-95f7-482ecd2d5eb2,c3,DROP,1008,?,i10,
1769500853.1675477,SENT,8e2624aa-e404-4edc-b1b3-8c19df7587a0,1c9aee3e-058f-4e13-8f7b-501b72ad8f24,c3,DROP,1013,?,i4,
1769500853.1675882,FORWARDED,8e2624aa-e404-4edc-b1b3-8c19df7587a0,1c9aee3e-058f-4e13-8f7b-501b72ad8f24,c3,DROP,1013,?,i4,
1769500853.175421,RECEIVED,5c3fa38a-2366-40da-87ae-0e988ad36584,ed1bafc8-9cff-43cc-bc5b-42d7c39905d6,c4,DROP,1443,p1,?,
1769500853.2822175,SENT,630db0be-6e56-4d5e-94ef-3aefbd26b00d,e345a96e-5387-448b-aa36-115bdb24d581,c5,DROP,1013,?,i12,
1769500853.282281,FORWARDED,630db0be-6e56-4d5e-94ef-3aefbd26b00d,e345a96e-5387-448b-aa36-115bdb24d581,c5,DROP,1013,?,i12,
1769500853.4144185,RECEIVED,381b99d6-2001-4a66-b8b3-d8aa9f39ee2e,3bb2998e-be18-4490-93ab-2333df2a909b,c3,DROP,1439,p3,?,
1769500853.4207177,SENT,03f25b28-9082-4b82-99e6-8897a64f6536,ee84aed3-733e-44e2-8bd3-606a9df9ca43,c3,c4,1780,?,i12,
1769500853.42076,FORWARDED,03f25b28-9082-4b82-99e6-8897a64f6536,ee84aed3-733e-44e2-8bd3-606a9df9ca43,c3,c4,1780,?,i12,
1769500853.5068524,SENT,381b99d6-2001-4a66-b8b3-d8aa9f39ee2e,3bb2998e-be18-4490-93ab-2333df2a909b,c3,DROP,1007,?,i8,
1769500853.506895,FORWARDED,381b99d6-2001-4a66-b8b3-d8aa9f39ee2e,3bb2998e-be18-4490-93ab-2333df2a909b,c3,DROP,1007,?,i8,
1769500853.822274,SENT,5c3fa38a-2366-40da-87ae-0e988ad36584,ed1bafc8-9cff-43cc-bc5b-42d7c39905d6,c4,DROP,1009,?,i9,
1769500853.822313,FORWARDED,5c3fa38a-2366-40da-87ae-0e988ad36584,ed1bafc8-9cff-43cc-bc5b-42d7c39905d6,c4,DROP,1009,?,i9,
1769500854.0688062,RECEIVED,c48cb837-433d-489e-a534-14fd2894c277,da74c8a8-1490-4ba7-b320-78a6bfd88ec3,c2,c1,2476,p2,?,
1769500854.229553,SENT,75646ed8-7fe6-4b0f-be03-8ce11f06462a,37d259e3-aa46-419e-aa5f-b804179028ff,c1,DROP,1020,?,i11,
1769500854.2296453,FORWARDED,75646ed8-7fe6-4b0f-be03-8ce11f06462a,37d259e3-aa46-419e-aa5f-b804179028ff,c1,DROP,1020,?,i11,
1769500854.2378147,SENT,c48cb837-433d-489e-a534-14fd2894c277,da74c8a8-1490-4ba7-b320-78a6bfd88ec3,c2,c1,1784,?,i8,
1769500854.2378566,FORWARDED,c48cb837-433d-489e-a534-14fd2894c277,da74c8a8-1490-4ba7-b320-78a6bfd88ec3,c2,c1,1784,?,i8,
1769500854.3196273,SENT,7419984d-815e-4997-994a-7f35c2090958,1760269a-4a67-45f9-823f-643ec35c8829,c2,DROP,1012,?,i3,
1769500854.3196702,FORWARDED,7419984d-815e-4997-994a-7f35c2090958,1760269a-4a67-45f9-823f-643ec35c8829,c2,DROP,1012,?,i3,
1769500854.3471055,RECEIVED,c7ac2d62-be97-4ac4-b61a-b108a05320a4,4e2f490e-0a94-4573-b187-c1bf69195a27,c3,DROP,442,x5,?,
1769500854.4750175,RECEIVED,84420960-c3f7-455c-9708-b88dbef38808,0bd12277-8934-4c59-8e39-d129040a2b92,c1,DROP,1443,p1,?,
1769500854.5845685,RECEIVED,c3ede1e8-44f6-473a-b001-3ec94796aed9,37a76a46-f798-4158-8c7a-811d41a0937b,c1,c5,2452,p1,?,
1769500854.8073072,RECEIVED,c8b7efe0-f176-412e-9c61-23f3a74ea6db,78a1898c-d404-4377-98d6-fd3f8a821872,c5,DROP,1452,p2,?,
1769500854.8612795,RECEIVED,c25aa442-b462-45e2-8938-8457b48064a7,a62979ab-c0a9-4068-8cc6-ce93ec5c2ee0,c2,DROP,1460,p2,?,
1769500855.046846,RECEIVED,3c0b767f-44a2-43f9-8666-3b9c7dba53be,fb96e77d-db9f-4821-acb6-d8aa707bdc1d,c3,DROP,1456,p3,?,
1769500855.0899243,RECEIVED,a18adcfb-e5be-42fd-b6c2-27f4bbbb3d04,3bbb5e2b-1c24-4ff2-9e17-87a6839aadf3,c1,DROP,1439,p1,?,
1769500855.170867,RECEIVED,7b3b70e7-8169-4a17-8ce0-a9bf9ce84732,1122b35a-8e42-4728-8d01-05833dc3b37a,c2,DROP,1440,p2,?,
1769500855.1984,RECEIVED,9c72c008-0537-409f-90db-042adf875cc8,934a5c68-1d9e-4ffe-8dae-ef6a9d418c21,c5,DROP,442,x8,?,
1769500855.2565117,SENT,7b3b70e7-8169-4a17-8ce0-a9bf9ce84732,1122b35a-8e42-4728-8d01-05833dc3b37a,c2,DROP,1007,?,i11,
1769500855.2565455,FORWARDED,7b3b70e7-8169-4a17-8ce0-a9bf9ce84732,1122b35a-8e42-4728-8d01-05833dc3b37a,c2,DROP,1007,?,i11,
1769500855.2593527,RECEIVED,a1a8b16e-051c-4073-8b44-6a73c391dd41,44463e3e-4317-49bf-aee5-ccff59328c2d,c1,DROP,441,x3,?,
1769500855.271869,SENT,3c0b767f-44a2-43f9-8666-3b9c7dba53be,fb96e77d-db9f-4821-acb6-d8aa707bdc1d,c3,DROP,1020,?,i3,
1769500855.2719092,FORWARDED,3c0b767f-44a2-43f9-8666-3b9c7dba53be,fb96e77d-db9f-4821-acb6-d8aa707bdc1d,c3,DROP,1020,?,i3,
1769500855.3536694,SENT,84420960-c3f7-455c-9708-b88dbef38808,0bd12277-8934-4c59-8e39-d129040a2b92,c1,DROP,1009,?,i3,
1769500855.353711,FORWARDED,84420960-c3f7-455c-9708-b88dbef38808,0bd12277-8934-4c59-8e39-d129040a2b92,c1,DROP,1009,?,i3,
1769500855.370995,RECEIVED,b6dae120-c45b-436b-a8a0-bc385cf1082a,02f7038d-4b78-4ba5-b877-b689bc290982,c4,DROP,442,x7,?,
1769500855.5464427,RECEIVED,589cbafd-98f1-4cce-a9d8-e00dbc792380,8ef48185-5aa6-47a3-9ffb-6fc344708e7a,c3,None,2239,p3,?,
1769500855.6358125,SENT,c8b7efe0-f176-412e-9c61-23f3a74ea6db,78a1898c-d404-4377-98d6-fd3f8a821872,c5,DROP,1015,?,i11,
1769500855.6358588,FORWARDED,c8b7efe0-f176-412e-9c61-23f3a74ea6db,78a1898c-d404-4377-98d6-fd3f8a821872,c5,DROP,1015,?,i11,
1769500855.9092975,RECEIVED,880e0b59-53df-43e1-b7bc-1b41a5e4aa23,7eb3e39b-4450-437d-98c1-96db7bc8b543,c4,c3,2460,p1,?,
1769500855.9194443,SENT,c3ede1e8-44f6-473a-b001-3ec94796aed9,37a76a46-f798-4158-8c7a-811d41a0937b,c1,c5,1767,?,i10,
1769500855.9194868,FORWARDED,c3ede1e8-44f6-473a-b001-3ec94796aed9,37a76a46-f798-4158-8c7a-811d41a0937b,c1,c5,1767,?,i10,
1769500855.9306417,SENT,a18adcfb-e5be-42fd-b6c2-27f4bbbb3d04,3bbb5e2b-1c24-4ff2-9e17-87a6839aadf3,c1,DROP,1008,?,i7,
1769500855.930686,FORWARDED,a18adcfb-e5be-42fd-b6c2-27f4bbbb3d04,3bbb5e2b-1c24-4ff2-9e17-87a6839aadf3,c1,DROP,1008,?,i7,
1769500856.0121658,RECEIVED,3073d751-8e39-4d3c-a71c-6b6d96a553b0,b5439f6a-1f41-4024-966c-d40e0bafa9cb,c3,DROP,1438,p3,?,
1769500856.04681,RECEIVED,9dfcbc0c-db0f-47c0-9d6b-dbece911df25,32d1d80c-c07f-455e-a0e2-12a30585bc74,c1,DROP,1450,p1,?,
1769500856.2473843,RECEIVED,4b16ea0d-b04b-4404-ae1e-fafaaac4c1e7,493914b8-065b-4acf-ba69-c443326206a9,c1,DROP,441,x9,?,
1769500856.369583,SENT,880e0b59-53df-43e1-b7bc-1b41a5e4aa23,7eb3e39b-4450-437d-98c1-96db7bc8b543,c4,c3,1771,?,i5,
1769500856.3696258,FORWARDED,880e0b59-53df-43e1-b7bc-1b41a5e4aa23,7eb3e39b-4450-437d-98c1-96db7bc8b543,c4,c3,1771,?,i5,
1769500856.416903,SENT,3073d751-8e39-4d3c-a71c-6b6d96a553b0,b5439f6a-1f41-4024-966c-d40e0bafa9cb,c3,DROP,1008,?,i8,
1769500856.4169433,FORWARDED,3073d751-8e39-4d3c-a71c-6b6d96a553b0,b5439f6a-1f41-4024-966c-d40e0bafa9cb,c3,DROP,1008,?,i8,
1769500856.4804835,RECEIVED,0195fbb1-c182-403f-87f8-3404ab7a980a,e47b4423-58dc-4afa-ade8-79c38042eb36,c2,DROP,441,x6,?,
1769500856.541873,RECEIVED,4381df3b-d405-4e2c-81b8-3503a9611610,459f28a3-67d4-4ee9-8bee-ba0e49508fae,c2,DROP,1449,p2,?,
1769500856.5419817,RECEIVED,b3d30c30-10cd-4b0f-96f7-4a97177e4bec,b9a2d2a6-f374-463c-bc9c-4ff9f7958121,c2,DROP,441,x7,?,
1769500856.5930088,SENT,4381df3b-d405-4e2c-81b8-3503a9611610,459f28a3-67d4-4ee9-8bee-ba0e49508fae,c2,DROP,1013,?,i8,
1769500856.5930688,FORWARDED,4381df3b-d405-4e2c-81b8-3503a9611610,459f28a3-67d4-4ee9-8bee-ba0e49508fae,c2,DROP,1013,?,i8,
1769500856.5948074,SENT,9dfcbc0c-db0f-47c0-9d6b-dbece911df25,32d1d80c-c07f-455e-a0e2-12a30585bc74,c1,DROP,1016,?,i8,
1769500856.594844,FORWARDED,9dfcbc0c-db0f-47c0-9d6b-dbece911df25,32d1d80c-c07f-455e-a0e2-12a30585bc74,c1,DROP,1016,?,i8,
1769500856.7639732,SENT,c25aa442-b462-45e2-8938-8457b48064a7,a62979ab-c0a9-4068-8cc6-ce93ec5c2ee0,c2,DROP,1022,?,i12,
1769500856.7640123,FORWARDED,c25aa442-b462-45e2-8938-8457b48064a7,a62979ab-c0a9-4068-8cc6-ce93ec5c2ee0,c2,DROP,1022,?,i12,
1769500856.9243655,RECEIVED,c42a29b2-7d8c-4412-9ff4-374d1877ae71,26552987-aeae-4b80-a1e4-4afce6331e3f,c5,None,2237,p2,?,
1769500856.9707904,SENT,c42a29b2-7d8c-4412-9ff4-374d1877ae71,26552987-aeae-4b80-a1e4-4afce6331e3f,c5,None,1603,?,i7,
1769500856.9708328,FORWARDED,c42a29b2-7d8c-4412-9ff4-374d1877ae71,26552987-aeae-4b80-a1e4-4afce6331e3f,c5,None,1603,?,i7,
1769500857.1329412,RECEIVED,d437ac02-ddc8-45bd-aa00-35eb7089b7d7,98cce5a9-2041-4486-b3bd-33e7ae1ea97c,c1,DROP,442,x9,?,
1769500857.2812786,SENT,589cbafd-98f1-4cce-a9d8-e00dbc792380,8ef48185-5aa6-47a3-9ffb-6fc344708e7a,c3,None,1607,?,i5,
1769500857.2813208,FORWARDED,589cbafd-98f1-4cce-a9d8-e00dbc792380,8ef48185-5aa6-47a3-9ffb-6fc344708e7a,c3,None,1607,?,i5,
1769500857.5154443,RECEIVED,480c1827-4ac0-4991-a422-f73758b5ac2e,ef988a2b-18c2-4cf7-916f-e7ca9df9fd69,c2,DROP,441,x5,?,
1769500857.7112286,RECEIVED,7bf8b449-76c4-4a81-bc95-c6913e90c02e,639e32dc-57c9-49c1-9009-035f21f2ec93,c3,DROP,1439,p3,?,
1769500857.7182894,RECEIVED,3da06b86-4bb0-4829-9729-d59cb0f2e9ae,ae9a72e4-da69-46fa-a468-2a0e82366c33,c1,None,2230,p1,?,
1769500857.748273,RECEIVED,223edd87-690e-43f8-9d6e-79dde60940e3,d6f0fc33-fe8a-48a2-aceb-02a66c624262,c2,DROP,1439,p2,?,
1769500857.7670813,RECEIVED,cfe8c084-d732-4d93-bbad-08f75d1cbad2,93d29cf0-12c2-48cd-8c93-7ae89032cf7d,c4,DROP,1445,p1,?,
1769500857.7837932,SENT,3da06b86-4bb0-4829-9729-d59cb0f2e9ae,ae9a72e4-da69-46fa-a468-2a0e82366c33,c1,None,1599,?,i9,
1769500857.7838326,FORWARDED,3da06b86-4bb0-4829-9729-d59cb0f2e9ae,ae9a72e4-da69-46fa-a468-2a0e82366c33,c1,None,1599,?,i9,
1769500857.8244004,SENT,cfe8c084-d732-4d93-bbad-08f75d1cbad2,93d29cf0-12c2-48cd-8c93-7ae89032cf7d,c4,DROP,1011,?,i1,
1769500857.8244414,FORWARDED,cfe8c084-d732-4d93-bbad-08f75d1cbad2,93d29cf0-12c2-48cd-8c93-7ae89032cf7d,c4,DROP,1011,?,i1,
1769500857.9084475,RECEIVED,85d9ae1e-8b12-4cf9-8810-63900b67c732,34156cfa-c93e-45e2-8bfd-1d92e3a436a8,c5,c2,2459,p2,?,
1769500857.9818878,RECEIVED,7b362d48-bbaf-4598-95cd-12859a4894b0,aa6ae4cb-a6a3-4339-bb96-cfcf6f1c0841,c3,DROP,1451,p3,?,
1769500858.0001538,RECEIVED,8752f9de-dbe0-4a03-ba42-ebc5c8b14573,7990df20-b13f-4ea7-b043-e3bebfcd813d,c3,None,2227,p3,?,
1769500858.0375714,SENT,223edd87-690e-43f8-9d6e-79dde60940e3,d6f0fc33-fe8a-48a2-aceb-02a66c624262,c2,DROP,1008,?,i6,
1769500858.0376124,FORWARDED,223edd87-690e-43f8-9d6e-79dde60940e3,d6f0fc33-fe8a-48a2-aceb-02a66c624262,c2,DROP,1008,?,i6,
1769500858.1367989,RECEIVED,9f88a0fd-8baf-4b35-beea-9eab8b3da251,11560b4d-01c0-4614-927c-8d139868a2a4,c1,DROP,1456,p1,?,
1769500858.1775594,SENT,9f88a0fd-8baf-4b35-beea-9eab8b3da251,11560b4d-01c0-4614-927c-8d139868a2a4,c1,DROP,1020,?,i5,
1769500858.1776023,FORWARDED,9f88a0fd-8baf-4b35-beea-9eab8b3da251,11560b4d-01c0-4614-927c-8d139868a2a4,c1,DROP,1020,?,i5,
1769500858.354805,RECEIVED,eac19ac0-3a8e-49b0-8054-c4fe8865534e,1d8232b7-c4d7-4bf7-a336-00a4f15ae1eb,c5,DROP,1440,p2,?,
1769500858.5623205,SENT,7bf8b449-76c4-4a81-bc95-c6913e90c02e,639e32dc-57c9-49c1-9009-035f21f2ec93,c3,DROP,1008,?,i5,
1769500858.562364,FORWARDED,7bf8b449-76c4-4a81-bc95-c6913e90c02e,639e32dc-57c9-49c1-9009-035f21f2ec93,c3,DROP,1008,?,i5,
1769500858.5751705,SENT,eac19ac0-3a8e-49b0-8054-c4fe8865534e,1d8232b7-c4d7-4bf7-a336-00a4f15ae1eb,c5,DROP,1008,?,i9,
1769500858.5752125,FORWARDED,eac19ac0-3a8e-49b0-8054-c4fe8865534e,1d8232b7-c4d7-4bf7-a336-00a4f15ae1eb,c5,DROP,1008,?,i9,
1769500858.6541145,SENT,8752f9de-dbe0-4a03-ba42-ebc5c8b14573,7990df20-b13f-4ea7-b043-e3bebfcd813d,c3,None,1599,?,i1,
1769500858.6541586,FORWARDED,8752f9de-dbe0-4a03-ba42-ebc5c8b14573,7990df20-b13f-4ea7-b043-e3bebfcd813d,c3,None,1599,?,i1,
1769500858.663905,RECEIVED,020c0dec-748e-4fa0-b208-46897b6a2c23,dbd06cff-ed3c-4dae-bd9f-65711edb1792,c5,c2,2473,p2,?,
1769500858.6647353,RECEIVED,9cb8a192-3316-4c0b-a8a5-1fef046e3e58,9a8898da-737f-42ba-87a7-26079c044c4f,c4,DROP,1443,p1,?,
1769500858.800345,RECEIVED,fe504369-ae2b-4600-8301-d3f598d3891b,cb0a0077-91dd-434c-b257-4357a87f4233,c4,DROP,1451,p1,?,
1769500858.8183348,RECEIVED,f2661d6c-906f-43ec-b0a3-10ba95821d23,172e3f19-a9ae-4393-8403-9f4b607a37bb,c1,DROP,442,x9,?,
1769500859.115149,SENT,020c0dec-748e-4fa0-b208-46897b6a2c23,dbd06cff-ed3c-4dae-bd9f-65711edb1792,c5,c2,1780,?,i11,
1769500859.1153095,FORWARDED,020c0dec-748e-4fa0-b208-46897b6a2c23,dbd06cff-ed3c-4dae-bd9f-65711edb1792,c5,c2,1780,?,i11,
1769500859.2011154,SENT,9cb8a192-3316-4c0b-a8a5-1fef046e3e58,9a8898da-737f-42ba-87a7-26079c044c4f,c4,DROP,1010,?,i1,
1769500859.2011583,FORWARDED,9cb8a192-3316-4c0b-a8a5-1fef046e3e58,9a8898da-737f-42ba-87a7-26079c044c4f,c4,DROP,1010,?,i1,
1769500859.3529642,RECEIVED,0d42b494-191c-47ff-990a-d24258a770fb,cfc6b6fd-07e9-4c45-8167-75844632d198,c2,None,2233,p2,?,
1769500859.4229276,RECEIVED,11c9c80f-59ba-44b6-b3a2-7fe6cfdf6678,c3ad4928-9533-4d54-8882-ac81f62e04e7,c5,DROP,1451,p2,?,
1769500859.4267604,RECEIVED,101385b7-159b-44f4-bedb-032494e1ec9f,398c6cad-4cf4-41cd-beb9-4d1b90115701,c2,DROP,1452,p2,?,
1769500859.458712,SENT,85d9ae1e-8b12-4cf9-8810-63900b67c732,34156cfa-c93e-45e2-8bfd-1d92e3a436a8,c5,c2,1771,?,i4,
1769500859.4587538,FORWARDED,85d9ae1e-8b12-4cf9-8810-63900b67c732,34156cfa-c93e-45e2-8bfd-1d92e3a436a8,c5,c2,1771,?,i4,
1769500859.5658646,RECEIVED,e304e264-5ca5-4cf9-baeb-b0085cd3cb32,8e9de143-5773-44dc-a514-091e7f04e361,c1,c5,2455,p1,?,
1769500859.5757308,SENT,0d42b494-191c-47ff-990a-d24258a770fb,cfc6b6fd-07e9-4c45-8167-75844632d198,c2,None,1601,?,i12,
1769500859.5757725,FORWARDED,0d42b494-191c-47ff-990a-d24258a770fb,cfc6b6fd-07e9-4c45-8167-75844632d198,c2,None,1601,?,i12,
1769500859.6480913,RECEIVED,e7dd6f16-65ed-49e5-b4ca-4a22a8745991,b7a5f90e-f979-4003-8188-bfde1266feb4,c1,DROP,1439,p1,?,
1769500859.705608,SENT,101385b7-159b-44f4-bedb-032494e1ec9f,398c6cad-4cf4-41cd-beb9-4d1b90115701,c2,DROP,1015,?,i12,
1769500859.7056503,FORWARDED,101385b7-159b-44f4-bedb-032494e1ec9f,398c6cad-4cf4-41cd-beb9-4d1b90115701,c2,DROP,1015,?,i12,
1769500859.7616546,RECEIVED,f2700633-ba23-438f-b562-a05c7f80b7e1,1926f2f4-cb28-4815-891f-cf61752ab90d,c2,None,2231,p2,?,
1769500859.8072917,SENT,e7dd6f16-65ed-49e5-b4ca-4a22a8745991,b7a5f90e-f979-4003-8188-bfde1266feb4,c1,DROP,1008,?,i6,
1769500859.8073335,FORWARDED,e7dd6f16-65ed-49e5-b4ca-4a22a8745991,b7a5f90e-f979-4003-8188-bfde1266feb4,c1,DROP,1008,?,i6,
1769500859.8718808,RECEIVED,701ea88e-f6d9-411d-9fa9-321a310bb935,d15837a8-ccad-457f-9698-0f35e9bc05b6,c5,c2,2463,p2,?,
1769500859.9394329,SENT,f2700633-ba23-438f-b562-a05c7f80b7e1,1926f2f4-cb28-4815-891f-cf61752ab90d,c2,None,1600,?,i6,
1769500859.9394724,FORWARDED,f2700633-ba23-438f-b562-a05c7f80b7e1,1926f2f4-cb28-4815-891f-cf61752ab90d,c2,None,1600,?,i6,
1769500859.9454029,SENT,e304e264-5ca5-4cf9-baeb-b0085cd3cb32,8e9de143-5773-44dc-a514-091e7f04e361,c1,c5,1768,?,i6,
1769500859.9454427,FORWARDED,e304e264-5ca5-4cf9-baeb-b0085cd3cb32,8e9de143-5773-44dc-a514-091e7f04e361,c1,c5,1768,?,i6,
1769500859.954393,RECEIVED,2646b496-ed5c-4abb-b78a-e4ce6e1913e4,586e1dbb-6717-4f24-aa6c-ef48cf80972d,c2,DROP,1439,p2,?,
1769500860.1780643,SENT,11c9c80f-59ba-44b6-b3a2-7fe6cfdf6678,c3ad4928-9533-4d54-8882-ac81f62e04e7,c5,DROP,1015,?,i9,
1769500860.1781094,FORWARDED,11c9c80f-59ba-44b6-b3a2-7fe6cfdf6678,c3ad4928-9533-4d54-8882-ac81f62e04e7,c5,DROP,1015,?,i9,
1769500860.2151089,SENT,701ea88e-f6d9-411d-9fa9-321a310bb935,d15837a8-ccad-457f-9698-0f35e9bc05b6,c5,c2,1776,?,i3,
1769500860.2151508,FORWARDED,701ea88e-f6d9-411d-9fa9-321a310bb935,d15837a8-ccad-457f-9698-0f35e9bc05b6,c5,c2,1776,?,i3,
1769500860.2360177,RECEIVED,312e00c7-7b90-42ec-bc62-205fe0cb7000,0bf87033-a418-4af0-ade8-936bd91d2404,c5,c2,2457,p2,?,
1769500860.3222096,SENT,312e00c7-7b90-42ec-bc62-205fe0cb7000,0bf87033-a418-4af0-ade8-936bd91d2404,c5,c2,1770,?,i5,
1769500860.322252,FORWARDED,312e00c7-7b90-42ec-bc62-205fe0cb7000,0bf87033-a418-4af0-ade8-936bd91d2404,c5,c2,1770,?,i5,
1769500860.325309,RECEIVED,6e0156b2-eaba-4bcf-8f73-632975f5dc79,c38172ca-7a4c-4639-8135-014b754e13b8,c1,DROP,1438,p1,?,
1769500860.3504705,RECEIVED,fc08b9c5-b1ef-49f0-bc95-29cebd88319d,1209bf04-19ca-4c6e-a079-34da85e35ca0,c1,DROP,1440,p1,?,
1769500860.4095933,SENT,fe504369-ae2b-4600-8301-d3f598d3891b,cb0a0077-91dd-434c-b257-4357a87f4233,c4,DROP,1016,?,i6,
1769500860.409634,FORWARDED,fe504369-ae2b-4600-8301-d3f598d3891b,cb0a0077-91dd-434c-b257-4357a87f4233,c4,DROP,1016,?,i6,
1769500860.4274695,SENT,2646b496-ed5c-4abb-b78a-e4ce6e1913e4,586e1dbb-6717-4f24-aa6c-ef48cf80972d,c2,DROP,1007,?,i1,
1769500860.4275231,FORWARDED,2646b496-ed5c-4abb-b78a-e4ce6e1913e4,586e1dbb-6717-4f24-aa6c-ef48cf80972d,c2,DROP,1007,?,i1,
1769500860.4955049,SENT,fc08b9c5-b1ef-49f0-bc95-29cebd88319d,1209bf04-19ca-4c6e-a079-34da85e35ca0,c1,DROP,1007,?,i7,
1769500860.4955447,FORWARDED,fc08b9c5-b1ef-49f0-bc95-29cebd88319d,1209bf04-19ca-4c6e-a079-34da85e35ca0,c1,DROP,1007,?,i7,
1769500860.5013916,RECEIVED,977c9998-02a0-4d31-9d34-1fcfe4bb6837,5fe2650e-1ee4-4a65-a204-99ebaf04242f,c3,DROP,1452,p3,?,
1769500860.5093005,RECEIVED,a2dd0e2c-e676-4510-a4cc-574feab813f1,e81bb777-0509-4462-91ba-87429dceaadf,c5,None,2248,p2,?,
1769500860.6155066,RECEIVED,4ac8110b-6b0c-4e12-b145-39c2209cf6ed,bc48e09d-9ea8-4bc4-833c-73893eda5d48,c1,DROP,1443,p1,?,
1769500860.8935385,SENT,4ac8110b-6b0c-4e12-b145-39c2209cf6ed,bc48e09d-9ea8-4bc4-833c-73893eda5d48,c1,DROP,1009,?,i9,
1769500860.8935792,FORWARDED,4ac8110b-6b0c-4e12-b145-39c2209cf6ed,bc48e09d-9ea8-4bc4-833c-73893eda5d48,c1,DROP,1009,?,i9,
1769500860.9192057,SENT,7b362d48-bbaf-4598-95cd-12859a4894b0,aa6ae4cb-a6a3-4339-bb96-cfcf6f1c0841,c3,DROP,1016,?,i8,
1769500860.9192488,FORWARDED,7b362d48-bbaf-4598-95cd-12859a4894b0,aa6ae4cb-a6a3-4339-bb96-cfcf6f1c0841,c3,DROP,1016,?,i8,
1769500860.9312603,RECEIVED,1e7c36e9-7b0e-4650-8cdb-2f0160b8a251,c09c158a-3534-4b32-87f5-f98d795137bb,c2,DROP,1443,p2,?,
1769500860.9577477,RECEIVED,35ac5659-4c5a-429f-8a6c-e2bec286d97a,950c1981-3922-4f79-bbad-f2c7916095bc,c2,DROP,1441,p2,?,
1769500861.0230694,SENT,1e7c36e9-7b0e-4650-8cdb-2f0160b8a251,c09c158a-3534-4b32-87f5-f98d795137bb,c2,DROP,1011,?,i8,
1769500861.0231152,FORWARDED,1e7c36e9-7b0e-4650-8cdb-2f0160b8a251,c09c158a-3534-4b32-87f5-f98d795137bb,c2,DROP,1011,?,i8,
1769500861.077281,SENT,35ac5659-4c5a-429f-8a6c-e2bec286d97a,950c1981-3922-4f79-bbad-f2c7916095bc,c2,DROP,1007,?,i12,
1769500861.077326,FORWARDED,35ac5659-4c5a-429f-8a6c-e2bec286d97a,950c1981-3922-4f79-bbad-f2c7916095bc,c2,DROP,1007,?,i12,
1769500861.1309283,SENT,a2dd0e2c-e676-4510-a4cc-574feab813f1,e81bb777-0509-4462-91ba-87429dceaadf,c5,None,1612,?,i11,
1769500861.1309721,FORWARDED,a2dd0e2c-e676-4510-a4cc-574feab813f1,e81bb777-0509-4462-91ba-87429dceaadf,c5,None,1612,?,i11,
1769500861.2970123,RECEIVED,fc815b67-f806-4e12-9988-f98d816b67da,c4f17ebf-b8e4-468e-864e-e6fe92cf076c,c4,DROP,1443,p1,?,
1769500861.5543435,SENT,fc815b67-f806-4e12-9988-f98d816b67da,c4f17ebf-b8e4-468e-864e-e6fe92cf076c,c4,DROP,1011,?,i5,
1769500861.5543869,FORWARDED,fc815b67-f806-4e12-9988-f98d816b67da,c4f17ebf-b8e4-468e-864e-e6fe92cf076c,c4,DROP,1011,?,i5,
1769500861.6087887,RECEIVED,57f9c3b8-ab93-455b-8b6d-52ad8753ab35,29ee028c-ff64-4a03-9c6b-de537903deaa,c4,DROP,1439,p1,?,
1769500861.6413233,SENT,977c9998-02a0-4d31-9d34-1fcfe4bb6837,5fe2650e-1ee4-4a65-a204-99ebaf04242f,c3,DROP,1015,?,i10,
1769500861.6413639,FORWARDED,977c9998-02a0-4d31-9d34-1fcfe4bb6837,5fe2650e-1ee4-4a65-a204-99ebaf04242f,c3,DROP,1015,?,i10,
1769500861.722553,RECEIVED,d736239c-c5a5-4163-bd42-9c91c5ddcd0d,9996b542-1ebb-41f6-9960-7faa7bd7dc73,c2,DROP,1439,p2,?,
1769500861.7590778,RECEIVED,be94aab6-9934-4e83-b83c-e6cb73c04529,cd3c11a3-3a3c-4284-92fb-dd6e514a569e,c3,None,2223,p3,?,
1769500861.9120345,RECEIVED,1da33929-3549-4313-8bd2-5e7c9b04b4c2,21e12687-6018-432c-883f-64535e6d1657,c5,c2,2464,p2,?,
1769500861.934937,SENT,d736239c-c5a5-4163-bd42-9c91c5ddcd0d,9996b542-1ebb-41f6-9960-7faa7bd7dc73,c2,DROP,1007,?,i6,
1769500861.9349804,FORWARDED,d736239c-c5a5-4163-bd42-9c91c5ddcd0d,9996b542-1ebb-41f6-9960-7faa7bd7dc73,c2,DROP,1007,?,i6,
1769500861.9893675,SENT,6e0156b2-eaba-4bcf-8f73-632975f5dc79,c38172ca-7a4c-4639-8135-014b754e13b8,c1,DROP,1008,?,i7,
1769500861.9894123,FORWARDED,6e0156b2-eaba-4bcf-8f73-632975f5dc79,c38172ca-7a4c-4639-8135-014b754e13b8,c1,DROP,1008,?,i7,
1769500862.0070322,SENT,57f9c3b8-ab93-455b-8b6d-52ad8753ab35,29ee028c-ff64-4a03-9c6b-de537903deaa,c4,DROP,1007,?,i6,
1769500862.0070841,FORWARDED,57f9c3b8-ab93-455b-8b6d-52ad8753ab35,29ee028c-ff64-4a03-9c6b-de537903deaa,c4,DROP,1007,?,i6,
1769500862.0202034,RECEIVED,4557bfd8-bae9-4e7d-b752-c8778d398bba,f14d4218-df50-4097-844e-356086dba129,c4,None,2235,p1,?,
1769500862.1849685,RECEIVED,7827f5a9-1c1e-428c-8aa0-7999f3bb6350,5c2723c7-d7d9-40b9-80ce-f7703c88c61e,c3,DROP,1439,p3,?,
1769500862.1940966,SENT,be94aab6-9934-4e83-b83c-e6cb73c04529,cd3c11a3-3a3c-4284-92fb-dd6e514a569e,c3,None,1596,?,i3,
1769500862.194142,FORWARDED,be94aab6-9934-4e83-b83c-e6cb73c04529,cd3c11a3-3a3c-4284-92fb-dd6e514a569e,c3,None,1596,?,i3,
1769500862.26969,RECEIVED,a1f148d4-8e82-4916-9dea-23ca0a49098e,20076d12-2748-41d6-9e23-e0fca7e76e2e,c5,DROP,1440,p2,?,
1769500862.2764733,RECEIVED,85ccb552-9483-4fd3-9658-95dcd7d47fbc,dc064aa0-5984-4310-b45d-5bd9917449b1,c1,DROP,1448,p1,?,
1769500862.3893557,SENT,1da33929-3549-4313-8bd2-5e7c9b04b4c2,21e12687-6018-432c-883f-64535e6d1657,c5,c2,1775,?,i7,
1769500862.3893971,FORWARDED,1da33929-3549-4313-8bd2-5e7c9b04b4c2,21e12687-6018-432c-883f-64535e6d1657,c5,c2,1775,?,i7,
1769500862.5194004,SENT,a1f148d4-8e82-4916-9dea-23ca0a49098e,20076d12-2748-41d6-9e23-e0fca7e76e2e,c5,DROP,1007,?,i7,
1769500862.5194438,FORWARDED,a1f148d4-8e82-4916-9dea-23ca0a49098e,20076d12-2748-41d6-9e23-e0fca7e76e2e,c5,DROP,1007,?,i7,
1769500862.6188426,SENT,7827f5a9-1c1e-428c-8aa0-7999f3bb6350,5c2723c7-d7d9-40b9-80ce-f7703c88c61e,c3,DROP,1008,?,i9,
1769500862.6188848,FORWARDED,7827f5a9-1c1e-428c-8aa0-7999f3bb6350,5c2723c7-d7d9-40b9-80ce-f7703c88c61e,c3,DROP,1008,?,i9,
1769500862.6356852,RECEIVED,c581017e-2b29-4afa-bdce-65109ba4cef1,9b74bcde-0594-45d5-80c7-a1620239e0a8,c2,DROP,442,x7,?,
1769500862.68892,SENT,85ccb552-9483-4fd3-9658-95dcd7d47fbc,dc064aa0-5984-4310-b45d-5bd9917449b1,c1,DROP,1012,?,i2,
1769500862.6889622,FORWARDED,85ccb552-9483-4fd3-9658-95dcd7d47fbc,dc064aa0-5984-4310-b45d-5bd9917449b1,c1,DROP,1012,?,i2,
1769500862.877288,SENT,4557bfd8-bae9-4e7d-b752-c8778d398bba,f14d4218-df50-4097-844e-356086dba129,c4,None,1604,?,i2,
1769500862.8773324,FORWARDED,4557bfd8-bae9-4e7d-b752-c8778d398bba,f14d4218-df50-4097-844e-356086dba129,c4,None,1604,?,i2,
1769500863.1406214,RECEIVED,71c08b92-01ac-4cd2-80b5-6229e8d303ce,a386412b-5b3b-4417-954f-61853f19c031,c2,DROP,1439,p2,?,
1769500863.2557018,RECEIVED,6fe62e3c-7500-4733-ae6a-c8126e577dd7,4a6ee8f7-c17b-4969-bb7f-89038b8bad38,c3,DROP,1447,p3,?,
1769500863.31175,RECEIVED,3c19ef2c-2847-41a8-863c-bd3c77b66e80,c9ae6d34-3035-416a-be0f-f2c7ab054e03,c4,DROP,1439,p1,?,
1769500863.5691726,SENT,71c08b92-01ac-4cd2-80b5-6229e8d303ce,a386412b-5b3b-4417-954f-61853f19c031,c2,DROP,1007,?,i4,
1769500863.5692134,FORWARDED,71c08b92-01ac-4cd2-80b5-6229e8d303ce,a386412b-5b3b-4417-954f-61853f19c031,c2,DROP,1007,?,i4,
1769500863.6810172,RECEIVED,f9203f67-27c3-48f6-a3b4-39409190b4b1,20c07301-6e16-46af-9fc7-cffa6053c4fb,c4,None,2225,p1,?,
1769500863.6881592,RECEIVED,e0a1a474-1641-436d-b509-285f2a518df4,e6e6e85f-1bf0-4857-8342-f48ddd070368,c5,DROP,442,x2,?,
1769500863.8205245,SENT,f9203f67-27c3-48f6-a3b4-39409190b4b1,20c07301-6e16-46af-9fc7-cffa6053c4fb,c4,None,1596,?,i11,
1769500863.8205664,FORWARDED,f9203f67-27c3-48f6-a3b4-39409190b4b1,20c07301-6e16-46af-9fc7-cffa6053c4fb,c4,None,1596,?,i11,
1769500864.0222256,RECEIVED,902f18f8-ba82-4ad6-8be3-36f29779d367,05fa5ffa-40f0-47d2-89a1-03f9f52c5a10,c1,DROP,1439,p1,?,
1769500864.0773466,RECEIVED,a3c48732-07d3-46de-989d-4617f270cb37,f9671876-2bef-4421-8078-204b478990db,c1,c5,2463,p1,?,
1769500864.2222872,SENT,3c19ef2c-2847-41a8-863c-bd3c77b66e80,c9ae6d34-3035-416a-be0f-f2c7ab054e03,c4,DROP,1006,?,i5,
1769500864.2223265,FORWARDED,3c19ef2c-2847-41a8-863c-bd3c77b66e80,c9ae6d34-3035-416a-be0f-f2c7ab054e03,c4,DROP,1006,?,i5,
1769500864.3171277,SENT,6fe62e3c-7500-4733-ae6a-c8126e577dd7,4a6ee8f7-c17b-4969-bb7f-89038b8bad38,c3,DROP,1013,?,i3,
1769500864.317171,FORWARDED,6fe62e3c-7500-4733-ae6a-c8126e577dd7,4a6ee8f7-c17b-4969-bb7f-89038b8bad38,c3,DROP,1013,?,i3,
1769500864.3355155,SENT,902f18f8-ba82-4ad6-8be3-36f29779d367,05fa5ffa-40f0-47d2-89a1-03f9f52c5a10,c1,DROP,1007,?,i4,
1769500864.335552,FORWARDED,902f18f8-ba82-4ad6-8be3-36f29779d367,05fa5ffa-40f0-47d2-89a1-03f9f52c5a10,c1,DROP,1007,?,i4,
1769500864.628691,RECEIVED,7aab2267-a7d2-4a3a-85cf-feb1e2e166c0,8cda5e27-ce20-4202-b9f5-88c366407c57,c3,None,2237,p3,?,
1769500864.6551733,SENT,7aab2267-a7d2-4a3a-85cf-feb1e2e166c0,8cda5e27-ce20-4202-b9f5-88c366407c57,c3,None,1603,?,i5,
1769500864.6552172,FORWARDED,7aab2267-a7d2-4a3a-85cf-feb1e2e166c0,8cda5e27-ce20-4202-b9f5-88c366407c57,c3,None,1603,?,i5,
1769500864.8168786,RECEIVED,699dbb2c-0c9b-4c0c-be3a-11cb6700a402,c8fdc803-313e-43f5-98d9-d3b48acc14d4,c2,None,2232,p2,?,
1769500864.849558,RECEIVED,8bd58765-feb8-43a3-a728-9a9f390f80ca,35e61719-ae75-429c-bd61-4657bdae63bc,c2,None,2241,p2,?,
1769500864.8584359,SENT,699dbb2c-0c9b-4c0c-be3a-11cb6700a402,c8fdc803-313e-43f5-98d9-d3b48acc14d4,c2,None,1601,?,i5,
1769500864.8584795,FORWARDED,699dbb2c-0c9b-4c0c-be3a-11cb6700a402,c8fdc803-313e-43f5-98d9-d3b48acc14d4,c2,None,1601,?,i5,
1769500864.8787475,RECEIVED,0f4e6391-88b6-4fb3-8440-77afd4823388,1093b9f4-9471-49fc-8aec-624122e1719d,c1,DROP,1457,p1,?,
1769500864.980478,SENT,0f4e6391-88b6-4fb3-8440-77afd4823388,1093b9f4-9471-49fc-8aec-624122e1719d,c1,DROP,1018,?,i11,
1769500864.9806075,FORWARDED,0f4e6391-88b6-4fb3-8440-77afd4823388,1093b9f4-9471-49fc-8aec-624122e1719d,c1,DROP,1018,?,i11,
1769500864.9902532,SENT,8bd58765-feb8-43a3-a728-9a9f390f80ca,35e61719-ae75-429c-bd61-4657bdae63bc,c2,None,1607,?,i10,
1769500864.990297,FORWARDED,8bd58765-feb8-43a3-a728-9a9f390f80ca,35e61719-ae75-429c-bd61-4657bdae63bc,c2,None,1607,?,i10,
1769500865.0315614,RECEIVED,73c68045-67be-4a45-8e00-1d35c43a0ef4,2e66c964-4686-4269-9352-533e12a76540,c3,DROP,1439,p3,?,
1769500865.0756023,RECEIVED,509599f2-64e2-4d89-ab3b-0a3bee8f5e4f,93f02e7e-6ae1-4215-9414-92ab38ab5bbf,c1,c5,2460,p1,?,
1769500865.128756,SENT,509599f2-64e2-4d89-ab3b-0a3bee8f5e4f,93f02e7e-6ae1-4215-9414-92ab38ab5bbf,c1,c5,1772,?,i1,
1769500865.1287966,FORWARDED,509599f2-64e2-4d89-ab3b-0a3bee8f5e4f,93f02e7e-6ae1-4215-9414-92ab38ab5bbf,c1,c5,1772,?,i1,
1769500865.1857686,SENT,73c68045-67be-4a45-8e00-1d35c43a0ef4,2e66c964-4686-4269-9352-533e12a76540,c3,DROP,1008,?,i2,
1769500865.1858118,FORWARDED,73c68045-67be-4a45-8e00-1d35c43a0ef4,2e66c964-4686-4269-9352-533e12a76540,c3,DROP,1008,?,i2,
1769500865.216442,RECEIVED,5f747215-1203-4826-a1e3-67d01ca052ce,653c9621-9774-4c66-bc65-d718e732de46,c2,DROP,1439,p2,?,
1769500865.2264855,RECEIVED,a1bad29c-a562-4162-a047-dc4d9d327b74,97d5a601-7441-45c7-99c0-d748a0716502,c4,DROP,1457,p1,?,
1769500865.2871237,SENT,a1bad29c-a562-4162-a047-dc4d9d327b74,97d5a601-7441-45c7-99c0-d748a0716502,c4,DROP,1020,?,i11,
1769500865.2871683,FORWARDED,a1bad29c-a562-4162-a047-dc4d9d327b74,97d5a601-7441-45c7-99c0-d748a0716502,c4,DROP,1020,?,i11,
1769500865.5958095,RECEIVED,52c49eb2-7d1e-4a78-b365-4b8f9c7302d1,32033bde-f73f-4c14-b732-9aadd5e11f60,c3,c4,2449,p3,?,
1769500865.6902485,SENT,52c49eb2-7d1e-4a78-b365-4b8f9c7302d1,32033bde-f73f-4c14-b732-9aadd5e11f60,c3,c4,1764,?,i6,
1769500865.6902878,FORWARDED,52c49eb2-7d1e-4a78-b365-4b8f9c7302d1,32033bde-f73f-4c14-b732-9aadd5e11f60,c3,c4,1764,?,i6,
1769500865.7476065,RECEIVED,0f2f161d-5eb9-434d-9029-eb3be6e7a3e6,d6109781-92ff-433f-a0b3-fdb031e2afe0,c2,DROP,1439,p2,?,
1769500865.8082712,SENT,a3c48732-07d3-46de-989d-4617f270cb37,f9671876-2bef-4421-8078-204b478990db,c1,c5,1775,?,i1,
1769500865.808316,FORWARDED,a3c48732-07d3-46de-989d-4617f270cb37,f9671876-2bef-4421-8078-204b478990db,c1,c5,1775,?,i1,
1769500865.8366003,RECEIVED,761e2578-e335-42e7-974e-32c0caf96c07,4170dbe3-9bf9-4985-81c0-bc05a6c1fb1a,c4,DROP,1444,p1,?,
1769500866.0801697,SENT,5f747215-1203-4826-a1e3-67d01ca052ce,653c9621-9774-4c66-bc65-d718e732de46,c2,DROP,1008,?,i1,
1769500866.0806856,FORWARDED,5f747215-1203-4826-a1e3-67d01ca052ce,653c9621-9774-4c66-bc65-d718e732de46,c2,DROP,1008,?,i1,
1769500866.0923693,SENT,761e2578-e335-42e7-974e-32c0caf96c07,4170dbe3-9bf9-4985-81c0-bc05a6c1fb1a,c4,DROP,1009,?,i1,
1769500866.0924132,FORWARDED,761e2578-e335-42e7-974e-32c0caf96c07,4170dbe3-9bf9-4985-81c0-bc05a6c1fb1a,c4,DROP,1009,?,i1,
1769500866.11157,RECEIVED,3f976f0f-8b74-42fb-9fb2-97397d63d58b,1e74cb3d-fe7e-44fc-8e62-6be05d2f3de9,c2,DROP,1440,p2,?,
1769500866.1176744,SENT,0f2f161d-5eb9-434d-9029-eb3be6e7a3e6,d6109781-92ff-433f-a0b3-fdb031e2afe0,c2,DROP,1007,?,i3,
1769500866.1177247,FORWARDED,0f2f161d-5eb9-434d-9029-eb3be6e7a3e6,d6109781-92ff-433f-a0b3-fdb031e2afe0,c2,DROP,1007,?,i3,
1769500866.210074,RECEIVED,7e8db17b-045f-461a-81a2-93d60a737538,8153c760-6139-4f89-abb6-ceaf2a022da5,c1,DROP,442,x4,?,
1769500866.267217,RECEIVED,502c3202-210b-4687-ba04-bf69278eda5b,86d91644-8eb6-4a4b-8854-b957f72dfa4c,c3,None,2232,p3,?,
1769500866.471422,RECEIVED,58be03f5-7c05-4de4-af64-4d4103dade91,693dce57-b57a-4ce0-83c3-da0c2b75ff13,c3,DROP,1442,p3,?,
1769500866.4988148,SENT,58be03f5-7c05-4de4-af64-4d4103dade91,693dce57-b57a-4ce0-83c3-da0c2b75ff13,c3,DROP,1008,?,i11,
1769500866.4988577,FORWARDED,58be03f5-7c05-4de4-af64-4d4103dade91,693dce57-b57a-4ce0-83c3-da0c2b75ff13,c3,DROP,1008,?,i11,
1769500866.6024308,SENT,502c3202-210b-4687-ba04-bf69278eda5b,86d91644-8eb6-4a4b-8854-b957f72dfa4c,c3,None,1600,?,i7,
1769500866.6024668,FORWARDED,502c3202-210b-4687-ba04-bf69278eda5b,86d91644-8eb6-4a4b-8854-b957f72dfa4c,c3,None,1600,?,i7,
1769500866.6216228,RECEIVED,9f1fac43-6845-4f21-8d5a-2c6a27ef424a,0a7fa841-4672-452a-8bb6-a887272c365c,c4,DROP,1444,p1,?,
1769500866.7964816,RECEIVED,3a130371-f63e-48c2-94bb-5969e79de273,157fe016-42c9-4284-a250-fb82e29c836e,c2,DROP,1452,p2,?,
1769500866.8157077,SENT,9f1fac43-6845-4f21-8d5a-2c6a27ef424a,0a7fa841-4672-452a-8bb6-a887272c365c,c4,DROP,1010,?,i6,
1769500866.8157492,FORWARDED,9f1fac43-6845-4f21-8d5a-2c6a27ef424a,0a7fa841-4672-452a-8bb6-a887272c365c,c4,DROP,1010,?,i6,
1769500866.908582,RECEIVED,a231f358-7505-4ea9-bcae-ab75d32a28e0,e131865d-c6a2-4720-8834-29f171621162,c4,None,2244,p1,?,
1769500867.0786343,SENT,a231f358-7505-4ea9-bcae-ab75d32a28e0,e131865d-c6a2-4720-8834-29f171621162,c4,None,1609,?,i5,
1769500867.078684,FORWARDED,a231f358-7505-4ea9-bcae-ab75d32a28e0,e131865d-c6a2-4720-8834-29f171621162,c4,None,1609,?,i5,
1769500867.1525235,RECEIVED,d213993b-c4ff-4fab-a15d-cb5146a9ae3d,11d0d1b9-b707-40f5-92f2-3feebeea90ee,c2,c1,2460,p2,?,
1769500867.1547294,RECEIVED,9533e61b-feea-456a-9503-ae144c26301d,56f279f6-8860-4b80-accc-3534734d0ae7,c5,c2,2444,p2,?,
1769500867.1654913,SENT,3f976f0f-8b74-42fb-9fb2-97397d63d58b,1e74cb3d-fe7e-44fc-8e62-6be05d2f3de9,c2,DROP,1008,?,i10,
1769500867.165534,FORWARDED,3f976f0f-8b74-42fb-9fb2-97397d63d58b,1e74cb3d-fe7e-44fc-8e62-6be05d2f3de9,c2,DROP,1008,?,i10,
1769500867.199826,RECEIVED,243c952b-b426-4cfa-9d68-61bfb6409d48,778034b0-6ff1-4619-a3e4-af73122dca78,c5,None,2248,p2,?,
1769500867.2197826,SENT,9533e61b-feea-456a-9503-ae144c26301d,56f279f6-8860-4b80-accc-3534734d0ae7,c5,c2,1760,?,i3,
1769500867.219826,FORWARDED,9533e61b-feea-456a-9503-ae144c26301d,56f279f6-8860-4b80-accc-3534734d0ae7,c5,c2,1760,?,i3,
1769500867.2204797,RECEIVED,476e8780-0c63-44d9-ad93-fc40aa140e3d,91e921f3-521b-4069-8a55-e54d07880851,c4,DROP,1439,p1,?,
1769500867.3097246,RECEIVED,2c8a3fae-e58e-4e16-b2b0-f04079b40643,dd71c05b-a5a8-481b-afb8-ec0247d2da02,c1,None,2240,p1,?,
1769500867.3313148,RECEIVED,0feef250-91bc-4032-b731-b712a73fb842,85c82a92-aca0-4515-a63a-51a1ba315bbc,c5,c2,2463,p2,?,
1769500867.4217713,SENT,d213993b-c4ff-4fab-a15d-cb5146a9ae3d,11d0d1b9-b707-40f5-92f2-3feebeea90ee,c2,c1,1771,?,i9,
1769500867.421814,FORWARDED,d213993b-c4ff-4fab-a15d-cb5146a9ae3d,11d0d1b9-b707-40f5-92f2-3feebeea90ee,c2,c1,1771,?,i9,
1769500867.4320261,SENT,3a130371-f63e-48c2-94bb-5969e79de273,157fe016-42c9-4284-a250-fb82e29c836e,c2,DROP,1015,?,i12,
1769500867.4320784,FORWARDED,3a130371-f63e-48c2-94bb-5969e79de273,157fe016-42c9-4284-a250-fb82e29c836e,c2,DROP,1015,?,i12,
1769500867.4400785,RECEIVED,f2a23cce-ae68-41e1-a2db-dfbfcad43b16,1ed8190c-4392-4a02-aa80-8d14b991fd07,c1,DROP,1443,p1,?,
1769500867.5558271,SENT,0feef250-91bc-4032-b731-b712a73fb842,85c82a92-aca0-4515-a63a-51a1ba315bbc,c5,c2,1775,?,i5,
1769500867.55587,FORWARDED,0feef250-91bc-4032-b731-b712a73fb842,85c82a92-aca0-4515-a63a-51a1ba315bbc,c5,c2,1775,?,i5,
1769500867.5666642,RECEIVED,a94a3063-baac-44e1-af28-f7bd9e673903,b837cc98-9a36-49c6-94d2-437e09daf223,c1,DROP,440,x7,?,
1769500867.669915,SENT,2c8a3fae-e58e-4e16-b2b0-f04079b40643,dd71c05b-a5a8-481b-afb8-ec0247d2da02,c1,None,1608,?,i10,
1769500867.6699593,FORWARDED,2c8a3fae-e58e-4e16-b2b0-f04079b40643,dd71c05b-a5a8-481b-afb8-ec0247d2da02,c1,None,1608,?,i10,
1769500867.745188,SENT,476e8780-0c63-44d9-ad93-fc40aa140e3d,91e921f3-521b-4069-8a55-e54d07880851,c4,DROP,1008,?,i1,
1769500867.745234,FORWARDED,476e8780-0c63-44d9-ad93-fc40aa140e3d,91e921f3-521b-4069-8a55-e54d07880851,c4,DROP,1008,?,i1,
1769500867.777242,SENT,f2a23cce-ae68-41e1-a2db-dfbfcad43b16,1ed8190c-4392-4a02-aa80-8d14b991fd07,c1,DROP,1009,?,i2,
1769500867.7772846,FORWARDED,f2a23cce-ae68-41e1-a2db-dfbfcad43b16,1ed8190c-4392-4a02-aa80-8d14b991fd07,c1,DROP,1009,?,i2,
1769500867.8551388,SENT,243c952b-b426-4cfa-9d68-61bfb6409d48,778034b0-6ff1-4619-a3e4-af73122dca78,c5,None,1612,?,i12,
1769500867.85518,FORWARDED,243c952b-b426-4cfa-9d68-61bfb6409d48,778034b0-6ff1-4619-a3e4-af73122dca78,c5,None,1612,?,i12,
1769500867.899804,RECEIVED,3d09113a-5e25-44de-8c9c-13c24687f4ec,f1ba0ae6-4ac3-4121-a084-007d238c664e,c4,DROP,1440,p1,?,
1769500867.9893913,RECEIVED,4b2721cd-b7ef-44f1-83a0-78185611734b,146d833a-e594-4cf2-af42-aa4e40b4258a,c1,c5,2478,p1,?,
1769500868.0588064,SENT,4b2721cd-b7ef-44f1-83a0-78185611734b,146d833a-e594-4cf2-af42-aa4e40b4258a,c1,c5,1784,?,i11,
1769500868.0588443,FORWARDED,4b2721cd-b7ef-44f1-83a0-78185611734b,146d833a-e594-4cf2-af42-aa4e40b4258a,c1,c5,1784,?,i11,
1769500868.3837934,RECEIVED,b4f1ffb5-9460-464d-a71f-72d810a6d04e,42ee9309-169f-4c88-ae53-7f2c77c79177,c4,c3,2466,p1,?,
1769500868.4613152,SENT,b4f1ffb5-9460-464d-a71f-72d810a6d04e,42ee9309-169f-4c88-ae53-7f2c77c79177,c4,c3,1776,?,i9,
1769500868.4613557,FORWARDED,b4f1ffb5-9460-464d-a71f-72d810a6d04e,42ee9309-169f-4c88-ae53-7f2c77c79177,c4,c3,1776,?,i9,
1769500868.594485,RECEIVED,0c1bb8a6-04d2-4a81-b6b8-fcba9159bb42,1d776ed1-caea-4061-b966-a95745d6c62a,c1,c5,2476,p1,?,
1769500868.621526,SENT,3d09113a-5e25-44de-8c9c-13c24687f4ec,f1ba0ae6-4ac3-4121-a084-007d238c664e,c4,DROP,1008,?,i12,
1769500868.6215694,FORWARDED,3d09113a-5e25-44de-8c9c-13c24687f4ec,f1ba0ae6-4ac3-4121-a084-007d238c664e,c4,DROP,1008,?,i12,
1769500868.650117,SENT,0c1bb8a6-04d2-4a81-b6b8-fcba9159bb42,1d776ed1-caea-4061-b966-a95745d6c62a,c1,c5,1784,?,i3,
1769500868.6501548,FORWARDED,0c1bb8a6-04d2-4a81-b6b8-fcba9159bb42,1d776ed1-caea-4061-b966-a95745d6c62a,c1,c5,1784,?,i3,
1769500868.7392974,RECEIVED,398ac3d2-baba-4443-ac81-400a0791cbae,adb21dfd-6f1e-4340-b23f-b1145f6eb6c2,c5,DROP,1439,p2,?,
1769500868.8435092,RECEIVED,37a8ba86-2f38-41c6-8eaf-1044a4c89a1d,f13cb268-cf3c-476e-9beb-d50e7f224062,c1,DROP,1444,p1,?,
1769500869.0238404,RECEIVED,dad19fb7-46cc-458b-9893-fe8df1bd1a41,bebaa125-8ee8-4ab7-a337-e3d2780354a7,c4,DROP,1440,p1,?,
1769500869.0281549,RECEIVED,bda92ea4-fe25-47cb-a96c-dff2d214a0d3,208257db-6e1d-427f-9fb1-b8b389c2f7c5,c4,DROP,1448,p1,?,
1769500869.0564184,RECEIVED,889f5953-debc-4748-a6a3-4d51c3965dfb,6472ec9a-0a2b-41d7-b099-76acce774f27,c1,DROP,1441,p1,?,
1769500869.0839593,RECEIVED,aa78edae-0136-41bb-9396-586f926e09b9,8d8c8728-c155-4b3f-807d-02d6dc4f0294,c3,DROP,1439,p3,?,
1769500869.0872314,RECEIVED,1de87473-d453-46fc-b1c9-36c02d22ccf7,13cabc3c-05fb-4400-8324-ead41584fa9b,c2,c1,2472,p2,?,
1769500869.143341,SENT,889f5953-debc-4748-a6a3-4d51c3965dfb,6472ec9a-0a2b-41d7-b099-76acce774f27,c1,DROP,1008,?,i1,
1769500869.1433852,FORWARDED,889f5953-debc-4748-a6a3-4d51c3965dfb,6472ec9a-0a2b-41d7-b099-76acce774f27,c1,DROP,1008,?,i1,
1769500869.1464918,SENT,1de87473-d453-46fc-b1c9-36c02d22ccf7,13cabc3c-05fb-4400-8324-ead41584fa9b,c2,c1,1781,?,i7,
1769500869.1465359,FORWARDED,1de87473-d453-46fc-b1c9-36c02d22ccf7,13cabc3c-05fb-4400-8324-ead41584fa9b,c2,c1,1781,?,i7,
1769500869.161941,RECEIVED,85297aac-7e40-4eed-b644-3dd5c643e48d,1677ff77-deec-440b-b8f6-5ab9bd73a64d,c2,DROP,1443,p2,?,
1769500869.1739824,RECEIVED,56b9e321-632e-44cf-8fc2-fa1a07083dd1,fd833f15-0ad8-48ff-8320-0487305a4dc4,c1,DROP,1440,p1,?,
1769500869.2027564,RECEIVED,6de63949-a695-4dea-ae16-145df3f5ab29,e6b5a3a5-c414-47bb-a1d1-cacc6a396d73,c2,DROP,442,x3,?,
1769500869.2173233,RECEIVED,7cf0c690-9d2b-4efc-a8ec-8edf9d57865c,403d931c-a9c5-4821-b4a3-2077fd31b1be,c4,DROP,1447,p1,?,
1769500869.245569,RECEIVED,abde02ee-295e-44f5-a93e-c11382312914,7bae4ec3-8931-4ab2-a135-7b1cfa14dbcc,c4,DROP,1454,p1,?,
1769500869.2490058,RECEIVED,db072c9f-431a-4688-8b27-5ce9ba933dfc,1cada1bf-e3a0-4100-8603-ef384636f078,c2,DROP,441,x9,?,
1769500869.2977974,RECEIVED,578e7f3c-79d4-4f3d-b5a2-329eb1f44ef1,b346bd93-59c0-4b98-aa8a-65c26779d017,c3,DROP,1456,p3,?,
1769500869.314652,SENT,56b9e321-632e-44cf-8fc2-fa1a07083dd1,fd833f15-0ad8-48ff-8320-0487305a4dc4,c1,DROP,1008,?,i7,
1769500869.3146951,FORWARDED,56b9e321-632e-44cf-8fc2-fa1a07083dd1,fd833f15-0ad8-48ff-8320-0487305a4dc4,c1,DROP,1008,?,i7,
1769500869.3604686,RECEIVED,f3f88a33-31ab-4ec8-85e9-a3930eb63510,78bbd82e-8039-4b6b-95ff-df88abae19be,c4,DROP,1435,p1,?,
1769500869.4072258,SENT,dad19fb7-46cc-458b-9893-fe8df1bd1a41,bebaa125-8ee8-4ab7-a337-e3d2780354a7,c4,DROP,1007,?,i5,
1769500869.4072678,FORWARDED,dad19fb7-46cc-458b-9893-fe8df1bd1a41,bebaa125-8ee8-4ab7-a337-e3d2780354a7,c4,DROP,1007,?,i5,
1769500869.4214306,SENT,aa78edae-0136-41bb-9396-586f926e09b9,8d8c8728-c155-4b3f-807d-02d6dc4f0294,c3,DROP,1007,?,i8,
1769500869.4214737,FORWARDED,aa78edae-0136-41bb-9396-586f926e09b9,8d8c8728-c155-4b3f-807d-02d6dc4f0294,c3,DROP,1007,?,i8,
1769500869.465082,SENT,bda92ea4-fe25-47cb-a96c-dff2d214a0d3,208257db-6e1d-427f-9fb1-b8b389c2f7c5,c4,DROP,1012,?,i11,
1769500869.4651248,FORWARDED,bda92ea4-fe25-47cb-a96c-dff2d214a0d3,208257db-6e1d-427f-9fb1-b8b389c2f7c5,c4,DROP,1012,?,i11,
1769500869.4819372,SENT,37a8ba86-2f38-41c6-8eaf-1044a4c89a1d,f13cb268-cf3c-476e-9beb-d50e7f224062,c1,DROP,1011,?,i10,
1769500869.4819794,FORWARDED,37a8ba86-2f38-41c6-8eaf-1044a4c89a1d,f13cb268-cf3c-476e-9beb-d50e7f224062,c1,DROP,1011,?,i10,
1769500869.5000367,RECEIVED,6e29240f-8fc1-40a4-a0ac-635dc4e0fa6c,36ca1ff3-4c5e-4864-92fc-49a11dd3ea89,c2,c1,2455,p2,?,
1769500869.5287375,RECEIVED,1db35a8d-bf71-44d8-9e0f-537e09edaec2,74fdd46b-e014-4266-b17d-a7f1466600e0,c5,DROP,1439,p2,?,
1769500869.584544,SENT,6e29240f-8fc1-40a4-a0ac-635dc4e0fa6c,36ca1ff3-4c5e-4864-92fc-49a11dd3ea89,c2,c1,1768,?,i2,
1769500869.584586,FORWARDED,6e29240f-8fc1-40a4-a0ac-635dc4e0fa6c,36ca1ff3-4c5e-4864-92fc-49a11dd3ea89,c2,c1,1768,?,i2,
1769500869.7249053,SENT,85297aac-7e40-4eed-b644-3dd5c643e48d,1677ff77-deec-440b-b8f6-5ab9bd73a64d,c2,DROP,1009,?,i3,
1769500869.7249446,FORWARDED,85297aac-7e40-4eed-b644-3dd5c643e48d,1677ff77-deec-440b-b8f6-5ab9bd73a64d,c2,DROP,1009,?,i3,
1769500869.7531505,RECEIVED,41805440-89e9-4196-9fd9-053dc5db43ad,02b5e922-cea5-4dcc-b283-755a14a2508e,c1,DROP,1455,p1,?,
1769500869.9158137,SENT,7cf0c690-9d2b-4efc-a8ec-8edf9d57865c,403d931c-a9c5-4821-b4a3-2077fd31b1be,c4,DROP,1012,?,i6,
1769500869.9158547,FORWARDED,7cf0c690-9d2b-4efc-a8ec-8edf9d57865c,403d931c-a9c5-4821-b4a3-2077fd31b1be,c4,DROP,1012,?,i6,
1769500869.9438543,SENT,abde02ee-295e-44f5-a93e-c11382312914,7bae4ec3-8931-4ab2-a135-7b1cfa14dbcc,c4,DROP,1019,?,i1,
1769500869.9438972,FORWARDED,abde02ee-295e-44f5-a93e-c11382312914,7bae4ec3-8931-4ab2-a135-7b1cfa14dbcc,c4,DROP,1019,?,i1,
1769500869.985356,RECEIVED,c24fb7fc-c61b-47ef-aad4-19c88a7642f9,eb06f34d-dd6f-4f63-81a1-189578710801,c1,None,2226,p1,?,
1769500870.1502812,RECEIVED,fb63977f-4cf9-46e9-ae74-0e41c36f63b8,d58e4e33-e57c-4bf8-8d86-1fef48c1be34,c3,DROP,441,x6,?,
1769500870.1531553,SENT,398ac3d2-baba-4443-ac81-400a0791cbae,adb21dfd-6f1e-4340-b23f-b1145f6eb6c2,c5,DROP,1008,?,i8,
1769500870.1531997,FORWARDED,398ac3d2-baba-4443-ac81-400a0791cbae,adb21dfd-6f1e-4340-b23f-b1145f6eb6c2,c5,DROP,1008,?,i8,
1769500870.207706,RECEIVED,cbde5c4d-70ef-4ac4-b962-d6c05ff1e5a6,a5234f99-4ca4-4b31-a20c-b604016b205b,c3,DROP,1440,p3,?,
1769500870.287261,RECEIVED,bc615c10-2583-4099-8f68-da76c03da7db,b9f8c4e2-adc4-490b-978e-6fe5d6d8062c,c1,DROP,1439,p1,?,
1769500870.3071866,RECEIVED,8cce8b6d-d46b-4774-b63b-684893cd4071,822db2ea-0abe-438e-ac36-5d958e439104,c1,None,2236,p1,?,
1769500870.3502712,SENT,1db35a8d-bf71-44d8-9e0f-537e09edaec2,74fdd46b-e014-4266-b17d-a7f1466600e0,c5,DROP,1006,?,i5,
1769500870.3503191,FORWARDED,1db35a8d-bf71-44d8-9e0f-537e09edaec2,74fdd46b-e014-4266-b17d-a7f1466600e0,c5,DROP,1006,?,i5,
1769500870.3604927,RECEIVED,960f8994-51c6-42a1-a4a9-eaea5e351341,24485bb8-7dc5-41f4-92b2-b5ba247a8488,c2,DROP,1440,p2,?,
1769500870.372817,SENT,f3f88a33-31ab-4ec8-85e9-a3930eb63510,78bbd82e-8039-4b6b-95ff-df88abae19be,c4,DROP,1003,?,i8,
1769500870.3728614,FORWARDED,f3f88a33-31ab-4ec8-85e9-a3930eb63510,78bbd82e-8039-4b6b-95ff-df88abae19be,c4,DROP,1003,?,i8,
1769500870.3763065,SENT,578e7f3c-79d4-4f3d-b5a2-329eb1f44ef1,b346bd93-59c0-4b98-aa8a-65c26779d017,c3,DROP,1019,?,i11,
1769500870.3763494,FORWARDED,578e7f3c-79d4-4f3d-b5a2-329eb1f44ef1,b346bd93-59c0-4b98-aa8a-65c26779d017,c3,DROP,1019,?,i11,
1769500870.4078085,RECEIVED,52125275-7d19-4af3-8dca-2e795cfd1680,993095fb-2bce-45f5-85b5-5254c52f5df1,c2,c1,2464,p2,?,
1769500870.4532351,RECEIVED,7a8b7b32-a9f0-46b6-bd50-6dc818106f8b,076131b6-a613-41ed-84e1-ee699d388fea,c5,c2,2444,p2,?,
1769500870.520789,SENT,41805440-89e9-4196-9fd9-053dc5db43ad,02b5e922-cea5-4dcc-b283-755a14a2508e,c1,DROP,1020,?,i3,
1769500870.5208309,FORWARDED,41805440-89e9-4196-9fd9-053dc5db43ad,02b5e922-cea5-4dcc-b283-755a14a2508e,c1,DROP,1020,?,i3,
1769500870.5899415,SENT,c24fb7fc-c61b-47ef-aad4-19c88a7642f9,eb06f34d-dd6f-4f63-81a1-189578710801,c1,None,1599,?,i5,
1769500870.5899851,FORWARDED,c24fb7fc-c61b-47ef-aad4-19c88a7642f9,eb06f34d-dd6f-4f63-81a1-189578710801,c1,None,1599,?,i5,
1769500870.5960898,RECEIVED,a2ec576f-99fd-4175-97b6-5a4a45d5fe8f,2ec7d265-d101-4f6d-8c2e-6f19c3d87eeb,c3,DROP,1443,p3,?,
1769500870.6029978,SENT,cbde5c4d-70ef-4ac4-b962-d6c05ff1e5a6,a5234f99-4ca4-4b31-a20c-b604016b205b,c3,DROP,1007,?,i4,
1769500870.6030424,FORWARDED,cbde5c4d-70ef-4ac4-b962-d6c05ff1e5a6,a5234f99-4ca4-4b31-a20c-b604016b205b,c3,DROP,1007,?,i4,
1769500870.6255627,SENT,bc615c10-2583-4099-8f68-da76c03da7db,b9f8c4e2-adc4-490b-978e-6fe5d6d8062c,c1,DROP,1007,?,i5,
1769500870.6256046,FORWARDED,bc615c10-2583-4099-8f68-da76c03da7db,b9f8c4e2-adc4-490b-978e-6fe5d6d8062c,c1,DROP,1007,?,i5,
1769500870.6349955,SENT,52125275-7d19-4af3-8dca-2e795cfd1680,993095fb-2bce-45f5-85b5-5254c52f5df1,c2,c1,1775,?,i11,
1769500870.6350622,FORWARDED,52125275-7d19-4af3-8dca-2e795cfd1680,993095fb-2bce-45f5-85b5-5254c52f5df1,c2,c1,1775,?,i11,
1769500870.7068157,SENT,7a8b7b32-a9f0-46b6-bd50-6dc818106f8b,076131b6-a613-41ed-84e1-ee699d388fea,c5,c2,1760,?,i1,
1769500870.7068546,FORWARDED,7a8b7b32-a9f0-46b6-bd50-6dc818106f8b,076131b6-a613-41ed-84e1-ee699d388fea,c5,c2,1760,?,i1,
1769500870.8039615,RECEIVED,6a471431-1578-4a82-af67-e2e2d693b94f,34788808-9494-48a7-b779-2780176155d0,c4,DROP,441,x6,?,
1769500870.8463109,RECEIVED,f2055eb7-5bbf-42e4-9927-4a5d22397e75,575661ab-d2bd-48ef-89cb-fc7d33d73690,c3,None,2212,p3,?,
1769500870.909227,SENT,f2055eb7-5bbf-42e4-9927-4a5d22397e75,575661ab-d2bd-48ef-89cb-fc7d33d73690,c3,None,1587,?,i7,
1769500870.9092636,FORWARDED,f2055eb7-5bbf-42e4-9927-4a5d22397e75,575661ab-d2bd-48ef-89cb-fc7d33d73690,c3,None,1587,?,i7,
1769500870.919263,RECEIVED,dc4c3acd-e95d-49af-acb8-071ec666f017,75bc9a26-220f-4cdc-a7c2-8cd49df72e87,c3,DROP,1441,p3,?,
1769500871.015356,SENT,dc4c3acd-e95d-49af-acb8-071ec666f017,75bc9a26-220f-4cdc-a7c2-8cd49df72e87,c3,DROP,1008,?,i10,
1769500871.0154,FORWARDED,dc4c3acd-e95d-49af-acb8-071ec666f017,75bc9a26-220f-4cdc-a7c2-8cd49df72e87,c3,DROP,1008,?,i10,
1769500871.1094253,RECEIVED,5e39f346-6bb9-4b80-9f36-85a15b0a0100,268297fb-e866-4475-9f10-f464ab882b3a,c5,DROP,1449,p2,?,
1769500871.123575,SENT,5e39f346-6bb9-4b80-9f36-85a15b0a0100,268297fb-e866-4475-9f10-f464ab882b3a,c5,DROP,1012,?,i9,
1769500871.1236207,FORWARDED,5e39f346-6bb9-4b80-9f36-85a15b0a0100,268297fb-e866-4475-9f10-f464ab882b3a,c5,DROP,1012,?,i9,
1769500871.1603854,RECEIVED,ac559e4a-7261-4ca3-a074-839b5ceed374,390b589c-232b-42ef-b941-07f0e061f1cf,c2,DROP,1443,p2,?,
1769500871.1894543,RECEIVED,0f88c1e4-ba80-49a8-b8f4-a72044b21858,0ed5fec6-0ed5-4aef-b2dc-c35f836c7790,c4,DROP,1439,p1,?,
1769500871.3251514,RECEIVED,187aab28-ab00-4989-97d6-b1b0d2951822,32252dc9-0258-4618-8b54-97d4ecf6f164,c1,DROP,1446,p1,?,
1769500871.3553016,RECEIVED,3edcc08c-2c76-4d7b-88da-312674bf6f7d,71c0ec55-e856-4b0f-a6ee-ee4c2a90e543,c2,None,2223,p2,?,
1769500871.5113366,RECEIVED,e37f278e-161a-4f4a-83e0-6267f1e3a750,a6078356-c120-4a1f-98b2-e1c96828c9ff,c3,DROP,441,x4,?,
1769500871.556501,RECEIVED,73fe33a3-1b86-4bd5-b27b-031f85f8aaf3,2195f306-23ea-408c-8fb5-4567dbcc0ffc,c4,DROP,1440,p1,?,
1769500871.5567558,RECEIVED,8d6bdd9e-8fee-4a36-ab41-c76a343197cd,921fcaf9-c7b6-4580-ac50-e81b9fb4c301,c2,DROP,1459,p2,?,
1769500871.5608974,SENT,0f88c1e4-ba80-49a8-b8f4-a72044b21858,0ed5fec6-0ed5-4aef-b2dc-c35f836c7790,c4,DROP,1008,?,i7,
1769500871.5609505,FORWARDED,0f88c1e4-ba80-49a8-b8f4-a72044b21858,0ed5fec6-0ed5-4aef-b2dc-c35f836c7790,c4,DROP,1008,?,i7,
1769500871.59732,RECEIVED,7aca79d7-be14-44f4-b4f2-cc38fe874978,7046d4be-4a0e-4061-80f9-e7b9b51cb765,c1,None,2229,p1,?,
1769500871.7140303,SENT,ac559e4a-7261-4ca3-a074-839b5ceed374,390b589c-232b-42ef-b941-07f0e061f1cf,c2,DROP,1009,?,i5,
1769500871.7144194,FORWARDED,ac559e4a-7261-4ca3-a074-839b5ceed374,390b589c-232b-42ef-b941-07f0e061f1cf,c2,DROP,1009,?,i5,
1769500871.7497473,RECEIVED,1d060d5a-ad21-47d1-b991-4e9dac3bc33b,188b9c24-e785-4313-a92b-d0062a55f2ed,c3,c4,2469,p3,?,
1769500871.7560103,SENT,7aca79d7-be14-44f4-b4f2-cc38fe874978,7046d4be-4a0e-4061-80f9-e7b9b51cb765,c1,None,1599,?,i11,
1769500871.7560582,FORWARDED,7aca79d7-be14-44f4-b4f2-cc38fe874978,7046d4be-4a0e-4061-80f9-e7b9b51cb765,c1,None,1599,?,i11,
1769500871.7597687,RECEIVED,a3d7bc35-4202-4a3b-8827-8fafbe24c23f,eae4535b-2bfb-458b-acb1-ef9c71a870dc,c1,DROP,1435,p1,?,
1769500871.8427675,RECEIVED,cac98cf3-a037-4f11-bea9-d127cedf845b,b2929d3f-efec-43c5-8c45-a8c7531ee8c2,c4,DROP,441,x2,?,
1769500871.8587146,SENT,1d060d5a-ad21-47d1-b991-4e9dac3bc33b,188b9c24-e785-4313-a92b-d0062a55f2ed,c3,c4,1779,?,i11,
1769500871.8587577,FORWARDED,1d060d5a-ad21-47d1-b991-4e9dac3bc33b,188b9c24-e785-4313-a92b-d0062a55f2ed,c3,c4,1779,?,i11,
1769500871.8999279,SENT,3edcc08c-2c76-4d7b-88da-312674bf6f7d,71c0ec55-e856-4b0f-a6ee-ee4c2a90e543,c2,None,1596,?,i9,
1769500871.8999732,FORWARDED,3edcc08c-2c76-4d7b-88da-312674bf6f7d,71c0ec55-e856-4b0f-a6ee-ee4c2a90e543,c2,None,1596,?,i9,
1769500871.9447222,SENT,73fe33a3-1b86-4bd5-b27b-031f85f8aaf3,2195f306-23ea-408c-8fb5-4567dbcc0ffc,c4,DROP,1007,?,i12,
1769500871.944768,FORWARDED,73fe33a3-1b86-4bd5-b27b-031f85f8aaf3,2195f306-23ea-408c-8fb5-4567dbcc0ffc,c4,DROP,1007,?,i12,
1769500871.9614444,SENT,187aab28-ab00-4989-97d6-b1b0d2951822,32252dc9-0258-4618-8b54-97d4ecf6f164,c1,DROP,1012,?,i4,
1769500871.9614897,FORWARDED,187aab28-ab00-4989-97d6-b1b0d2951822,32252dc9-0258-4618-8b54-97d4ecf6f164,c1,DROP,1012,?,i4,
1769500871.9649704,SENT,8cce8b6d-d46b-4774-b63b-684893cd4071,822db2ea-0abe-438e-ac36-5d958e439104,c1,None,1605,?,i10,
1769500871.9650135,FORWARDED,8cce8b6d-d46b-4774-b63b-684893cd4071,822db2ea-0abe-438e-ac36-5d958e439104,c1,None,1605,?,i10,
1769500871.9952273,SENT,8d6bdd9e-8fee-4a36-ab41-c76a343197cd,921fcaf9-c7b6-4580-ac50-e81b9fb4c301,c2,DROP,1021,?,i1,
1769500871.995269,FORWARDED,8d6bdd9e-8fee-4a36-ab41-c76a343197cd,921fcaf9-c7b6-4580-ac50-e81b9fb4c301,c2,DROP,1021,?,i1,
1769500872.0415018,RECEIVED,ad4f7c14-ae6e-4ebd-8050-defac991deaf,5df9ccc2-0431-4574-aa6d-6baf815071da,c4,DROP,1443,p1,?,
1769500872.0974643,SENT,ad4f7c14-ae6e-4ebd-8050-defac991deaf,5df9ccc2-0431-4574-aa6d-6baf815071da,c4,DROP,1008,?,i9,
1769500872.0975072,FORWARDED,ad4f7c14-ae6e-4ebd-8050-defac991deaf,5df9ccc2-0431-4574-aa6d-6baf815071da,c4,DROP,1008,?,i9,
1769500872.0999079,RECEIVED,5c19a9ff-316f-49e8-a80d-ab53539a34ef,60ae5274-22ad-434d-9443-3f30823dddcc,c3,DROP,441,x10,?,
1769500872.1227007,SENT,960f8994-51c6-42a1-a4a9-eaea5e351341,24485bb8-7dc5-41f4-92b2-b5ba247a8488,c2,DROP,1007,?,i10,
1769500872.1227443,FORWARDED,960f8994-51c6-42a1-a4a9-eaea5e351341,24485bb8-7dc5-41f4-92b2-b5ba247a8488,c2,DROP,1007,?,i10,
1769500872.1283934,RECEIVED,776c41a8-1184-431f-a1b9-8235b33dd065,042efa83-97bc-4718-b4cb-99b67515863f,c2,DROP,1446,p2,?,
1769500872.310983,SENT,a3d7bc35-4202-4a3b-8827-8fafbe24c23f,eae4535b-2bfb-458b-acb1-ef9c71a870dc,c1,DROP,1005,?,i6,
1769500872.3110216,FORWARDED,a3d7bc35-4202-4a3b-8827-8fafbe24c23f,eae4535b-2bfb-458b-acb1-ef9c71a870dc,c1,DROP,1005,?,i6,
1769500872.4697914,RECEIVED,42f120a5-6a08-4100-89b3-2db09524062a,c1546168-433b-4403-b660-daf0f557d5cd,c5,DROP,1443,p2,?,
1769500872.488422,RECEIVED,9fbe554e-5933-42ac-b157-f2064d8c6bc6,a22e31a8-e044-4932-ba21-ce02534bb3a6,c4,DROP,441,x4,?,
1769500872.5026062,SENT,a2ec576f-99fd-4175-97b6-5a4a45d5fe8f,2ec7d265-d101-4f6d-8c2e-6f19c3d87eeb,c3,DROP,1011,?,i3,
1769500872.502647,FORWARDED,a2ec576f-99fd-4175-97b6-5a4a45d5fe8f,2ec7d265-d101-4f6d-8c2e-6f19c3d87eeb,c3,DROP,1011,?,i3,
1769500872.6185467,RECEIVED,289b8419-f57e-4664-b101-de28e19fbd29,aa2ac1d2-d50e-4498-9458-3310c4d06152,c4,c3,2465,p1,?,
1769500872.7053227,SENT,289b8419-f57e-4664-b101-de28e19fbd29,aa2ac1d2-d50e-4498-9458-3310c4d06152,c4,c3,1776,?,i3,
1769500872.7053654,FORWARDED,289b8419-f57e-4664-b101-de28e19fbd29,aa2ac1d2-d50e-4498-9458-3310c4d06152,c4,c3,1776,?,i3,
1769500872.9335432,RECEIVED,e7c8e4d2-1a39-41c3-8cd2-916eb5a65b7d,7aabf95f-efc8-4cb5-9149-a54636c70fa2,c2,c1,2465,p2,?,
1769500873.0639324,RECEIVED,6f784964-5cd9-4270-8c6b-8d6da7ca4710,36a008ec-6713-4b84-a05a-020862d806ad,c1,c5,2459,p1,?,
1769500873.1267946,SENT,e7c8e4d2-1a39-41c3-8cd2-916eb5a65b7d,7aabf95f-efc8-4cb5-9149-a54636c70fa2,c2,c1,1775,?,i10,
1769500873.1268332,FORWARDED,e7c8e4d2-1a39-41c3-8cd2-916eb5a65b7d,7aabf95f-efc8-4cb5-9149-a54636c70fa2,c2,c1,1775,?,i10,
1769500873.1662292,RECEIVED,e863de88-f903-4d0c-bed5-496807ae4324,73ddba2f-2a60-4ea5-bb27-f3f771370f8b,c2,None,2232,p2,?,
1769500873.1834908,RECEIVED,6e3354e8-f00b-4f56-b4c4-025c19735b10,348f533f-edb2-4277-bd2b-91eaf877bf4a,c4,DROP,1447,p1,?,
1769500873.2084162,RECEIVED,bd437e8a-d008-4a12-9d84-e5182b00b79c,bbe4931a-5fe3-4c18-96c6-8272e2255b3c,c2,DROP,1448,p2,?,
1769500873.2313018,SENT,e863de88-f903-4d0c-bed5-496807ae4324,73ddba2f-2a60-4ea5-bb27-f3f771370f8b,c2,None,1600,?,i9,
1769500873.2313428,FORWARDED,e863de88-f903-4d0c-bed5-496807ae4324,73ddba2f-2a60-4ea5-bb27-f3f771370f8b,c2,None,1600,?,i9,
1769500873.3029432,SENT,bd437e8a-d008-4a12-9d84-e5182b00b79c,bbe4931a-5fe3-4c18-96c6-8272e2255b3c,c2,DROP,1013,?,i7,
1769500873.302985,FORWARDED,bd437e8a-d008-4a12-9d84-e5182b00b79c,bbe4931a-5fe3-4c18-96c6-8272e2255b3c,c2,DROP,1013,?,i7,
1769500873.3403904,RECEIVED,227abb25-0cdf-4570-a150-18fbfd899715,184efc07-6840-478e-b486-5c11e5e482d2,c4,DROP,1439,p1,?,
1769500873.43534,SENT,776c41a8-1184-431f-a1b9-8235b33dd065,042efa83-97bc-4718-b4cb-99b67515863f,c2,DROP,1012,?,i1,
1769500873.4353826,FORWARDED,776c41a8-1184-431f-a1b9-8235b33dd065,042efa83-97bc-4718-b4cb-99b67515863f,c2,DROP,1012,?,i1,
1769500873.519662,RECEIVED,d8b5e1d8-aa0b-43b5-8c89-0a6a53fc1b08,3a115dd2-8091-468f-baf5-39757e798b86,c2,None,2224,p2,?,
1769500873.5326529,SENT,42f120a5-6a08-4100-89b3-2db09524062a,c1546168-433b-4403-b660-daf0f557d5cd,c5,DROP,1011,?,i5,
1769500873.5326886,FORWARDED,42f120a5-6a08-4100-89b3-2db09524062a,c1546168-433b-4403-b660-daf0f557d5cd,c5,DROP,1011,?,i5,
1769500873.6094897,RECEIVED,c8d41bc1-09a7-4c05-8c96-0ee0ba70026e,f5a895b5-f016-4edf-b501-1ab2e52815c0,c5,DROP,441,x8,?,
1769500873.6199677,SENT,227abb25-0cdf-4570-a150-18fbfd899715,184efc07-6840-478e-b486-5c11e5e482d2,c4,DROP,1007,?,i8,
1769500873.62001,FORWARDED,227abb25-0cdf-4570-a150-18fbfd899715,184efc07-6840-478e-b486-5c11e5e482d2,c4,DROP,1007,?,i8,
1769500873.6254778,RECEIVED,54456717-c785-419d-bbf4-846e24924893,8790e6f9-f6cc-44a8-97b4-76bfa1508709,c5,DROP,1445,p2,?,
1769500873.653322,SENT,d8b5e1d8-aa0b-43b5-8c89-0a6a53fc1b08,3a115dd2-8091-468f-baf5-39757e798b86,c2,None,1595,?,i1,
1769500873.6533666,FORWARDED,d8b5e1d8-aa0b-43b5-8c89-0a6a53fc1b08,3a115dd2-8091-468f-baf5-39757e798b86,c2,None,1595,?,i1,
1769500873.666635,SENT,54456717-c785-419d-bbf4-846e24924893,8790e6f9-f6cc-44a8-97b4-76bfa1508709,c5,DROP,1011,?,i12,
1769500873.666678,FORWARDED,54456717-c785-419d-bbf4-846e24924893,8790e6f9-f6cc-44a8-97b4-76bfa1508709,c5,DROP,1011,?,i12,
1769500873.6706645,RECEIVED,acd675d6-00ef-4a9d-9d91-faa908883886,b844c8f2-36f8-4322-b401-ad0a067b050b,c3,DROP,1440,p3,?,
1769500873.7175224,RECEIVED,f6df1c71-3649-47ec-a949-b0cc3a88d241,d1eb294a-8e5e-40dc-ba83-be71f3a0393e,c4,c3,2455,p1,?,
1769500873.8002965,SENT,6f784964-5cd9-4270-8c6b-8d6da7ca4710,36a008ec-6713-4b84-a05a-020862d806ad,c1,c5,1772,?,i4,
1769500873.8003395,FORWARDED,6f784964-5cd9-4270-8c6b-8d6da7ca4710,36a008ec-6713-4b84-a05a-020862d806ad,c1,c5,1772,?,i4,
1769500873.8202865,RECEIVED,7e5cba93-ebab-4e8c-9eda-26be2f581c1c,31246949-d8fd-4816-86c2-2665e31f0e84,c4,DROP,1439,p1,?,
1769500873.894337,SENT,acd675d6-00ef-4a9d-9d91-faa908883886,b844c8f2-36f8-4322-b401-ad0a067b050b,c3,DROP,1007,?,i11,
1769500873.8943803,FORWARDED,acd675d6-00ef-4a9d-9d91-faa908883886,b844c8f2-36f8-4322-b401-ad0a067b050b,c3,DROP,1007,?,i11,
1769500873.894806,RECEIVED,69c09cfd-28f2-40c1-a2e1-1a4c5f5a66b0,cfdfcaa7-fdba-4ec4-bdba-62ee90043f60,c2,DROP,1447,p2,?,
1769500873.910976,RECEIVED,a5cfc508-af7f-4589-bda8-396aee130b07,ce62fb72-39ae-4e51-8f23-540cf28b3c26,c5,DROP,442,x7,?,
1769500873.944008,RECEIVED,08111f0f-8998-45c4-972c-2811f5a5df45,c831e432-b80b-4aaa-ae29-da6f4036853c,c3,None,2239,p3,?,
1769500873.9728892,RECEIVED,826ecc34-5a15-48a4-b24f-9a27c4416122,8376b3fb-98ea-4eda-8d29-28c586167ec3,c5,DROP,1440,p2,?,
1769500873.993166,SENT,6e3354e8-f00b-4f56-b4c4-025c19735b10,348f533f-edb2-4277-bd2b-91eaf877bf4a,c4,DROP,1012,?,i1,
1769500873.9932086,FORWARDED,6e3354e8-f00b-4f56-b4c4-025c19735b10,348f533f-edb2-4277-bd2b-91eaf877bf4a,c4,DROP,1012,?,i1,
1769500874.0920248,SENT,08111f0f-8998-45c4-972c-2811f5a5df45,c831e432-b80b-4aaa-ae29-da6f4036853c,c3,None,1608,?,i6,
1769500874.0920806,FORWARDED,08111f0f-8998-45c4-972c-2811f5a5df45,c831e432-b80b-4aaa-ae29-da6f4036853c,c3,None,1608,?,i6,
1769500874.1093953,RECEIVED,fe3fdfaa-f3c0-4980-97b1-6ec993146b77,f357a7cf-c5de-444d-808a-89ca1bbd6d32,c2,DROP,1439,p2,?,
1769500874.139305,SENT,f6df1c71-3649-47ec-a949-b0cc3a88d241,d1eb294a-8e5e-40dc-ba83-be71f3a0393e,c4,c3,1770,?,i10,
1769500874.1393478,FORWARDED,f6df1c71-3649-47ec-a949-b0cc3a88d241,d1eb294a-8e5e-40dc-ba83-be71f3a0393e,c4,c3,1770,?,i10,
1769500874.202682,RECEIVED,454e0c2f-66c3-434c-8457-56137335f3e7,710ef175-6c9e-4230-a438-fb5710ee55c4,c1,None,2227,p1,?,
1769500874.377397,RECEIVED,ed37ddf0-31b6-4055-93b4-b4f62295af9b,f3abb5b5-3b67-4850-82f0-9c4b6d2d3ef4,c5,None,2229,p2,?,
1769500874.379463,SENT,7e5cba93-ebab-4e8c-9eda-26be2f581c1c,31246949-d8fd-4816-86c2-2665e31f0e84,c4,DROP,1008,?,i3,
1769500874.379506,FORWARDED,7e5cba93-ebab-4e8c-9eda-26be2f581c1c,31246949-d8fd-4816-86c2-2665e31f0e84,c4,DROP,1008,?,i3,
1769500874.4203002,SENT,69c09cfd-28f2-40c1-a2e1-1a4c5f5a66b0,cfdfcaa7-fdba-4ec4-bdba-62ee90043f60,c2,DROP,1012,?,i8,
1769500874.4203415,FORWARDED,69c09cfd-28f2-40c1-a2e1-1a4c5f5a66b0,cfdfcaa7-fdba-4ec4-bdba-62ee90043f60,c2,DROP,1012,?,i8,
1769500874.4344144,SENT,ed37ddf0-31b6-4055-93b4-b4f62295af9b,f3abb5b5-3b67-4850-82f0-9c4b6d2d3ef4,c5,None,1599,?,i10,
1769500874.4344566,FORWARDED,ed37ddf0-31b6-4055-93b4-b4f62295af9b,f3abb5b5-3b67-4850-82f0-9c4b6d2d3ef4,c5,None,1599,?,i10,
1769500874.4491713,RECEIVED,5fed2fbd-2bb3-453a-bca3-1239829d7791,410074e9-44b6-471b-8088-f79498a028d0,c4,None,2237,p1,?,
1769500874.6266336,SENT,5fed2fbd-2bb3-453a-bca3-1239829d7791,410074e9-44b6-471b-8088-f79498a028d0,c4,None,1603,?,i12,
1769500874.6266804,FORWARDED,5fed2fbd-2bb3-453a-bca3-1239829d7791,410074e9-44b6-471b-8088-f79498a028d0,c4,None,1603,?,i12,
1769500874.7329488,RECEIVED,30e783da-fbdb-4886-b5a3-1698dc6bcf3e,9b4caf77-0563-4398-8757-4bd4ab8af8e1,c4,None,2228,p1,?,
1769500874.8915615,RECEIVED,fa68355f-3886-4275-92ae-23fe683b0b84,bedc143e-e77d-44c8-a2e5-c6c89c9e7464,c4,DROP,446,x4,?,
1769500874.9084516,RECEIVED,d84da474-5b2c-4afb-8269-5c1f44b0021e,7bcfd42e-c14b-4434-927b-ac6cc6c9fdf2,c2,None,2235,p2,?,
1769500875.0673683,RECEIVED,25cc33bf-500e-424f-b453-906578e00fac,cdc8a9f9-259e-4502-86f0-28f7aabe1a73,c1,DROP,441,x8,?,
1769500875.094107,RECEIVED,80e4b25f-bcf0-4b53-b6bb-e2ab53b09c74,04d249ce-42d6-4ec3-ba0d-0018045b5ff2,c3,DROP,1452,p3,?,
1769500875.1274958,RECEIVED,3dafe2e1-0da7-415a-90c8-9dd9d2408cc4,47669e78-f044-4853-933e-aec97f2552b7,c4,c3,2475,p1,?,
1769500875.1673467,RECEIVED,84df80ed-aaaa-4880-90fc-36f216c7fcd9,fc8e4554-33e7-448f-979f-59bf7ad51ada,c2,DROP,1456,p2,?,
1769500875.2355611,SENT,80e4b25f-bcf0-4b53-b6bb-e2ab53b09c74,04d249ce-42d6-4ec3-ba0d-0018045b5ff2,c3,DROP,1016,?,i2,
1769500875.2355967,FORWARDED,80e4b25f-bcf0-4b53-b6bb-e2ab53b09c74,04d249ce-42d6-4ec3-ba0d-0018045b5ff2,c3,DROP,1016,?,i2,
1769500875.2433424,SENT,fe3fdfaa-f3c0-4980-97b1-6ec993146b77,f357a7cf-c5de-444d-808a-89ca1bbd6d32,c2,DROP,1007,?,i5,
1769500875.2433808,FORWARDED,fe3fdfaa-f3c0-4980-97b1-6ec993146b77,f357a7cf-c5de-444d-808a-89ca1bbd6d32,c2,DROP,1007,?,i5,
1769500875.2914317,RECEIVED,91219d1e-a45d-49be-a5c0-9abc4ced85e1,77403f16-af33-4c9a-a3b8-7ec91768e7e0,c5,DROP,1439,p2,?,
1769500875.3272626,SENT,3dafe2e1-0da7-415a-90c8-9dd9d2408cc4,47669e78-f044-4853-933e-aec97f2552b7,c4,c3,1783,?,i6,
1769500875.3273025,FORWARDED,3dafe2e1-0da7-415a-90c8-9dd9d2408cc4,47669e78-f044-4853-933e-aec97f2552b7,c4,c3,1783,?,i6,
1769500875.343255,SENT,84df80ed-aaaa-4880-90fc-36f216c7fcd9,fc8e4554-33e7-448f-979f-59bf7ad51ada,c2,DROP,1020,?,i12,
1769500875.343298,FORWARDED,84df80ed-aaaa-4880-90fc-36f216c7fcd9,fc8e4554-33e7-448f-979f-59bf7ad51ada,c2,DROP,1020,?,i12,
1769500875.4483786,SENT,d84da474-5b2c-4afb-8269-5c1f44b0021e,7bcfd42e-c14b-4434-927b-ac6cc6c9fdf2,c2,None,1603,?,i3,
1769500875.4484196,FORWARDED,d84da474-5b2c-4afb-8269-5c1f44b0021e,7bcfd42e-c14b-4434-927b-ac6cc6c9fdf2,c2,None,1603,?,i3,
1769500875.4745295,RECEIVED,cd686838-ebcb-4068-868b-507f342bca55,4f2afec1-b76a-4726-945d-0771c508f1c3,c2,DROP,1439,p2,?,
1769500875.5465672,RECEIVED,7fd59ae1-1858-4eb4-9bd0-0ada39b0fda4,cc458415-f34f-4200-9441-91157117f376,c4,DROP,1448,p1,?,
1769500875.6080263,SENT,7fd59ae1-1858-4eb4-9bd0-0ada39b0fda4,cc458415-f34f-4200-9441-91157117f376,c4,DROP,1012,?,i9,
1769500875.608094,FORWARDED,7fd59ae1-1858-4eb4-9bd0-0ada39b0fda4,cc458415-f34f-4200-9441-91157117f376,c4,DROP,1012,?,i9,
1769500875.6817791,SENT,826ecc34-5a15-48a4-b24f-9a27c4416122,8376b3fb-98ea-4eda-8d29-28c586167ec3,c5,DROP,1007,?,i10,
1769500875.6818197,FORWARDED,826ecc34-5a15-48a4-b24f-9a27c4416122,8376b3fb-98ea-4eda-8d29-28c586167ec3,c5,DROP,1007,?,i10,
1769500875.6848583,RECEIVED,1cf17d4d-58d1-4271-a482-298569a1e9e3,816bb9bd-f975-40b2-b06c-3c0bcb5f201c,c4,DROP,1456,p1,?,
1769500875.6890585,RECEIVED,43faee90-c25b-4003-8b83-74a96a4cd249,c9c4559d-55c6-4f64-88e6-042c74e4d4a5,c1,DROP,1451,p1,?,
1769500875.8166578,SENT,91219d1e-a45d-49be-a5c0-9abc4ced85e1,77403f16-af33-4c9a-a3b8-7ec91768e7e0,c5,DROP,1008,?,i8,
1769500875.8166983,FORWARDED,91219d1e-a45d-49be-a5c0-9abc4ced85e1,77403f16-af33-4c9a-a3b8-7ec91768e7e0,c5,DROP,1008,?,i8,
1769500875.9428687,SENT,1cf17d4d-58d1-4271-a482-298569a1e9e3,816bb9bd-f975-40b2-b06c-3c0bcb5f201c,c4,DROP,1020,?,i12,
1769500875.9434764,FORWARDED,1cf17d4d-58d1-4271-a482-298569a1e9e3,816bb9bd-f975-40b2-b06c-3c0bcb5f201c,c4,DROP,1020,?,i12,
1769500875.9579585,SENT,43faee90-c25b-4003-8b83-74a96a4cd249,c9c4559d-55c6-4f64-88e6-042c74e4d4a5,c1,DROP,1015,?,i8,
1769500875.9579997,FORWARDED,43faee90-c25b-4003-8b83-74a96a4cd249,c9c4559d-55c6-4f64-88e6-042c74e4d4a5,c1,DROP,1015,?,i8,
1769500876.000662,SENT,30e783da-fbdb-4886-b5a3-1698dc6bcf3e,9b4caf77-0563-4398-8757-4bd4ab8af8e1,c4,None,1599,?,i10,
1769500876.0007045,FORWARDED,30e783da-fbdb-4886-b5a3-1698dc6bcf3e,9b4caf77-0563-4398-8757-4bd4ab8af8e1,c4,None,1599,?,i10,
1769500876.0853179,SENT,454e0c2f-66c3-434c-8457-56137335f3e7,710ef175-6c9e-4230-a438-fb5710ee55c4,c1,None,1599,?,i4,
1769500876.0853589,FORWARDED,454e0c2f-66c3-434c-8457-56137335f3e7,710ef175-6c9e-4230-a438-fb5710ee55c4,c1,None,1599,?,i4,
1769500876.0892482,RECEIVED,9448b40b-eea9-4832-8785-cd161d253938,06e71851-34e8-4b79-9f7e-24d09c3d83f6,c4,DROP,1440,p1,?,
1769500876.2823226,RECEIVED,18be3282-9f9b-405e-828c-b96d87442fb1,627faac3-21ec-43ce-98ea-4cee3c45ece9,c1,DROP,1440,p1,?,
1769500876.3005157,RECEIVED,432d8e4f-06be-4c90-81ab-77391aaf2aa0,fe54a073-5b6a-454f-9cda-d1dc1f037798,c3,DROP,1443,p3,?,
1769500876.341824,SENT,9448b40b-eea9-4832-8785-cd161d253938,06e71851-34e8-4b79-9f7e-24d09c3d83f6,c4,DROP,1008,?,i12,
1769500876.3418672,FORWARDED,9448b40b-eea9-4832-8785-cd161d253938,06e71851-34e8-4b79-9f7e-24d09c3d83f6,c4,DROP,1008,?,i12,
1769500876.3796327,SENT,432d8e4f-06be-4c90-81ab-77391aaf2aa0,fe54a073-5b6a-454f-9cda-d1dc1f037798,c3,DROP,1011,?,i1,
1769500876.3796759,FORWARDED,432d8e4f-06be-4c90-81ab-77391aaf2aa0,fe54a073-5b6a-454f-9cda-d1dc1f037798,c3,DROP,1011,?,i1,
1769500876.4064848,RECEIVED,8f923efb-5696-46ea-93b5-0ac60ed93cc7,2399dfb6-95a4-4783-9e31-35fba6d19451,c1,DROP,442,x1,?,
1769500876.4329443,RECEIVED,69d88881-b610-41c2-a862-ec0570c63006,589d9900-af89-4178-a49f-26144d1eff74,c5,DROP,442,x11,?,
1769500876.476344,SENT,18be3282-9f9b-405e-828c-b96d87442fb1,627faac3-21ec-43ce-98ea-4cee3c45ece9,c1,DROP,1007,?,i6,
1769500876.4763868,FORWARDED,18be3282-9f9b-405e-828c-b96d87442fb1,627faac3-21ec-43ce-98ea-4cee3c45ece9,c1,DROP,1007,?,i6,
1769500876.507396,RECEIVED,43e34e08-db4c-4c10-b002-301b8c3f5542,a0ba91b0-ab5c-4e27-9f32-505e564d3eb5,c3,DROP,1444,p3,?,
1769500876.5538325,RECEIVED,822909b3-d88b-4374-9ff5-d48b72e41b87,9a6833c3-e6f0-4e4f-97bf-ec313f319dea,c1,c5,2459,p1,?,
1769500876.621348,RECEIVED,62b0f44c-60cd-484e-8632-c433e564c94b,b29d30b7-73a6-4305-ae7f-d266322931eb,c1,DROP,442,x8,?,
1769500876.7238467,SENT,43e34e08-db4c-4c10-b002-301b8c3f5542,a0ba91b0-ab5c-4e27-9f32-505e564d3eb5,c3,DROP,1011,?,i1,
1769500876.723889,FORWARDED,43e34e08-db4c-4c10-b002-301b8c3f5542,a0ba91b0-ab5c-4e27-9f32-505e564d3eb5,c3,DROP,1011,?,i1,
1769500876.8838756,RECEIVED,81e4058a-75b6-454f-8ce3-5c1b532d26f7,f6263648-bd5d-415e-a681-f2496e24d553,c1,DROP,1447,p1,?,
1769500876.9588609,RECEIVED,8195632f-f845-4b8c-9f34-068fc8fc9268,ab43a73a-01e6-4abc-b147-6562f734b0e2,c4,DROP,1444,p1,?,
1769500877.0732288,RECEIVED,4783de0d-5f73-4f5e-adc2-0d67893b0e29,0b3bda9b-234c-4992-a089-886ad9c9d48c,c3,DROP,1440,p3,?,
1769500877.0796616,RECEIVED,f5785b45-c557-4f0e-b654-bb1d0a880310,bdbe5dda-57e0-4fbb-aa79-70cd587f4aeb,c2,DROP,441,x1,?,
1769500877.1460974,RECEIVED,643b84b7-cef8-497b-9153-057a52a3c250,16e90b83-cc63-45e7-b62a-2c8c604f5411,c3,DROP,1439,p3,?,
1769500877.1742187,SENT,8195632f-f845-4b8c-9f34-068fc8fc9268,ab43a73a-01e6-4abc-b147-6562f734b0e2,c4,DROP,1011,?,i5,
1769500877.17426,FORWARDED,8195632f-f845-4b8c-9f34-068fc8fc9268,ab43a73a-01e6-4abc-b147-6562f734b0e2,c4,DROP,1011,?,i5,
1769500877.2457573,RECEIVED,6f712cdc-40a3-4233-90fd-161d7111c75e,da321322-ed54-41e1-89b8-fc252243472b,c2,DROP,1449,p2,?,
1769500877.3485987,SENT,822909b3-d88b-4374-9ff5-d48b72e41b87,9a6833c3-e6f0-4e4f-97bf-ec313f319dea,c1,c5,1771,?,i1,
1769500877.3486402,FORWARDED,822909b3-d88b-4374-9ff5-d48b72e41b87,9a6833c3-e6f0-4e4f-97bf-ec313f319dea,c1,c5,1771,?,i1,
1769500877.4054873,SENT,6f712cdc-40a3-4233-90fd-161d7111c75e,da321322-ed54-41e1-89b8-fc252243472b,c2,DROP,1012,?,i10,
1769500877.4056294,FORWARDED,6f712cdc-40a3-4233-90fd-161d7111c75e,da321322-ed54-41e1-89b8-fc252243472b,c2,DROP,1012,?,i10,
1769500877.4474149,SENT,4783de0d-5f73-4f5e-adc2-0d67893b0e29,0b3bda9b-234c-4992-a089-886ad9c9d48c,c3,DROP,1007,?,i11,
1769500877.447542,FORWARDED,4783de0d-5f73-4f5e-adc2-0d67893b0e29,0b3bda9b-234c-4992-a089-886ad9c9d48c,c3,DROP,1007,?,i11,
1769500877.5643067,RECEIVED,a405fca6-60b0-4b42-abdb-50d6b1bc9b1a,29102301-7cc6-4bf5-8f8b-a188f0285d10,c1,DROP,1440,p1,?,
1769500877.5990238,SENT,81e4058a-75b6-454f-8ce3-5c1b532d26f7,f6263648-bd5d-415e-a681-f2496e24d553,c1,DROP,1013,?,i7,
1769500877.5990834,FORWARDED,81e4058a-75b6-454f-8ce3-5c1b532d26f7,f6263648-bd5d-415e-a681-f2496e24d553,c1,DROP,1013,?,i7,
1769500877.7807567,SENT,643b84b7-cef8-497b-9153-057a52a3c250,16e90b83-cc63-45e7-b62a-2c8c604f5411,c3,DROP,1008,?,i5,
1769500877.7807982,FORWARDED,643b84b7-cef8-497b-9153-057a52a3c250,16e90b83-cc63-45e7-b62a-2c8c604f5411,c3,DROP,1008,?,i5,
1769500877.7818942,RECEIVED,b31871fb-5e18-4826-a688-b89812053b1e,f8604545-3f5a-4083-bbb4-6b99bf254185,c4,DROP,1436,p1,?,
1769500877.903735,RECEIVED,6959ba35-467a-44f9-aee5-52ab2fe1b7c1,edb80754-b3aa-4cbf-8d99-a86aa528ede3,c3,DROP,1443,p3,?,
1769500878.0390344,SENT,b31871fb-5e18-4826-a688-b89812053b1e,f8604545-3f5a-4083-bbb4-6b99bf254185,c4,DROP,1005,?,i8,
1769500878.0401378,FORWARDED,b31871fb-5e18-4826-a688-b89812053b1e,f8604545-3f5a-4083-bbb4-6b99bf254185,c4,DROP,1005,?,i8,
1769500878.1835904,RECEIVED,0c3dd0a3-1674-4b5a-90f9-178dc55ec5fa,765bfca8-6b99-4db8-bedf-3b33acd3acc9,c5,DROP,1456,p2,?,
1769500878.19459,RECEIVED,4c2dbb6b-aca1-47c2-9422-eba6549f36b5,3bc65348-782f-42f9-aab2-9007b8754892,c4,DROP,1440,p1,?,
1769500878.2475376,SENT,cd686838-ebcb-4068-868b-507f342bca55,4f2afec1-b76a-4726-945d-0771c508f1c3,c2,DROP,1007,?,i2,
1769500878.2475765,FORWARDED,cd686838-ebcb-4068-868b-507f342bca55,4f2afec1-b76a-4726-945d-0771c508f1c3,c2,DROP,1007,?,i2,
1769500878.2797515,RECEIVED,1f4de684-c9fa-42ab-be7e-fc6166b14a4c,a2244d92-2ae3-4a05-a55c-272bbb134a9a,c5,DROP,1452,p2,?,
1769500878.3465707,RECEIVED,38e394f8-6ed8-403f-aab9-9178e06334cc,6c8ddabb-eca9-44d3-881e-f14920677050,c3,DROP,1447,p3,?,
1769500878.3483436,SENT,6959ba35-467a-44f9-aee5-52ab2fe1b7c1,edb80754-b3aa-4cbf-8d99-a86aa528ede3,c3,DROP,1009,?,i6,
1769500878.3483849,FORWARDED,6959ba35-467a-44f9-aee5-52ab2fe1b7c1,edb80754-b3aa-4cbf-8d99-a86aa528ede3,c3,DROP,1009,?,i6,
1769500878.366007,SENT,4c2dbb6b-aca1-47c2-9422-eba6549f36b5,3bc65348-782f-42f9-aab2-9007b8754892,c4,DROP,1008,?,i5,
1769500878.366066,FORWARDED,4c2dbb6b-aca1-47c2-9422-eba6549f36b5,3bc65348-782f-42f9-aab2-9007b8754892,c4,DROP,1008,?,i5,
1769500878.5484805,RECEIVED,17904b11-4850-4421-9b4f-37476a2379cf,95b79551-9440-4faf-b0ff-b9d0dc37edb7,c3,c4,2468,p3,?,
1769500878.568994,SENT,17904b11-4850-4421-9b4f-37476a2379cf,95b79551-9440-4faf-b0ff-b9d0dc37edb7,c3,c4,1776,?,i11,
1769500878.5690358,FORWARDED,17904b11-4850-4421-9b4f-37476a2379cf,95b79551-9440-4faf-b0ff-b9d0dc37edb7,c3,c4,1776,?,i11,
1769500878.74172,SENT,0c3dd0a3-1674-4b5a-90f9-178dc55ec5fa,765bfca8-6b99-4db8-bedf-3b33acd3acc9,c5,DROP,1020,?,i11,
1769500878.7417629,FORWARDED,0c3dd0a3-1674-4b5a-90f9-178dc55ec5fa,765bfca8-6b99-4db8-bedf-3b33acd3acc9,c5,DROP,1020,?,i11,
1769500878.7533507,SENT,1f4de684-c9fa-42ab-be7e-fc6166b14a4c,a2244d92-2ae3-4a05-a55c-272bbb134a9a,c5,DROP,1016,?,i6,
1769500878.753394,FORWARDED,1f4de684-c9fa-42ab-be7e-fc6166b14a4c,a2244d92-2ae3-4a05-a55c-272bbb134a9a,c5,DROP,1016,?,i6,
1769500878.7557495,SENT,a405fca6-60b0-4b42-abdb-50d6b1bc9b1a,29102301-7cc6-4bf5-8f8b-a188f0285d10,c1,DROP,1008,?,i10,
1769500878.755798,FORWARDED,a405fca6-60b0-4b42-abdb-50d6b1bc9b1a,29102301-7cc6-4bf5-8f8b-a188f0285d10,c1,DROP,1008,?,i10,
1769500879.0231135,RECEIVED,7aa67da5-9062-41be-ae62-efc691e15c43,e44b8f91-2e20-435e-8735-ccdea5d2162f,c2,None,2235,p2,?,
1769500879.1241102,RECEIVED,e196b3f8-abc0-4ae8-bc25-1637158f1ce3,a6ff30f1-47ed-47f4-9dd9-1b50bb922d67,c4,DROP,440,x8,?,
1769500879.229361,RECEIVED,f51c87cb-e277-44b7-8644-c1fedb70f35d,4948a095-144a-4577-98c5-3ebaa2308d08,c1,None,2223,p1,?,
1769500879.4769244,RECEIVED,988ac076-9de9-4c8f-bbac-e09b19254582,5cf79293-6659-4741-9dcd-e92dac8900b2,c5,c2,2459,p2,?,
1769500879.6107402,RECEIVED,2e7a4096-5d1b-4257-897c-54b13964bb3b,e398f8c9-fde4-4f5e-a2ee-96ad26ee7fc8,c5,DROP,442,x8,?,
1769500879.6359205,RECEIVED,a492bc19-e28c-48b8-a04b-7925b860bff2,b3de47ef-5204-4bdb-8691-bf3952a576c5,c5,DROP,1452,p2,?,
1769500879.7292325,RECEIVED,ad9b0bf4-9de8-456b-afcb-0d313b5030a7,7725a3e0-203c-4b9c-9c98-5d00aca7b098,c2,c1,2465,p2,?,
1769500879.7606738,SENT,a492bc19-e28c-48b8-a04b-7925b860bff2,b3de47ef-5204-4bdb-8691-bf3952a576c5,c5,DROP,1016,?,i2,
1769500879.760715,FORWARDED,a492bc19-e28c-48b8-a04b-7925b860bff2,b3de47ef-5204-4bdb-8691-bf3952a576c5,c5,DROP,1016,?,i2,
1769500879.8066447,SENT,ad9b0bf4-9de8-456b-afcb-0d313b5030a7,7725a3e0-203c-4b9c-9c98-5d00aca7b098,c2,c1,1776,?,i12,
1769500879.8066843,FORWARDED,ad9b0bf4-9de8-456b-afcb-0d313b5030a7,7725a3e0-203c-4b9c-9c98-5d00aca7b098,c2,c1,1776,?,i12,
1769500879.8306887,SENT,38e394f8-6ed8-403f-aab9-9178e06334cc,6c8ddabb-eca9-44d3-881e-f14920677050,c3,DROP,1012,?,i6,
1769500879.8307297,FORWARDED,38e394f8-6ed8-403f-aab9-9178e06334cc,6c8ddabb-eca9-44d3-881e-f14920677050,c3,DROP,1012,?,i6,
1769500879.83653,RECEIVED,5fa38783-4464-4fc0-910f-e67c6d0ff4f7,76194d7c-5916-44e8-8b02-c7f664cba8e2,c1,DROP,1438,p1,?,
1769500879.8924766,RECEIVED,a037ad51-ce67-4e7b-8c5d-3a7b27e95f42,59481fe6-2a5a-45f3-9744-df23c36f8e03,c3,DROP,442,x12,?,
1769500879.898502,RECEIVED,9fc2a36f-1c1a-4ebf-950e-d337f9600b70,3600c354-1eb6-4e86-888a-1cb7d436681d,c4,DROP,1451,p1,?,
1769500879.8986332,RECEIVED,f3e6663b-7eb0-4604-8337-13f830eba730,cb9fb82f-879b-414e-9694-75f0e11254b5,c5,DROP,1452,p2,?,
1769500879.9048207,RECEIVED,e76349ce-9265-41e0-8bcd-952ecb95345f,e166cb23-5c37-43d2-84d2-2d7815975d20,c5,DROP,1441,p2,?,
1769500879.9232128,SENT,f51c87cb-e277-44b7-8644-c1fedb70f35d,4948a095-144a-4577-98c5-3ebaa2308d08,c1,None,1596,?,i5,
1769500879.924145,FORWARDED,f51c87cb-e277-44b7-8644-c1fedb70f35d,4948a095-144a-4577-98c5-3ebaa2308d08,c1,None,1596,?,i5,
1769500879.953067,SENT,e76349ce-9265-41e0-8bcd-952ecb95345f,e166cb23-5c37-43d2-84d2-2d7815975d20,c5,DROP,1007,?,i11,
1769500879.9531107,FORWARDED,e76349ce-9265-41e0-8bcd-952ecb95345f,e166cb23-5c37-43d2-84d2-2d7815975d20,c5,DROP,1007,?,i11,
1769500880.1102028,RECEIVED,e35d5c15-72cb-4f62-9e01-704a08a7775e,f446ea6b-e076-4e34-8fd8-9ad984e7d464,c1,None,2236,p1,?,
1769500880.1206377,RECEIVED,5f33f1f2-63e3-4cc0-ac0e-8a4c34179ae5,471de12d-2bb0-4823-8675-80598bc6c313,c3,c4,2463,p3,?,
1769500880.2833657,RECEIVED,6136c764-d246-4199-aafc-f0b815542e52,8a46d690-4a7a-43b5-bc4f-82bb95edaead,c4,DROP,1439,p1,?,
1769500880.2886643,RECEIVED,1e54ce43-f998-4d8b-ad57-72bdee79ce02,f13122fe-fe36-4cc5-b1a5-9db63003d461,c2,None,2232,p2,?,
1769500880.340894,SENT,7aa67da5-9062-41be-ae62-efc691e15c43,e44b8f91-2e20-435e-8735-ccdea5d2162f,c2,None,1605,?,i6,
1769500880.3409314,FORWARDED,7aa67da5-9062-41be-ae62-efc691e15c43,e44b8f91-2e20-435e-8735-ccdea5d2162f,c2,None,1605,?,i6,
1769500880.4037116,SENT,5f33f1f2-63e3-4cc0-ac0e-8a4c34179ae5,471de12d-2bb0-4823-8675-80598bc6c313,c3,c4,1775,?,i5,
1769500880.403753,FORWARDED,5f33f1f2-63e3-4cc0-ac0e-8a4c34179ae5,471de12d-2bb0-4823-8675-80598bc6c313,c3,c4,1775,?,i5,
1769500880.4801786,RECEIVED,81dd5e29-ace3-4971-885f-bf3639f76d8b,60db8c92-c98c-4c34-b5f4-7f9db304285d,c4,None,2223,p1,?,
1769500880.4877758,RECEIVED,68bf3281-fbd3-47d1-897b-b8b4e82c6846,75af0be4-b6cc-4ecb-b21e-56cca5544076,c4,DROP,1432,p1,?,
1769500880.5713701,SENT,68bf3281-fbd3-47d1-897b-b8b4e82c6846,75af0be4-b6cc-4ecb-b21e-56cca5544076,c4,DROP,1000,?,i6,
1769500880.5714133,FORWARDED,68bf3281-fbd3-47d1-897b-b8b4e82c6846,75af0be4-b6cc-4ecb-b21e-56cca5544076,c4,DROP,1000,?,i6,
1769500880.619978,RECEIVED,5992a302-6b5c-4acb-b45a-06c5137c8dc2,9ade2db0-b2fc-418b-a676-1475e93de063,c1,DROP,442,x5,?,
1769500880.6623292,SENT,f3e6663b-7eb0-4604-8337-13f830eba730,cb9fb82f-879b-414e-9694-75f0e11254b5,c5,DROP,1015,?,i11,
1769500880.662372,FORWARDED,f3e6663b-7eb0-4604-8337-13f830eba730,cb9fb82f-879b-414e-9694-75f0e11254b5,c5,DROP,1015,?,i11,
1769500880.7253864,RECEIVED,83243302-97de-4e29-8709-b1452c096070,c60504fa-f250-4815-87f0-5c898c71a283,c1,DROP,1436,p1,?,
1769500880.7457492,RECEIVED,ad91c9c1-2b41-4458-93c3-afaf9cd098fd,012649dc-2041-4b33-a37e-8913be48ab6a,c1,c5,2471,p1,?,
1769500880.7548027,SENT,e35d5c15-72cb-4f62-9e01-704a08a7775e,f446ea6b-e076-4e34-8fd8-9ad984e7d464,c1,None,1603,?,i11,
1769500880.754847,FORWARDED,e35d5c15-72cb-4f62-9e01-704a08a7775e,f446ea6b-e076-4e34-8fd8-9ad984e7d464,c1,None,1603,?,i11,
1769500880.891275,RECEIVED,c420bbf5-0893-4c40-a503-971fe9276ccf,9feae4f8-1956-4945-97e2-8ad239df1452,c1,DROP,1439,p1,?,
1769500880.9237251,SENT,83243302-97de-4e29-8709-b1452c096070,c60504fa-f250-4815-87f0-5c898c71a283,c1,DROP,1004,?,i3,
1769500880.923767,FORWARDED,83243302-97de-4e29-8709-b1452c096070,c60504fa-f250-4815-87f0-5c898c71a283,c1,DROP,1004,?,i3,
1769500881.0079203,SENT,988ac076-9de9-4c8f-bbac-e09b19254582,5cf79293-6659-4741-9dcd-e92dac8900b2,c5,c2,1771,?,i9,
1769500881.00796,FORWARDED,988ac076-9de9-4c8f-bbac-e09b19254582,5cf79293-6659-4741-9dcd-e92dac8900b2,c5,c2,1771,?,i9,
1769500881.057716,SENT,9fc2a36f-1c1a-4ebf-950e-d337f9600b70,3600c354-1eb6-4e86-888a-1cb7d436681d,c4,DROP,1015,?,i5,
1769500881.0577564,FORWARDED,9fc2a36f-1c1a-4ebf-950e-d337f9600b70,3600c354-1eb6-4e86-888a-1cb7d436681d,c4,DROP,1015,?,i5,
1769500881.0718348,SENT,6136c764-d246-4199-aafc-f0b815542e52,8a46d690-4a7a-43b5-bc4f-82bb95edaead,c4,DROP,1007,?,i6,
1769500881.0718758,FORWARDED,6136c764-d246-4199-aafc-f0b815542e52,8a46d690-4a7a-43b5-bc4f-82bb95edaead,c4,DROP,1007,?,i6,
1769500881.1331823,RECEIVED,6e69ad34-3bbe-428e-b551-e91b990a0c5e,a02d94bd-2e89-4c2a-ac4f-f6f0e3aaa4aa,c5,DROP,1443,p2,?,
1769500881.1664362,SENT,1e54ce43-f998-4d8b-ad57-72bdee79ce02,f13122fe-fe36-4cc5-b1a5-9db63003d461,c2,None,1602,?,i12,
1769500881.1664886,FORWARDED,1e54ce43-f998-4d8b-ad57-72bdee79ce02,f13122fe-fe36-4cc5-b1a5-9db63003d461,c2,None,1602,?,i12,
1769500881.3184562,RECEIVED,803ddfeb-dd1d-4072-b5f7-87b030064e03,589761d5-129f-4791-8731-581449a4e62a,c3,DROP,1448,p3,?,
1769500881.3324137,SENT,81dd5e29-ace3-4971-885f-bf3639f76d8b,60db8c92-c98c-4c34-b5f4-7f9db304285d,c4,None,1595,?,i9,
1769500881.3324559,FORWARDED,81dd5e29-ace3-4971-885f-bf3639f76d8b,60db8c92-c98c-4c34-b5f4-7f9db304285d,c4,None,1595,?,i9,
1769500881.36453,RECEIVED,c63cd9db-4d67-475a-868f-0e904740de02,e5fa2c9d-92c7-4db8-91b7-57d4d62231b5,c1,DROP,1448,p1,?,
1769500881.4341753,SENT,c420bbf5-0893-4c40-a503-971fe9276ccf,9feae4f8-1956-4945-97e2-8ad239df1452,c1,DROP,1007,?,i7,
1769500881.4342115,FORWARDED,c420bbf5-0893-4c40-a503-971fe9276ccf,9feae4f8-1956-4945-97e2-8ad239df1452,c1,DROP,1007,?,i7,
1769500881.4388566,SENT,c63cd9db-4d67-475a-868f-0e904740de02,e5fa2c9d-92c7-4db8-91b7-57d4d62231b5,c1,DROP,1013,?,i4,
1769500881.43889,FORWARDED,c63cd9db-4d67-475a-868f-0e904740de02,e5fa2c9d-92c7-4db8-91b7-57d4d62231b5,c1,DROP,1013,?,i4,
1769500881.502503,RECEIVED,da96902f-1dba-4d0a-be9d-71bd25c043b0,bc781ff7-ad69-4c5b-8332-f916ef67bd9e,c2,DROP,1451,p2,?,
1769500881.5639322,RECEIVED,c1cfe26a-b7ba-4ce8-a03a-c0a499385b34,4c3ab375-e4b8-4084-ac35-055342c0c400,c5,c2,2472,p2,?,
1769500881.5971174,SENT,803ddfeb-dd1d-4072-b5f7-87b030064e03,589761d5-129f-4791-8731-581449a4e62a,c3,DROP,1012,?,i12,
1769500881.59716,FORWARDED,803ddfeb-dd1d-4072-b5f7-87b030064e03,589761d5-129f-4791-8731-581449a4e62a,c3,DROP,1012,?,i12,
1769500881.6405494,RECEIVED,96b468fc-28df-4054-986c-f7e30d95aa10,4a5e863c-f71e-4d66-a932-5b720028ffc3,c1,DROP,1451,p1,?,
1769500881.6420107,RECEIVED,f12dccbc-5078-4518-8e0d-4709baabb2cb,e143f914-28ff-4b7e-8636-c8185cb9ade0,c1,DROP,1447,p1,?,
1769500881.7279928,RECEIVED,c3be477b-78bd-4b2e-b37c-af1976139a3b,91922ddc-cadd-4f8b-954c-083f880d14c1,c2,c1,2473,p2,?,
1769500881.8068662,SENT,c3be477b-78bd-4b2e-b37c-af1976139a3b,91922ddc-cadd-4f8b-954c-083f880d14c1,c2,c1,1780,?,i2,
1769500881.8069124,FORWARDED,c3be477b-78bd-4b2e-b37c-af1976139a3b,91922ddc-cadd-4f8b-954c-083f880d14c1,c2,c1,1780,?,i2,
1769500881.815958,SENT,6e69ad34-3bbe-428e-b551-e91b990a0c5e,a02d94bd-2e89-4c2a-ac4f-f6f0e3aaa4aa,c5,DROP,1010,?,i4,
1769500881.8159935,FORWARDED,6e69ad34-3bbe-428e-b551-e91b990a0c5e,a02d94bd-2e89-4c2a-ac4f-f6f0e3aaa4aa,c5,DROP,1010,?,i4,
1769500881.8398554,SENT,c1cfe26a-b7ba-4ce8-a03a-c0a499385b34,4c3ab375-e4b8-4084-ac35-055342c0c400,c5,c2,1781,?,i1,
1769500881.8398962,FORWARDED,c1cfe26a-b7ba-4ce8-a03a-c0a499385b34,4c3ab375-e4b8-4084-ac35-055342c0c400,c5,c2,1781,?,i1,
1769500881.906707,SENT,ad91c9c1-2b41-4458-93c3-afaf9cd098fd,012649dc-2041-4b33-a37e-8913be48ab6a,c1,c5,1780,?,i3,
1769500881.906743,FORWARDED,ad91c9c1-2b41-4458-93c3-afaf9cd098fd,012649dc-2041-4b33-a37e-8913be48ab6a,c1,c5,1780,?,i3,
1769500881.9442148,RECEIVED,0ced2105-9982-402a-95f2-f9f19816fe92,afab146c-8df9-412f-a3db-4b74a13d6bcd,c2,None,2223,p2,?,
1769500881.9719102,SENT,96b468fc-28df-4054-986c-f7e30d95aa10,4a5e863c-f71e-4d66-a932-5b720028ffc3,c1,DROP,1016,?,i2,
1769500881.9719903,FORWARDED,96b468fc-28df-4054-986c-f7e30d95aa10,4a5e863c-f71e-4d66-a932-5b720028ffc3,c1,DROP,1016,?,i2,
1769500881.9755282,RECEIVED,f79178ff-9026-411b-8db2-4024deec77dc,9473ad52-e54d-47fb-9abb-8cb70e55e9c5,c4,DROP,1435,p1,?,
1769500882.0263572,SENT,da96902f-1dba-4d0a-be9d-71bd25c043b0,bc781ff7-ad69-4c5b-8332-f916ef67bd9e,c2,DROP,1015,?,i2,
1769500882.0263987,FORWARDED,da96902f-1dba-4d0a-be9d-71bd25c043b0,bc781ff7-ad69-4c5b-8332-f916ef67bd9e,c2,DROP,1015,?,i2,
1769500882.0394142,SENT,f12dccbc-5078-4518-8e0d-4709baabb2cb,e143f914-28ff-4b7e-8636-c8185cb9ade0,c1,DROP,1013,?,i1,
1769500882.0394578,FORWARDED,f12dccbc-5078-4518-8e0d-4709baabb2cb,e143f914-28ff-4b7e-8636-c8185cb9ade0,c1,DROP,1013,?,i1,
1769500882.0967126,SENT,0ced2105-9982-402a-95f2-f9f19816fe92,afab146c-8df9-412f-a3db-4b74a13d6bcd,c2,None,1594,?,i8,
1769500882.0967534,FORWARDED,0ced2105-9982-402a-95f2-f9f19816fe92,afab146c-8df9-412f-a3db-4b74a13d6bcd,c2,None,1594,?,i8,
1769500882.2473264,RECEIVED,790e6f58-3951-4c0e-bfbd-45d72055165b,bc31619b-1619-43e3-970d-393d16026a96,c2,DROP,1443,p2,?,
1769500882.308799,SENT,790e6f58-3951-4c0e-bfbd-45d72055165b,bc31619b-1619-43e3-970d-393d16026a96,c2,DROP,1011,?,i6,
1769500882.308841,FORWARDED,790e6f58-3951-4c0e-bfbd-45d72055165b,bc31619b-1619-43e3-970d-393d16026a96,c2,DROP,1011,?,i6,
1769500882.334036,RECEIVED,c72ea5cf-ba7d-44da-ae3c-a6b4fe5494da,11caf804-4b28-4187-8b7b-c145ed53a6cc,c2,DROP,1455,p2,?,
1769500882.6343226,RECEIVED,91700de7-dc58-4ced-aac2-f734cfafb2e6,5dcaf523-f527-4de0-8211-8bdfdad21c3d,c4,DROP,1453,p1,?,
1769500882.6504576,RECEIVED,9381b2f5-c131-4c89-9265-a3fb2b49dfa3,81e7963e-de00-40ab-9046-09cc324bce0c,c5,DROP,1440,p2,?,
1769500882.7532403,SENT,9381b2f5-c131-4c89-9265-a3fb2b49dfa3,81e7963e-de00-40ab-9046-09cc324bce0c,c5,DROP,1008,?,i1,
1769500882.7532823,FORWARDED,9381b2f5-c131-4c89-9265-a3fb2b49dfa3,81e7963e-de00-40ab-9046-09cc324bce0c,c5,DROP,1008,?,i1,
1769500882.8040218,RECEIVED,f2697792-3789-4d58-8d58-c4225f06a758,bb355fb7-9259-4302-8ed6-7e8ad049f63b,c2,None,2236,p2,?,
1769500882.8142984,RECEIVED,ea51328a-cf4a-4af3-a3da-97d570cf1646,534f6619-37d4-4b9d-9816-e731710093ad,c5,DROP,1451,p2,?,
1769500882.836523,RECEIVED,b9a11852-ffd6-4b48-b9a0-3d23b2dac550,4520405e-cfbb-480d-9d83-e28a6f458960,c4,DROP,1439,p1,?,
1769500882.8460767,SENT,5fa38783-4464-4fc0-910f-e67c6d0ff4f7,76194d7c-5916-44e8-8b02-c7f664cba8e2,c1,DROP,1007,?,i12,
1769500882.846115,FORWARDED,5fa38783-4464-4fc0-910f-e67c6d0ff4f7,76194d7c-5916-44e8-8b02-c7f664cba8e2,c1,DROP,1007,?,i12,
1769500882.8997068,RECEIVED,6cab385b-4d46-4089-a6b7-5bdd542fbb40,460c6fca-7ee2-4929-82c5-9108b8b228ca,c5,DROP,1439,p2,?,
1769500882.9240358,SENT,91700de7-dc58-4ced-aac2-f734cfafb2e6,5dcaf523-f527-4de0-8211-8bdfdad21c3d,c4,DROP,1017,?,i10,
1769500882.92409,FORWARDED,91700de7-dc58-4ced-aac2-f734cfafb2e6,5dcaf523-f527-4de0-8211-8bdfdad21c3d,c4,DROP,1017,?,i10,
1769500883.0585477,RECEIVED,0108cab5-2876-484e-9ffd-01191beea584,c410f878-5839-4b39-923c-cf607f41e707,c2,DROP,1452,p2,?,
1769500883.1173327,RECEIVED,acb9a229-16eb-4cf0-862c-3d092669de0a,fec403b9-8826-4273-945f-31f149521528,c2,None,2228,p2,?,
1769500883.1499126,RECEIVED,07370c5c-d03c-4314-8594-8062fa25a762,f6f7fb1a-5698-439c-b3c0-97a12a89993e,c2,c1,2472,p2,?,
1769500883.2147226,RECEIVED,75934a24-f9e0-4286-a36a-75c25a477b44,0b50e109-8b85-49b8-bae1-2f2bf5d101d5,c4,DROP,1451,p1,?,
1769500883.296031,SENT,b9a11852-ffd6-4b48-b9a0-3d23b2dac550,4520405e-cfbb-480d-9d83-e28a6f458960,c4,DROP,1008,?,i1,
1769500883.2960932,FORWARDED,b9a11852-ffd6-4b48-b9a0-3d23b2dac550,4520405e-cfbb-480d-9d83-e28a6f458960,c4,DROP,1008,?,i1,
1769500883.3902922,SENT,0108cab5-2876-484e-9ffd-01191beea584,c410f878-5839-4b39-923c-cf607f41e707,c2,DROP,1016,?,i12,
1769500883.390337,FORWARDED,0108cab5-2876-484e-9ffd-01191beea584,c410f878-5839-4b39-923c-cf607f41e707,c2,DROP,1016,?,i12,
1769500883.4126365,SENT,c72ea5cf-ba7d-44da-ae3c-a6b4fe5494da,11caf804-4b28-4187-8b7b-c145ed53a6cc,c2,DROP,1020,?,i6,
1769500883.41268,FORWARDED,c72ea5cf-ba7d-44da-ae3c-a6b4fe5494da,11caf804-4b28-4187-8b7b-c145ed53a6cc,c2,DROP,1020,?,i6,
1769500883.5597472,RECEIVED,1945b8d0-b0d5-46fc-a289-12c85744c2d8,d1303992-71ce-4102-b805-90c434e69d1c,c1,DROP,1447,p1,?,
1769500883.5879989,SENT,07370c5c-d03c-4314-8594-8062fa25a762,f6f7fb1a-5698-439c-b3c0-97a12a89993e,c2,c1,1780,?,i11,
1769500883.5880418,FORWARDED,07370c5c-d03c-4314-8594-8062fa25a762,f6f7fb1a-5698-439c-b3c0-97a12a89993e,c2,c1,1780,?,i11,
1769500883.593698,SENT,f79178ff-9026-411b-8db2-4024deec77dc,9473ad52-e54d-47fb-9abb-8cb70e55e9c5,c4,DROP,1005,?,i2,
1769500883.5937405,FORWARDED,f79178ff-9026-411b-8db2-4024deec77dc,9473ad52-e54d-47fb-9abb-8cb70e55e9c5,c4,DROP,1005,?,i2,
1769500883.6119823,RECEIVED,6d842907-3e22-4a66-a331-5ea8ad1989cb,397d12b5-fa40-4478-8a2a-709293c6d847,c3,DROP,1448,p3,?,
1769500883.6782327,SENT,6cab385b-4d46-4089-a6b7-5bdd542fbb40,460c6fca-7ee2-4929-82c5-9108b8b228ca,c5,DROP,1007,?,i3,
1769500883.6782763,FORWARDED,6cab385b-4d46-4089-a6b7-5bdd542fbb40,460c6fca-7ee2-4929-82c5-9108b8b228ca,c5,DROP,1007,?,i3,
1769500883.788343,SENT,ea51328a-cf4a-4af3-a3da-97d570cf1646,534f6619-37d4-4b9d-9816-e731710093ad,c5,DROP,1016,?,i4,
1769500883.7883954,FORWARDED,ea51328a-cf4a-4af3-a3da-97d570cf1646,534f6619-37d4-4b9d-9816-e731710093ad,c5,DROP,1016,?,i4,
1769500883.8337648,RECEIVED,f7da1452-bbca-4a0b-b363-6f5c108f013f,77d4afff-6bad-4105-9fd0-27c61be4ceb0,c1,DROP,441,x6,?,
1769500883.8652236,RECEIVED,53c9a0a8-950d-4237-9ff7-50f8514cd61b,4a89c4cc-b5c5-4f0d-a912-198814abb0cd,c5,DROP,1452,p2,?,
1769500883.9542315,SENT,75934a24-f9e0-4286-a36a-75c25a477b44,0b50e109-8b85-49b8-bae1-2f2bf5d101d5,c4,DROP,1016,?,i7,
1769500883.9542732,FORWARDED,75934a24-f9e0-4286-a36a-75c25a477b44,0b50e109-8b85-49b8-bae1-2f2bf5d101d5,c4,DROP,1016,?,i7,
1769500883.9693778,RECEIVED,2bc38fc3-7b72-46ff-b2ab-2cda7913604b,43baf34b-852a-4d20-8967-883f04af2302,c2,DROP,1444,p2,?,
1769500884.084085,RECEIVED,9a890b7d-dd57-480f-a649-71994f37e62c,2d525db7-77bd-47d1-9c78-c57ca05bd70c,c1,DROP,1452,p1,?,
1769500884.114618,SENT,2bc38fc3-7b72-46ff-b2ab-2cda7913604b,43baf34b-852a-4d20-8967-883f04af2302,c2,DROP,1009,?,i3,
1769500884.114652,FORWARDED,2bc38fc3-7b72-46ff-b2ab-2cda7913604b,43baf34b-852a-4d20-8967-883f04af2302,c2,DROP,1009,?,i3,
1769500884.1939337,RECEIVED,bc9a9280-1352-4a46-8069-29c5038d8032,6d564ced-7c98-4263-b377-7435ba00a584,c4,DROP,441,x3,?,
1769500884.203058,RECEIVED,86a92a27-4409-46cf-b706-fa37f4f33f7a,bad5d9f1-f7fd-4aaf-8163-a574e74ea269,c5,DROP,1440,p2,?,
1769500884.206521,SENT,53c9a0a8-950d-4237-9ff7-50f8514cd61b,4a89c4cc-b5c5-4f0d-a912-198814abb0cd,c5,DROP,1015,?,i12,
1769500884.2065616,FORWARDED,53c9a0a8-950d-4237-9ff7-50f8514cd61b,4a89c4cc-b5c5-4f0d-a912-198814abb0cd,c5,DROP,1015,?,i12,
1769500884.4283946,SENT,6d842907-3e22-4a66-a331-5ea8ad1989cb,397d12b5-fa40-4478-8a2a-709293c6d847,c3,DROP,1014,?,i10,
1769500884.4284375,FORWARDED,6d842907-3e22-4a66-a331-5ea8ad1989cb,397d12b5-fa40-4478-8a2a-709293c6d847,c3,DROP,1014,?,i10,
1769500884.436756,SENT,9a890b7d-dd57-480f-a649-71994f37e62c,2d525db7-77bd-47d1-9c78-c57ca05bd70c,c1,DROP,1016,?,i2,
1769500884.4368024,FORWARDED,9a890b7d-dd57-480f-a649-71994f37e62c,2d525db7-77bd-47d1-9c78-c57ca05bd70c,c1,DROP,1016,?,i2,
1769500884.4972258,RECEIVED,efb3446d-0b25-4c1b-b394-8d58eedb7f9f,2d48b797-edce-46e7-b60d-631a76fc7728,c2,DROP,1440,p2,?,
1769500884.5087018,SENT,acb9a229-16eb-4cf0-862c-3d092669de0a,fec403b9-8826-4273-945f-31f149521528,c2,None,1599,?,i12,
1769500884.5087457,FORWARDED,acb9a229-16eb-4cf0-862c-3d092669de0a,fec403b9-8826-4273-945f-31f149521528,c2,None,1599,?,i12,
1769500884.5212817,RECEIVED,dc139f5b-3d53-48dc-ad59-8cedb072d7d9,62353ca6-fd94-452c-b98b-658f7b6ef079,c4,DROP,441,x4,?,
1769500884.5664856,SENT,86a92a27-4409-46cf-b706-fa37f4f33f7a,bad5d9f1-f7fd-4aaf-8163-a574e74ea269,c5,DROP,1008,?,i12,
1769500884.5665305,FORWARDED,86a92a27-4409-46cf-b706-fa37f4f33f7a,bad5d9f1-f7fd-4aaf-8163-a574e74ea269,c5,DROP,1008,?,i12,
1769500884.619834,SENT,efb3446d-0b25-4c1b-b394-8d58eedb7f9f,2d48b797-edce-46e7-b60d-631a76fc7728,c2,DROP,1008,?,i5,
1769500884.6203325,FORWARDED,efb3446d-0b25-4c1b-b394-8d58eedb7f9f,2d48b797-edce-46e7-b60d-631a76fc7728,c2,DROP,1008,?,i5,
1769500884.6768162,RECEIVED,526d12b8-049e-4d23-8bc6-a71d7652c4bc,9ca4d912-ffb5-4e05-9d43-fa70fd468422,c1,DROP,1444,p1,?,
1769500884.6800215,SENT,1945b8d0-b0d5-46fc-a289-12c85744c2d8,d1303992-71ce-4102-b805-90c434e69d1c,c1,DROP,1013,?,i9,
1769500884.6800718,FORWARDED,1945b8d0-b0d5-46fc-a289-12c85744c2d8,d1303992-71ce-4102-b805-90c434e69d1c,c1,DROP,1013,?,i9,
1769500884.772511,RECEIVED,5deaee4d-7869-4c23-8f91-9f6f728736b9,2ff9810a-9dea-432c-8973-b5fde63830fa,c4,c3,2461,p1,?,
1769500884.8206096,RECEIVED,1ce453b1-b74a-4a4a-8e75-85dadee6d8dc,4debca06-0fb2-4e16-b467-d6720d623cda,c4,DROP,440,x5,?,
1769500884.8779058,SENT,5deaee4d-7869-4c23-8f91-9f6f728736b9,2ff9810a-9dea-432c-8973-b5fde63830fa,c4,c3,1771,?,i11,
1769500884.8779454,FORWARDED,5deaee4d-7869-4c23-8f91-9f6f728736b9,2ff9810a-9dea-432c-8973-b5fde63830fa,c4,c3,1771,?,i11,
1769500884.889615,SENT,526d12b8-049e-4d23-8bc6-a71d7652c4bc,9ca4d912-ffb5-4e05-9d43-fa70fd468422,c1,DROP,1011,?,i1,
1769500884.8896525,FORWARDED,526d12b8-049e-4d23-8bc6-a71d7652c4bc,9ca4d912-ffb5-4e05-9d43-fa70fd468422,c1,DROP,1011,?,i1,
1769500885.0463881,RECEIVED,4fd16969-a451-4239-8d4f-cefbd350ac46,7077a1c8-0f8d-4906-b8cf-87db48efa138,c4,c3,2467,p1,?,
1769500885.0700998,SENT,4fd16969-a451-4239-8d4f-cefbd350ac46,7077a1c8-0f8d-4906-b8cf-87db48efa138,c4,c3,1776,?,i12,
1769500885.0701406,FORWARDED,4fd16969-a451-4239-8d4f-cefbd350ac46,7077a1c8-0f8d-4906-b8cf-87db48efa138,c4,c3,1776,?,i12,
1769500885.1619487,RECEIVED,b7ea8840-5d27-4ffb-bc38-73c31d0404aa,70748c5a-adc6-4b86-9c1b-9134cdead63a,c4,DROP,1444,p1,?,
1769500885.202823,SENT,b7ea8840-5d27-4ffb-bc38-73c31d0404aa,70748c5a-adc6-4b86-9c1b-9134cdead63a,c4,DROP,1009,?,i6,
1769500885.202864,FORWARDED,b7ea8840-5d27-4ffb-bc38-73c31d0404aa,70748c5a-adc6-4b86-9c1b-9134cdead63a,c4,DROP,1009,?,i6,
1769500885.3245053,RECEIVED,74fd2445-0cb6-49c7-8298-5ed8e63640e9,fc3e9c67-631a-42ed-8e71-53481d42b842,c4,DROP,441,x9,?,
1769500885.3320203,RECEIVED,0f3e2c1c-7aed-4c33-b94a-e801049d4e0a,26f5b262-fc4b-4369-8a86-6160d0018d61,c1,DROP,442,x3,?,
1769500885.3368237,RECEIVED,a8df005d-e010-4137-b57a-e881f2847731,b937715f-2c0c-4bda-8635-ba8fef032aed,c4,DROP,442,x4,?,
1769500885.5530303,RECEIVED,ac4d8a2e-82e0-4b1b-9a59-d071067d0ec8,0875aa8c-c495-435d-93e7-78fcbcb7ecef,c2,DROP,1439,p2,?,
1769500885.7105308,RECEIVED,d7b03134-136b-4de1-87f1-1ed2877735f4,9e48d6c6-8443-44c2-bafc-3914e1ca1014,c4,DROP,1442,p1,?,
1769500885.8999867,RECEIVED,f868c8cf-aad4-43f8-b0e7-61e831ff51b0,50883b32-1cba-4812-9ca9-a3649edc29f2,c1,DROP,1444,p1,?,
1769500886.091691,RECEIVED,8bbb7080-e4ae-4a1a-87dc-d3db9557293e,1e9bceea-325f-4a82-b559-69191b145dd4,c2,DROP,441,x9,?,
1769500886.1987886,SENT,f2697792-3789-4d58-8d58-c4225f06a758,bb355fb7-9259-4302-8ed6-7e8ad049f63b,c2,None,1603,?,i12,
1769500886.1988273,FORWARDED,f2697792-3789-4d58-8d58-c4225f06a758,bb355fb7-9259-4302-8ed6-7e8ad049f63b,c2,None,1603,?,i12,
1769500886.341979,SENT,ac4d8a2e-82e0-4b1b-9a59-d071067d0ec8,0875aa8c-c495-435d-93e7-78fcbcb7ecef,c2,DROP,1006,?,i9,
1769500886.3420193,FORWARDED,ac4d8a2e-82e0-4b1b-9a59-d071067d0ec8,0875aa8c-c495-435d-93e7-78fcbcb7ecef,c2,DROP,1006,?,i9,
1769500886.3747582,SENT,d7b03134-136b-4de1-87f1-1ed2877735f4,9e48d6c6-8443-44c2-bafc-3914e1ca1014,c4,DROP,1011,?,i9,
1769500886.374798,FORWARDED,d7b03134-136b-4de1-87f1-1ed2877735f4,9e48d6c6-8443-44c2-bafc-3914e1ca1014,c4,DROP,1011,?,i9,
1769500886.4414527,RECEIVED,0b856d2f-3863-43a0-b636-da64bcc11e41,d893ecb4-c08b-489b-ae5d-93fab9db7a32,c3,DROP,442,x2,?,
1769500886.582754,RECEIVED,f795f511-fd1a-40dd-8a7c-57a695416c74,c5110973-6839-45dc-bc9a-e948e15b951d,c3,DROP,1456,p3,?,
1769500886.632646,RECEIVED,88f72968-ab22-40d7-b11b-6c9c431ae9a8,03bd6898-410c-4a0e-9387-1e88c222d57b,c2,DROP,1444,p2,?,
1769500886.714985,RECEIVED,9f3ab0ad-7b66-4a70-b708-561b6b5e78fe,37704cb8-92c9-4a4d-97a1-79834493a651,c3,DROP,441,x4,?,
1769500886.7170413,RECEIVED,f2c044ea-0297-43b9-ba48-8a8b6ae6b37d,d03e8167-85bb-4373-849d-13b672be2081,c2,c1,2453,p2,?,
1769500886.7739992,RECEIVED,a2f75db3-446f-43e2-af6e-28b331fdd475,752d4720-6e35-45fc-80c6-63ec29e9b647,c4,None,2236,p1,?,
1769500886.7757883,SENT,88f72968-ab22-40d7-b11b-6c9c431ae9a8,03bd6898-410c-4a0e-9387-1e88c222d57b,c2,DROP,1010,?,i7,
1769500886.7758288,FORWARDED,88f72968-ab22-40d7-b11b-6c9c431ae9a8,03bd6898-410c-4a0e-9387-1e88c222d57b,c2,DROP,1010,?,i7,
1769500886.8932414,SENT,f2c044ea-0297-43b9-ba48-8a8b6ae6b37d,d03e8167-85bb-4373-849d-13b672be2081,c2,c1,1767,?,i12,
1769500886.893281,FORWARDED,f2c044ea-0297-43b9-ba48-8a8b6ae6b37d,d03e8167-85bb-4373-849d-13b672be2081,c2,c1,1767,?,i12,
1769500887.0095956,SENT,f868c8cf-aad4-43f8-b0e7-61e831ff51b0,50883b32-1cba-4812-9ca9-a3649edc29f2,c1,DROP,1011,?,i11,
1769500887.009636,FORWARDED,f868c8cf-aad4-43f8-b0e7-61e831ff51b0,50883b32-1cba-4812-9ca9-a3649edc29f2,c1,DROP,1011,?,i11,
1769500887.0184877,RECEIVED,eeb5d47b-d338-4978-894e-52d28ccda08a,9ef39139-e32a-4c46-88ce-4f8231615cfa,c2,c1,2463,p2,?,
1769500887.0207605,RECEIVED,c05bf55f-3f3c-4cc4-b157-02376bb68ba3,3ac94ace-24d4-4a8d-bcf8-626245875620,c4,None,2249,p1,?,
1769500887.0668867,RECEIVED,d7b1d53f-edbe-4fa6-be65-a6544447e67d,4c776b25-0a23-4f06-8145-f81455df046a,c5,c2,2449,p2,?,
1769500887.0844648,RECEIVED,914b2540-b512-4a3c-be1f-ec01588191af,12c68691-2caa-4571-9ae5-0c9e1b461041,c5,DROP,1449,p2,?,
1769500887.0924578,SENT,f795f511-fd1a-40dd-8a7c-57a695416c74,c5110973-6839-45dc-bc9a-e948e15b951d,c3,DROP,1020,?,i11,
1769500887.0925002,FORWARDED,f795f511-fd1a-40dd-8a7c-57a695416c74,c5110973-6839-45dc-bc9a-e948e15b951d,c3,DROP,1020,?,i11,
1769500887.1049292,SENT,d7b1d53f-edbe-4fa6-be65-a6544447e67d,4c776b25-0a23-4f06-8145-f81455df046a,c5,c2,1763,?,i6,
1769500887.1049707,FORWARDED,d7b1d53f-edbe-4fa6-be65-a6544447e67d,4c776b25-0a23-4f06-8145-f81455df046a,c5,c2,1763,?,i6,
1769500887.2700105,SENT,c05bf55f-3f3c-4cc4-b157-02376bb68ba3,3ac94ace-24d4-4a8d-bcf8-626245875620,c4,None,1612,?,i12,
1769500887.2700632,FORWARDED,c05bf55f-3f3c-4cc4-b157-02376bb68ba3,3ac94ace-24d4-4a8d-bcf8-626245875620,c4,None,1612,?,i12,
1769500887.2978034,RECEIVED,6a0a919a-4145-494c-99e0-8b2630d61af2,001ecdde-5e86-4486-a2bc-df0c92ea3b8d,c2,DROP,1440,p2,?,
1769500887.3134508,RECEIVED,d8300eeb-ff30-4ab7-9100-25a7821bf498,799d6afa-d17a-41a9-a945-271c0fc420e1,c1,c5,2447,p1,?,
1769500887.3177023,SENT,914b2540-b512-4a3c-be1f-ec01588191af,12c68691-2caa-4571-9ae5-0c9e1b461041,c5,DROP,1013,?,i10,
1769500887.3177433,FORWARDED,914b2540-b512-4a3c-be1f-ec01588191af,12c68691-2caa-4571-9ae5-0c9e1b461041,c5,DROP,1013,?,i10,
1769500887.3292077,RECEIVED,a31e55c2-8d56-45c8-87db-fbc37d732b6f,a160d353-403e-49e6-9fb4-a95c345ea700,c1,DROP,1457,p1,?,
1769500887.3898683,RECEIVED,6b143312-7408-4bc9-a795-08a8a69b9c5f,1e341c6c-55b4-41c2-be63-89f389d0b30d,c2,None,2223,p2,?,
1769500887.3899806,RECEIVED,c2b2eb6f-5666-4cc1-a727-5492334e15b4,9195d32e-0645-416f-94ee-542a99c29797,c4,DROP,1451,p1,?,
1769500887.4825006,SENT,a31e55c2-8d56-45c8-87db-fbc37d732b6f,a160d353-403e-49e6-9fb4-a95c345ea700,c1,DROP,1018,?,i12,
1769500887.4825451,FORWARDED,a31e55c2-8d56-45c8-87db-fbc37d732b6f,a160d353-403e-49e6-9fb4-a95c345ea700,c1,DROP,1018,?,i12,
1769500887.5397472,SENT,c2b2eb6f-5666-4cc1-a727-5492334e15b4,9195d32e-0645-416f-94ee-542a99c29797,c4,DROP,1016,?,i5,
1769500887.5397909,FORWARDED,c2b2eb6f-5666-4cc1-a727-5492334e15b4,9195d32e-0645-416f-94ee-542a99c29797,c4,DROP,1016,?,i5,
1769500887.549459,RECEIVED,960925ae-da2a-4a00-8cbd-cbd486916b33,4770fa60-c259-4fd7-a0df-8cea40a6716f,c5,DROP,1438,p2,?,
1769500887.6710985,SENT,6a0a919a-4145-494c-99e0-8b2630d61af2,001ecdde-5e86-4486-a2bc-df0c92ea3b8d,c2,DROP,1008,?,i2,
1769500887.6711407,FORWARDED,6a0a919a-4145-494c-99e0-8b2630d61af2,001ecdde-5e86-4486-a2bc-df0c92ea3b8d,c2,DROP,1008,?,i2,
1769500887.8745465,RECEIVED,c0c232af-6796-4c12-8706-f7de9a419858,753bf3a4-ca83-4366-ad68-f57f320ae991,c4,DROP,1454,p1,?,
1769500887.9796786,RECEIVED,e11ec82e-b879-463a-af65-2df37f3c1b70,27c68548-2098-4569-b54f-c3f1245bf75d,c1,DROP,1447,p1,?,
1769500887.9986281,RECEIVED,ffa927ad-d12e-4223-92c1-5a8d3fcd3b62,beb1fcc7-bac7-4060-b2fd-e3495c016b1a,c3,DROP,1455,p3,?,
1769500888.0065815,SENT,6b143312-7408-4bc9-a795-08a8a69b9c5f,1e341c6c-55b4-41c2-be63-89f389d0b30d,c2,None,1594,?,i4,
1769500888.0066242,FORWARDED,6b143312-7408-4bc9-a795-08a8a69b9c5f,1e341c6c-55b4-41c2-be63-89f389d0b30d,c2,None,1594,?,i4,
1769500888.0335815,RECEIVED,0b93405c-7bd7-423d-a302-d393527645cb,8e496a4c-5b50-4429-af58-cec0a1be721b,c1,DROP,1448,p1,?,
1769500888.0351567,SENT,c0c232af-6796-4c12-8706-f7de9a419858,753bf3a4-ca83-4366-ad68-f57f320ae991,c4,DROP,1020,?,i2,
1769500888.0351949,FORWARDED,c0c232af-6796-4c12-8706-f7de9a419858,753bf3a4-ca83-4366-ad68-f57f320ae991,c4,DROP,1020,?,i2,
1769500888.050982,RECEIVED,b1181216-6d24-4c7d-9aec-4293198c26a2,42709198-527e-463d-815d-d5f3a15746a0,c1,None,2223,p1,?,
1769500888.0750093,SENT,0b93405c-7bd7-423d-a302-d393527645cb,8e496a4c-5b50-4429-af58-cec0a1be721b,c1,DROP,1012,?,i5,
1769500888.075059,FORWARDED,0b93405c-7bd7-423d-a302-d393527645cb,8e496a4c-5b50-4429-af58-cec0a1be721b,c1,DROP,1012,?,i5,
1769500888.092777,SENT,d8300eeb-ff30-4ab7-9100-25a7821bf498,799d6afa-d17a-41a9-a945-271c0fc420e1,c1,c5,1764,?,i8,
1769500888.0928187,FORWARDED,d8300eeb-ff30-4ab7-9100-25a7821bf498,799d6afa-d17a-41a9-a945-271c0fc420e1,c1,c5,1764,?,i8,
1769500888.1066024,SENT,a2f75db3-446f-43e2-af6e-28b331fdd475,752d4720-6e35-45fc-80c6-63ec29e9b647,c4,None,1604,?,i10,
1769500888.1066468,FORWARDED,a2f75db3-446f-43e2-af6e-28b331fdd475,752d4720-6e35-45fc-80c6-63ec29e9b647,c4,None,1604,?,i10,
1769500888.1378918,RECEIVED,460f79c3-f720-42ed-8ca2-f623a8f24cfd,c17e50de-be56-408d-9edf-05cd04f93946,c1,None,2232,p1,?,
1769500888.1893818,RECEIVED,c8559cbb-3378-4e30-8075-58ef01a7e681,85473d99-5a41-4254-b2a5-2407a8ad3c8e,c5,c2,2476,p2,?,
1769500888.2361238,RECEIVED,75ef8757-098a-435a-999f-8cdf1df29f01,b054d54d-8b91-476e-acf7-6c88f61f2e35,c5,DROP,1441,p2,?,
1769500888.265208,RECEIVED,600c4375-950d-4e5c-8cda-1890174fda1b,66bc8b5f-0d00-41a7-9a31-a3fabb7fa9eb,c1,DROP,1447,p1,?,
1769500888.268883,RECEIVED,f5394da1-68e1-47fd-95c9-0d5a6285cf7b,66dbbbb7-c3d0-4c69-835e-c90ff9c18e3e,c2,DROP,441,x5,?,
1769500888.3084297,SENT,75ef8757-098a-435a-999f-8cdf1df29f01,b054d54d-8b91-476e-acf7-6c88f61f2e35,c5,DROP,1008,?,i6,
1769500888.3084714,FORWARDED,75ef8757-098a-435a-999f-8cdf1df29f01,b054d54d-8b91-476e-acf7-6c88f61f2e35,c5,DROP,1008,?,i6,
1769500888.3703809,SENT,460f79c3-f720-42ed-8ca2-f623a8f24cfd,c17e50de-be56-408d-9edf-05cd04f93946,c1,None,1600,?,i1,
1769500888.3704233,FORWARDED,460f79c3-f720-42ed-8ca2-f623a8f24cfd,c17e50de-be56-408d-9edf-05cd04f93946,c1,None,1600,?,i1,
1769500888.5069325,RECEIVED,5bddaa13-62d3-4baa-9ac0-270457a3ad8c,f2303dd1-9e5c-4198-ae1e-3963e5ef02a3,c1,DROP,1452,p1,?,
1769500888.5136464,SENT,c8559cbb-3378-4e30-8075-58ef01a7e681,85473d99-5a41-4254-b2a5-2407a8ad3c8e,c5,c2,1784,?,i1,
1769500888.513687,FORWARDED,c8559cbb-3378-4e30-8075-58ef01a7e681,85473d99-5a41-4254-b2a5-2407a8ad3c8e,c5,c2,1784,?,i1,
1769500888.6598852,SENT,e11ec82e-b879-463a-af65-2df37f3c1b70,27c68548-2098-4569-b54f-c3f1245bf75d,c1,DROP,1012,?,i8,
1769500888.6599264,FORWARDED,e11ec82e-b879-463a-af65-2df37f3c1b70,27c68548-2098-4569-b54f-c3f1245bf75d,c1,DROP,1012,?,i8,
1769500888.694196,SENT,600c4375-950d-4e5c-8cda-1890174fda1b,66bc8b5f-0d00-41a7-9a31-a3fabb7fa9eb,c1,DROP,1012,?,i9,
1769500888.6942384,FORWARDED,600c4375-950d-4e5c-8cda-1890174fda1b,66bc8b5f-0d00-41a7-9a31-a3fabb7fa9eb,c1,DROP,1012,?,i9,
1769500888.7090104,SENT,5bddaa13-62d3-4baa-9ac0-270457a3ad8c,f2303dd1-9e5c-4198-ae1e-3963e5ef02a3,c1,DROP,1015,?,i7,
1769500888.7090657,FORWARDED,5bddaa13-62d3-4baa-9ac0-270457a3ad8c,f2303dd1-9e5c-4198-ae1e-3963e5ef02a3,c1,DROP,1015,?,i7,
1769500888.731155,RECEIVED,088bc997-022f-43cb-b3e7-96b81f0f20d5,b9b93310-85e8-4c46-a080-3a3e42c47554,c3,DROP,442,x3,?,
1769500888.7532752,SENT,eeb5d47b-d338-4978-894e-52d28ccda08a,9ef39139-e32a-4c46-88ce-4f8231615cfa,c2,c1,1775,?,i12,
1769500888.7533185,FORWARDED,eeb5d47b-d338-4978-894e-52d28ccda08a,9ef39139-e32a-4c46-88ce-4f8231615cfa,c2,c1,1775,?,i12,
1769500889.0121965,SENT,ffa927ad-d12e-4223-92c1-5a8d3fcd3b62,beb1fcc7-bac7-4060-b2fd-e3495c016b1a,c3,DROP,1020,?,i5,
1769500889.0122383,FORWARDED,ffa927ad-d12e-4223-92c1-5a8d3fcd3b62,beb1fcc7-bac7-4060-b2fd-e3495c016b1a,c3,DROP,1020,?,i5,
1769500889.1190867,RECEIVED,857ad8d2-5796-4013-8516-03f5e9fcec3d,21cf1c00-d27d-4e34-9f81-d98f768c8692,c2,c1,2443,p2,?,
1769500889.1423862,RECEIVED,f917f94b-9dbb-4e2a-8e82-838b855ca70d,5f8865c2-2334-46a8-a2bc-3640403f486f,c2,DROP,1459,p2,?,
1769500889.1625628,RECEIVED,0678166e-7e2b-41ff-8423-7d5951a6c8ec,ad17f343-8cde-425a-bee0-bda7eec257a7,c5,DROP,1439,p2,?,
1769500889.6484895,RECEIVED,4069248a-8d35-4d93-9a53-3ece2db3a579,0f5d9ac9-0034-4111-b884-5268d7636a7f,c5,DROP,442,x8,?,
1769500889.666022,RECEIVED,b437b637-b26d-450d-b946-9691a5ceacc0,38ca55f7-45e2-4f3b-858d-0ab0dfb590f3,c3,c4,2463,p3,?,
1769500889.7166586,SENT,857ad8d2-5796-4013-8516-03f5e9fcec3d,21cf1c00-d27d-4e34-9f81-d98f768c8692,c2,c1,1759,?,i9,
1769500889.7166986,FORWARDED,857ad8d2-5796-4013-8516-03f5e9fcec3d,21cf1c00-d27d-4e34-9f81-d98f768c8692,c2,c1,1759,?,i9,
1769500889.77337,RECEIVED,4fa4d89f-4cdd-4b0d-bd02-953027854ea0,a7278bb6-d278-4977-99ff-f5ebe9cf8810,c3,None,2245,p3,?,
1769500889.8083088,SENT,0678166e-7e2b-41ff-8423-7d5951a6c8ec,ad17f343-8cde-425a-bee0-bda7eec257a7,c5,DROP,1008,?,i7,
1769500889.8083498,FORWARDED,0678166e-7e2b-41ff-8423-7d5951a6c8ec,ad17f343-8cde-425a-bee0-bda7eec257a7,c5,DROP,1008,?,i7,
1769500889.840966,SENT,4fa4d89f-4cdd-4b0d-bd02-953027854ea0,a7278bb6-d278-4977-99ff-f5ebe9cf8810,c3,None,1609,?,i11,
1769500889.841008,FORWARDED,4fa4d89f-4cdd-4b0d-bd02-953027854ea0,a7278bb6-d278-4977-99ff-f5ebe9cf8810,c3,None,1609,?,i11,
1769500889.9123573,RECEIVED,fc95b609-1f5a-4062-8847-46b98bf727de,0f032485-d313-4a1b-85aa-8f5b8957daa2,c1,c5,2452,p1,?,
1769500889.9531622,SENT,f917f94b-9dbb-4e2a-8e82-838b855ca70d,5f8865c2-2334-46a8-a2bc-3640403f486f,c2,DROP,1021,?,i6,
1769500889.9532027,FORWARDED,f917f94b-9dbb-4e2a-8e82-838b855ca70d,5f8865c2-2334-46a8-a2bc-3640403f486f,c2,DROP,1021,?,i6,
1769500890.0199063,SENT,fc95b609-1f5a-4062-8847-46b98bf727de,0f032485-d313-4a1b-85aa-8f5b8957daa2,c1,c5,1767,?,i7,
1769500890.0199409,FORWARDED,fc95b609-1f5a-4062-8847-46b98bf727de,0f032485-d313-4a1b-85aa-8f5b8957daa2,c1,c5,1767,?,i7,
1769500890.0652575,RECEIVED,1c0fe134-f5cc-45b4-80d9-052bc7086baa,20af2886-4e63-4ffc-9e29-1960a0e5a78b,c4,DROP,1441,p1,?,
1769500890.0777256,RECEIVED,55a737a3-cfd7-4faf-a438-7867792fd5c3,cfa736a5-02f9-49c5-84ab-f6bab86e18c5,c1,DROP,1455,p1,?,
1769500890.1461112,RECEIVED,ccf858b8-ad12-4438-9249-3b3bced08039,04baa9f2-f6c3-4464-b9ce-b2340fb5c673,c2,DROP,1445,p2,?,
1769500890.1536515,RECEIVED,a74dbc65-67c9-4c89-ad2b-c3410f946419,65d0c46f-de17-4216-bd37-ea0ff1a3621c,c5,DROP,1439,p2,?,
1769500890.157685,RECEIVED,e21d25e3-141c-4985-9bb6-7a56da4620d1,4f4c6198-db25-47c0-bf3d-fd5b8df23cfc,c4,DROP,1442,p1,?,
1769500890.2213347,SENT,e21d25e3-141c-4985-9bb6-7a56da4620d1,4f4c6198-db25-47c0-bf3d-fd5b8df23cfc,c4,DROP,1008,?,i12,
1769500890.221371,FORWARDED,e21d25e3-141c-4985-9bb6-7a56da4620d1,4f4c6198-db25-47c0-bf3d-fd5b8df23cfc,c4,DROP,1008,?,i12,
1769500890.2281299,SENT,b1181216-6d24-4c7d-9aec-4293198c26a2,42709198-527e-463d-815d-d5f3a15746a0,c1,None,1596,?,i9,
1769500890.2281735,FORWARDED,b1181216-6d24-4c7d-9aec-4293198c26a2,42709198-527e-463d-815d-d5f3a15746a0,c1,None,1596,?,i9,
1769500890.2906082,SENT,ccf858b8-ad12-4438-9249-3b3bced08039,04baa9f2-f6c3-4464-b9ce-b2340fb5c673,c2,DROP,1011,?,i12,
1769500890.2906477,FORWARDED,ccf858b8-ad12-4438-9249-3b3bced08039,04baa9f2-f6c3-4464-b9ce-b2340fb5c673,c2,DROP,1011,?,i12,
1769500890.3020074,SENT,1c0fe134-f5cc-45b4-80d9-052bc7086baa,20af2886-4e63-4ffc-9e29-1960a0e5a78b,c4,DROP,1007,?,i10,
1769500890.302067,FORWARDED,1c0fe134-f5cc-45b4-80d9-052bc7086baa,20af2886-4e63-4ffc-9e29-1960a0e5a78b,c4,DROP,1007,?,i10,
1769500890.3228896,SENT,55a737a3-cfd7-4faf-a438-7867792fd5c3,cfa736a5-02f9-49c5-84ab-f6bab86e18c5,c1,DROP,1018,?,i5,
1769500890.32293,FORWARDED,55a737a3-cfd7-4faf-a438-7867792fd5c3,cfa736a5-02f9-49c5-84ab-f6bab86e18c5,c1,DROP,1018,?,i5,
1769500890.3784611,RECEIVED,8e657e16-c6a0-494d-ad00-fc75446cc246,106b968b-4215-4338-996a-c5c034a60ed6,c4,DROP,1444,p1,?,
1769500890.383158,RECEIVED,7830f45a-d27a-431a-a1eb-e46d1a8c2640,9efb744e-5190-47f5-8a8e-45ce03087e31,c2,DROP,1440,p2,?,
1769500890.399576,SENT,960925ae-da2a-4a00-8cbd-cbd486916b33,4770fa60-c259-4fd7-a0df-8cea40a6716f,c5,DROP,1007,?,i5,
1769500890.3999217,FORWARDED,960925ae-da2a-4a00-8cbd-cbd486916b33,4770fa60-c259-4fd7-a0df-8cea40a6716f,c5,DROP,1007,?,i5,
1769500890.4139621,RECEIVED,9baa2532-cec9-4805-a75a-510dbfc7904e,65c15a9e-d2ce-4ea9-ab4b-01652a22d2c8,c1,DROP,441,x7,?,
1769500890.4202325,SENT,b437b637-b26d-450d-b946-9691a5ceacc0,38ca55f7-45e2-4f3b-858d-0ab0dfb590f3,c3,c4,1775,?,i9,
1769500890.4202716,FORWARDED,b437b637-b26d-450d-b946-9691a5ceacc0,38ca55f7-45e2-4f3b-858d-0ab0dfb590f3,c3,c4,1775,?,i9,
1769500890.6386049,SENT,7830f45a-d27a-431a-a1eb-e46d1a8c2640,9efb744e-5190-47f5-8a8e-45ce03087e31,c2,DROP,1007,?,i4,
1769500890.6386445,FORWARDED,7830f45a-d27a-431a-a1eb-e46d1a8c2640,9efb744e-5190-47f5-8a8e-45ce03087e31,c2,DROP,1007,?,i4,
1769500890.6464374,SENT,8e657e16-c6a0-494d-ad00-fc75446cc246,106b968b-4215-4338-996a-c5c034a60ed6,c4,DROP,1011,?,i9,
1769500890.646473,FORWARDED,8e657e16-c6a0-494d-ad00-fc75446cc246,106b968b-4215-4338-996a-c5c034a60ed6,c4,DROP,1011,?,i9,
1769500890.7697144,RECEIVED,f2613ca7-149e-435e-8cd5-be0655d6f24a,d2813a07-bc77-45e6-a8c4-79dfd19c10de,c1,DROP,1444,p1,?,
1769500890.8992906,RECEIVED,f36d19cf-b968-41be-a973-98f72c65a809,224e4e30-84be-4ed5-abc9-d8c3b2736863,c4,DROP,442,x5,?,
1769500891.0251424,RECEIVED,ee392412-320a-45a5-a0b7-17e8d8c7895a,02fbd0f2-aed3-42ae-b117-b64d786f0bf8,c3,c4,2477,p3,?,
1769500891.0365384,RECEIVED,84e66e68-688e-483d-bb29-7d692ca1942d,29ed8dab-3a1f-4953-8e0e-63242e02be5d,c4,None,2232,p1,?,
1769500891.0695157,RECEIVED,d27f0fbf-4682-40b0-978f-0f59f3639b40,8ee7a191-2185-4f7d-9539-0a208cbb1d4a,c1,DROP,1452,p1,?,
1769500891.121144,SENT,84e66e68-688e-483d-bb29-7d692ca1942d,29ed8dab-3a1f-4953-8e0e-63242e02be5d,c4,None,1600,?,i1,
1769500891.1211917,FORWARDED,84e66e68-688e-483d-bb29-7d692ca1942d,29ed8dab-3a1f-4953-8e0e-63242e02be5d,c4,None,1600,?,i1,
1769500891.149595,SENT,f2613ca7-149e-435e-8cd5-be0655d6f24a,d2813a07-bc77-45e6-a8c4-79dfd19c10de,c1,DROP,1011,?,i8,
1769500891.149635,FORWARDED,f2613ca7-149e-435e-8cd5-be0655d6f24a,d2813a07-bc77-45e6-a8c4-79dfd19c10de,c1,DROP,1011,?,i8,
1769500891.159879,SENT,a74dbc65-67c9-4c89-ad2b-c3410f946419,65d0c46f-de17-4216-bd37-ea0ff1a3621c,c5,DROP,1007,?,i4,
1769500891.159919,FORWARDED,a74dbc65-67c9-4c89-ad2b-c3410f946419,65d0c46f-de17-4216-bd37-ea0ff1a3621c,c5,DROP,1007,?,i4,
1769500891.1834593,RECEIVED,1b866ad0-3dab-4a17-b5d1-811a4fac469d,7d0a8db3-a4b5-4c31-9c6e-ec44fe5a5094,c3,None,2228,p3,?,
1769500891.1844192,SENT,d27f0fbf-4682-40b0-978f-0f59f3639b40,8ee7a191-2185-4f7d-9539-0a208cbb1d4a,c1,DROP,1016,?,i8,
1769500891.1844609,FORWARDED,d27f0fbf-4682-40b0-978f-0f59f3639b40,8ee7a191-2185-4f7d-9539-0a208cbb1d4a,c1,DROP,1016,?,i8,
1769500891.191423,RECEIVED,fc9d05a1-1198-4b5a-8301-42cf51608611,3d065816-13bd-4836-a29c-9be16e0f6fc5,c1,None,2236,p1,?,
1769500891.2461278,SENT,ee392412-320a-45a5-a0b7-17e8d8c7895a,02fbd0f2-aed3-42ae-b117-b64d786f0bf8,c3,c4,1783,?,i12,
1769500891.246169,FORWARDED,ee392412-320a-45a5-a0b7-17e8d8c7895a,02fbd0f2-aed3-42ae-b117-b64d786f0bf8,c3,c4,1783,?,i12,
1769500891.253137,SENT,1b866ad0-3dab-4a17-b5d1-811a4fac469d,7d0a8db3-a4b5-4c31-9c6e-ec44fe5a5094,c3,None,1599,?,i3,
1769500891.2531772,FORWARDED,1b866ad0-3dab-4a17-b5d1-811a4fac469d,7d0a8db3-a4b5-4c31-9c6e-ec44fe5a5094,c3,None,1599,?,i3,
1769500891.4263327,RECEIVED,900669d9-304d-4638-a5d8-bfded11970f3,ab8778e0-f5da-44db-9320-234e0cb1d1a7,c1,DROP,1443,p1,?,
1769500891.4736972,RECEIVED,5ecc1521-9c60-4a92-9739-7adff954a83a,cc3f77fa-c385-4dd9-b7c4-aed1d9e6a6d8,c2,DROP,1440,p2,?,
1769500891.5255346,SENT,fc9d05a1-1198-4b5a-8301-42cf51608611,3d065816-13bd-4836-a29c-9be16e0f6fc5,c1,None,1603,?,i2,
1769500891.5255766,FORWARDED,fc9d05a1-1198-4b5a-8301-42cf51608611,3d065816-13bd-4836-a29c-9be16e0f6fc5,c1,None,1603,?,i2,
1769500891.5445101,SENT,5ecc1521-9c60-4a92-9739-7adff954a83a,cc3f77fa-c385-4dd9-b7c4-aed1d9e6a6d8,c2,DROP,1008,?,i8,
1769500891.544552,FORWARDED,5ecc1521-9c60-4a92-9739-7adff954a83a,cc3f77fa-c385-4dd9-b7c4-aed1d9e6a6d8,c2,DROP,1008,?,i8,
1769500891.5826592,RECEIVED,4e14c1c1-fd75-41b1-ba07-23d40ef77423,d0e8de8c-1ee8-41cf-ae58-3ac47c204a97,c4,DROP,1469,p1,?,
1769500891.8349154,SENT,4e14c1c1-fd75-41b1-ba07-23d40ef77423,d0e8de8c-1ee8-41cf-ae58-3ac47c204a97,c4,DROP,1027,?,i12,
1769500891.8349583,FORWARDED,4e14c1c1-fd75-41b1-ba07-23d40ef77423,d0e8de8c-1ee8-41cf-ae58-3ac47c204a97,c4,DROP,1027,?,i12,
1769500891.981179,RECEIVED,27194e3b-8e4b-48c5-9dff-77a7d4357907,f107310a-1649-4d14-a56e-5e576979d4ec,c5,DROP,1439,p2,?,
1769500892.021145,SENT,900669d9-304d-4638-a5d8-bfded11970f3,ab8778e0-f5da-44db-9320-234e0cb1d1a7,c1,DROP,1011,?,i5,
1769500892.0211875,FORWARDED,900669d9-304d-4638-a5d8-bfded11970f3,ab8778e0-f5da-44db-9320-234e0cb1d1a7,c1,DROP,1011,?,i5,
1769500892.0373979,RECEIVED,56b728a0-c4bf-4f18-ac63-de140c6ab8e9,bc79edf8-166e-480f-aea4-f2ef7b544944,c5,DROP,441,x3,?,
1769500892.083221,RECEIVED,3db18377-6068-43be-b2fa-b8099abccd8d,f24c0630-da8e-4b81-806a-d91acbe63e77,c4,DROP,1447,p1,?,
1769500892.2425425,RECEIVED,e303742a-a44f-4e27-b559-80f2e5ba16e3,7ff71431-a888-44cd-82e0-f3252672727a,c4,DROP,441,x10,?,
1769500892.3836994,RECEIVED,1926f189-6a89-470c-80d0-1f79b4221227,5f265a24-0a7a-4e2d-8c2e-76549f57db10,c3,DROP,1439,p3,?,
1769500892.386434,RECEIVED,996f123a-9fc0-40b1-854b-a41bcab41e41,c5b97df9-c55e-44f2-bef8-72e171ceaad5,c2,DROP,445,x12,?,
1769500892.4621463,RECEIVED,d9d781ce-5e21-4bdd-981f-61b5aac1aac3,6391341a-8a17-4746-bca8-6490fd8ae803,c3,DROP,1443,p3,?,
1769500892.6517444,SENT,d9d781ce-5e21-4bdd-981f-61b5aac1aac3,6391341a-8a17-4746-bca8-6490fd8ae803,c3,DROP,1009,?,i1,
1769500892.6517863,FORWARDED,d9d781ce-5e21-4bdd-981f-61b5aac1aac3,6391341a-8a17-4746-bca8-6490fd8ae803,c3,DROP,1009,?,i1,
1769500892.6799786,SENT,27194e3b-8e4b-48c5-9dff-77a7d4357907,f107310a-1649-4d14-a56e-5e576979d4ec,c5,DROP,1008,?,i6,
1769500892.6800203,FORWARDED,27194e3b-8e4b-48c5-9dff-77a7d4357907,f107310a-1649-4d14-a56e-5e576979d4ec,c5,DROP,1008,?,i6,
1769500892.7726452,RECEIVED,b189b7ea-9c71-4a05-9042-e9fa23c4dfe6,7363cc9d-b240-488a-9fcd-4cdf2da655e8,c4,None,2236,p1,?,
1769500892.8968146,SENT,1926f189-6a89-470c-80d0-1f79b4221227,5f265a24-0a7a-4e2d-8c2e-76549f57db10,c3,DROP,1007,?,i1,
1769500892.8968565,FORWARDED,1926f189-6a89-470c-80d0-1f79b4221227,5f265a24-0a7a-4e2d-8c2e-76549f57db10,c3,DROP,1007,?,i1,
1769500892.8999913,RECEIVED,3fe93da4-1bac-46f8-a2f0-573fbb12f54b,3987f13e-6410-4679-b62f-8f725bf61083,c3,c4,2477,p3,?,
1769500892.9159045,RECEIVED,43d86e20-4b3d-4a67-bc1f-30c0c854b758,73b15abb-405a-4fa8-a22c-d06d14ff4f94,c2,DROP,1441,p2,?,
1769500892.9855967,SENT,b189b7ea-9c71-4a05-9042-e9fa23c4dfe6,7363cc9d-b240-488a-9fcd-4cdf2da655e8,c4,None,1604,?,i7,
1769500892.98564,FORWARDED,b189b7ea-9c71-4a05-9042-e9fa23c4dfe6,7363cc9d-b240-488a-9fcd-4cdf2da655e8,c4,None,1604,?,i7,
1769500893.0160034,RECEIVED,d91c8464-1300-4a63-be4e-3252f262af0d,0d4b21ca-5b9c-4617-a932-73f4492de615,c4,DROP,444,x12,?,
1769500893.0810761,RECEIVED,0716f358-d816-4624-995b-eaa09a8df77d,a8b3d83b-0e59-45af-b9ba-4fe6d13e02bb,c2,DROP,441,x3,?,
1769500893.1121264,RECEIVED,e21926b6-ae07-40de-be87-d8a60d6b6ad2,0b10a599-b444-480b-8841-00517c77350c,c5,None,2235,p2,?,
1769500893.1251264,SENT,43d86e20-4b3d-4a67-bc1f-30c0c854b758,73b15abb-405a-4fa8-a22c-d06d14ff4f94,c2,DROP,1008,?,i10,
1769500893.1251678,FORWARDED,43d86e20-4b3d-4a67-bc1f-30c0c854b758,73b15abb-405a-4fa8-a22c-d06d14ff4f94,c2,DROP,1008,?,i10,
1769500893.1375527,SENT,3fe93da4-1bac-46f8-a2f0-573fbb12f54b,3987f13e-6410-4679-b62f-8f725bf61083,c3,c4,1783,?,i11,
1769500893.1375866,FORWARDED,3fe93da4-1bac-46f8-a2f0-573fbb12f54b,3987f13e-6410-4679-b62f-8f725bf61083,c3,c4,1783,?,i11,
1769500893.186167,RECEIVED,2dc3763d-0f33-4eda-b943-1e46ea7952d4,c889d73b-1c89-4bdc-a0ec-81e741a4a03a,c2,DROP,1452,p2,?,
1769500893.2215805,RECEIVED,a2ff8120-1c6b-433e-bb32-880669230b74,ef7a02ca-cc61-470f-8bdf-05bc2052e18c,c2,DROP,440,x12,?,
1769500893.3951159,RECEIVED,42393258-ba5e-4083-9e89-0fcaaf763f47,e578be79-b0f6-427d-bd51-817d0f3326e5,c5,c2,2460,p2,?,
1769500893.428339,RECEIVED,21c2d231-eb7e-4371-a6b3-1ba168dec5b2,ad090e10-6523-49d1-96dc-50a4f67ab1b3,c4,DROP,1439,p1,?,
1769500893.4837954,SENT,2dc3763d-0f33-4eda-b943-1e46ea7952d4,c889d73b-1c89-4bdc-a0ec-81e741a4a03a,c2,DROP,1016,?,i11,
1769500893.4838376,FORWARDED,2dc3763d-0f33-4eda-b943-1e46ea7952d4,c889d73b-1c89-4bdc-a0ec-81e741a4a03a,c2,DROP,1016,?,i11,
1769500893.535307,RECEIVED,2b2ac74f-dd77-4e17-bfd5-3f9ff22095fa,6fc16db9-c9b5-47b9-b2e0-47a50d8d5b07,c2,DROP,1441,p2,?,
1769500893.589185,SENT,2b2ac74f-dd77-4e17-bfd5-3f9ff22095fa,6fc16db9-c9b5-47b9-b2e0-47a50d8d5b07,c2,DROP,1008,?,i3,
1769500893.589227,FORWARDED,2b2ac74f-dd77-4e17-bfd5-3f9ff22095fa,6fc16db9-c9b5-47b9-b2e0-47a50d8d5b07,c2,DROP,1008,?,i3,
1769500893.6458821,SENT,42393258-ba5e-4083-9e89-0fcaaf763f47,e578be79-b0f6-427d-bd51-817d0f3326e5,c5,c2,1773,?,i7,
1769500893.6459165,FORWARDED,42393258-ba5e-4083-9e89-0fcaaf763f47,e578be79-b0f6-427d-bd51-817d0f3326e5,c5,c2,1773,?,i7,
1769500893.7323537,RECEIVED,e29048a9-88a2-475c-9464-12ed0250ae35,7446b1c1-bd65-4257-8f56-03dffd00e2f6,c1,DROP,1443,p1,?,
1769500893.765758,SENT,e21926b6-ae07-40de-be87-d8a60d6b6ad2,0b10a599-b444-480b-8841-00517c77350c,c5,None,1605,?,i6,
1769500893.765802,FORWARDED,e21926b6-ae07-40de-be87-d8a60d6b6ad2,0b10a599-b444-480b-8841-00517c77350c,c5,None,1605,?,i6,
1769500893.778188,RECEIVED,e9532536-8fc8-4cd1-b5c1-93e3f8766d25,169b8fda-580e-48ba-9d94-4cf63cb923ba,c1,c5,2464,p1,?,
1769500893.913892,RECEIVED,980e48f5-c9c0-4377-9ef0-fcb354175df5,da644351-4d95-4710-8144-4073b71a288f,c4,DROP,1439,p1,?,
1769500894.0271337,RECEIVED,ccd4be09-0387-4ab2-a828-5bd43e268027,9a1a0755-06e9-4060-a021-0de30ab7ae6c,c1,None,2235,p1,?,
1769500894.0710013,SENT,e9532536-8fc8-4cd1-b5c1-93e3f8766d25,169b8fda-580e-48ba-9d94-4cf63cb923ba,c1,c5,1776,?,i12,
1769500894.0710428,FORWARDED,e9532536-8fc8-4cd1-b5c1-93e3f8766d25,169b8fda-580e-48ba-9d94-4cf63cb923ba,c1,c5,1776,?,i12,
1769500894.0829895,RECEIVED,18b6fc67-ac59-41df-a894-0e74b9cbe66f,3bd3ca89-9d56-4d55-b4e2-1f259cdb7866,c5,DROP,1436,p2,?,
1769500894.0993898,SENT,21c2d231-eb7e-4371-a6b3-1ba168dec5b2,ad090e10-6523-49d1-96dc-50a4f67ab1b3,c4,DROP,1007,?,i4,
1769500894.099433,FORWARDED,21c2d231-eb7e-4371-a6b3-1ba168dec5b2,ad090e10-6523-49d1-96dc-50a4f67ab1b3,c4,DROP,1007,?,i4,
1769500894.1057367,SENT,e29048a9-88a2-475c-9464-12ed0250ae35,7446b1c1-bd65-4257-8f56-03dffd00e2f6,c1,DROP,1009,?,i6,
1769500894.1057801,FORWARDED,e29048a9-88a2-475c-9464-12ed0250ae35,7446b1c1-bd65-4257-8f56-03dffd00e2f6,c1,DROP,1009,?,i6,
1769500894.1499329,SENT,3db18377-6068-43be-b2fa-b8099abccd8d,f24c0630-da8e-4b81-806a-d91acbe63e77,c4,DROP,1012,?,i12,
1769500894.1499727,FORWARDED,3db18377-6068-43be-b2fa-b8099abccd8d,f24c0630-da8e-4b81-806a-d91acbe63e77,c4,DROP,1012,?,i12,
1769500894.209177,RECEIVED,707a17d4-ffae-46f8-9214-6623f07a958e,88641dc7-7b5f-4043-8cfc-411bd27f1df4,c5,DROP,1450,p2,?,
1769500894.2173843,SENT,18b6fc67-ac59-41df-a894-0e74b9cbe66f,3bd3ca89-9d56-4d55-b4e2-1f259cdb7866,c5,DROP,1004,?,i4,
1769500894.2174273,FORWARDED,18b6fc67-ac59-41df-a894-0e74b9cbe66f,3bd3ca89-9d56-4d55-b4e2-1f259cdb7866,c5,DROP,1004,?,i4,
1769500894.2260375,SENT,707a17d4-ffae-46f8-9214-6623f07a958e,88641dc7-7b5f-4043-8cfc-411bd27f1df4,c5,DROP,1013,?,i12,
1769500894.2260897,FORWARDED,707a17d4-ffae-46f8-9214-6623f07a958e,88641dc7-7b5f-4043-8cfc-411bd27f1df4,c5,DROP,1013,?,i12,
1769500894.26165,RECEIVED,0bfd3910-3fea-4537-a7ce-0c99d16376cd,9b971894-e851-4274-8e64-073fdb6c7f39,c3,c4,2471,p3,?,
1769500894.362015,RECEIVED,6475fdad-c5de-4464-8f15-c241b0e6970a,7669fcc9-5890-4393-a33d-0cba1d538879,c4,DROP,1451,p1,?,
1769500894.4066534,RECEIVED,6001ef27-fda7-40d6-9e58-b86a34006f70,39a1501a-25f4-4120-80d0-d1e6c32eca4e,c4,c3,2472,p1,?,
1769500894.5001693,SENT,6001ef27-fda7-40d6-9e58-b86a34006f70,39a1501a-25f4-4120-80d0-d1e6c32eca4e,c4,c3,1780,?,i7,
1769500894.5002096,FORWARDED,6001ef27-fda7-40d6-9e58-b86a34006f70,39a1501a-25f4-4120-80d0-d1e6c32eca4e,c4,c3,1780,?,i7,
1769500894.5771632,RECEIVED,b4f1bd43-df3b-4407-9aa1-097d1003c39c,d7b411d8-503c-4951-8710-96d46dca9fa0,c1,None,2240,p1,?,
1769500894.6209748,SENT,0bfd3910-3fea-4537-a7ce-0c99d16376cd,9b971894-e851-4274-8e64-073fdb6c7f39,c3,c4,1780,?,i8,
1769500894.6210177,FORWARDED,0bfd3910-3fea-4537-a7ce-0c99d16376cd,9b971894-e851-4274-8e64-073fdb6c7f39,c3,c4,1780,?,i8,
1769500894.7548118,RECEIVED,6cf65bb1-a4f3-450d-a054-7a944bc8401f,9cd01c47-6712-48b2-9323-70b82993adf3,c2,DROP,1449,p2,?,
1769500894.7781498,SENT,6cf65bb1-a4f3-450d-a054-7a944bc8401f,9cd01c47-6712-48b2-9323-70b82993adf3,c2,DROP,1012,?,i6,
1769500894.7781928,FORWARDED,6cf65bb1-a4f3-450d-a054-7a944bc8401f,9cd01c47-6712-48b2-9323-70b82993adf3,c2,DROP,1012,?,i6,
1769500894.7814178,SENT,b4f1bd43-df3b-4407-9aa1-097d1003c39c,d7b411d8-503c-4951-8710-96d46dca9fa0,c1,None,1606,?,i3,
1769500894.7814586,FORWARDED,b4f1bd43-df3b-4407-9aa1-097d1003c39c,d7b411d8-503c-4951-8710-96d46dca9fa0,c1,None,1606,?,i3,
1769500894.8235621,RECEIVED,fd10e0ed-f31e-4d85-8af2-8ae49f91d30c,aef53583-320f-483d-94c7-cd704484e1e1,c3,DROP,1444,p3,?,
1769500894.8250413,RECEIVED,5d9d9ab9-f313-4efd-a6a9-5cc413e4516f,3ac8c8a0-d477-4732-be05-309bbcb0ad6e,c1,c5,2464,p1,?,
1769500894.8669498,RECEIVED,a36c9b0e-c9e9-4485-9bbe-4485941f835d,d1a5c96b-6245-4612-974c-8b9ed0b1e1f1,c1,DROP,1438,p1,?,
1769500894.872433,SENT,fd10e0ed-f31e-4d85-8af2-8ae49f91d30c,aef53583-320f-483d-94c7-cd704484e1e1,c3,DROP,1009,?,i7,
1769500894.872475,FORWARDED,fd10e0ed-f31e-4d85-8af2-8ae49f91d30c,aef53583-320f-483d-94c7-cd704484e1e1,c3,DROP,1009,?,i7,
1769500894.8737454,SENT,980e48f5-c9c0-4377-9ef0-fcb354175df5,da644351-4d95-4710-8144-4073b71a288f,c4,DROP,1008,?,i3,
1769500894.8737843,FORWARDED,980e48f5-c9c0-4377-9ef0-fcb354175df5,da644351-4d95-4710-8144-4073b71a288f,c4,DROP,1008,?,i3,
1769500894.9099524,RECEIVED,b522b8bf-2d74-4888-8aad-9fae178cb85f,a02f7a3e-20f0-4e01-8ef5-e47c80eb0ee8,c1,c5,2459,p1,?,
1769500894.9402056,SENT,ccd4be09-0387-4ab2-a828-5bd43e268027,9a1a0755-06e9-4060-a021-0de30ab7ae6c,c1,None,1603,?,i4,
1769500894.9402487,FORWARDED,ccd4be09-0387-4ab2-a828-5bd43e268027,9a1a0755-06e9-4060-a021-0de30ab7ae6c,c1,None,1603,?,i4,
1769500895.0844696,RECEIVED,76303cf1-60ba-4849-add9-37375236f32c,8ee998bd-4547-48c6-9f4b-b47870205ff5,c1,DROP,1448,p1,?,
1769500895.2123315,SENT,5d9d9ab9-f313-4efd-a6a9-5cc413e4516f,3ac8c8a0-d477-4732-be05-309bbcb0ad6e,c1,c5,1776,?,i11,
1769500895.2123725,FORWARDED,5d9d9ab9-f313-4efd-a6a9-5cc413e4516f,3ac8c8a0-d477-4732-be05-309bbcb0ad6e,c1,c5,1776,?,i11,
1769500895.3623397,RECEIVED,c35350b6-0466-4715-8227-300afa1f99de,e28bff14-fe7e-4f6c-a390-25189e6834a5,c5,DROP,441,x6,?,
1769500895.381735,RECEIVED,1f511827-72c6-40fe-a036-738f7edf264c,b4e76872-2755-4acd-8364-b50a98e75800,c4,DROP,1450,p1,?,
1769500895.3951259,SENT,6475fdad-c5de-4464-8f15-c241b0e6970a,7669fcc9-5890-4393-a33d-0cba1d538879,c4,DROP,1016,?,i7,
1769500895.396727,FORWARDED,6475fdad-c5de-4464-8f15-c241b0e6970a,7669fcc9-5890-4393-a33d-0cba1d538879,c4,DROP,1016,?,i7,
1769500895.4521618,RECEIVED,c400e048-6ed3-4981-9fc3-d561ac4331e8,a1c486b3-af14-4662-b9bf-0a2182138973,c4,c3,2463,p1,?,
1769500895.4678702,RECEIVED,5fc61915-2508-4e75-a912-1bd201bda23c,a939fdd1-9ed8-4f3e-8a1d-bc3127c8de33,c5,DROP,1435,p2,?,
1769500895.4945474,RECEIVED,843f157b-613a-46af-9ae4-122286fd653f,c966dcbf-58bf-4989-92e2-3368e0d8bf9f,c2,None,2237,p2,?,
1769500895.5093675,SENT,843f157b-613a-46af-9ae4-122286fd653f,c966dcbf-58bf-4989-92e2-3368e0d8bf9f,c2,None,1604,?,i2,
1769500895.5094092,FORWARDED,843f157b-613a-46af-9ae4-122286fd653f,c966dcbf-58bf-4989-92e2-3368e0d8bf9f,c2,None,1604,?,i2,
1769500895.5703373,RECEIVED,b39d2504-b8ec-4462-8b92-ba547c73daf3,17f43d49-a0d2-4c17-a5fb-50e681a5373e,c4,DROP,1456,p1,?,
1769500895.5710902,RECEIVED,e368ec2c-b91f-4631-9360-0adb5a0ad3db,5a295280-d676-43e8-baea-78f8427a9992,c3,DROP,1451,p3,?,
1769500895.6309,RECEIVED,38d9ab5c-580b-4676-95f3-b63c7944f221,a0012968-037a-42b2-8540-35b7d802678a,c1,None,2235,p1,?,
1769500895.6823578,RECEIVED,a4b13a6b-e25f-4b34-aa1c-f18bd4b60c37,62ddd2a0-3f73-40b5-b42e-1169cb5b02aa,c3,None,2227,p3,?,
1769500895.726652,SENT,a36c9b0e-c9e9-4485-9bbe-4485941f835d,d1a5c96b-6245-4612-974c-8b9ed0b1e1f1,c1,DROP,1007,?,i1,
1769500895.7266903,FORWARDED,a36c9b0e-c9e9-4485-9bbe-4485941f835d,d1a5c96b-6245-4612-974c-8b9ed0b1e1f1,c1,DROP,1007,?,i1,
1769500895.7475502,SENT,76303cf1-60ba-4849-add9-37375236f32c,8ee998bd-4547-48c6-9f4b-b47870205ff5,c1,DROP,1012,?,i10,
1769500895.7475932,FORWARDED,76303cf1-60ba-4849-add9-37375236f32c,8ee998bd-4547-48c6-9f4b-b47870205ff5,c1,DROP,1012,?,i10,
1769500895.7590833,RECEIVED,77b634b8-3fe3-4e71-820c-820d8f0ab74c,03391a39-be70-4c15-b2c9-e269ba821d72,c2,DROP,1442,p2,?,
1769500895.7754962,RECEIVED,6bc1dc27-4179-4cb0-b2f9-df4b1899fda3,8ac359ac-929c-4d17-bd29-8aeac9ca8096,c1,None,2252,p1,?,
1769500895.8974118,RECEIVED,957c0bf9-a269-4503-a608-f22db4891dfa,df9bf6bd-44b3-4870-8176-cebd430a49e1,c2,DROP,1440,p2,?,
1769500895.998986,SENT,957c0bf9-a269-4503-a608-f22db4891dfa,df9bf6bd-44b3-4870-8176-cebd430a49e1,c2,DROP,1007,?,i8,
1769500895.999026,FORWARDED,957c0bf9-a269-4503-a608-f22db4891dfa,df9bf6bd-44b3-4870-8176-cebd430a49e1,c2,DROP,1007,?,i8,
1769500896.0780993,RECEIVED,45799d05-8cef-4e1c-9785-2c55c06f87d4,89067efe-5d2d-4e64-9b50-ba5b5e331c17,c4,None,2232,p1,?,
1769500896.0906405,RECEIVED,7c29e627-baf4-473e-a9e3-0cef79d05309,72045045-c871-4ab2-b22c-2bcccf5bbd43,c2,DROP,1450,p2,?,
1769500896.1209486,SENT,7c29e627-baf4-473e-a9e3-0cef79d05309,72045045-c871-4ab2-b22c-2bcccf5bbd43,c2,DROP,1012,?,i11,
1769500896.120991,FORWARDED,7c29e627-baf4-473e-a9e3-0cef79d05309,72045045-c871-4ab2-b22c-2bcccf5bbd43,c2,DROP,1012,?,i11,
1769500896.2040117,SENT,e368ec2c-b91f-4631-9360-0adb5a0ad3db,5a295280-d676-43e8-baea-78f8427a9992,c3,DROP,1015,?,i7,
1769500896.2047856,FORWARDED,e368ec2c-b91f-4631-9360-0adb5a0ad3db,5a295280-d676-43e8-baea-78f8427a9992,c3,DROP,1015,?,i7,
1769500896.2212653,SENT,a4b13a6b-e25f-4b34-aa1c-f18bd4b60c37,62ddd2a0-3f73-40b5-b42e-1169cb5b02aa,c3,None,1599,?,i5,
1769500896.221315,FORWARDED,a4b13a6b-e25f-4b34-aa1c-f18bd4b60c37,62ddd2a0-3f73-40b5-b42e-1169cb5b02aa,c3,None,1599,?,i5,
1769500896.2366848,SENT,45799d05-8cef-4e1c-9785-2c55c06f87d4,89067efe-5d2d-4e64-9b50-ba5b5e331c17,c4,None,1600,?,i9,
1769500896.2367296,FORWARDED,45799d05-8cef-4e1c-9785-2c55c06f87d4,89067efe-5d2d-4e64-9b50-ba5b5e331c17,c4,None,1600,?,i9,
1769500896.2619162,SENT,6bc1dc27-4179-4cb0-b2f9-df4b1899fda3,8ac359ac-929c-4d17-bd29-8aeac9ca8096,c1,None,1617,?,i12,
1769500896.2619627,FORWARDED,6bc1dc27-4179-4cb0-b2f9-df4b1899fda3,8ac359ac-929c-4d17-bd29-8aeac9ca8096,c1,None,1617,?,i12,
1769500896.2653823,RECEIVED,4cd4ffb5-b354-4a6e-852b-53773b6def91,10583d74-7f1b-4e39-9818-37218b6504eb,c4,c3,2463,p1,?,
1769500896.2900634,SENT,c400e048-6ed3-4981-9fc3-d561ac4331e8,a1c486b3-af14-4662-b9bf-0a2182138973,c4,c3,1776,?,i7,
1769500896.2901094,FORWARDED,c400e048-6ed3-4981-9fc3-d561ac4331e8,a1c486b3-af14-4662-b9bf-0a2182138973,c4,c3,1776,?,i7,
1769500896.3055534,SENT,b522b8bf-2d74-4888-8aad-9fae178cb85f,a02f7a3e-20f0-4e01-8ef5-e47c80eb0ee8,c1,c5,1771,?,i9,
1769500896.3055942,FORWARDED,b522b8bf-2d74-4888-8aad-9fae178cb85f,a02f7a3e-20f0-4e01-8ef5-e47c80eb0ee8,c1,c5,1771,?,i9,
1769500896.3099196,RECEIVED,42f37135-153f-496d-a9ce-1f8bdb1df8e9,af1a0bed-24ea-475c-99a7-fde57b021833,c1,None,2239,p1,?,
1769500896.33459,SENT,b39d2504-b8ec-4462-8b92-ba547c73daf3,17f43d49-a0d2-4c17-a5fb-50e681a5373e,c4,DROP,1020,?,i11,
1769500896.334632,FORWARDED,b39d2504-b8ec-4462-8b92-ba547c73daf3,17f43d49-a0d2-4c17-a5fb-50e681a5373e,c4,DROP,1020,?,i11,
1769500896.5333233,RECEIVED,03201eed-a28b-4e08-84ed-2aaacbed895f,4a32ea5d-b00d-4899-892f-e7b3a4d508ad,c3,c4,2479,p3,?,
1769500896.620204,SENT,1f511827-72c6-40fe-a036-738f7edf264c,b4e76872-2755-4acd-8364-b50a98e75800,c4,DROP,1017,?,i7,
1769500896.6202464,FORWARDED,1f511827-72c6-40fe-a036-738f7edf264c,b4e76872-2755-4acd-8364-b50a98e75800,c4,DROP,1017,?,i7,
1769500896.700099,RECEIVED,9ac40c4d-4ad0-4c69-ba42-94c72b319129,b9b7105c-4321-4041-bbea-a52f8dfb0872,c4,DROP,1440,p1,?,
1769500896.720484,SENT,5fc61915-2508-4e75-a912-1bd201bda23c,a939fdd1-9ed8-4f3e-8a1d-bc3127c8de33,c5,DROP,1003,?,i1,
1769500896.7205327,FORWARDED,5fc61915-2508-4e75-a912-1bd201bda23c,a939fdd1-9ed8-4f3e-8a1d-bc3127c8de33,c5,DROP,1003,?,i1,
1769500896.7300828,RECEIVED,10c5e2e0-672b-4914-ad47-05df16b2326a,d308c3c1-7f7f-4cc1-9aa2-455d21d2783a,c5,c2,2446,p2,?,
1769500896.770185,SENT,9ac40c4d-4ad0-4c69-ba42-94c72b319129,b9b7105c-4321-4041-bbea-a52f8dfb0872,c4,DROP,1007,?,i8,
1769500896.7702267,FORWARDED,9ac40c4d-4ad0-4c69-ba42-94c72b319129,b9b7105c-4321-4041-bbea-a52f8dfb0872,c4,DROP,1007,?,i8,
1769500896.857784,SENT,77b634b8-3fe3-4e71-820c-820d8f0ab74c,03391a39-be70-4c15-b2c9-e269ba821d72,c2,DROP,1010,?,i1,
1769500896.8578286,FORWARDED,77b634b8-3fe3-4e71-820c-820d8f0ab74c,03391a39-be70-4c15-b2c9-e269ba821d72,c2,DROP,1010,?,i1,
1769500896.8874917,RECEIVED,54b70a33-2b79-42c4-b585-7ab88a25dd93,3594d2a2-ac0e-4580-9ff6-fb6bac76dd13,c2,DROP,1456,p2,?,
1769500897.029669,SENT,4cd4ffb5-b354-4a6e-852b-53773b6def91,10583d74-7f1b-4e39-9818-37218b6504eb,c4,c3,1776,?,i9,
1769500897.0297081,FORWARDED,4cd4ffb5-b354-4a6e-852b-53773b6def91,10583d74-7f1b-4e39-9818-37218b6504eb,c4,c3,1776,?,i9,
1769500897.1266866,SENT,10c5e2e0-672b-4914-ad47-05df16b2326a,d308c3c1-7f7f-4cc1-9aa2-455d21d2783a,c5,c2,1764,?,i6,
1769500897.1267285,FORWARDED,10c5e2e0-672b-4914-ad47-05df16b2326a,d308c3c1-7f7f-4cc1-9aa2-455d21d2783a,c5,c2,1764,?,i6,
1769500897.2040606,RECEIVED,067892a2-49ff-4d75-8d1f-2416feadc970,81d6f765-7130-47fe-8400-d8d0df298132,c2,DROP,1439,p2,?,
1769500897.2413743,RECEIVED,b46196bd-8cbe-45b5-8c8e-216a06cbe5cd,a4585576-b088-4566-b975-8318b3393448,c4,c3,2464,p1,?,
1769500897.343204,RECEIVED,6f5bbcca-153a-4ae3-9b9a-44bd7810a002,19c145e7-a6cb-462d-9529-ebba7b8a3b07,c2,DROP,442,x2,?,
1769500897.4142184,SENT,b46196bd-8cbe-45b5-8c8e-216a06cbe5cd,a4585576-b088-4566-b975-8318b3393448,c4,c3,1775,?,i7,
1769500897.4142613,FORWARDED,b46196bd-8cbe-45b5-8c8e-216a06cbe5cd,a4585576-b088-4566-b975-8318b3393448,c4,c3,1775,?,i7,
1769500897.4293673,SENT,03201eed-a28b-4e08-84ed-2aaacbed895f,4a32ea5d-b00d-4899-892f-e7b3a4d508ad,c3,c4,1788,?,i1,
1769500897.429409,FORWARDED,03201eed-a28b-4e08-84ed-2aaacbed895f,4a32ea5d-b00d-4899-892f-e7b3a4d508ad,c3,c4,1788,?,i1,
1769500897.6920147,RECEIVED,b2ed6739-2138-4cf7-90c4-7798e958b290,a9d5d5c6-9cbc-4922-8359-5f436cf31888,c1,None,2223,p1,?,
1769500897.83329,SENT,067892a2-49ff-4d75-8d1f-2416feadc970,81d6f765-7130-47fe-8400-d8d0df298132,c2,DROP,1007,?,i9,
1769500897.8333342,FORWARDED,067892a2-49ff-4d75-8d1f-2416feadc970,81d6f765-7130-47fe-8400-d8d0df298132,c2,DROP,1007,?,i9,
1769500897.8608735,SENT,54b70a33-2b79-42c4-b585-7ab88a25dd93,3594d2a2-ac0e-4580-9ff6-fb6bac76dd13,c2,DROP,1019,?,i10,
1769500897.8609178,FORWARDED,54b70a33-2b79-42c4-b585-7ab88a25dd93,3594d2a2-ac0e-4580-9ff6-fb6bac76dd13,c2,DROP,1019,?,i10,
1769500897.8735166,SENT,38d9ab5c-580b-4676-95f3-b63c7944f221,a0012968-037a-42b2-8540-35b7d802678a,c1,None,1603,?,i11,
1769500897.87356,FORWARDED,38d9ab5c-580b-4676-95f3-b63c7944f221,a0012968-037a-42b2-8540-35b7d802678a,c1,None,1603,?,i11,
1769500897.9486666,RECEIVED,d7dd608a-b859-446b-a9b0-ed2d293ccf51,dafc70f7-e08f-44c0-bd80-49c9ebe8f8dc,c3,DROP,1442,p3,?,
1769500898.060826,RECEIVED,9ff555b8-ada7-4830-89c2-e8aee0c24301,2c395a06-3118-4e73-aa4a-3dc6cc40f8ef,c3,DROP,1456,p3,?,
1769500898.131901,SENT,9ff555b8-ada7-4830-89c2-e8aee0c24301,2c395a06-3118-4e73-aa4a-3dc6cc40f8ef,c3,DROP,1020,?,i11,
1769500898.1319366,FORWARDED,9ff555b8-ada7-4830-89c2-e8aee0c24301,2c395a06-3118-4e73-aa4a-3dc6cc40f8ef,c3,DROP,1020,?,i11,
1769500898.144312,SENT,42f37135-153f-496d-a9ce-1f8bdb1df8e9,af1a0bed-24ea-475c-99a7-fde57b021833,c1,None,1608,?,i5,
1769500898.1443548,FORWARDED,42f37135-153f-496d-a9ce-1f8bdb1df8e9,af1a0bed-24ea-475c-99a7-fde57b021833,c1,None,1608,?,i5,
1769500898.1897867,RECEIVED,c9fca621-759d-4706-a17d-873da02020d4,45828263-1943-4919-9a65-2ad25853a4f9,c5,None,2218,p2,?,
1769500898.5971997,RECEIVED,25d864ac-dc17-4592-b835-f53b275ae8f3,53ce88d4-c6d1-401f-ad91-0b75d5950348,c3,DROP,1440,p3,?,
1769500898.6494968,RECEIVED,3be0a124-854a-4924-ada2-22d486d0c1e3,ee72e0cc-684b-436e-aaf2-a17fcdc864b7,c4,DROP,1441,p1,?,
1769500898.6848824,RECEIVED,d5656f2e-1fae-4184-ba67-b089b9b3e303,45429f1f-2927-469a-a42f-a7480c1b32bc,c1,DROP,1439,p1,?,
1769500898.7506068,SENT,3be0a124-854a-4924-ada2-22d486d0c1e3,ee72e0cc-684b-436e-aaf2-a17fcdc864b7,c4,DROP,1008,?,i5,
1769500898.7506475,FORWARDED,3be0a124-854a-4924-ada2-22d486d0c1e3,ee72e0cc-684b-436e-aaf2-a17fcdc864b7,c4,DROP,1008,?,i5,
1769500898.8097777,SENT,25d864ac-dc17-4592-b835-f53b275ae8f3,53ce88d4-c6d1-401f-ad91-0b75d5950348,c3,DROP,1008,?,i1,
1769500898.8098173,FORWARDED,25d864ac-dc17-4592-b835-f53b275ae8f3,53ce88d4-c6d1-401f-ad91-0b75d5950348,c3,DROP,1008,?,i1,
1769500898.812061,RECEIVED,3835b5d4-31d6-407f-a26a-8695d4c1ce0e,139aaf9c-786d-48cb-8816-a200ad4a66eb,c1,None,2235,p1,?,
1769500899.0951858,SENT,3835b5d4-31d6-407f-a26a-8695d4c1ce0e,139aaf9c-786d-48cb-8816-a200ad4a66eb,c1,None,1605,?,i3,
1769500899.09523,FORWARDED,3835b5d4-31d6-407f-a26a-8695d4c1ce0e,139aaf9c-786d-48cb-8816-a200ad4a66eb,c1,None,1605,?,i3,
1769500899.2293355,RECEIVED,add9bf12-f023-427c-89bc-969a1081a8ea,52b8d5b3-cf67-41a8-960b-c14d8b1a0012,c4,DROP,1443,p1,?,
1769500899.300641,SENT,b2ed6739-2138-4cf7-90c4-7798e958b290,a9d5d5c6-9cbc-4922-8359-5f436cf31888,c1,None,1596,?,i6,
1769500899.3006854,FORWARDED,b2ed6739-2138-4cf7-90c4-7798e958b290,a9d5d5c6-9cbc-4922-8359-5f436cf31888,c1,None,1596,?,i6,
1769500899.4359813,SENT,d5656f2e-1fae-4184-ba67-b089b9b3e303,45429f1f-2927-469a-a42f-a7480c1b32bc,c1,DROP,1007,?,i9,
1769500899.4360223,FORWARDED,d5656f2e-1fae-4184-ba67-b089b9b3e303,45429f1f-2927-469a-a42f-a7480c1b32bc,c1,DROP,1007,?,i9,
1769500899.5447328,RECEIVED,e1607c8e-a70d-493c-98a5-986823be8475,23ea2dde-f5ec-4cb6-8b3a-74dfd1466e6d,c5,DROP,1439,p2,?,
1769500899.6951408,SENT,c9fca621-759d-4706-a17d-873da02020d4,45828263-1943-4919-9a65-2ad25853a4f9,c5,None,1591,?,i3,
1769500899.6951828,FORWARDED,c9fca621-759d-4706-a17d-873da02020d4,45828263-1943-4919-9a65-2ad25853a4f9,c5,None,1591,?,i3,
1769500899.7642634,RECEIVED,303e1ba5-1b1f-4e51-8bc5-ab7d87d169cd,ee4ebf8b-0952-4000-94ef-cf693601c7e1,c5,DROP,1440,p2,?,
1769500899.8556037,SENT,add9bf12-f023-427c-89bc-969a1081a8ea,52b8d5b3-cf67-41a8-960b-c14d8b1a0012,c4,DROP,1009,?,i4,
1769500899.8556447,FORWARDED,add9bf12-f023-427c-89bc-969a1081a8ea,52b8d5b3-cf67-41a8-960b-c14d8b1a0012,c4,DROP,1009,?,i4,
1769500899.8764393,SENT,303e1ba5-1b1f-4e51-8bc5-ab7d87d169cd,ee4ebf8b-0952-4000-94ef-cf693601c7e1,c5,DROP,1008,?,i8,
1769500899.8767016,FORWARDED,303e1ba5-1b1f-4e51-8bc5-ab7d87d169cd,ee4ebf8b-0952-4000-94ef-cf693601c7e1,c5,DROP,1008,?,i8,
1769500900.1776826,RECEIVED,232bc503-721b-4cab-80dc-713d8d88b4d7,9fbf4154-680b-40a4-8c85-d4ae920bd8e2,c2,DROP,1455,p2,?,
1769500900.24215,RECEIVED,8367aaf9-abd5-4249-b056-f5dd936ddc77,76120cd3-2ce9-4ea6-a4e2-8519df0a18c9,c5,DROP,1450,p2,?,
1769500900.243719,SENT,e1607c8e-a70d-493c-98a5-986823be8475,23ea2dde-f5ec-4cb6-8b3a-74dfd1466e6d,c5,DROP,1006,?,i5,
1769500900.243921,FORWARDED,e1607c8e-a70d-493c-98a5-986823be8475,23ea2dde-f5ec-4cb6-8b3a-74dfd1466e6d,c5,DROP,1006,?,i5,
1769500900.3255858,RECEIVED,d5d7a2aa-66da-4bb4-807e-496aa1bcaf78,77021ea6-f32f-4fa1-b3b5-1e6c5676d537,c2,DROP,1447,p2,?,
1769500900.3740087,SENT,8367aaf9-abd5-4249-b056-f5dd936ddc77,76120cd3-2ce9-4ea6-a4e2-8519df0a18c9,c5,DROP,1017,?,i4,
1769500900.374059,FORWARDED,8367aaf9-abd5-4249-b056-f5dd936ddc77,76120cd3-2ce9-4ea6-a4e2-8519df0a18c9,c5,DROP,1017,?,i4,
1769500900.3828907,SENT,d7dd608a-b859-446b-a9b0-ed2d293ccf51,dafc70f7-e08f-44c0-bd80-49c9ebe8f8dc,c3,DROP,1011,?,i9,
1769500900.3829346,FORWARDED,d7dd608a-b859-446b-a9b0-ed2d293ccf51,dafc70f7-e08f-44c0-bd80-49c9ebe8f8dc,c3,DROP,1011,?,i9,
1769500900.504575,RECEIVED,2f17d872-c6fc-476f-8fbb-ae618213baaf,cf30bceb-8f8f-4b3a-a168-19cf82f7692f,c1,DROP,1452,p1,?,
1769500900.534717,RECEIVED,d2d8d04f-d8ef-4fd0-b979-b4379929d9c3,7a208491-a578-4e09-814f-b43ef8278b16,c2,DROP,1440,p2,?,
1769500900.5527263,SENT,d5d7a2aa-66da-4bb4-807e-496aa1bcaf78,77021ea6-f32f-4fa1-b3b5-1e6c5676d537,c2,DROP,1013,?,i5,
1769500900.5527651,FORWARDED,d5d7a2aa-66da-4bb4-807e-496aa1bcaf78,77021ea6-f32f-4fa1-b3b5-1e6c5676d537,c2,DROP,1013,?,i5,
1769500900.6077468,RECEIVED,8281dbe3-63e6-4add-bb9a-d965797acc4d,4e847764-269e-483e-b19b-ad14a3f4d394,c5,DROP,1439,p2,?,
1769500900.6282215,RECEIVED,805e9b28-afa1-4ba1-b092-9e312de09f07,6287d4c6-2807-4237-9d9e-b9a9e73385b8,c2,DROP,442,x12,?,
1769500900.6290784,SENT,2f17d872-c6fc-476f-8fbb-ae618213baaf,cf30bceb-8f8f-4b3a-a168-19cf82f7692f,c1,DROP,1016,?,i1,
1769500900.6291258,FORWARDED,2f17d872-c6fc-476f-8fbb-ae618213baaf,cf30bceb-8f8f-4b3a-a168-19cf82f7692f,c1,DROP,1016,?,i1,
1769500900.7425745,RECEIVED,9de33f64-9291-4c02-aa16-a2a0d0b3a499,b18bdc70-bf43-4412-8714-930d81ef8092,c1,c5,2464,p1,?,
1769500900.7432728,RECEIVED,44b689f0-122a-4d71-97b5-64aa5efebc30,3a7cee77-4226-4232-bc31-e3367cf8fe28,c3,DROP,1441,p3,?,
1769500900.7866306,SENT,44b689f0-122a-4d71-97b5-64aa5efebc30,3a7cee77-4226-4232-bc31-e3367cf8fe28,c3,DROP,1008,?,i10,
1769500900.7866685,FORWARDED,44b689f0-122a-4d71-97b5-64aa5efebc30,3a7cee77-4226-4232-bc31-e3367cf8fe28,c3,DROP,1008,?,i10,
1769500900.881279,RECEIVED,34d4d4d5-7209-49e0-85dc-420b49c9893c,d1f5ec99-5298-4f95-8fd6-1844f9e0ecda,c1,DROP,1439,p1,?,
1769500900.8931599,SENT,d2d8d04f-d8ef-4fd0-b979-b4379929d9c3,7a208491-a578-4e09-814f-b43ef8278b16,c2,DROP,1007,?,i12,
1769500900.8932004,FORWARDED,d2d8d04f-d8ef-4fd0-b979-b4379929d9c3,7a208491-a578-4e09-814f-b43ef8278b16,c2,DROP,1007,?,i12,
1769500900.8982682,SENT,9de33f64-9291-4c02-aa16-a2a0d0b3a499,b18bdc70-bf43-4412-8714-930d81ef8092,c1,c5,1774,?,i6,
1769500900.898306,FORWARDED,9de33f64-9291-4c02-aa16-a2a0d0b3a499,b18bdc70-bf43-4412-8714-930d81ef8092,c1,c5,1774,?,i6,
1769500901.0339339,SENT,8281dbe3-63e6-4add-bb9a-d965797acc4d,4e847764-269e-483e-b19b-ad14a3f4d394,c5,DROP,1006,?,i2,
1769500901.0339828,FORWARDED,8281dbe3-63e6-4add-bb9a-d965797acc4d,4e847764-269e-483e-b19b-ad14a3f4d394,c5,DROP,1006,?,i2,
1769500901.1803746,SENT,232bc503-721b-4cab-80dc-713d8d88b4d7,9fbf4154-680b-40a4-8c85-d4ae920bd8e2,c2,DROP,1020,?,i11,
1769500901.180413,FORWARDED,232bc503-721b-4cab-80dc-713d8d88b4d7,9fbf4154-680b-40a4-8c85-d4ae920bd8e2,c2,DROP,1020,?,i11,
1769500901.408788,RECEIVED,08b97691-44f2-4875-ae3b-5c39d3417a78,f0e7d990-a606-4859-bb94-3707bdb591d0,c1,c5,2447,p1,?,
1769500901.5090814,RECEIVED,6174751a-b4de-4dfd-9d09-61da5e274524,9fc99126-0ec9-4bc1-8dce-73d8af3ddeb8,c3,None,2231,p3,?,
1769500901.6677692,RECEIVED,b38f96d9-4973-4f9f-a136-1ddf4eec38f5,6959ebbe-8b4a-4c75-beb6-1acaa0543000,c1,c5,2471,p1,?,
1769500901.713079,RECEIVED,5e08510e-a287-4e39-9f30-c8c6d441a0d4,3a09247b-74ea-483c-aff4-ad6fb00ac72f,c4,DROP,1451,p1,?,
1769500901.9241927,RECEIVED,8faf3d58-e8cf-48d7-80de-64e9451647c5,5f267fd7-60ef-426d-8136-74418c1f241f,c5,c2,2463,p2,?,
1769500901.9484088,RECEIVED,81495edf-5ac1-4687-b554-1fd571ea6da6,9b7b818c-ec65-453c-a88b-1c49145b065f,c4,DROP,1452,p1,?,
1769500902.0254803,SENT,34d4d4d5-7209-49e0-85dc-420b49c9893c,d1f5ec99-5298-4f95-8fd6-1844f9e0ecda,c1,DROP,1006,?,i5,
1769500902.0255206,FORWARDED,34d4d4d5-7209-49e0-85dc-420b49c9893c,d1f5ec99-5298-4f95-8fd6-1844f9e0ecda,c1,DROP,1006,?,i5,
1769500902.0814877,SENT,81495edf-5ac1-4687-b554-1fd571ea6da6,9b7b818c-ec65-453c-a88b-1c49145b065f,c4,DROP,1016,?,i6,
1769500902.0815299,FORWARDED,81495edf-5ac1-4687-b554-1fd571ea6da6,9b7b818c-ec65-453c-a88b-1c49145b065f,c4,DROP,1016,?,i6,
1769500902.1244924,SENT,6174751a-b4de-4dfd-9d09-61da5e274524,9fc99126-0ec9-4bc1-8dce-73d8af3ddeb8,c3,None,1600,?,i8,
1769500902.1245348,FORWARDED,6174751a-b4de-4dfd-9d09-61da5e274524,9fc99126-0ec9-4bc1-8dce-73d8af3ddeb8,c3,None,1600,?,i8,
1769500902.1495252,SENT,08b97691-44f2-4875-ae3b-5c39d3417a78,f0e7d990-a606-4859-bb94-3707bdb591d0,c1,c5,1764,?,i3,
1769500902.1495655,FORWARDED,08b97691-44f2-4875-ae3b-5c39d3417a78,f0e7d990-a606-4859-bb94-3707bdb591d0,c1,c5,1764,?,i3,
1769500902.2091556,RECEIVED,a3558cb3-5103-4b7e-8a0e-f70eaa834b82,de7cde37-5479-478e-ac71-c560a6cee1e8,c4,None,2223,p1,?,
1769500902.282406,RECEIVED,35c3578c-dfa0-465e-a5a7-6dcb1d45fb29,1ee70bf0-10c1-42a8-bfce-ec8e731bf5b1,c5,DROP,1440,p2,?,
1769500902.3537037,RECEIVED,d6f93d82-37ab-4475-b940-fa8761a9ec97,890248f2-30ec-4452-85c1-90b482cc2259,c2,None,2224,p2,?,
1769500902.3982017,RECEIVED,39c1e0d3-86a3-45e9-93c7-775f983de23c,343e6997-5c77-441a-80a6-a93573dbe4c3,c1,DROP,1443,p1,?,
1769500902.5201015,SENT,a3558cb3-5103-4b7e-8a0e-f70eaa834b82,de7cde37-5479-478e-ac71-c560a6cee1e8,c4,None,1596,?,i2,
1769500902.5203593,FORWARDED,a3558cb3-5103-4b7e-8a0e-f70eaa834b82,de7cde37-5479-478e-ac71-c560a6cee1e8,c4,None,1596,?,i2,
1769500902.6202905,SENT,d6f93d82-37ab-4475-b940-fa8761a9ec97,890248f2-30ec-4452-85c1-90b482cc2259,c2,None,1596,?,i6,
1769500902.620336,FORWARDED,d6f93d82-37ab-4475-b940-fa8761a9ec97,890248f2-30ec-4452-85c1-90b482cc2259,c2,None,1596,?,i6,
1769500902.7243354,RECEIVED,fd4a6f4c-21e2-476e-a614-36df4d2d3444,87a7665e-3029-40e2-8c71-84f89781f669,c2,DROP,441,x6,?,
1769500902.7485945,RECEIVED,db6c1cad-ac21-482c-8a0a-d9c1b4610d6a,94ebed23-03db-4146-99b8-f43795c44d8b,c5,DROP,1448,p2,?,
1769500902.8661706,SENT,b38f96d9-4973-4f9f-a136-1ddf4eec38f5,6959ebbe-8b4a-4c75-beb6-1acaa0543000,c1,c5,1782,?,i3,
1769500902.866209,FORWARDED,b38f96d9-4973-4f9f-a136-1ddf4eec38f5,6959ebbe-8b4a-4c75-beb6-1acaa0543000,c1,c5,1782,?,i3,
1769500902.948969,RECEIVED,e68a44b9-f7fb-4a83-8f32-a28fffea25dc,5fc27dd4-68fa-4c45-bf7e-1198c7c871ba,c1,DROP,1451,p1,?,
1769500902.954448,RECEIVED,1c10ba44-c3f7-4c45-b6a0-4c3cfd98727e,bb769bae-009d-4111-8e66-34765ea19496,c3,DROP,442,x6,?,
1769500903.0712817,RECEIVED,af66f7ef-438a-4ef4-83b7-de064c3d8663,de8a363e-7e9f-4a2e-9483-c1b57268f911,c5,DROP,1440,p2,?,
1769500903.0992162,SENT,8faf3d58-e8cf-48d7-80de-64e9451647c5,5f267fd7-60ef-426d-8136-74418c1f241f,c5,c2,1775,?,i8,
1769500903.0992522,FORWARDED,8faf3d58-e8cf-48d7-80de-64e9451647c5,5f267fd7-60ef-426d-8136-74418c1f241f,c5,c2,1775,?,i8,
1769500903.1046798,SENT,5e08510e-a287-4e39-9f30-c8c6d441a0d4,3a09247b-74ea-483c-aff4-ad6fb00ac72f,c4,DROP,1015,?,i3,
1769500903.10472,FORWARDED,5e08510e-a287-4e39-9f30-c8c6d441a0d4,3a09247b-74ea-483c-aff4-ad6fb00ac72f,c4,DROP,1015,?,i3,
1769500903.1451745,SENT,39c1e0d3-86a3-45e9-93c7-775f983de23c,343e6997-5c77-441a-80a6-a93573dbe4c3,c1,DROP,1010,?,i2,
1769500903.1452134,FORWARDED,39c1e0d3-86a3-45e9-93c7-775f983de23c,343e6997-5c77-441a-80a6-a93573dbe4c3,c1,DROP,1010,?,i2,
1769500903.1729019,SENT,af66f7ef-438a-4ef4-83b7-de064c3d8663,de8a363e-7e9f-4a2e-9483-c1b57268f911,c5,DROP,1006,?,i5,
1769500903.172943,FORWARDED,af66f7ef-438a-4ef4-83b7-de064c3d8663,de8a363e-7e9f-4a2e-9483-c1b57268f911,c5,DROP,1006,?,i5,
1769500903.2347152,SENT,db6c1cad-ac21-482c-8a0a-d9c1b4610d6a,94ebed23-03db-4146-99b8-f43795c44d8b,c5,DROP,1012,?,i6,
1769500903.2347574,FORWARDED,db6c1cad-ac21-482c-8a0a-d9c1b4610d6a,94ebed23-03db-4146-99b8-f43795c44d8b,c5,DROP,1012,?,i6,
1769500903.289407,SENT,e68a44b9-f7fb-4a83-8f32-a28fffea25dc,5fc27dd4-68fa-4c45-bf7e-1198c7c871ba,c1,DROP,1015,?,i3,
1769500903.289449,FORWARDED,e68a44b9-f7fb-4a83-8f32-a28fffea25dc,5fc27dd4-68fa-4c45-bf7e-1198c7c871ba,c1,DROP,1015,?,i3,
1769500903.4535215,RECEIVED,d38ea90c-a6b2-4d18-9456-6840ca8096ac,fa70c483-788f-40f4-b4df-6c0ee3f92a22,c4,DROP,1452,p1,?,
1769500903.4756575,RECEIVED,2a1bc291-a83c-4f2d-858d-ee225a943cd1,837204b7-c1e6-465b-b7ad-18a57576a285,c4,DROP,1452,p1,?,
1769500903.4964767,SENT,2a1bc291-a83c-4f2d-858d-ee225a943cd1,837204b7-c1e6-465b-b7ad-18a57576a285,c4,DROP,1015,?,i7,
1769500903.4965193,FORWARDED,2a1bc291-a83c-4f2d-858d-ee225a943cd1,837204b7-c1e6-465b-b7ad-18a57576a285,c4,DROP,1015,?,i7,
1769500903.5617068,RECEIVED,5b5d162f-d5de-4c6a-b61a-aade18f188ed,bd605235-fd82-4448-8fa0-bc2a5ce096d4,c3,DROP,1448,p3,?,
1769500903.5689466,SENT,d38ea90c-a6b2-4d18-9456-6840ca8096ac,fa70c483-788f-40f4-b4df-6c0ee3f92a22,c4,DROP,1016,?,i9,
1769500903.5689893,FORWARDED,d38ea90c-a6b2-4d18-9456-6840ca8096ac,fa70c483-788f-40f4-b4df-6c0ee3f92a22,c4,DROP,1016,?,i9,
1769500903.635472,RECEIVED,c80443bf-68e2-4372-9e5c-35444d590da7,63e19fd8-0072-480a-abcf-b0857626da17,c2,c1,2447,p2,?,
1769500903.7079465,SENT,5b5d162f-d5de-4c6a-b61a-aade18f188ed,bd605235-fd82-4448-8fa0-bc2a5ce096d4,c3,DROP,1013,?,i2,
1769500903.7079887,FORWARDED,5b5d162f-d5de-4c6a-b61a-aade18f188ed,bd605235-fd82-4448-8fa0-bc2a5ce096d4,c3,DROP,1013,?,i2,
1769500903.750677,RECEIVED,3e552390-ffa8-45f7-ac70-0a792cdb8aaf,2c4b96db-89cd-429b-9686-cf3676e10e8c,c3,DROP,1438,p3,?,
1769500903.7510989,SENT,35c3578c-dfa0-465e-a5a7-6dcb1d45fb29,1ee70bf0-10c1-42a8-bfce-ec8e731bf5b1,c5,DROP,1008,?,i12,
1769500903.7511363,FORWARDED,35c3578c-dfa0-465e-a5a7-6dcb1d45fb29,1ee70bf0-10c1-42a8-bfce-ec8e731bf5b1,c5,DROP,1008,?,i12,
1769500903.7988918,RECEIVED,d1e14380-ee4f-4518-a70d-8baf5a4f3402,8572758a-f27b-496f-bfb2-02d842dc2e23,c2,DROP,1435,p2,?,
1769500903.9391491,SENT,c80443bf-68e2-4372-9e5c-35444d590da7,63e19fd8-0072-480a-abcf-b0857626da17,c2,c1,1763,?,i5,
1769500903.9391854,FORWARDED,c80443bf-68e2-4372-9e5c-35444d590da7,63e19fd8-0072-480a-abcf-b0857626da17,c2,c1,1763,?,i5,
1769500903.9486735,SENT,3e552390-ffa8-45f7-ac70-0a792cdb8aaf,2c4b96db-89cd-429b-9686-cf3676e10e8c,c3,DROP,1007,?,i5,
1769500903.948714,FORWARDED,3e552390-ffa8-45f7-ac70-0a792cdb8aaf,2c4b96db-89cd-429b-9686-cf3676e10e8c,c3,DROP,1007,?,i5,
1769500903.9787824,RECEIVED,f7298848-ea50-4ba9-989e-1975b9300d5c,95f29d31-5659-4c3c-bb13-9f79c6de6e14,c5,DROP,1444,p2,?,
1769500904.1450207,RECEIVED,0bfff24b-6e3c-4684-9ad7-a8f94de6d088,f4502c89-997e-4667-8581-abb78fcc2824,c2,None,2236,p2,?,
1769500904.1674013,RECEIVED,909e1f23-47b6-4543-8ad0-20b81b4bbbdc,0f0d4ec3-f39d-4fe6-a54d-2467e4ba470e,c2,c1,2455,p2,?,
1769500904.2113843,RECEIVED,c185689c-6286-453c-8fb9-9901d0ca4d6c,c5430334-3a3d-4d12-ab93-a4b99e725a1e,c2,DROP,441,x1,?,
1769500904.3417559,SENT,d1e14380-ee4f-4518-a70d-8baf5a4f3402,8572758a-f27b-496f-bfb2-02d842dc2e23,c2,DROP,1003,?,i9,
1769500904.341799,FORWARDED,d1e14380-ee4f-4518-a70d-8baf5a4f3402,8572758a-f27b-496f-bfb2-02d842dc2e23,c2,DROP,1003,?,i9,
1769500904.388268,RECEIVED,56ad08e0-90f9-4875-921a-21727773512c,de55131b-7364-4cff-ac92-60e10f4a2618,c1,DROP,1451,p1,?,
1769500904.6997085,SENT,909e1f23-47b6-4543-8ad0-20b81b4bbbdc,0f0d4ec3-f39d-4fe6-a54d-2467e4ba470e,c2,c1,1770,?,i5,
1769500904.6997557,FORWARDED,909e1f23-47b6-4543-8ad0-20b81b4bbbdc,0f0d4ec3-f39d-4fe6-a54d-2467e4ba470e,c2,c1,1770,?,i5,
1769500904.7604892,SENT,56ad08e0-90f9-4875-921a-21727773512c,de55131b-7364-4cff-ac92-60e10f4a2618,c1,DROP,1017,?,i2,
1769500904.760531,FORWARDED,56ad08e0-90f9-4875-921a-21727773512c,de55131b-7364-4cff-ac92-60e10f4a2618,c1,DROP,1017,?,i2,
1769500904.7765326,RECEIVED,61337d88-772b-4577-b663-8a6299ecbe62,51518cf2-68b0-4013-87f8-daf44f000198,c1,c5,2448,p1,?,
1769500904.7902923,RECEIVED,c75703dd-a14c-429b-acf4-5509ba2b81c8,a03b378a-380f-4529-b3f1-c24ca1784370,c4,c3,2465,p1,?,
1769500904.8485773,RECEIVED,0b13176d-2b7f-491a-951a-1f006ba7d0f8,e6ffeee3-d670-4a19-87d8-4cb8fbc5bc83,c2,DROP,442,x5,?,
1769500904.8643317,SENT,c75703dd-a14c-429b-acf4-5509ba2b81c8,a03b378a-380f-4529-b3f1-c24ca1784370,c4,c3,1775,?,i1,
1769500904.8643732,FORWARDED,c75703dd-a14c-429b-acf4-5509ba2b81c8,a03b378a-380f-4529-b3f1-c24ca1784370,c4,c3,1775,?,i1,
1769500904.8804557,RECEIVED,290933d9-87aa-4943-9f8c-4b0fa5265fab,0f827d73-ba6b-4f07-8a61-4ad3e54de42b,c5,DROP,1439,p2,?,
1769500904.9065661,SENT,61337d88-772b-4577-b663-8a6299ecbe62,51518cf2-68b0-4013-87f8-daf44f000198,c1,c5,1763,?,i7,
1769500904.9067042,FORWARDED,61337d88-772b-4577-b663-8a6299ecbe62,51518cf2-68b0-4013-87f8-daf44f000198,c1,c5,1763,?,i7,
1769500905.079523,RECEIVED,9fb02d80-1538-4be8-b876-4938465e1186,f4e6f1a9-4320-4a44-ab1c-ab9306cfaff5,c3,c4,2468,p3,?,
1769500905.1352584,RECEIVED,e4956c84-dd57-4085-a1d7-fdeb817006dc,43e03d71-6a80-44bf-ba6a-16409ee06f7b,c5,None,2217,p2,?,
1769500905.142102,SENT,0bfff24b-6e3c-4684-9ad7-a8f94de6d088,f4502c89-997e-4667-8581-abb78fcc2824,c2,None,1603,?,i10,
1769500905.1421402,FORWARDED,0bfff24b-6e3c-4684-9ad7-a8f94de6d088,f4502c89-997e-4667-8581-abb78fcc2824,c2,None,1603,?,i10,
1769500905.156422,SENT,e4956c84-dd57-4085-a1d7-fdeb817006dc,43e03d71-6a80-44bf-ba6a-16409ee06f7b,c5,None,1588,?,i8,
1769500905.1564636,FORWARDED,e4956c84-dd57-4085-a1d7-fdeb817006dc,43e03d71-6a80-44bf-ba6a-16409ee06f7b,c5,None,1588,?,i8,
1769500905.227835,SENT,9fb02d80-1538-4be8-b876-4938465e1186,f4e6f1a9-4320-4a44-ab1c-ab9306cfaff5,c3,c4,1777,?,i1,
1769500905.2278707,FORWARDED,9fb02d80-1538-4be8-b876-4938465e1186,f4e6f1a9-4320-4a44-ab1c-ab9306cfaff5,c3,c4,1777,?,i1,
1769500905.2301905,RECEIVED,292a5675-cdaf-4022-8e60-5e14800b4e28,c8681a4b-f06a-4474-a5d0-2ecc615ea866,c4,DROP,442,x8,?,
1769500905.4868572,RECEIVED,4757722f-2b76-4c54-9be8-08c91a7e772f,60416add-f8e8-4860-bfd6-dd06a36f7a58,c4,DROP,1443,p1,?,
1769500905.528882,RECEIVED,e06a6df2-6e27-4835-8cf7-43b7f3cc7927,493d505c-5b40-477d-a322-e4927072dd95,c2,c1,2462,p2,?,
1769500905.5871649,SENT,e06a6df2-6e27-4835-8cf7-43b7f3cc7927,493d505c-5b40-477d-a322-e4927072dd95,c2,c1,1772,?,i11,
1769500905.5872078,FORWARDED,e06a6df2-6e27-4835-8cf7-43b7f3cc7927,493d505c-5b40-477d-a322-e4927072dd95,c2,c1,1772,?,i11,
1769500905.5893674,RECEIVED,6b012e40-cfd0-4606-a2f3-954c789cfa00,ea36dd02-07c8-4014-b7eb-301a0ead00d2,c4,DROP,441,x8,?,
1769500905.9773014,RECEIVED,ac007a45-2c7d-477a-ac0b-1ca28d9a6dfc,25c62bd1-c4cd-473c-bafd-547d09ecda8b,c5,DROP,1440,p2,?,
1769500905.9961646,RECEIVED,66e001a4-135b-4346-927e-973a5efb4244,abafbcc8-02a5-49e4-8b6d-4bde1d6b1ed1,c3,DROP,1440,p3,?,
1769500906.0359492,RECEIVED,752dfc46-bc92-4572-bb21-1b9b3cd4d648,114396c7-2765-4e18-959b-ac3efe6364e0,c2,DROP,1445,p2,?,
1769500906.1039383,SENT,ac007a45-2c7d-477a-ac0b-1ca28d9a6dfc,25c62bd1-c4cd-473c-bafd-547d09ecda8b,c5,DROP,1008,?,i9,
1769500906.1039746,FORWARDED,ac007a45-2c7d-477a-ac0b-1ca28d9a6dfc,25c62bd1-c4cd-473c-bafd-547d09ecda8b,c5,DROP,1008,?,i9,
1769500906.1268034,SENT,752dfc46-bc92-4572-bb21-1b9b3cd4d648,114396c7-2765-4e18-959b-ac3efe6364e0,c2,DROP,1009,?,i10,
1769500906.1268432,FORWARDED,752dfc46-bc92-4572-bb21-1b9b3cd4d648,114396c7-2765-4e18-959b-ac3efe6364e0,c2,DROP,1009,?,i10,
1769500906.3103037,SENT,f7298848-ea50-4ba9-989e-1975b9300d5c,95f29d31-5659-4c3c-bb13-9f79c6de6e14,c5,DROP,1009,?,i12,
1769500906.3103552,FORWARDED,f7298848-ea50-4ba9-989e-1975b9300d5c,95f29d31-5659-4c3c-bb13-9f79c6de6e14,c5,DROP,1009,?,i12,
1769500906.3124373,RECEIVED,d22603f9-d61b-4e17-9049-b1e9e96a2571,d50eba02-7004-4ebf-8c53-445cf6f30cc7,c1,DROP,1441,p1,?,
1769500906.337747,SENT,d22603f9-d61b-4e17-9049-b1e9e96a2571,d50eba02-7004-4ebf-8c53-445cf6f30cc7,c1,DROP,1006,?,i4,
1769500906.3377886,FORWARDED,d22603f9-d61b-4e17-9049-b1e9e96a2571,d50eba02-7004-4ebf-8c53-445cf6f30cc7,c1,DROP,1006,?,i4,
1769500906.3393269,SENT,66e001a4-135b-4346-927e-973a5efb4244,abafbcc8-02a5-49e4-8b6d-4bde1d6b1ed1,c3,DROP,1008,?,i11,
1769500906.3393667,FORWARDED,66e001a4-135b-4346-927e-973a5efb4244,abafbcc8-02a5-49e4-8b6d-4bde1d6b1ed1,c3,DROP,1008,?,i11,
1769500906.3803027,SENT,290933d9-87aa-4943-9f8c-4b0fa5265fab,0f827d73-ba6b-4f07-8a61-4ad3e54de42b,c5,DROP,1007,?,i8,
1769500906.3803422,FORWARDED,290933d9-87aa-4943-9f8c-4b0fa5265fab,0f827d73-ba6b-4f07-8a61-4ad3e54de42b,c5,DROP,1007,?,i8,
1769500906.5261457,RECEIVED,2d497feb-bb5d-44d6-ab58-fec70e4b7833,6de9f5b2-e547-4907-903d-0839cb1c498a,c2,c1,2459,p2,?,
1769500906.6039433,RECEIVED,8d5090a1-3c75-429b-b321-d69d7cb71273,f8450b60-c6db-4625-896e-f8bfa9983bf9,c5,DROP,1441,p2,?,
1769500906.6566055,SENT,4757722f-2b76-4c54-9be8-08c91a7e772f,60416add-f8e8-4860-bfd6-dd06a36f7a58,c4,DROP,1009,?,i7,
1769500906.6566489,FORWARDED,4757722f-2b76-4c54-9be8-08c91a7e772f,60416add-f8e8-4860-bfd6-dd06a36f7a58,c4,DROP,1009,?,i7,
1769500906.7635329,RECEIVED,5f651e59-f77c-43b5-a731-7baddfbbcfaa,4873dc0d-0809-4d0b-886f-d2b1d6d8e537,c1,None,2235,p1,?,
1769500906.772484,RECEIVED,aec45c96-5c34-40cc-a2cb-ed0312e7c51a,2da1eeaf-7295-4ef1-9e5e-1a8ad042831d,c5,DROP,441,x12,?,
1769500906.8009927,RECEIVED,3569e227-f9da-45f1-b89a-56d43b04b363,715d724a-2c47-4a7c-9c0b-379526951052,c3,c4,2459,p3,?,
1769500906.812772,RECEIVED,25c2a950-3288-4a9d-bf62-fdfc43ac53d2,6c1e2d69-1b21-4a04-a7ad-22d71f1d41d0,c4,DROP,1448,p1,?,
1769500906.8667228,SENT,25c2a950-3288-4a9d-bf62-fdfc43ac53d2,6c1e2d69-1b21-4a04-a7ad-22d71f1d41d0,c4,DROP,1012,?,i4,
1769500906.866763,FORWARDED,25c2a950-3288-4a9d-bf62-fdfc43ac53d2,6c1e2d69-1b21-4a04-a7ad-22d71f1d41d0,c4,DROP,1012,?,i4,
1769500906.9395943,SENT,8d5090a1-3c75-429b-b321-d69d7cb71273,f8450b60-c6db-4625-896e-f8bfa9983bf9,c5,DROP,1007,?,i10,
1769500906.939636,FORWARDED,8d5090a1-3c75-429b-b321-d69d7cb71273,f8450b60-c6db-4625-896e-f8bfa9983bf9,c5,DROP,1007,?,i10,
1769500907.0591366,SENT,5f651e59-f77c-43b5-a731-7baddfbbcfaa,4873dc0d-0809-4d0b-886f-d2b1d6d8e537,c1,None,1604,?,i9,
1769500907.0591834,FORWARDED,5f651e59-f77c-43b5-a731-7baddfbbcfaa,4873dc0d-0809-4d0b-886f-d2b1d6d8e537,c1,None,1604,?,i9,
1769500907.089653,SENT,2d497feb-bb5d-44d6-ab58-fec70e4b7833,6de9f5b2-e547-4907-903d-0839cb1c498a,c2,c1,1773,?,i1,
1769500907.089688,FORWARDED,2d497feb-bb5d-44d6-ab58-fec70e4b7833,6de9f5b2-e547-4907-903d-0839cb1c498a,c2,c1,1773,?,i1,
1769500907.0910022,RECEIVED,071d90d1-9571-4436-b3f9-9cdf1be184f4,8f858ec1-97d4-438b-bfe3-49213a3d34af,c4,DROP,1439,p1,?,
1769500907.3931313,SENT,3569e227-f9da-45f1-b89a-56d43b04b363,715d724a-2c47-4a7c-9c0b-379526951052,c3,c4,1771,?,i5,
1769500907.3948312,FORWARDED,3569e227-f9da-45f1-b89a-56d43b04b363,715d724a-2c47-4a7c-9c0b-379526951052,c3,c4,1771,?,i5,
1769500907.7087712,RECEIVED,d504638b-19c5-465e-b304-91736791ebb4,d69fb344-b169-4bdb-952d-6828d6d38e92,c5,DROP,1444,p2,?,
1769500907.7646244,SENT,071d90d1-9571-4436-b3f9-9cdf1be184f4,8f858ec1-97d4-438b-bfe3-49213a3d34af,c4,DROP,1008,?,i1,
1769500907.76486,FORWARDED,071d90d1-9571-4436-b3f9-9cdf1be184f4,8f858ec1-97d4-438b-bfe3-49213a3d34af,c4,DROP,1008,?,i1,
1769500907.7948983,RECEIVED,18a1eaf9-27d8-4eb9-8c16-d9a1a9bede00,9601fb45-961d-4852-9769-708949e3291e,c3,DROP,1439,p3,?,
1769500907.812356,RECEIVED,0eace351-9067-448b-ab33-29c19cbf8f47,e383f377-9a44-42e0-8ab8-79bf8525b055,c1,DROP,442,x1,?,
1769500907.8475282,SENT,d504638b-19c5-465e-b304-91736791ebb4,d69fb344-b169-4bdb-952d-6828d6d38e92,c5,DROP,1009,?,i4,
1769500907.8475716,FORWARDED,d504638b-19c5-465e-b304-91736791ebb4,d69fb344-b169-4bdb-952d-6828d6d38e92,c5,DROP,1009,?,i4,
1769500907.8911967,RECEIVED,e0ddac01-6f3b-47bf-a74e-4bdb655ed41c,99ee16b1-da60-41b2-9608-0a909267679c,c2,DROP,445,x9,?,
1769500907.9221363,RECEIVED,a67e6d63-5770-4c28-9cc1-82d1e2e7cb3c,262014cc-2cd7-4955-bef0-d92230a7a878,c3,DROP,1444,p3,?,
1769500908.0037363,RECEIVED,07f155fd-0274-481b-9d09-35f683c9611b,9fc60716-5900-42ae-a216-8275988e716c,c3,DROP,441,x6,?,
1769500908.0674987,SENT,a67e6d63-5770-4c28-9cc1-82d1e2e7cb3c,262014cc-2cd7-4955-bef0-d92230a7a878,c3,DROP,1011,?,i6,
1769500908.0675402,FORWARDED,a67e6d63-5770-4c28-9cc1-82d1e2e7cb3c,262014cc-2cd7-4955-bef0-d92230a7a878,c3,DROP,1011,?,i6,
1769500908.1062858,RECEIVED,d3bd6b72-873c-4635-bed7-91c3842e1cc7,68291154-1e94-4ea3-ac93-1b58076fc7e2,c5,DROP,1440,p2,?,
1769500908.1692805,SENT,d3bd6b72-873c-4635-bed7-91c3842e1cc7,68291154-1e94-4ea3-ac93-1b58076fc7e2,c5,DROP,1008,?,i3,
1769500908.1693237,FORWARDED,d3bd6b72-873c-4635-bed7-91c3842e1cc7,68291154-1e94-4ea3-ac93-1b58076fc7e2,c5,DROP,1008,?,i3,
1769500908.2096198,RECEIVED,7fa146c4-4312-4567-9f84-6548a549c82c,75423f4d-dba7-4c1a-8cc9-ac4eeb6efcab,c2,DROP,1444,p2,?,
1769500908.392638,RECEIVED,4061848e-17b4-4aa6-9a46-a4e2391fcb1b,9e9c3469-7303-4c01-89de-7883ab0dcc9d,c5,DROP,1448,p2,?,
1769500908.4306042,SENT,4061848e-17b4-4aa6-9a46-a4e2391fcb1b,9e9c3469-7303-4c01-89de-7883ab0dcc9d,c5,DROP,1012,?,i8,
1769500908.4306452,FORWARDED,4061848e-17b4-4aa6-9a46-a4e2391fcb1b,9e9c3469-7303-4c01-89de-7883ab0dcc9d,c5,DROP,1012,?,i8,
1769500908.534206,RECEIVED,a0694361-1e18-4827-afd7-9dcd3e2ed750,d657d96a-5251-4632-b5fa-bebecd54c411,c4,DROP,442,x9,?,
1769500908.562285,SENT,7fa146c4-4312-4567-9f84-6548a549c82c,75423f4d-dba7-4c1a-8cc9-ac4eeb6efcab,c2,DROP,1011,?,i6,
1769500908.5623229,FORWARDED,7fa146c4-4312-4567-9f84-6548a549c82c,75423f4d-dba7-4c1a-8cc9-ac4eeb6efcab,c2,DROP,1011,?,i6,
1769500908.6613278,RECEIVED,13f71426-9770-42c6-b749-b607771ee233,13cf1c42-d51f-473d-a56d-45fa535a63e3,c4,c3,2460,p1,?,
1769500908.7303097,RECEIVED,fee08517-d0a1-4d87-8948-fad652818e9c,3a54666e-1c00-49ba-9d1c-da10cea57951,c1,None,2219,p1,?,
1769500908.7461162,RECEIVED,c7cbbdfc-cc4a-4278-91c5-16a452db5fae,57377a71-c638-42fa-9421-d11b9af716e8,c2,DROP,1444,p2,?,
1769500908.8137798,RECEIVED,d81f7c58-08d8-48d1-91f7-4d7ae3448201,723e2bbd-772d-46b6-ad8d-d4a5509d254c,c3,c4,2477,p3,?,
1769500908.866893,SENT,18a1eaf9-27d8-4eb9-8c16-d9a1a9bede00,9601fb45-961d-4852-9769-708949e3291e,c3,DROP,1008,?,i4,
1769500908.8669367,FORWARDED,18a1eaf9-27d8-4eb9-8c16-d9a1a9bede00,9601fb45-961d-4852-9769-708949e3291e,c3,DROP,1008,?,i4,
1769500908.88225,SENT,c7cbbdfc-cc4a-4278-91c5-16a452db5fae,57377a71-c638-42fa-9421-d11b9af716e8,c2,DROP,1010,?,i4,
1769500908.882293,FORWARDED,c7cbbdfc-cc4a-4278-91c5-16a452db5fae,57377a71-c638-42fa-9421-d11b9af716e8,c2,DROP,1010,?,i4,
1769500908.883523,RECEIVED,4939b4e6-5020-4c45-8d18-1d5bdc084d36,828c0bee-32cb-4973-b227-195e096f0a51,c4,DROP,1456,p1,?,
1769500908.970132,SENT,d81f7c58-08d8-48d1-91f7-4d7ae3448201,723e2bbd-772d-46b6-ad8d-d4a5509d254c,c3,c4,1785,?,i11,
1769500908.9701698,FORWARDED,d81f7c58-08d8-48d1-91f7-4d7ae3448201,723e2bbd-772d-46b6-ad8d-d4a5509d254c,c3,c4,1785,?,i11,
1769500909.0012743,SENT,13f71426-9770-42c6-b749-b607771ee233,13cf1c42-d51f-473d-a56d-45fa535a63e3,c4,c3,1772,?,i7,
1769500909.0013173,FORWARDED,13f71426-9770-42c6-b749-b607771ee233,13cf1c42-d51f-473d-a56d-45fa535a63e3,c4,c3,1772,?,i7,
1769500909.097403,RECEIVED,5e6aa357-c33e-405a-8ac2-6029cc35bca1,454196fc-7688-4e42-b360-3ef7253b93bb,c4,DROP,1442,p1,?,
1769500909.1449559,SENT,4939b4e6-5020-4c45-8d18-1d5bdc084d36,828c0bee-32cb-4973-b227-195e096f0a51,c4,DROP,1018,?,i12,
1769500909.1449952,FORWARDED,4939b4e6-5020-4c45-8d18-1d5bdc084d36,828c0bee-32cb-4973-b227-195e096f0a51,c4,DROP,1018,?,i12,
1769500909.216195,SENT,fee08517-d0a1-4d87-8948-fad652818e9c,3a54666e-1c00-49ba-9d1c-da10cea57951,c1,None,1591,?,i1,
1769500909.2162364,FORWARDED,fee08517-d0a1-4d87-8948-fad652818e9c,3a54666e-1c00-49ba-9d1c-da10cea57951,c1,None,1591,?,i1,
1769500909.26979,SENT,5e6aa357-c33e-405a-8ac2-6029cc35bca1,454196fc-7688-4e42-b360-3ef7253b93bb,c4,DROP,1011,?,i5,
1769500909.2698438,FORWARDED,5e6aa357-c33e-405a-8ac2-6029cc35bca1,454196fc-7688-4e42-b360-3ef7253b93bb,c4,DROP,1011,?,i5,
1769500909.47368,RECEIVED,f923e7f9-4bf1-4e06-be52-064201419811,84e55e95-6768-4c55-8802-41973f812368,c4,None,2223,p1,?,
1769500909.696651,RECEIVED,b14c2ce9-1e65-4a6d-9d28-970af3c2ab46,88a2cbd7-ded4-4184-afc7-c2b73e0c8d2b,c3,DROP,1441,p3,?,
1769500909.718251,RECEIVED,3694e399-710b-44a6-8fbf-fb7af65c6261,c0556a1c-ffde-40b7-95af-790ea3573656,c4,DROP,442,x6,?,
1769500909.7853374,SENT,b14c2ce9-1e65-4a6d-9d28-970af3c2ab46,88a2cbd7-ded4-4184-afc7-c2b73e0c8d2b,c3,DROP,1008,?,i11,
1769500909.7853801,FORWARDED,b14c2ce9-1e65-4a6d-9d28-970af3c2ab46,88a2cbd7-ded4-4184-afc7-c2b73e0c8d2b,c3,DROP,1008,?,i11,
1769500909.9927065,RECEIVED,cdab654e-aa13-4810-ab1c-e7a3c67b5dbc,e75b48cc-a5ab-48ed-9e8b-842e81a4bd69,c2,DROP,1439,p2,?,
1769500910.303866,SENT,f923e7f9-4bf1-4e06-be52-064201419811,84e55e95-6768-4c55-8802-41973f812368,c4,None,1595,?,i3,
1769500910.3039112,FORWARDED,f923e7f9-4bf1-4e06-be52-064201419811,84e55e95-6768-4c55-8802-41973f812368,c4,None,1595,?,i3,
1769500910.3082545,RECEIVED,eb9ec38c-e6e4-4de6-a4ec-84dff7db447e,4178fad3-f67b-4ca1-a723-9e227c83cf0f,c2,c1,2463,p2,?,
1769500910.3212986,RECEIVED,9b617ac3-cc9d-43c5-839d-cbae0ddb6c6c,a5bf05f7-5815-4f23-a44c-77290302b5dc,c5,DROP,442,x9,?,
1769500910.3227127,SENT,cdab654e-aa13-4810-ab1c-e7a3c67b5dbc,e75b48cc-a5ab-48ed-9e8b-842e81a4bd69,c2,DROP,1008,?,i1,
1769500910.322754,FORWARDED,cdab654e-aa13-4810-ab1c-e7a3c67b5dbc,e75b48cc-a5ab-48ed-9e8b-842e81a4bd69,c2,DROP,1008,?,i1,
1769500910.5109737,RECEIVED,ad52f656-df66-4612-813b-509f6e6e0a59,7b4e336f-d837-4732-8e71-0ad0c9335ab8,c4,DROP,1440,p1,?,
1769500910.5241563,RECEIVED,9450e546-1f77-4f25-ad74-c4cb3cce410f,d6d6ddf8-5a56-47d7-a990-6ae511155ea9,c1,DROP,1436,p1,?,
1769500910.5963902,SENT,9450e546-1f77-4f25-ad74-c4cb3cce410f,d6d6ddf8-5a56-47d7-a990-6ae511155ea9,c1,DROP,1003,?,i7,
1769500910.5964322,FORWARDED,9450e546-1f77-4f25-ad74-c4cb3cce410f,d6d6ddf8-5a56-47d7-a990-6ae511155ea9,c1,DROP,1003,?,i7,
1769500910.7938411,RECEIVED,8de082cf-76e7-4fb8-8200-44e1d44a81c5,71a13304-5ba0-4b91-be3d-84f9c94c3e00,c5,DROP,1457,p2,?,
1769500910.808344,SENT,8de082cf-76e7-4fb8-8200-44e1d44a81c5,71a13304-5ba0-4b91-be3d-84f9c94c3e00,c5,DROP,1019,?,i2,
1769500910.8083916,FORWARDED,8de082cf-76e7-4fb8-8200-44e1d44a81c5,71a13304-5ba0-4b91-be3d-84f9c94c3e00,c5,DROP,1019,?,i2,
1769500910.8247144,SENT,eb9ec38c-e6e4-4de6-a4ec-84dff7db447e,4178fad3-f67b-4ca1-a723-9e227c83cf0f,c2,c1,1776,?,i7,
1769500910.8247583,FORWARDED,eb9ec38c-e6e4-4de6-a4ec-84dff7db447e,4178fad3-f67b-4ca1-a723-9e227c83cf0f,c2,c1,1776,?,i7,
1769500910.9614127,RECEIVED,7be02323-4aa3-46bd-8035-2b4af945e303,170c459b-860d-4be8-9495-1d0aba7279a3,c3,None,2235,p3,?,
1769500910.966496,RECEIVED,2b864e11-a934-4c71-812c-3ff5d36c62c4,885555f8-980d-48dd-87ea-a4e622dcb4d2,c5,DROP,1451,p2,?,
1769500911.0321043,SENT,ad52f656-df66-4612-813b-509f6e6e0a59,7b4e336f-d837-4732-8e71-0ad0c9335ab8,c4,DROP,1007,?,i10,
1769500911.032148,FORWARDED,ad52f656-df66-4612-813b-509f6e6e0a59,7b4e336f-d837-4732-8e71-0ad0c9335ab8,c4,DROP,1007,?,i10,
1769500911.091968,RECEIVED,c9f79871-0e17-4ded-b332-06cb67332681,c01eff26-f3ef-4c66-a2f5-1ba7ce3d70f6,c2,None,2236,p2,?,
1769500911.2820654,RECEIVED,8bd385ad-3833-425e-a308-c3704be85d6f,7f0b5235-5b4a-435b-80ca-38cbf5c5e756,c1,None,2239,p1,?,
1769500911.4002967,SENT,c9f79871-0e17-4ded-b332-06cb67332681,c01eff26-f3ef-4c66-a2f5-1ba7ce3d70f6,c2,None,1603,?,i4,
1769500911.400336,FORWARDED,c9f79871-0e17-4ded-b332-06cb67332681,c01eff26-f3ef-4c66-a2f5-1ba7ce3d70f6,c2,None,1603,?,i4,
1769500911.479132,RECEIVED,f34c50f0-d3dd-424e-ae1a-f05ec886b8d7,33714bca-b9aa-45fb-8ca0-b635d0d9ec31,c5,DROP,1449,p2,?,
1769500911.4881048,SENT,7be02323-4aa3-46bd-8035-2b4af945e303,170c459b-860d-4be8-9495-1d0aba7279a3,c3,None,1604,?,i7,
1769500911.4881492,FORWARDED,7be02323-4aa3-46bd-8035-2b4af945e303,170c459b-860d-4be8-9495-1d0aba7279a3,c3,None,1604,?,i7,
1769500911.549531,SENT,8bd385ad-3833-425e-a308-c3704be85d6f,7f0b5235-5b4a-435b-80ca-38cbf5c5e756,c1,None,1608,?,i7,
1769500911.5495746,FORWARDED,8bd385ad-3833-425e-a308-c3704be85d6f,7f0b5235-5b4a-435b-80ca-38cbf5c5e756,c1,None,1608,?,i7,
1769500911.5665715,RECEIVED,eec495df-b0ae-43c0-8beb-aacdaec2428a,a1464520-60dd-40be-b0b4-dab98a770722,c5,DROP,1441,p2,?,
1769500911.6434288,SENT,eec495df-b0ae-43c0-8beb-aacdaec2428a,a1464520-60dd-40be-b0b4-dab98a770722,c5,DROP,1007,?,i1,
1769500911.643469,FORWARDED,eec495df-b0ae-43c0-8beb-aacdaec2428a,a1464520-60dd-40be-b0b4-dab98a770722,c5,DROP,1007,?,i1,
1769500911.650327,SENT,2b864e11-a934-4c71-812c-3ff5d36c62c4,885555f8-980d-48dd-87ea-a4e622dcb4d2,c5,DROP,1015,?,i7,
1769500911.65037,FORWARDED,2b864e11-a934-4c71-812c-3ff5d36c62c4,885555f8-980d-48dd-87ea-a4e622dcb4d2,c5,DROP,1015,?,i7,
1769500911.6547842,RECEIVED,65f3cadd-67ba-42cc-8c01-d9a3a78f700f,1d374b5d-ccf4-48d9-b4eb-b0e8eab3f1e9,c2,DROP,1441,p2,?,
1769500911.677948,RECEIVED,4e05de2b-b175-43cc-97b2-9188dd1878b1,ca4eae43-805e-4e27-b892-dd57c3f3c558,c5,DROP,1453,p2,?,
1769500911.705882,RECEIVED,62c08975-e9e3-4258-8ab9-7aca8fdb3aac,1b121614-98e2-4d86-9458-4f4dd8012028,c2,None,2225,p2,?,
1769500911.751837,SENT,4e05de2b-b175-43cc-97b2-9188dd1878b1,ca4eae43-805e-4e27-b892-dd57c3f3c558,c5,DROP,1016,?,i3,
1769500911.7518725,FORWARDED,4e05de2b-b175-43cc-97b2-9188dd1878b1,ca4eae43-805e-4e27-b892-dd57c3f3c558,c5,DROP,1016,?,i3,
1769500911.833733,RECEIVED,17a9fd16-6bda-4b15-bba9-ca0898bdda52,51d246aa-c3ab-4ca3-b9c8-0b95d9deea34,c5,DROP,1445,p2,?,
1769500911.9506145,SENT,65f3cadd-67ba-42cc-8c01-d9a3a78f700f,1d374b5d-ccf4-48d9-b4eb-b0e8eab3f1e9,c2,DROP,1007,?,i12,
1769500911.9506576,FORWARDED,65f3cadd-67ba-42cc-8c01-d9a3a78f700f,1d374b5d-ccf4-48d9-b4eb-b0e8eab3f1e9,c2,DROP,1007,?,i12,
1769500911.963599,SENT,62c08975-e9e3-4258-8ab9-7aca8fdb3aac,1b121614-98e2-4d86-9458-4f4dd8012028,c2,None,1595,?,i12,
1769500911.9636414,FORWARDED,62c08975-e9e3-4258-8ab9-7aca8fdb3aac,1b121614-98e2-4d86-9458-4f4dd8012028,c2,None,1595,?,i12,
1769500911.9850733,RECEIVED,49ae5fad-7761-4622-bc89-c46a582a4c5a,5e0ee05f-b12d-4789-828f-0280d64d389c,c4,DROP,1440,p1,?,
1769500912.121005,RECEIVED,e62f853c-934f-4a72-b7f5-1f1350e24810,8c42e83c-9bc0-4e8c-b149-6adab26d31b0,c2,DROP,1441,p2,?,
1769500912.2287705,SENT,17a9fd16-6bda-4b15-bba9-ca0898bdda52,51d246aa-c3ab-4ca3-b9c8-0b95d9deea34,c5,DROP,1011,?,i12,
1769500912.2288125,FORWARDED,17a9fd16-6bda-4b15-bba9-ca0898bdda52,51d246aa-c3ab-4ca3-b9c8-0b95d9deea34,c5,DROP,1011,?,i12,
1769500912.2321384,RECEIVED,ae77cbad-43fc-4bca-9530-817878c9b506,d9a7d21c-a84a-408a-bbd2-ec73cf0610cf,c1,DROP,441,x2,?,
1769500912.2351172,SENT,49ae5fad-7761-4622-bc89-c46a582a4c5a,5e0ee05f-b12d-4789-828f-0280d64d389c,c4,DROP,1008,?,i4,
1769500912.2351665,FORWARDED,49ae5fad-7761-4622-bc89-c46a582a4c5a,5e0ee05f-b12d-4789-828f-0280d64d389c,c4,DROP,1008,?,i4,
1769500912.2375686,RECEIVED,c06f1f3e-08e5-4b58-89e3-e2389a95e066,a8226af2-00db-49e9-bfc0-a2cd9673f136,c5,DROP,1440,p2,?,
1769500912.3908362,SENT,c06f1f3e-08e5-4b58-89e3-e2389a95e066,a8226af2-00db-49e9-bfc0-a2cd9673f136,c5,DROP,1007,?,i3,
1769500912.3908796,FORWARDED,c06f1f3e-08e5-4b58-89e3-e2389a95e066,a8226af2-00db-49e9-bfc0-a2cd9673f136,c5,DROP,1007,?,i3,
1769500912.421332,SENT,e62f853c-934f-4a72-b7f5-1f1350e24810,8c42e83c-9bc0-4e8c-b149-6adab26d31b0,c2,DROP,1008,?,i12,
1769500912.4213743,FORWARDED,e62f853c-934f-4a72-b7f5-1f1350e24810,8c42e83c-9bc0-4e8c-b149-6adab26d31b0,c2,DROP,1008,?,i12,
1769500912.485583,RECEIVED,32897b4b-7268-4fac-8dfc-5dd6d9d3bdce,3f22d4a9-c92b-48a5-9b48-c581163736fa,c5,DROP,1439,p2,?,
1769500912.6873565,RECEIVED,0d90c32f-2392-4a88-b167-ecb04eb98f95,b6f7cb0d-c84c-47e0-b4cb-b65bdb4412d4,c3,DROP,1440,p3,?,
1769500912.873196,SENT,32897b4b-7268-4fac-8dfc-5dd6d9d3bdce,3f22d4a9-c92b-48a5-9b48-c581163736fa,c5,DROP,1007,?,i3,
1769500912.8732333,FORWARDED,32897b4b-7268-4fac-8dfc-5dd6d9d3bdce,3f22d4a9-c92b-48a5-9b48-c581163736fa,c5,DROP,1007,?,i3,
1769500912.92069,SENT,0d90c32f-2392-4a88-b167-ecb04eb98f95,b6f7cb0d-c84c-47e0-b4cb-b65bdb4412d4,c3,DROP,1008,?,i2,
1769500912.920733,FORWARDED,0d90c32f-2392-4a88-b167-ecb04eb98f95,b6f7cb0d-c84c-47e0-b4cb-b65bdb4412d4,c3,DROP,1008,?,i2,
1769500912.9951003,RECEIVED,dd886546-9db2-4efc-8302-c4aede83df5e,04f6cc23-4267-4678-9137-41f87ea58d4b,c1,c5,2463,p1,?,
1769500913.0107923,RECEIVED,5e88b0cc-cfaa-4c4e-8225-91cd6caac506,52aab59a-083f-4e1e-b167-da2741bdaa5c,c3,DROP,1440,p3,?,
1769500913.051706,SENT,5e88b0cc-cfaa-4c4e-8225-91cd6caac506,52aab59a-083f-4e1e-b167-da2741bdaa5c,c3,DROP,1008,?,i8,
1769500913.051745,FORWARDED,5e88b0cc-cfaa-4c4e-8225-91cd6caac506,52aab59a-083f-4e1e-b167-da2741bdaa5c,c3,DROP,1008,?,i8,
1769500913.176765,RECEIVED,6d97c20a-8db4-4ebe-8c53-517ebe7ec186,e0e36d2e-760a-4280-88c0-c761882c1ea5,c2,DROP,441,x6,?,
1769500913.1988282,RECEIVED,0b28beb2-73db-4d33-bcef-f1076fd5f3e2,6911272d-310d-45ea-b5bf-83bd3c7dbd6d,c3,c4,2458,p3,?,
1769500913.214294,RECEIVED,20e689c3-a9d7-4300-97cc-8d8a425f011b,c51d6228-ea82-46c9-8d03-d424702057df,c1,DROP,441,x10,?,
1769500913.3637033,RECEIVED,79b6bdce-df7f-4faa-891e-d6f431d03408,7044aa51-2e70-470d-a172-0802163b1523,c3,DROP,1438,p3,?,
1769500913.4212792,SENT,0b28beb2-73db-4d33-bcef-f1076fd5f3e2,6911272d-310d-45ea-b5bf-83bd3c7dbd6d,c3,c4,1771,?,i8,
1769500913.4213226,FORWARDED,0b28beb2-73db-4d33-bcef-f1076fd5f3e2,6911272d-310d-45ea-b5bf-83bd3c7dbd6d,c3,c4,1771,?,i8,
1769500913.4997537,RECEIVED,1ab30ea9-e732-4b8d-9bae-053fef35c5cf,9f3581e7-d472-4f88-a138-30eab93ee9cc,c4,DROP,1448,p1,?,
1769500913.5010102,SENT,dd886546-9db2-4efc-8302-c4aede83df5e,04f6cc23-4267-4678-9137-41f87ea58d4b,c1,c5,1775,?,i9,
1769500913.5010612,FORWARDED,dd886546-9db2-4efc-8302-c4aede83df5e,04f6cc23-4267-4678-9137-41f87ea58d4b,c1,c5,1775,?,i9,
1769500913.5309281,SENT,f34c50f0-d3dd-424e-ae1a-f05ec886b8d7,33714bca-b9aa-45fb-8ca0-b635d0d9ec31,c5,DROP,1015,?,i7,
1769500913.5309718,FORWARDED,f34c50f0-d3dd-424e-ae1a-f05ec886b8d7,33714bca-b9aa-45fb-8ca0-b635d0d9ec31,c5,DROP,1015,?,i7,
1769500913.5412443,RECEIVED,af321bd4-aae0-4633-891c-a64b73eadfab,db5257c2-9e40-4b02-8e2f-a46f15939c89,c1,None,2224,p1,?,
1769500913.6351795,RECEIVED,93acd0c5-a76e-4153-a1e9-b10bf9e7b5cd,869e047b-fa68-4f67-9f03-5752d96e34b8,c2,DROP,1448,p2,?,
1769500913.6375637,SENT,1ab30ea9-e732-4b8d-9bae-053fef35c5cf,9f3581e7-d472-4f88-a138-30eab93ee9cc,c4,DROP,1014,?,i7,
1769500913.637604,FORWARDED,1ab30ea9-e732-4b8d-9bae-053fef35c5cf,9f3581e7-d472-4f88-a138-30eab93ee9cc,c4,DROP,1014,?,i7,
1769500913.6590338,RECEIVED,8e30b37e-a3cf-44e4-b579-ea7ff2093c22,54c06569-0568-4b74-b64c-05a51b5a1398,c1,DROP,1447,p1,?,
1769500913.8683178,SENT,93acd0c5-a76e-4153-a1e9-b10bf9e7b5cd,869e047b-fa68-4f67-9f03-5752d96e34b8,c2,DROP,1012,?,i2,
1769500913.8683596,FORWARDED,93acd0c5-a76e-4153-a1e9-b10bf9e7b5cd,869e047b-fa68-4f67-9f03-5752d96e34b8,c2,DROP,1012,?,i2,
1769500913.8696156,RECEIVED,a42678df-6cc9-42ba-a38a-e5ac6a750a59,af237b31-3ec0-4dbe-9729-5bd9a453dbc5,c4,c3,2463,p1,?,
1769500913.9179935,RECEIVED,9516cd5f-3f47-4e44-8391-a505655a7867,f152028b-520c-4b52-aa12-ffdd3e0eacde,c4,DROP,1441,p1,?,
1769500913.9769819,SENT,9516cd5f-3f47-4e44-8391-a505655a7867,f152028b-520c-4b52-aa12-ffdd3e0eacde,c4,DROP,1007,?,i12,
1769500913.9770231,FORWARDED,9516cd5f-3f47-4e44-8391-a505655a7867,f152028b-520c-4b52-aa12-ffdd3e0eacde,c4,DROP,1007,?,i12,
1769500914.1176386,SENT,a42678df-6cc9-42ba-a38a-e5ac6a750a59,af237b31-3ec0-4dbe-9729-5bd9a453dbc5,c4,c3,1775,?,i3,
1769500914.1176815,FORWARDED,a42678df-6cc9-42ba-a38a-e5ac6a750a59,af237b31-3ec0-4dbe-9729-5bd9a453dbc5,c4,c3,1775,?,i3,
1769500914.1894853,SENT,8e30b37e-a3cf-44e4-b579-ea7ff2093c22,54c06569-0568-4b74-b64c-05a51b5a1398,c1,DROP,1012,?,i2,
1769500914.1895285,FORWARDED,8e30b37e-a3cf-44e4-b579-ea7ff2093c22,54c06569-0568-4b74-b64c-05a51b5a1398,c1,DROP,1012,?,i2,
1769500914.2771122,RECEIVED,62dda3bb-c5b9-4dfe-aa67-21bcdcb175cf,0f60c094-336f-45eb-90a9-70a2b3ce87b5,c5,DROP,442,x5,?,
1769500914.4605575,RECEIVED,b4656855-24e7-426e-aecb-4a50b4302ba6,2ee8a6a8-22fe-4f92-8146-248c648efd1f,c1,DROP,1445,p1,?,
1769500914.605447,SENT,af321bd4-aae0-4633-891c-a64b73eadfab,db5257c2-9e40-4b02-8e2f-a46f15939c89,c1,None,1596,?,i12,
1769500914.6054878,FORWARDED,af321bd4-aae0-4633-891c-a64b73eadfab,db5257c2-9e40-4b02-8e2f-a46f15939c89,c1,None,1596,?,i12,
1769500914.6218321,RECEIVED,09b560d0-9d23-4f07-bc2f-a7129d3e44c3,f8e14580-405e-4516-ba13-a456ce7421c9,c3,c4,2464,p3,?,
1769500914.828305,RECEIVED,37cee0fc-9b9d-4f95-9622-bc916796413a,bef7c1f9-f701-4cef-b9ab-20100f648d15,c2,DROP,438,x5,?,
1769500914.8732064,SENT,79b6bdce-df7f-4faa-891e-d6f431d03408,7044aa51-2e70-470d-a172-0802163b1523,c3,DROP,1008,?,i3,
1769500914.873246,FORWARDED,79b6bdce-df7f-4faa-891e-d6f431d03408,7044aa51-2e70-470d-a172-0802163b1523,c3,DROP,1008,?,i3,
1769500914.9558485,SENT,09b560d0-9d23-4f07-bc2f-a7129d3e44c3,f8e14580-405e-4516-ba13-a456ce7421c9,c3,c4,1776,?,i12,
1769500914.9558897,FORWARDED,09b560d0-9d23-4f07-bc2f-a7129d3e44c3,f8e14580-405e-4516-ba13-a456ce7421c9,c3,c4,1776,?,i12,
1769500915.0634453,RECEIVED,07c839d8-2ee6-40ca-94dc-3477d9bc7ac5,0dafa200-773d-4060-a852-9441175b0393,c4,DROP,441,x8,?,
1769500915.1984327,RECEIVED,5321931d-72c3-4d62-bc4b-a4cee7bf34bc,a5b1c134-3a2a-4755-9342-722f0832d984,c3,DROP,1440,p3,?,
1769500915.290628,SENT,5321931d-72c3-4d62-bc4b-a4cee7bf34bc,a5b1c134-3a2a-4755-9342-722f0832d984,c3,DROP,1008,?,i5,
1769500915.2906663,FORWARDED,5321931d-72c3-4d62-bc4b-a4cee7bf34bc,a5b1c134-3a2a-4755-9342-722f0832d984,c3,DROP,1008,?,i5,
1769500915.3152788,RECEIVED,7de0ec27-e948-4103-a0c2-d558b0c7c7cf,badea2d5-cc48-4c3e-8b6e-ad9e7c5a00ff,c4,DROP,1451,p1,?,
1769500915.4218848,SENT,b4656855-24e7-426e-aecb-4a50b4302ba6,2ee8a6a8-22fe-4f92-8146-248c648efd1f,c1,DROP,1012,?,i2,
1769500915.4219246,FORWARDED,b4656855-24e7-426e-aecb-4a50b4302ba6,2ee8a6a8-22fe-4f92-8146-248c648efd1f,c1,DROP,1012,?,i2,
1769500915.5498416,RECEIVED,592b384f-d932-43b1-ade0-7ece30dc39a4,778addce-9eb6-4d02-8a50-cfcd7a71fa4a,c5,c2,2471,p2,?,
1769500915.839962,RECEIVED,9c27c114-6961-4db2-827d-494cb0fa3970,81468e28-7ad8-4bde-910a-6456ed795294,c2,None,2233,p2,?,
1769500915.8629396,RECEIVED,edc1d376-b6c2-4c51-97ee-7f4fd80e7434,ae694b64-53b6-4c33-a46c-e6bf48b35225,c1,DROP,1443,p1,?,
1769500915.8640838,SENT,7de0ec27-e948-4103-a0c2-d558b0c7c7cf,badea2d5-cc48-4c3e-8b6e-ad9e7c5a00ff,c4,DROP,1015,?,i7,
1769500915.864127,FORWARDED,7de0ec27-e948-4103-a0c2-d558b0c7c7cf,badea2d5-cc48-4c3e-8b6e-ad9e7c5a00ff,c4,DROP,1015,?,i7,
1769500915.952475,SENT,592b384f-d932-43b1-ade0-7ece30dc39a4,778addce-9eb6-4d02-8a50-cfcd7a71fa4a,c5,c2,1780,?,i7,
1769500915.9525187,FORWARDED,592b384f-d932-43b1-ade0-7ece30dc39a4,778addce-9eb6-4d02-8a50-cfcd7a71fa4a,c5,c2,1780,?,i7,
1769500915.9892035,RECEIVED,78734f67-0b5e-4500-aa90-a486a9c29e1e,e834d17d-1ec2-4948-a997-7b5b0fcebe15,c4,c3,2460,p1,?,
1769500915.9992843,RECEIVED,1a9b1989-a4d5-4b59-aafb-d237e0fab94b,eb6e86a2-a54e-4282-9373-efbc2d8ecc1b,c1,c5,2464,p1,?,
1769500916.000235,RECEIVED,ccf4db95-6c3a-442d-a036-ec78e8d53ef6,73aaa445-8fbe-4735-8ad9-010e4eafd0b7,c3,c4,2459,p3,?,
1769500916.0335817,SENT,9c27c114-6961-4db2-827d-494cb0fa3970,81468e28-7ad8-4bde-910a-6456ed795294,c2,None,1601,?,i10,
1769500916.0336328,FORWARDED,9c27c114-6961-4db2-827d-494cb0fa3970,81468e28-7ad8-4bde-910a-6456ed795294,c2,None,1601,?,i10,
1769500916.0578723,RECEIVED,99e34715-d215-4b3d-a0b3-f5afb2f78db7,ceed9ff2-fef4-4efc-a125-929a99393a22,c1,DROP,1447,p1,?,
1769500916.06004,SENT,78734f67-0b5e-4500-aa90-a486a9c29e1e,e834d17d-1ec2-4948-a997-7b5b0fcebe15,c4,c3,1772,?,i5,
1769500916.060109,FORWARDED,78734f67-0b5e-4500-aa90-a486a9c29e1e,e834d17d-1ec2-4948-a997-7b5b0fcebe15,c4,c3,1772,?,i5,
1769500916.0686886,SENT,1a9b1989-a4d5-4b59-aafb-d237e0fab94b,eb6e86a2-a54e-4282-9373-efbc2d8ecc1b,c1,c5,1775,?,i3,
1769500916.0687304,FORWARDED,1a9b1989-a4d5-4b59-aafb-d237e0fab94b,eb6e86a2-a54e-4282-9373-efbc2d8ecc1b,c1,c5,1775,?,i3,
1769500916.0987701,RECEIVED,5ea96f22-86ac-4d7c-8605-7af703e4401a,378cc973-8e69-4e76-a6dd-9d7135f9aeee,c4,DROP,441,x1,?,
1769500916.1022909,RECEIVED,49c03010-f00d-42e6-a34f-e2a722de2a30,d8dc2112-175e-487e-bfde-7013ca968566,c5,DROP,1444,p2,?,
1769500916.108632,RECEIVED,b0c0bb1f-dca1-416f-9181-9515feebb650,25dc142c-5c9e-4913-8b5b-82299b8737d5,c5,DROP,1453,p2,?,
1769500916.1253126,RECEIVED,e20a7d65-fd69-4ab3-8c9e-9d5f2a2d3dc1,791e5bd3-7319-444e-a03e-f423c3217be2,c5,c2,2464,p2,?,
1769500916.1476154,SENT,ccf4db95-6c3a-442d-a036-ec78e8d53ef6,73aaa445-8fbe-4735-8ad9-010e4eafd0b7,c3,c4,1773,?,i4,
1769500916.1476624,FORWARDED,ccf4db95-6c3a-442d-a036-ec78e8d53ef6,73aaa445-8fbe-4735-8ad9-010e4eafd0b7,c3,c4,1773,?,i4,
1769500916.2291973,SENT,e20a7d65-fd69-4ab3-8c9e-9d5f2a2d3dc1,791e5bd3-7319-444e-a03e-f423c3217be2,c5,c2,1776,?,i6,
1769500916.2292943,FORWARDED,e20a7d65-fd69-4ab3-8c9e-9d5f2a2d3dc1,791e5bd3-7319-444e-a03e-f423c3217be2,c5,c2,1776,?,i6,
1769500916.3423233,SENT,49c03010-f00d-42e6-a34f-e2a722de2a30,d8dc2112-175e-487e-bfde-7013ca968566,c5,DROP,1009,?,i4,
1769500916.3423655,FORWARDED,49c03010-f00d-42e6-a34f-e2a722de2a30,d8dc2112-175e-487e-bfde-7013ca968566,c5,DROP,1009,?,i4,
1769500916.5011504,SENT,b0c0bb1f-dca1-416f-9181-9515feebb650,25dc142c-5c9e-4913-8b5b-82299b8737d5,c5,DROP,1016,?,i11,
1769500916.5011878,FORWARDED,b0c0bb1f-dca1-416f-9181-9515feebb650,25dc142c-5c9e-4913-8b5b-82299b8737d5,c5,DROP,1016,?,i11,
1769500916.5042388,RECEIVED,2424a18b-162d-42ac-8866-0b83bc484217,ae2ed5f1-1c89-4ce4-a301-aec70c173ff0,c4,DROP,1439,p1,?,
1769500916.5363789,RECEIVED,deabd88d-7156-4d17-a927-d07b5e541813,15993faa-3afa-4a67-bd92-9769221853bb,c2,DROP,441,x9,?,
1769500916.544905,RECEIVED,0d6391df-acde-486e-b8af-af0c5164c883,92d3b644-dad0-415c-8ef7-bf2bc494c294,c5,c2,2463,p2,?,
1769500916.5617135,SENT,edc1d376-b6c2-4c51-97ee-7f4fd80e7434,ae694b64-53b6-4c33-a46c-e6bf48b35225,c1,DROP,1010,?,i7,
1769500916.5617537,FORWARDED,edc1d376-b6c2-4c51-97ee-7f4fd80e7434,ae694b64-53b6-4c33-a46c-e6bf48b35225,c1,DROP,1010,?,i7,
1769500916.6351657,RECEIVED,25a9606e-ed2d-4ddb-826b-57ec2b763303,d33230f0-e3a2-4f9f-862b-bd4ffd85a9bf,c3,c4,2468,p3,?,
1769500916.6952057,RECEIVED,b2960124-4384-46b2-a862-5671d1eb8700,ed802f13-ce9a-4cb8-b3cf-a5e2857cfc6e,c5,DROP,1452,p2,?,
1769500916.710367,SENT,25a9606e-ed2d-4ddb-826b-57ec2b763303,d33230f0-e3a2-4f9f-862b-bd4ffd85a9bf,c3,c4,1779,?,i10,
1769500916.710423,FORWARDED,25a9606e-ed2d-4ddb-826b-57ec2b763303,d33230f0-e3a2-4f9f-862b-bd4ffd85a9bf,c3,c4,1779,?,i10,
1769500916.8009093,RECEIVED,738d506f-7141-450a-953b-5995eade26a5,6af36dd2-fdb0-434e-9044-4f02c7871e44,c3,c4,2448,p3,?,
1769500916.8411756,SENT,738d506f-7141-450a-953b-5995eade26a5,6af36dd2-fdb0-434e-9044-4f02c7871e44,c3,c4,1763,?,i1,
1769500916.8412178,FORWARDED,738d506f-7141-450a-953b-5995eade26a5,6af36dd2-fdb0-434e-9044-4f02c7871e44,c3,c4,1763,?,i1,
1769500916.943203,SENT,2424a18b-162d-42ac-8866-0b83bc484217,ae2ed5f1-1c89-4ce4-a301-aec70c173ff0,c4,DROP,1007,?,i9,
1769500916.9432466,FORWARDED,2424a18b-162d-42ac-8866-0b83bc484217,ae2ed5f1-1c89-4ce4-a301-aec70c173ff0,c4,DROP,1007,?,i9,
1769500917.149877,RECEIVED,4be36693-9938-49a0-bad5-40f9234539e7,f1db266c-1d7e-4f98-b708-5fb6ffbd6f4f,c4,DROP,1440,p1,?,
1769500917.1668391,RECEIVED,bed721b0-d3c1-4914-a54f-102ba765a552,e1a743fc-2bb7-428d-8084-5cb5991d8cee,c3,DROP,1452,p3,?,
1769500917.1796403,RECEIVED,42a7e1be-17eb-41c8-81f6-2654098bef44,ee9477d9-7638-43ae-b1b7-913936b0b08c,c5,c2,2460,p2,?,
1769500917.218594,RECEIVED,bbe955a5-d8fc-423b-82a9-e6d13eb396ae,d82c9973-0e9c-469f-8d19-52ad50c3d2f4,c3,DROP,1443,p3,?,
1769500917.3563178,SENT,4be36693-9938-49a0-bad5-40f9234539e7,f1db266c-1d7e-4f98-b708-5fb6ffbd6f4f,c4,DROP,1007,?,i11,
1769500917.3563592,FORWARDED,4be36693-9938-49a0-bad5-40f9234539e7,f1db266c-1d7e-4f98-b708-5fb6ffbd6f4f,c4,DROP,1007,?,i11,
1769500917.3892157,SENT,42a7e1be-17eb-41c8-81f6-2654098bef44,ee9477d9-7638-43ae-b1b7-913936b0b08c,c5,c2,1771,?,i1,
1769500917.3892593,FORWARDED,42a7e1be-17eb-41c8-81f6-2654098bef44,ee9477d9-7638-43ae-b1b7-913936b0b08c,c5,c2,1771,?,i1,
1769500917.3920076,SENT,b2960124-4384-46b2-a862-5671d1eb8700,ed802f13-ce9a-4cb8-b3cf-a5e2857cfc6e,c5,DROP,1017,?,i10,
1769500917.3920617,FORWARDED,b2960124-4384-46b2-a862-5671d1eb8700,ed802f13-ce9a-4cb8-b3cf-a5e2857cfc6e,c5,DROP,1017,?,i10,
1769500917.44075,SENT,99e34715-d215-4b3d-a0b3-f5afb2f78db7,ceed9ff2-fef4-4efc-a125-929a99393a22,c1,DROP,1013,?,i8,
1769500917.4407885,FORWARDED,99e34715-d215-4b3d-a0b3-f5afb2f78db7,ceed9ff2-fef4-4efc-a125-929a99393a22,c1,DROP,1013,?,i8,
1769500917.4814742,RECEIVED,d3b9aba7-fc77-4fba-9576-600621994e36,824adc70-a36f-4500-b70b-13b5ddc32339,c5,None,2223,p2,?,
1769500917.5242376,SENT,bed721b0-d3c1-4914-a54f-102ba765a552,e1a743fc-2bb7-428d-8084-5cb5991d8cee,c3,DROP,1015,?,i12,
1769500917.5242844,FORWARDED,bed721b0-d3c1-4914-a54f-102ba765a552,e1a743fc-2bb7-428d-8084-5cb5991d8cee,c3,DROP,1015,?,i12,
1769500917.5517266,RECEIVED,c30be0a8-92f9-44ae-93ad-25f5e179215e,4df790a2-c5b5-40b1-aea3-44eec93ace2d,c4,None,2231,p1,?,
1769500917.5803926,SENT,d3b9aba7-fc77-4fba-9576-600621994e36,824adc70-a36f-4500-b70b-13b5ddc32339,c5,None,1594,?,i2,
1769500917.5804353,FORWARDED,d3b9aba7-fc77-4fba-9576-600621994e36,824adc70-a36f-4500-b70b-13b5ddc32339,c5,None,1594,?,i2,
1769500917.6139448,RECEIVED,cdabbcc4-07d0-4d02-84fb-5b1a66d36dfe,ed7a3713-74dd-4bfd-9532-47b8de64c20f,c2,None,2223,p2,?,
1769500917.6573157,RECEIVED,de523079-cc51-4bf2-a6b5-e51c63c0eb83,22b6ae78-7056-41a7-9ee8-93e136b7d97c,c3,DROP,1443,p3,?,
1769500917.7100155,RECEIVED,65f7e3df-5c25-48bd-9518-69e060f33106,2523fd06-25ff-4849-b3d8-92c46fa870c1,c4,None,2220,p1,?,
1769500917.8114254,SENT,c30be0a8-92f9-44ae-93ad-25f5e179215e,4df790a2-c5b5-40b1-aea3-44eec93ace2d,c4,None,1600,?,i9,
1769500917.8114688,FORWARDED,c30be0a8-92f9-44ae-93ad-25f5e179215e,4df790a2-c5b5-40b1-aea3-44eec93ace2d,c4,None,1600,?,i9,
1769500917.8186727,SENT,0d6391df-acde-486e-b8af-af0c5164c883,92d3b644-dad0-415c-8ef7-bf2bc494c294,c5,c2,1775,?,i6,
1769500917.8187149,FORWARDED,0d6391df-acde-486e-b8af-af0c5164c883,92d3b644-dad0-415c-8ef7-bf2bc494c294,c5,c2,1775,?,i6,
1769500918.334521,SENT,cdabbcc4-07d0-4d02-84fb-5b1a66d36dfe,ed7a3713-74dd-4bfd-9532-47b8de64c20f,c2,None,1594,?,i6,
1769500918.3345644,FORWARDED,cdabbcc4-07d0-4d02-84fb-5b1a66d36dfe,ed7a3713-74dd-4bfd-9532-47b8de64c20f,c2,None,1594,?,i6,
1769500918.4081187,RECEIVED,576f802d-0a75-4f67-a9dd-4f4424667ce2,6b7a3073-1cea-4a0e-a568-1062e87a976b,c2,DROP,1452,p2,?,
1769500918.4248357,RECEIVED,fd04937c-0b7e-4f74-a29a-efa257748b7f,ff550d66-0f6b-4bf5-bf4f-76e062c8a6fa,c3,None,2227,p3,?,
1769500918.6903396,SENT,de523079-cc51-4bf2-a6b5-e51c63c0eb83,22b6ae78-7056-41a7-9ee8-93e136b7d97c,c3,DROP,1009,?,i2,
1769500918.690379,FORWARDED,de523079-cc51-4bf2-a6b5-e51c63c0eb83,22b6ae78-7056-41a7-9ee8-93e136b7d97c,c3,DROP,1009,?,i2,
1769500918.6975641,SENT,bbe955a5-d8fc-423b-82a9-e6d13eb396ae,d82c9973-0e9c-469f-8d19-52ad50c3d2f4,c3,DROP,1011,?,i5,
1769500918.6976063,FORWARDED,bbe955a5-d8fc-423b-82a9-e6d13eb396ae,d82c9973-0e9c-469f-8d19-52ad50c3d2f4,c3,DROP,1011,?,i5,
1769500918.7495136,RECEIVED,b81acb8d-3bc2-4573-bc06-fd29aaccb09e,725ac19b-24c9-4907-b670-1b3485db10eb,c1,DROP,1447,p1,?,
1769500918.7761025,SENT,576f802d-0a75-4f67-a9dd-4f4424667ce2,6b7a3073-1cea-4a0e-a568-1062e87a976b,c2,DROP,1015,?,i4,
1769500918.7761464,FORWARDED,576f802d-0a75-4f67-a9dd-4f4424667ce2,6b7a3073-1cea-4a0e-a568-1062e87a976b,c2,DROP,1015,?,i4,
1769500918.806011,SENT,65f7e3df-5c25-48bd-9518-69e060f33106,2523fd06-25ff-4849-b3d8-92c46fa870c1,c4,None,1591,?,i10,
1769500918.806083,FORWARDED,65f7e3df-5c25-48bd-9518-69e060f33106,2523fd06-25ff-4849-b3d8-92c46fa870c1,c4,None,1591,?,i10,
1769500918.874715,RECEIVED,11f854fd-d901-44a8-9c63-11bf8ac80bf4,c30fa3cc-d4c4-4734-bc43-a9179295ae0b,c2,c1,2448,p2,?,
1769500918.9058392,RECEIVED,b6812405-6914-41fd-a48a-b8317d96041a,6a2cfd76-6c70-469a-88a3-41f366a23b2a,c5,DROP,1443,p2,?,
1769500918.940767,RECEIVED,43743273-4a57-466e-9b22-8c17a0a7699b,f037d562-ebd6-48c8-b638-c30a013a215e,c4,None,2231,p1,?,
1769500918.9822886,RECEIVED,ef21db6b-7e55-455a-a4e7-a994eb28c85f,82184b23-2f6d-4664-97a7-a9ffa4e5d049,c5,DROP,441,x9,?,
1769500919.0730834,RECEIVED,99546ffa-b7e9-4eaf-afc7-0c79c7948b71,8da32b0e-e893-4128-a0a8-a411a4df2e3d,c5,DROP,1444,p2,?,
1769500919.1793613,RECEIVED,9690eaee-85d4-4438-9aad-067e044a68b0,01081926-2420-458a-9a60-b396ac930963,c1,DROP,1455,p1,?,
1769500919.2200139,SENT,43743273-4a57-466e-9b22-8c17a0a7699b,f037d562-ebd6-48c8-b638-c30a013a215e,c4,None,1601,?,i9,
1769500919.220078,FORWARDED,43743273-4a57-466e-9b22-8c17a0a7699b,f037d562-ebd6-48c8-b638-c30a013a215e,c4,None,1601,?,i9,
1769500919.2720404,SENT,99546ffa-b7e9-4eaf-afc7-0c79c7948b71,8da32b0e-e893-4128-a0a8-a411a4df2e3d,c5,DROP,1010,?,i1,
1769500919.2720945,FORWARDED,99546ffa-b7e9-4eaf-afc7-0c79c7948b71,8da32b0e-e893-4128-a0a8-a411a4df2e3d,c5,DROP,1010,?,i1,
1769500919.2989373,RECEIVED,0bc3f79b-9dd1-4fe5-8588-e04966ab9de3,43d27d7d-72a6-4223-a9c0-ec24a1e4dddf,c2,DROP,1443,p2,?,
1769500919.3749583,SENT,0bc3f79b-9dd1-4fe5-8588-e04966ab9de3,43d27d7d-72a6-4223-a9c0-ec24a1e4dddf,c2,DROP,1007,?,i10,
1769500919.375,FORWARDED,0bc3f79b-9dd1-4fe5-8588-e04966ab9de3,43d27d7d-72a6-4223-a9c0-ec24a1e4dddf,c2,DROP,1007,?,i10,
1769500919.4032245,SENT,b6812405-6914-41fd-a48a-b8317d96041a,6a2cfd76-6c70-469a-88a3-41f366a23b2a,c5,DROP,1011,?,i9,
1769500919.403265,FORWARDED,b6812405-6914-41fd-a48a-b8317d96041a,6a2cfd76-6c70-469a-88a3-41f366a23b2a,c5,DROP,1011,?,i9,
1769500919.8203886,RECEIVED,740885c8-c983-4318-8465-19f8440f89af,f2b50313-c4ae-4a1e-ae9a-44e47f02bf81,c1,DROP,441,x1,?,
1769500919.8230917,RECEIVED,6ddbec99-b13a-41b5-87f1-5eee55b68a4b,5cca5c57-465f-4dd4-aa36-2c4f45d9707c,c3,None,2236,p3,?,
1769500919.8786693,SENT,11f854fd-d901-44a8-9c63-11bf8ac80bf4,c30fa3cc-d4c4-4734-bc43-a9179295ae0b,c2,c1,1763,?,i10,
1769500919.8787098,FORWARDED,11f854fd-d901-44a8-9c63-11bf8ac80bf4,c30fa3cc-d4c4-4734-bc43-a9179295ae0b,c2,c1,1763,?,i10,
1769500919.8880084,SENT,b81acb8d-3bc2-4573-bc06-fd29aaccb09e,725ac19b-24c9-4907-b670-1b3485db10eb,c1,DROP,1013,?,i8,
1769500919.8880603,FORWARDED,b81acb8d-3bc2-4573-bc06-fd29aaccb09e,725ac19b-24c9-4907-b670-1b3485db10eb,c1,DROP,1013,?,i8,
1769500919.9106467,RECEIVED,c2ef51d1-1e0d-4aab-84f3-b4c55f3b1338,0f8cc827-4b46-4a2b-a3ae-29d5686b66ee,c2,c1,2472,p2,?,
1769500919.9237607,SENT,6ddbec99-b13a-41b5-87f1-5eee55b68a4b,5cca5c57-465f-4dd4-aa36-2c4f45d9707c,c3,None,1603,?,i9,
1769500919.9238033,FORWARDED,6ddbec99-b13a-41b5-87f1-5eee55b68a4b,5cca5c57-465f-4dd4-aa36-2c4f45d9707c,c3,None,1603,?,i9,
1769500919.98351,SENT,c2ef51d1-1e0d-4aab-84f3-b4c55f3b1338,0f8cc827-4b46-4a2b-a3ae-29d5686b66ee,c2,c1,1780,?,i9,
1769500919.9835503,FORWARDED,c2ef51d1-1e0d-4aab-84f3-b4c55f3b1338,0f8cc827-4b46-4a2b-a3ae-29d5686b66ee,c2,c1,1780,?,i9,
1769500919.9933205,RECEIVED,a20dfc2a-cc3f-4d2d-8113-2427a8379e1a,d16b21c1-b78d-48b4-b500-2ee00a318247,c2,DROP,1446,p2,?,
1769500920.0038688,SENT,fd04937c-0b7e-4f74-a29a-efa257748b7f,ff550d66-0f6b-4bf5-bf4f-76e062c8a6fa,c3,None,1599,?,i3,
1769500920.0039146,FORWARDED,fd04937c-0b7e-4f74-a29a-efa257748b7f,ff550d66-0f6b-4bf5-bf4f-76e062c8a6fa,c3,None,1599,?,i3,
1769500920.1820688,RECEIVED,1211d2ad-3be3-4c67-943d-79fc92286662,9ddcd18a-1599-4e2e-9fbd-4e50a8f25662,c3,DROP,1439,p3,?,
1769500920.3913975,SENT,9690eaee-85d4-4438-9aad-067e044a68b0,01081926-2420-458a-9a60-b396ac930963,c1,DROP,1020,?,i8,
1769500920.3914402,FORWARDED,9690eaee-85d4-4438-9aad-067e044a68b0,01081926-2420-458a-9a60-b396ac930963,c1,DROP,1020,?,i8,
1769500920.4507844,RECEIVED,30db829f-4b18-4b37-a742-820f960535f7,60fe4239-2ae4-488a-909e-7788f9c636c2,c3,DROP,442,x4,?,
1769500920.6072319,SENT,a20dfc2a-cc3f-4d2d-8113-2427a8379e1a,d16b21c1-b78d-48b4-b500-2ee00a318247,c2,DROP,1014,?,i9,
1769500920.6072683,FORWARDED,a20dfc2a-cc3f-4d2d-8113-2427a8379e1a,d16b21c1-b78d-48b4-b500-2ee00a318247,c2,DROP,1014,?,i9,
1769500920.8235693,RECEIVED,d83750fe-7c09-44fa-b3c9-b45a07350352,ac464d44-4720-4391-b733-9eee96738cb0,c4,DROP,1436,p1,?,
1769500920.869511,RECEIVED,077dc4fe-c520-4168-9464-4851039b51cb,1d318e4f-4700-4257-9988-c8664760c641,c5,c2,2460,p2,?,
1769500920.9585898,SENT,077dc4fe-c520-4168-9464-4851039b51cb,1d318e4f-4700-4257-9988-c8664760c641,c5,c2,1772,?,i1,
1769500920.9586308,FORWARDED,077dc4fe-c520-4168-9464-4851039b51cb,1d318e4f-4700-4257-9988-c8664760c641,c5,c2,1772,?,i1,
1769500920.978076,RECEIVED,b428b654-0d19-4555-a1f8-f2da0b332568,6a02df54-ab28-41f7-9e9b-f843620ceb9d,c1,DROP,1443,p1,?,
1769500921.0211048,SENT,d83750fe-7c09-44fa-b3c9-b45a07350352,ac464d44-4720-4391-b733-9eee96738cb0,c4,DROP,1003,?,i2,
1769500921.0211473,FORWARDED,d83750fe-7c09-44fa-b3c9-b45a07350352,ac464d44-4720-4391-b733-9eee96738cb0,c4,DROP,1003,?,i2,
1769500921.0502675,RECEIVED,bc0aec57-3e52-4e15-b6d6-54e0c4626069,e8a92c83-5459-49c4-b5e4-f72382da99a2,c3,DROP,1448,p3,?,
1769500921.274697,SENT,bc0aec57-3e52-4e15-b6d6-54e0c4626069,e8a92c83-5459-49c4-b5e4-f72382da99a2,c3,DROP,1012,?,i3,
1769500921.2747493,FORWARDED,bc0aec57-3e52-4e15-b6d6-54e0c4626069,e8a92c83-5459-49c4-b5e4-f72382da99a2,c3,DROP,1012,?,i3,
1769500921.2923713,RECEIVED,191f5f40-f1d0-4735-aa69-d64be533ac0b,2980ee7c-0758-4ca3-8e28-d1a26e150131,c3,DROP,442,x4,?,
1769500921.3472857,RECEIVED,fbc457e8-a4d0-469b-8b25-d2bd6ab6c784,fbc426ac-9e09-41e0-bff5-2fcdfd8ef677,c5,DROP,1452,p2,?,
1769500921.5131676,RECEIVED,a189dea5-e540-44e7-a975-4b91fd5b313c,3f1cd1c8-608e-42b7-9278-368d6febb468,c4,DROP,1456,p1,?,
1769500921.5915515,SENT,fbc457e8-a4d0-469b-8b25-d2bd6ab6c784,fbc426ac-9e09-41e0-bff5-2fcdfd8ef677,c5,DROP,1015,?,i8,
1769500921.5915937,FORWARDED,fbc457e8-a4d0-469b-8b25-d2bd6ab6c784,fbc426ac-9e09-41e0-bff5-2fcdfd8ef677,c5,DROP,1015,?,i8,
1769500921.6548157,RECEIVED,371f6774-2c4c-465c-a7e1-5c9a99ee9f09,096d91ba-1187-4731-9bd0-d6b142186f2a,c5,DROP,1439,p2,?,
1769500921.6851141,RECEIVED,d1eddb1f-ccfd-4da2-bb00-f8976c9569ef,5d1960a5-55cf-49b8-9a2e-76da57a6b4b1,c5,DROP,1444,p2,?,
1769500921.8013551,RECEIVED,24b6ef74-c021-4fab-93dd-8bbb20602be8,b4b99c10-ba41-47db-a184-b2c6e48f7441,c2,DROP,1445,p2,?,
1769500921.8142655,RECEIVED,ac3c658d-e78d-44a7-b80f-481b509adad0,52404ce9-d345-450b-af55-eed88d2d6beb,c5,None,2230,p2,?,
1769500921.8728008,SENT,d1eddb1f-ccfd-4da2-bb00-f8976c9569ef,5d1960a5-55cf-49b8-9a2e-76da57a6b4b1,c5,DROP,1011,?,i7,
1769500921.8728387,FORWARDED,d1eddb1f-ccfd-4da2-bb00-f8976c9569ef,5d1960a5-55cf-49b8-9a2e-76da57a6b4b1,c5,DROP,1011,?,i7,
1769500921.9086788,RECEIVED,cbae04bc-40ef-4598-bf83-1c125cbeb188,e364ef01-bbd4-4808-b8eb-c58671e723c1,c2,DROP,1443,p2,?,
1769500921.953688,SENT,b428b654-0d19-4555-a1f8-f2da0b332568,6a02df54-ab28-41f7-9e9b-f843620ceb9d,c1,DROP,1010,?,i6,
1769500921.953731,FORWARDED,b428b654-0d19-4555-a1f8-f2da0b332568,6a02df54-ab28-41f7-9e9b-f843620ceb9d,c1,DROP,1010,?,i6,
1769500921.9792242,RECEIVED,16d06a82-7f93-461f-808b-5e2ec7dc8d8f,5b003cbe-9316-4553-9fed-5777d714cdfa,c3,c4,2448,p3,?,
1769500922.0056145,RECEIVED,404d2656-ca69-495e-b5aa-f73d0a79bb4b,71c560ef-2c7f-4cd9-9aa8-27e27561fd50,c1,None,2227,p1,?,
1769500922.0589955,SENT,16d06a82-7f93-461f-808b-5e2ec7dc8d8f,5b003cbe-9316-4553-9fed-5777d714cdfa,c3,c4,1763,?,i1,
1769500922.0590332,FORWARDED,16d06a82-7f93-461f-808b-5e2ec7dc8d8f,5b003cbe-9316-4553-9fed-5777d714cdfa,c3,c4,1763,?,i1,
1769500922.1072297,SENT,24b6ef74-c021-4fab-93dd-8bbb20602be8,b4b99c10-ba41-47db-a184-b2c6e48f7441,c2,DROP,1011,?,i10,
1769500922.1072724,FORWARDED,24b6ef74-c021-4fab-93dd-8bbb20602be8,b4b99c10-ba41-47db-a184-b2c6e48f7441,c2,DROP,1011,?,i10,
1769500922.180658,SENT,1211d2ad-3be3-4c67-943d-79fc92286662,9ddcd18a-1599-4e2e-9fbd-4e50a8f25662,c3,DROP,1008,?,i1,
1769500922.1806958,FORWARDED,1211d2ad-3be3-4c67-943d-79fc92286662,9ddcd18a-1599-4e2e-9fbd-4e50a8f25662,c3,DROP,1008,?,i1,
1769500922.2163227,RECEIVED,36ed3b2c-66f0-40be-b491-b514d7f21bea,17fffbe8-e14c-426b-9ead-1256161a29eb,c3,DROP,1445,p3,?,
1769500922.2260919,RECEIVED,465ee374-b56c-4e7e-a4b2-a3e05538f5ee,8b942b88-ea5f-4e1a-a593-d8e74276be80,c5,DROP,1438,p2,?,
1769500922.2457225,SENT,371f6774-2c4c-465c-a7e1-5c9a99ee9f09,096d91ba-1187-4731-9bd0-d6b142186f2a,c5,DROP,1008,?,i12,
1769500922.245762,FORWARDED,371f6774-2c4c-465c-a7e1-5c9a99ee9f09,096d91ba-1187-4731-9bd0-d6b142186f2a,c5,DROP,1008,?,i12,
1769500922.254854,SENT,36ed3b2c-66f0-40be-b491-b514d7f21bea,17fffbe8-e14c-426b-9ead-1256161a29eb,c3,DROP,1011,?,i7,
1769500922.2548966,FORWARDED,36ed3b2c-66f0-40be-b491-b514d7f21bea,17fffbe8-e14c-426b-9ead-1256161a29eb,c3,DROP,1011,?,i7,
1769500922.3486345,SENT,a189dea5-e540-44e7-a975-4b91fd5b313c,3f1cd1c8-608e-42b7-9278-368d6febb468,c4,DROP,1020,?,i10,
1769500922.3486755,FORWARDED,a189dea5-e540-44e7-a975-4b91fd5b313c,3f1cd1c8-608e-42b7-9278-368d6febb468,c4,DROP,1020,?,i10,
1769500922.4008555,RECEIVED,33b4efc3-0c00-4d64-807a-a3bfc545d283,a7783080-5dd0-43ee-917b-c82355c2cb28,c3,DROP,442,x4,?,
1769500922.4591897,RECEIVED,fe381a15-ebd5-4570-b8f0-890826b6f737,4571bf9c-0ae5-49e4-a0aa-7399df32b4f8,c4,c3,2446,p1,?,
1769500922.468218,SENT,cbae04bc-40ef-4598-bf83-1c125cbeb188,e364ef01-bbd4-4808-b8eb-c58671e723c1,c2,DROP,1010,?,i4,
1769500922.4682574,FORWARDED,cbae04bc-40ef-4598-bf83-1c125cbeb188,e364ef01-bbd4-4808-b8eb-c58671e723c1,c2,DROP,1010,?,i4,
1769500922.4919724,RECEIVED,0003aa68-d49a-4823-8c11-84b5a322b83b,5f04bc94-c20c-4f9b-91fd-d86a38972bd9,c5,DROP,1439,p2,?,
1769500922.5492449,RECEIVED,f7e5b71f-2f02-4f83-a33d-479f07dbb0ba,5ab26ed1-7f74-4310-a9b6-b07fa460a01f,c3,DROP,1441,p3,?,
1769500922.5962825,RECEIVED,f6cff4cf-b186-46bb-b7cf-57dee215170b,bcc88682-ed36-41df-9fbe-8b2132354ac6,c1,DROP,1445,p1,?,
1769500922.6046913,SENT,f7e5b71f-2f02-4f83-a33d-479f07dbb0ba,5ab26ed1-7f74-4310-a9b6-b07fa460a01f,c3,DROP,1007,?,i11,
1769500922.6047344,FORWARDED,f7e5b71f-2f02-4f83-a33d-479f07dbb0ba,5ab26ed1-7f74-4310-a9b6-b07fa460a01f,c3,DROP,1007,?,i11,
1769500922.6213117,SENT,f6cff4cf-b186-46bb-b7cf-57dee215170b,bcc88682-ed36-41df-9fbe-8b2132354ac6,c1,DROP,1011,?,i7,
1769500922.6213608,FORWARDED,f6cff4cf-b186-46bb-b7cf-57dee215170b,bcc88682-ed36-41df-9fbe-8b2132354ac6,c1,DROP,1011,?,i7,
1769500922.6411765,RECEIVED,6c58cbb7-40ec-4c02-897f-cfb42d779ad8,1116e62d-6bbe-4aa9-9bb0-4de096caed6d,c5,DROP,1440,p2,?,
1769500922.7649896,SENT,6c58cbb7-40ec-4c02-897f-cfb42d779ad8,1116e62d-6bbe-4aa9-9bb0-4de096caed6d,c5,DROP,1007,?,i2,
1769500922.7650335,FORWARDED,6c58cbb7-40ec-4c02-897f-cfb42d779ad8,1116e62d-6bbe-4aa9-9bb0-4de096caed6d,c5,DROP,1007,?,i2,
1769500922.786125,RECEIVED,143d2db7-57f8-422a-9eac-2800fad46d03,e014c734-6ed0-430e-b7b1-a83ec1899c54,c2,DROP,1440,p2,?,
1769500922.8863177,SENT,143d2db7-57f8-422a-9eac-2800fad46d03,e014c734-6ed0-430e-b7b1-a83ec1899c54,c2,DROP,1008,?,i3,
1769500922.8863573,FORWARDED,143d2db7-57f8-422a-9eac-2800fad46d03,e014c734-6ed0-430e-b7b1-a83ec1899c54,c2,DROP,1008,?,i3,
1769500922.9463935,SENT,404d2656-ca69-495e-b5aa-f73d0a79bb4b,71c560ef-2c7f-4cd9-9aa8-27e27561fd50,c1,None,1599,?,i3,
1769500922.9464889,FORWARDED,404d2656-ca69-495e-b5aa-f73d0a79bb4b,71c560ef-2c7f-4cd9-9aa8-27e27561fd50,c1,None,1599,?,i3,
1769500923.002175,SENT,fe381a15-ebd5-4570-b8f0-890826b6f737,4571bf9c-0ae5-49e4-a0aa-7399df32b4f8,c4,c3,1763,?,i9,
1769500923.002217,FORWARDED,fe381a15-ebd5-4570-b8f0-890826b6f737,4571bf9c-0ae5-49e4-a0aa-7399df32b4f8,c4,c3,1763,?,i9,
1769500923.02003,SENT,0003aa68-d49a-4823-8c11-84b5a322b83b,5f04bc94-c20c-4f9b-91fd-d86a38972bd9,c5,DROP,1008,?,i1,
1769500923.0200841,FORWARDED,0003aa68-d49a-4823-8c11-84b5a322b83b,5f04bc94-c20c-4f9b-91fd-d86a38972bd9,c5,DROP,1008,?,i1,
1769500923.1064527,RECEIVED,173fd20a-c9d2-442f-879b-30d05982f7c2,a918ef36-fd54-4d8a-9556-00602466beee,c3,DROP,1443,p3,?,
1769500923.1717153,SENT,ac3c658d-e78d-44a7-b80f-481b509adad0,52404ce9-d345-450b-af55-eed88d2d6beb,c5,None,1600,?,i2,
1769500923.1717565,FORWARDED,ac3c658d-e78d-44a7-b80f-481b509adad0,52404ce9-d345-450b-af55-eed88d2d6beb,c5,None,1600,?,i2,
1769500923.287797,RECEIVED,1f7f52e0-6e8c-40f2-bc29-93a2f7b4dabb,1cc5dac3-bad6-4d38-b8fb-281e7a063b37,c4,DROP,1439,p1,?,
1769500923.5144951,RECEIVED,f48fa285-c7e7-4126-807f-69ea430ab2d6,dc77af63-e503-4d6e-9961-a7de04ae2c91,c3,DROP,1440,p3,?,
1769500923.5578961,SENT,465ee374-b56c-4e7e-a4b2-a3e05538f5ee,8b942b88-ea5f-4e1a-a593-d8e74276be80,c5,DROP,1007,?,i4,
1769500923.5579383,FORWARDED,465ee374-b56c-4e7e-a4b2-a3e05538f5ee,8b942b88-ea5f-4e1a-a593-d8e74276be80,c5,DROP,1007,?,i4,
1769500923.5915327,SENT,f48fa285-c7e7-4126-807f-69ea430ab2d6,dc77af63-e503-4d6e-9961-a7de04ae2c91,c3,DROP,1007,?,i2,
1769500923.5915732,FORWARDED,f48fa285-c7e7-4126-807f-69ea430ab2d6,dc77af63-e503-4d6e-9961-a7de04ae2c91,c3,DROP,1007,?,i2,
1769500923.6150987,SENT,1f7f52e0-6e8c-40f2-bc29-93a2f7b4dabb,1cc5dac3-bad6-4d38-b8fb-281e7a063b37,c4,DROP,1008,?,i7,
1769500923.615142,FORWARDED,1f7f52e0-6e8c-40f2-bc29-93a2f7b4dabb,1cc5dac3-bad6-4d38-b8fb-281e7a063b37,c4,DROP,1008,?,i7,
1769500923.7031786,RECEIVED,84c8aaaa-82ef-42bc-b372-bda1d78e0091,c27d55ce-368f-45f9-8214-28b5fdfad3b2,c5,DROP,441,x2,?,
1769500923.7537465,RECEIVED,b7f86971-7d22-4162-9505-c914758336de,035c22ea-4ce3-4bce-841c-4351d93b7a2b,c5,c2,2469,p2,?,
1769500923.7676945,RECEIVED,db333f54-08ab-40d9-8ec1-550b188a31ae,c479430a-24ee-4c45-bf1b-706a22b074cd,c3,c4,2468,p3,?,
1769500923.78528,RECEIVED,6a67c5c2-2f98-4a53-a52c-080f4076c391,1f9ff476-cff8-4a95-a89a-4228237adbc3,c5,DROP,1441,p2,?,
1769500923.7976584,RECEIVED,ee245a8b-c022-43bc-ac85-466a4b511693,1fa1cdd1-c571-4318-8b2f-c2a845001892,c5,DROP,1429,p2,?,
1769500923.8898578,RECEIVED,b4a6dfef-b257-4b80-87e8-22094d3429f0,11431fd0-a67a-41fc-b7f9-1fff8b668561,c5,DROP,1431,p2,?,
1769500923.8960023,RECEIVED,dc302a67-97ef-4786-b847-81c4ae505cf7,2b689937-5540-48de-8098-02c713aea5c7,c1,DROP,1444,p1,?,
1769500923.90475,SENT,b7f86971-7d22-4162-9505-c914758336de,035c22ea-4ce3-4bce-841c-4351d93b7a2b,c5,c2,1777,?,i10,
1769500923.904788,FORWARDED,b7f86971-7d22-4162-9505-c914758336de,035c22ea-4ce3-4bce-841c-4351d93b7a2b,c5,c2,1777,?,i10,
1769500923.965258,RECEIVED,37ce61ca-7d02-4711-a250-3b7a69e17d9c,6508637e-bf90-4583-8783-c3d9a4a38570,c5,DROP,1443,p2,?,
1769500924.0460908,SENT,dc302a67-97ef-4786-b847-81c4ae505cf7,2b689937-5540-48de-8098-02c713aea5c7,c1,DROP,1010,?,i7,
1769500924.0461352,FORWARDED,dc302a67-97ef-4786-b847-81c4ae505cf7,2b689937-5540-48de-8098-02c713aea5c7,c1,DROP,1010,?,i7,
1769500924.1032884,SENT,6a67c5c2-2f98-4a53-a52c-080f4076c391,1f9ff476-cff8-4a95-a89a-4228237adbc3,c5,DROP,1007,?,i10,
1769500924.10333,FORWARDED,6a67c5c2-2f98-4a53-a52c-080f4076c391,1f9ff476-cff8-4a95-a89a-4228237adbc3,c5,DROP,1007,?,i10,
1769500924.1072736,SENT,ee245a8b-c022-43bc-ac85-466a4b511693,1fa1cdd1-c571-4318-8b2f-c2a845001892,c5,DROP,997,?,i11,
1769500924.1073155,FORWARDED,ee245a8b-c022-43bc-ac85-466a4b511693,1fa1cdd1-c571-4318-8b2f-c2a845001892,c5,DROP,997,?,i11,
1769500924.1645377,RECEIVED,b57f6f04-9f75-4e70-a13c-be8c7ac57230,5b67842c-28bd-4f36-9520-e69db491ecf2,c4,DROP,1447,p1,?,
1769500924.2283423,RECEIVED,f0bad224-66b0-4c30-9d57-04c95067b150,3754d173-a47f-4feb-9533-17d7be6d97f5,c3,DROP,1439,p3,?,
1769500924.3474278,RECEIVED,f8d5afc7-bd84-458f-8e85-a0ad77c2ab4e,96106f5b-46fe-4369-b0c9-a8eadcbf4d95,c3,DROP,1440,p3,?,
1769500924.437421,SENT,37ce61ca-7d02-4711-a250-3b7a69e17d9c,6508637e-bf90-4583-8783-c3d9a4a38570,c5,DROP,1011,?,i4,
1769500924.4374638,FORWARDED,37ce61ca-7d02-4711-a250-3b7a69e17d9c,6508637e-bf90-4583-8783-c3d9a4a38570,c5,DROP,1011,?,i4,
1769500924.4765387,RECEIVED,3b1dba16-f004-4194-b7e0-63a26ddffddf,5f502407-8495-46be-abfe-84928d7df393,c4,DROP,1444,p1,?,
1769500924.4792502,RECEIVED,f8c6d2b6-471e-45ed-b3dd-46b0594939f0,76f1c975-548b-45ef-b4ed-6809eda886b5,c3,DROP,1439,p3,?,
1769500924.490093,SENT,db333f54-08ab-40d9-8ec1-550b188a31ae,c479430a-24ee-4c45-bf1b-706a22b074cd,c3,c4,1777,?,i11,
1769500924.4901311,FORWARDED,db333f54-08ab-40d9-8ec1-550b188a31ae,c479430a-24ee-4c45-bf1b-706a22b074cd,c3,c4,1777,?,i11,
1769500924.5376797,RECEIVED,63f1b3e8-50db-4ce6-95b4-f9f5ad97e6d8,a0804238-7bd1-4689-92a6-e8cd284f41b3,c3,None,2243,p3,?,
1769500924.5497968,RECEIVED,454a200c-e81b-4cef-a1ae-ac3f05995b61,f5fccaaa-66a7-43d0-bdc6-4215367569eb,c3,DROP,1447,p3,?,
1769500924.7065928,SENT,b57f6f04-9f75-4e70-a13c-be8c7ac57230,5b67842c-28bd-4f36-9520-e69db491ecf2,c4,DROP,1012,?,i3,
1769500924.7066326,FORWARDED,b57f6f04-9f75-4e70-a13c-be8c7ac57230,5b67842c-28bd-4f36-9520-e69db491ecf2,c4,DROP,1012,?,i3,
1769500924.893867,RECEIVED,aa9482be-58dd-49df-9921-adbb09880235,b10a657f-654d-42e0-97c0-76f4d109dbbd,c4,c3,2456,p1,?,
1769500924.896914,RECEIVED,89d9f622-8df7-4720-8e86-11e2ad6255ea,ab18df6f-e11c-41ae-8bcf-76c1dfcb4ca9,c3,c4,2459,p3,?,
1769500924.949614,SENT,aa9482be-58dd-49df-9921-adbb09880235,b10a657f-654d-42e0-97c0-76f4d109dbbd,c4,c3,1770,?,i3,
1769500924.9496555,FORWARDED,aa9482be-58dd-49df-9921-adbb09880235,b10a657f-654d-42e0-97c0-76f4d109dbbd,c4,c3,1770,?,i3,
1769500924.9674048,SENT,f8c6d2b6-471e-45ed-b3dd-46b0594939f0,76f1c975-548b-45ef-b4ed-6809eda886b5,c3,DROP,1007,?,i10,
1769500924.9674525,FORWARDED,f8c6d2b6-471e-45ed-b3dd-46b0594939f0,76f1c975-548b-45ef-b4ed-6809eda886b5,c3,DROP,1007,?,i10,
1769500925.0851424,RECEIVED,4a375847-b72a-453d-af81-ab6774acb892,1e248f1d-a604-4097-94a2-639ff40bccef,c5,None,2239,p2,?,
1769500925.1104054,SENT,173fd20a-c9d2-442f-879b-30d05982f7c2,a918ef36-fd54-4d8a-9556-00602466beee,c3,DROP,1011,?,i1,
1769500925.110448,FORWARDED,173fd20a-c9d2-442f-879b-30d05982f7c2,a918ef36-fd54-4d8a-9556-00602466beee,c3,DROP,1011,?,i1,
1769500925.1229796,SENT,63f1b3e8-50db-4ce6-95b4-f9f5ad97e6d8,a0804238-7bd1-4689-92a6-e8cd284f41b3,c3,None,1609,?,i1,
1769500925.1230164,FORWARDED,63f1b3e8-50db-4ce6-95b4-f9f5ad97e6d8,a0804238-7bd1-4689-92a6-e8cd284f41b3,c3,None,1609,?,i1,
1769500925.3859735,SENT,89d9f622-8df7-4720-8e86-11e2ad6255ea,ab18df6f-e11c-41ae-8bcf-76c1dfcb4ca9,c3,c4,1773,?,i1,
1769500925.3860154,FORWARDED,89d9f622-8df7-4720-8e86-11e2ad6255ea,ab18df6f-e11c-41ae-8bcf-76c1dfcb4ca9,c3,c4,1773,?,i1,
1769500925.4003768,SENT,3b1dba16-f004-4194-b7e0-63a26ddffddf,5f502407-8495-46be-abfe-84928d7df393,c4,DROP,1011,?,i10,
1769500925.4004185,FORWARDED,3b1dba16-f004-4194-b7e0-63a26ddffddf,5f502407-8495-46be-abfe-84928d7df393,c4,DROP,1011,?,i10,
1769500925.4133754,RECEIVED,fe86e822-0356-4f54-9249-6ed1721cd941,88f83072-3643-4585-9e9e-e0e2b425de97,c4,c3,2467,p1,?,
1769500925.5633512,SENT,4a375847-b72a-453d-af81-ab6774acb892,1e248f1d-a604-4097-94a2-639ff40bccef,c5,None,1607,?,i2,
1769500925.5633876,FORWARDED,4a375847-b72a-453d-af81-ab6774acb892,1e248f1d-a604-4097-94a2-639ff40bccef,c5,None,1607,?,i2,
1769500925.6129925,SENT,f0bad224-66b0-4c30-9d57-04c95067b150,3754d173-a47f-4feb-9533-17d7be6d97f5,c3,DROP,1007,?,i5,
1769500925.6130338,FORWARDED,f0bad224-66b0-4c30-9d57-04c95067b150,3754d173-a47f-4feb-9533-17d7be6d97f5,c3,DROP,1007,?,i5,
1769500925.7212753,SENT,b4a6dfef-b257-4b80-87e8-22094d3429f0,11431fd0-a67a-41fc-b7f9-1fff8b668561,c5,DROP,1000,?,i9,
1769500925.7213163,FORWARDED,b4a6dfef-b257-4b80-87e8-22094d3429f0,11431fd0-a67a-41fc-b7f9-1fff8b668561,c5,DROP,1000,?,i9,
1769500925.7811527,RECEIVED,228c6410-dc25-4208-8231-106a4f76f689,75a579c2-0afa-49ec-b951-326d3d3440c8,c5,DROP,1448,p2,?,
1769500925.8855276,RECEIVED,8f38f435-91b7-4ec4-beb4-01063abdebd1,05f978e4-331f-465b-9e36-24fe73703a19,c5,None,2240,p2,?,
1769500925.9058738,SENT,fe86e822-0356-4f54-9249-6ed1721cd941,88f83072-3643-4585-9e9e-e0e2b425de97,c4,c3,1779,?,i10,
1769500925.9059136,FORWARDED,fe86e822-0356-4f54-9249-6ed1721cd941,88f83072-3643-4585-9e9e-e0e2b425de97,c4,c3,1779,?,i10,
1769500925.9612913,SENT,228c6410-dc25-4208-8231-106a4f76f689,75a579c2-0afa-49ec-b951-326d3d3440c8,c5,DROP,1012,?,i5,
1769500925.9613352,FORWARDED,228c6410-dc25-4208-8231-106a4f76f689,75a579c2-0afa-49ec-b951-326d3d3440c8,c5,DROP,1012,?,i5,
1769500926.0571759,RECEIVED,f2dd7bb2-e233-4b11-9612-9c84c1a08198,dfc8711e-3c7e-4d80-ab6b-02b14ea46561,c4,c3,2469,p1,?,
1769500926.0824223,SENT,f2dd7bb2-e233-4b11-9612-9c84c1a08198,dfc8711e-3c7e-4d80-ab6b-02b14ea46561,c4,c3,1777,?,i3,
1769500926.0824637,FORWARDED,f2dd7bb2-e233-4b11-9612-9c84c1a08198,dfc8711e-3c7e-4d80-ab6b-02b14ea46561,c4,c3,1777,?,i3,
1769500926.107152,SENT,8f38f435-91b7-4ec4-beb4-01063abdebd1,05f978e4-331f-465b-9e36-24fe73703a19,c5,None,1608,?,i3,
1769500926.107192,FORWARDED,8f38f435-91b7-4ec4-beb4-01063abdebd1,05f978e4-331f-465b-9e36-24fe73703a19,c5,None,1608,?,i3,
1769500926.2027495,RECEIVED,a4f72e09-0ae3-46aa-b8ba-e4828f460e37,8f02e66e-33fd-4600-adbf-387ddddb4f7a,c5,c2,2476,p2,?,
1769500926.2507422,SENT,f8d5afc7-bd84-458f-8e85-a0ad77c2ab4e,96106f5b-46fe-4369-b0c9-a8eadcbf4d95,c3,DROP,1008,?,i12,
1769500926.2507834,FORWARDED,f8d5afc7-bd84-458f-8e85-a0ad77c2ab4e,96106f5b-46fe-4369-b0c9-a8eadcbf4d95,c3,DROP,1008,?,i12,
1769500926.4156134,RECEIVED,0ad5d959-405c-4ffa-b130-30ca2872683c,1c9e6639-bdf8-4592-9f2f-057380e70cf9,c1,DROP,1458,p1,?,
1769500926.4552379,SENT,0ad5d959-405c-4ffa-b130-30ca2872683c,1c9e6639-bdf8-4592-9f2f-057380e70cf9,c1,DROP,1019,?,i12,
1769500926.4552734,FORWARDED,0ad5d959-405c-4ffa-b130-30ca2872683c,1c9e6639-bdf8-4592-9f2f-057380e70cf9,c1,DROP,1019,?,i12,
1769500926.576676,RECEIVED,3e9458d1-fb10-4580-abe0-25d4999ebc99,d83c53c4-0f35-4136-8033-5cc095d074ba,c3,DROP,1439,p3,?,
1769500926.589557,SENT,454a200c-e81b-4cef-a1ae-ac3f05995b61,f5fccaaa-66a7-43d0-bdc6-4215367569eb,c3,DROP,1012,?,i5,
1769500926.5895975,FORWARDED,454a200c-e81b-4cef-a1ae-ac3f05995b61,f5fccaaa-66a7-43d0-bdc6-4215367569eb,c3,DROP,1012,?,i5,
1769500926.7135434,RECEIVED,f9b3a038-5634-4d64-8516-936c2d9c622e,cf6469f7-f944-45b5-be66-7a60c7dee66e,c5,DROP,1443,p2,?,
1769500926.7391648,RECEIVED,fdba7c26-7cf3-4992-9a34-315d49dbd786,804e7137-2c65-4344-8b97-c1c64475455b,c4,DROP,1440,p1,?,
1769500926.7933552,SENT,fdba7c26-7cf3-4992-9a34-315d49dbd786,804e7137-2c65-4344-8b97-c1c64475455b,c4,DROP,1008,?,i1,
1769500926.793394,FORWARDED,fdba7c26-7cf3-4992-9a34-315d49dbd786,804e7137-2c65-4344-8b97-c1c64475455b,c4,DROP,1008,?,i1,
1769500927.045699,RECEIVED,245e87f4-d33a-4356-9df4-d8567e165052,644bc5e2-aeb3-4e2e-9850-8458a1f6164d,c1,DROP,437,x1,?,
1769500927.0867293,RECEIVED,b460c3ec-f0b7-4d7e-9a86-d5eb6e91207d,92b45227-c28b-41c3-88c1-42df07a3b499,c5,DROP,1452,p2,?,
1769500927.089713,SENT,3e9458d1-fb10-4580-abe0-25d4999ebc99,d83c53c4-0f35-4136-8033-5cc095d074ba,c3,DROP,1008,?,i8,
1769500927.0897593,FORWARDED,3e9458d1-fb10-4580-abe0-25d4999ebc99,d83c53c4-0f35-4136-8033-5cc095d074ba,c3,DROP,1008,?,i8,
1769500927.0992286,RECEIVED,6690e08c-48d6-49f6-8fd0-fa564133f5ce,af762ff1-4b11-40a3-bf2f-42089e12fb44,c2,c1,2470,p2,?,
1769500927.1511455,SENT,a4f72e09-0ae3-46aa-b8ba-e4828f460e37,8f02e66e-33fd-4600-adbf-387ddddb4f7a,c5,c2,1784,?,i12,
1769500927.151226,FORWARDED,a4f72e09-0ae3-46aa-b8ba-e4828f460e37,8f02e66e-33fd-4600-adbf-387ddddb4f7a,c5,c2,1784,?,i12,
1769500927.1773615,RECEIVED,245832ab-4d3a-4dcb-89c9-c08366b676f0,94e5a9b7-d49e-43af-aa7a-1a1268d459dc,c3,c4,2471,p3,?,
1769500927.2975595,RECEIVED,f2ed5780-0264-4612-8df6-8530766c4982,8a100cd4-53dd-4c3e-a775-5df2f02360f3,c5,DROP,1440,p2,?,
1769500927.4090054,RECEIVED,3a876f7d-176f-4c6e-8b65-2824bd9112b0,91f02b23-54fe-4cae-b61c-9444b91f65a8,c1,DROP,441,x4,?,
1769500927.4093785,SENT,f2ed5780-0264-4612-8df6-8530766c4982,8a100cd4-53dd-4c3e-a775-5df2f02360f3,c5,DROP,1007,?,i1,
1769500927.4094205,FORWARDED,f2ed5780-0264-4612-8df6-8530766c4982,8a100cd4-53dd-4c3e-a775-5df2f02360f3,c5,DROP,1007,?,i1,
1769500927.536723,SENT,b460c3ec-f0b7-4d7e-9a86-d5eb6e91207d,92b45227-c28b-41c3-88c1-42df07a3b499,c5,DROP,1016,?,i9,
1769500927.5367606,FORWARDED,b460c3ec-f0b7-4d7e-9a86-d5eb6e91207d,92b45227-c28b-41c3-88c1-42df07a3b499,c5,DROP,1016,?,i9,
1769500927.5513284,SENT,6690e08c-48d6-49f6-8fd0-fa564133f5ce,af762ff1-4b11-40a3-bf2f-42089e12fb44,c2,c1,1780,?,i1,
1769500927.5513692,FORWARDED,6690e08c-48d6-49f6-8fd0-fa564133f5ce,af762ff1-4b11-40a3-bf2f-42089e12fb44,c2,c1,1780,?,i1,
1769500927.5965571,RECEIVED,2aaec89a-2f5b-465d-bc73-7769e8e5a457,6a49c245-507b-45bb-8138-2fa38fe4843c,c2,None,2229,p2,?,
1769500927.6391244,RECEIVED,49b5a214-bf58-4557-958d-708c0d004f84,f573f9ab-862a-4022-b215-0a6c48fe75d7,c4,DROP,1459,p1,?,
1769500927.8135557,SENT,245832ab-4d3a-4dcb-89c9-c08366b676f0,94e5a9b7-d49e-43af-aa7a-1a1268d459dc,c3,c4,1782,?,i6,
1769500927.8135996,FORWARDED,245832ab-4d3a-4dcb-89c9-c08366b676f0,94e5a9b7-d49e-43af-aa7a-1a1268d459dc,c3,c4,1782,?,i6,
1769500927.8872495,SENT,2aaec89a-2f5b-465d-bc73-7769e8e5a457,6a49c245-507b-45bb-8138-2fa38fe4843c,c2,None,1599,?,i11,
1769500927.8872933,FORWARDED,2aaec89a-2f5b-465d-bc73-7769e8e5a457,6a49c245-507b-45bb-8138-2fa38fe4843c,c2,None,1599,?,i11,
1769500927.9188492,RECEIVED,418e7cbd-6412-405e-9082-6c2fa8eee5e9,5ae07d82-e8f7-433b-8452-5e37455dc8b3,c4,DROP,441,x4,?,
1769500927.934978,RECEIVED,e6b86f91-27f7-4f7a-8dc4-2b3b808b25f8,836987ed-0e30-4ea1-b07f-dcb93480e276,c3,DROP,1448,p3,?,
1769500928.1034262,SENT,49b5a214-bf58-4557-958d-708c0d004f84,f573f9ab-862a-4022-b215-0a6c48fe75d7,c4,DROP,1023,?,i1,
1769500928.1034665,FORWARDED,49b5a214-bf58-4557-958d-708c0d004f84,f573f9ab-862a-4022-b215-0a6c48fe75d7,c4,DROP,1023,?,i1,
1769500928.1373148,SENT,f9b3a038-5634-4d64-8516-936c2d9c622e,cf6469f7-f944-45b5-be66-7a60c7dee66e,c5,DROP,1011,?,i2,
1769500928.1373599,FORWARDED,f9b3a038-5634-4d64-8516-936c2d9c622e,cf6469f7-f944-45b5-be66-7a60c7dee66e,c5,DROP,1011,?,i2,
1769500928.199507,RECEIVED,8ef8624f-6d28-436c-ab8d-b08459799c5f,94e69812-b9f7-4857-8c68-b41c86fc013c,c3,DROP,442,x6,?,
1769500928.2437556,RECEIVED,1bad228f-73c4-4f1a-8e81-813389af4ce0,9f09bd30-d381-4964-aaa6-7a101538de16,c1,DROP,442,x5,?,
1769500928.3820355,RECEIVED,5a896869-0baa-4ecd-a43c-6b6e0c036ac2,2ad4a047-7048-4a1a-abba-d5d16d4771b4,c5,DROP,1444,p2,?,
1769500928.6488218,RECEIVED,5e86aec5-d863-43a4-9019-4bcd6c3e34b9,1185de45-8c9e-47ae-89db-f12dcbbfe014,c1,DROP,1447,p1,?,
1769500928.729525,SENT,e6b86f91-27f7-4f7a-8dc4-2b3b808b25f8,836987ed-0e30-4ea1-b07f-dcb93480e276,c3,DROP,1013,?,i11,
1769500928.7295702,FORWARDED,e6b86f91-27f7-4f7a-8dc4-2b3b808b25f8,836987ed-0e30-4ea1-b07f-dcb93480e276,c3,DROP,1013,?,i11,
1769500928.792095,SENT,5e86aec5-d863-43a4-9019-4bcd6c3e34b9,1185de45-8c9e-47ae-89db-f12dcbbfe014,c1,DROP,1012,?,i2,
1769500928.7921371,FORWARDED,5e86aec5-d863-43a4-9019-4bcd6c3e34b9,1185de45-8c9e-47ae-89db-f12dcbbfe014,c1,DROP,1012,?,i2,
1769500928.9919922,RECEIVED,bf7a33e1-d89a-47c8-b10d-cbe331f62fe0,d411cb14-6cef-442d-a32a-b2abeb11cf46,c2,DROP,446,x12,?,
1769500929.3169508,RECEIVED,a2053344-4517-4127-ad58-29567b8c9c3e,b7186161-6212-45a3-ba2d-868985e7a015,c5,c2,2460,p2,?,
1769500929.4481049,RECEIVED,6ac73ea0-8557-41d2-b934-2930bcb4a3d7,92783248-7ab2-4e7b-a6a7-22478e786f65,c2,DROP,441,x11,?,
1769500929.6574109,RECEIVED,c5219344-358b-43e5-8ab9-0c5fce65c0d2,9d87a7b1-12db-4752-899a-b46f11ae4d02,c2,DROP,442,x9,?,
1769500929.8217113,RECEIVED,f933e5fb-ff1a-4682-82e7-ef23838175d6,8bde7b77-1c39-44e8-93b0-f24ef2b4c215,c1,DROP,447,x11,?,
1769500929.836104,SENT,5a896869-0baa-4ecd-a43c-6b6e0c036ac2,2ad4a047-7048-4a1a-abba-d5d16d4771b4,c5,DROP,1009,?,i12,
1769500929.836142,FORWARDED,5a896869-0baa-4ecd-a43c-6b6e0c036ac2,2ad4a047-7048-4a1a-abba-d5d16d4771b4,c5,DROP,1009,?,i12,
1769500929.9059162,SENT,a2053344-4517-4127-ad58-29567b8c9c3e,b7186161-6212-45a3-ba2d-868985e7a015,c5,c2,1772,?,i10,
1769500929.905959,FORWARDED,a2053344-4517-4127-ad58-29567b8c9c3e,b7186161-6212-45a3-ba2d-868985e7a015,c5,c2,1772,?,i10,
1769500930.0349464,RECEIVED,e4f15f5d-9f5d-42e0-94f7-38a790646dcf,31a39780-c7b7-44a1-886b-7324c2e2a661,c4,DROP,445,x12,?,
1769500930.2868743,RECEIVED,c33ecbb9-bf59-4fe7-836f-24b624b82a6b,68a24858-495c-4b98-b631-ebe98bb5e142,c3,DROP,1440,p3,?,
1769500930.3939528,SENT,c33ecbb9-bf59-4fe7-836f-24b624b82a6b,68a24858-495c-4b98-b631-ebe98bb5e142,c3,DROP,1008,?,i3,
1769500930.3939943,FORWARDED,c33ecbb9-bf59-4fe7-836f-24b624b82a6b,68a24858-495c-4b98-b631-ebe98bb5e142,c3,DROP,1008,?,i3,
1769500930.4251919,RECEIVED,37cfe3c6-60c9-40b2-ba34-317e3c902d93,1bac2d3a-2d75-4b17-9d39-d78d04b747ea,c3,None,2239,p3,?,
1769500930.4715092,RECEIVED,abb9c962-ce1e-49c0-8271-5a2b124ea8e4,3abf90cf-0377-4acf-b81c-252b7117d35d,c4,DROP,441,x11,?,
1769500930.5062842,RECEIVED,793aa792-c51e-4e57-b088-ca94ed69a03e,730477f5-f2ef-4ce9-b112-1ae4b63e7c42,c5,DROP,445,x12,?,
1769500930.74462,RECEIVED,a531db31-7940-4aa4-bf5f-d329074ad625,2fe4af39-279d-4907-ac71-e80148770ad7,c4,c3,2472,p1,?,
1769500930.8242178,SENT,37cfe3c6-60c9-40b2-ba34-317e3c902d93,1bac2d3a-2d75-4b17-9d39-d78d04b747ea,c3,None,1608,?,i9,
1769500930.8242617,FORWARDED,37cfe3c6-60c9-40b2-ba34-317e3c902d93,1bac2d3a-2d75-4b17-9d39-d78d04b747ea,c3,None,1608,?,i9,
1769500930.8834238,RECEIVED,faa2391c-a856-40b1-aa33-e16bedf61b2c,e01a5045-1ab2-4ecf-9e95-cd2b22133fa8,c2,DROP,1438,p2,?,
1769500930.9749305,RECEIVED,0191ce2e-89be-4a56-8d38-a29902089d12,5fcf4bb0-ae65-496b-9255-17b9ad96087b,c3,DROP,442,x2,?,
1769500930.9833477,SENT,a531db31-7940-4aa4-bf5f-d329074ad625,2fe4af39-279d-4907-ac71-e80148770ad7,c4,c3,1780,?,i9,
1769500930.9833882,FORWARDED,a531db31-7940-4aa4-bf5f-d329074ad625,2fe4af39-279d-4907-ac71-e80148770ad7,c4,c3,1780,?,i9,
1769500931.0708027,RECEIVED,8133c597-bb55-4b66-9a8d-f7d80f58f57e,3268c3ff-c589-4cf4-8c68-aa43051701ce,c2,DROP,1448,p2,?,
1769500931.0713246,RECEIVED,5d52c13a-ca5c-4e0f-afa8-3c0cf9440104,85640a8a-1da6-48c5-aad6-0a490794927d,c3,c4,2451,p3,?,
1769500931.2486062,SENT,8133c597-bb55-4b66-9a8d-f7d80f58f57e,3268c3ff-c589-4cf4-8c68-aa43051701ce,c2,DROP,1012,?,i3,
1769500931.248655,FORWARDED,8133c597-bb55-4b66-9a8d-f7d80f58f57e,3268c3ff-c589-4cf4-8c68-aa43051701ce,c2,DROP,1012,?,i3,
1769500931.252151,RECEIVED,12212d2d-bd92-4446-8a90-fd0ed1964c98,6b7cfcab-afa3-47e8-abff-a6e519d0af70,c3,DROP,441,x1,?,
1769500931.2742717,RECEIVED,e8e6bafb-f9f7-4031-a5c0-9f1ba15d55e0,1c357648-c264-43b9-ae5f-2dc57711a560,c2,DROP,1447,p2,?,
1769500931.4779358,RECEIVED,5f923434-f9f9-49ff-ac37-2d7213a16ea9,e828b297-6d31-4aa5-8460-ab1aa6dd7de3,c1,None,2230,p1,?,
1769500931.5000603,RECEIVED,42288361-b1b6-4c23-98be-339ca98ca9f2,d8deaa81-a044-4039-b124-562602c0fbbe,c3,c4,2460,p3,?,
1769500931.50215,RECEIVED,47b73b2d-d47c-42ac-a329-9ccf8e9af649,3d52f7f2-42f9-4317-a892-467c957190de,c3,None,2230,p3,?,
1769500931.5144112,RECEIVED,128900d1-490a-48f9-b4ce-00b4b85e06be,33861e6c-3567-43eb-bfb5-2675e799cb06,c3,DROP,1441,p3,?,
1769500931.5278091,RECEIVED,9df18e9d-809e-429d-9e49-4ed544852bfe,243c85ce-48b9-42f1-8b15-1c13f6426470,c4,DROP,1439,p1,?,
1769500931.7248297,SENT,5d52c13a-ca5c-4e0f-afa8-3c0cf9440104,85640a8a-1da6-48c5-aad6-0a490794927d,c3,c4,1767,?,i5,
1769500931.7248704,FORWARDED,5d52c13a-ca5c-4e0f-afa8-3c0cf9440104,85640a8a-1da6-48c5-aad6-0a490794927d,c3,c4,1767,?,i5,
1769500931.7700672,SENT,42288361-b1b6-4c23-98be-339ca98ca9f2,d8deaa81-a044-4039-b124-562602c0fbbe,c3,c4,1771,?,i8,
1769500931.770106,FORWARDED,42288361-b1b6-4c23-98be-339ca98ca9f2,d8deaa81-a044-4039-b124-562602c0fbbe,c3,c4,1771,?,i8,
1769500931.788243,RECEIVED,2cc84763-8de4-4ab9-b342-c75b0797b6f4,e2e0f36a-c000-4573-bfd0-c6a8a590b40e,c2,c1,2460,p2,?,
1769500931.8446584,SENT,e8e6bafb-f9f7-4031-a5c0-9f1ba15d55e0,1c357648-c264-43b9-ae5f-2dc57711a560,c2,DROP,1012,?,i6,
1769500931.8447003,FORWARDED,e8e6bafb-f9f7-4031-a5c0-9f1ba15d55e0,1c357648-c264-43b9-ae5f-2dc57711a560,c2,DROP,1012,?,i6,
1769500931.8746583,SENT,128900d1-490a-48f9-b4ce-00b4b85e06be,33861e6c-3567-43eb-bfb5-2675e799cb06,c3,DROP,1007,?,i12,
1769500931.8746986,FORWARDED,128900d1-490a-48f9-b4ce-00b4b85e06be,33861e6c-3567-43eb-bfb5-2675e799cb06,c3,DROP,1007,?,i12,
1769500931.946337,SENT,9df18e9d-809e-429d-9e49-4ed544852bfe,243c85ce-48b9-42f1-8b15-1c13f6426470,c4,DROP,1008,?,i9,
1769500931.946379,FORWARDED,9df18e9d-809e-429d-9e49-4ed544852bfe,243c85ce-48b9-42f1-8b15-1c13f6426470,c4,DROP,1008,?,i9,
1769500931.9670975,SENT,5f923434-f9f9-49ff-ac37-2d7213a16ea9,e828b297-6d31-4aa5-8460-ab1aa6dd7de3,c1,None,1600,?,i4,
1769500931.9671414,FORWARDED,5f923434-f9f9-49ff-ac37-2d7213a16ea9,e828b297-6d31-4aa5-8460-ab1aa6dd7de3,c1,None,1600,?,i4,
1769500932.0572338,RECEIVED,736e0cef-baf9-4f25-9643-5e0d2952684e,ef2af3eb-4c36-4ac1-ba7f-699af0773f25,c4,DROP,1440,p1,?,
1769500932.0897114,RECEIVED,e51a059f-d65d-420b-974c-b6db7c091276,a764878a-3483-44f1-9389-38367bc5ec15,c5,DROP,1460,p2,?,
1769500932.0965776,SENT,736e0cef-baf9-4f25-9643-5e0d2952684e,ef2af3eb-4c36-4ac1-ba7f-699af0773f25,c4,DROP,1007,?,i12,
1769500932.0966134,FORWARDED,736e0cef-baf9-4f25-9643-5e0d2952684e,ef2af3eb-4c36-4ac1-ba7f-699af0773f25,c4,DROP,1007,?,i12,
1769500932.1108842,SENT,faa2391c-a856-40b1-aa33-e16bedf61b2c,e01a5045-1ab2-4ecf-9e95-cd2b22133fa8,c2,DROP,1007,?,i4,
1769500932.110925,FORWARDED,faa2391c-a856-40b1-aa33-e16bedf61b2c,e01a5045-1ab2-4ecf-9e95-cd2b22133fa8,c2,DROP,1007,?,i4,
1769500932.178221,SENT,47b73b2d-d47c-42ac-a329-9ccf8e9af649,3d52f7f2-42f9-4317-a892-467c957190de,c3,None,1600,?,i10,
1769500932.1782622,FORWARDED,47b73b2d-d47c-42ac-a329-9ccf8e9af649,3d52f7f2-42f9-4317-a892-467c957190de,c3,None,1600,?,i10,
1769500932.2532985,SENT,2cc84763-8de4-4ab9-b342-c75b0797b6f4,e2e0f36a-c000-4573-bfd0-c6a8a590b40e,c2,c1,1772,?,i6,
1769500932.253338,FORWARDED,2cc84763-8de4-4ab9-b342-c75b0797b6f4,e2e0f36a-c000-4573-bfd0-c6a8a590b40e,c2,c1,1772,?,i6,
1769500932.2566555,RECEIVED,bbdec11d-55d0-467e-b647-a9f88953ce1a,845df119-5fee-4aba-9c97-0c4354d4455c,c4,DROP,1447,p1,?,
1769500932.387007,RECEIVED,90fe8074-200f-4841-8c1c-4e3762db6c7e,1efe2e25-52e1-4970-8660-f0f146aba827,c2,DROP,442,x7,?,
1769500932.4409256,RECEIVED,78d00a86-aeca-498a-ac40-fa5f3177f417,440e07d8-e563-4a87-b8a3-aa2eebd481d9,c2,None,2233,p2,?,
1769500932.4821362,RECEIVED,1b73f419-4b53-4b4b-8dd6-984b4a7f7800,1d47a43e-ab2c-4379-a2c4-4dc14693b0ce,c5,c2,2459,p2,?,
1769500932.498518,RECEIVED,89d89ddd-672a-43a2-b6b9-bf5350e10efc,865d8f7d-8cf8-4104-857e-4b602d9cdc1e,c1,DROP,441,x9,?,
1769500932.6093972,SENT,78d00a86-aeca-498a-ac40-fa5f3177f417,440e07d8-e563-4a87-b8a3-aa2eebd481d9,c2,None,1601,?,i12,
1769500932.6094408,FORWARDED,78d00a86-aeca-498a-ac40-fa5f3177f417,440e07d8-e563-4a87-b8a3-aa2eebd481d9,c2,None,1601,?,i12,
1769500932.6398833,RECEIVED,a417b01c-f5c9-4eb7-801b-a65860b62a37,af8c760a-61dc-4e3e-abf6-d84cbb4c7e39,c4,DROP,1441,p1,?,
1769500932.686671,RECEIVED,85323b63-d253-4318-b01b-4b04bc4be62f,ffd1c3ba-c0ed-4c96-b885-fbb98a7018bd,c1,DROP,1449,p1,?,
1769500932.7119162,SENT,85323b63-d253-4318-b01b-4b04bc4be62f,ffd1c3ba-c0ed-4c96-b885-fbb98a7018bd,c1,DROP,1012,?,i1,
1769500932.7119546,FORWARDED,85323b63-d253-4318-b01b-4b04bc4be62f,ffd1c3ba-c0ed-4c96-b885-fbb98a7018bd,c1,DROP,1012,?,i1,
1769500932.850329,SENT,bbdec11d-55d0-467e-b647-a9f88953ce1a,845df119-5fee-4aba-9c97-0c4354d4455c,c4,DROP,1014,?,i8,
1769500932.8503706,FORWARDED,bbdec11d-55d0-467e-b647-a9f88953ce1a,845df119-5fee-4aba-9c97-0c4354d4455c,c4,DROP,1014,?,i8,
1769500932.9379869,RECEIVED,4c18a373-a3d2-4bc6-af5e-9ec44a028b2b,b451ab76-ad5f-41bf-b559-0d20b89d0bf2,c5,DROP,441,x6,?,
1769500933.0089872,SENT,a417b01c-f5c9-4eb7-801b-a65860b62a37,af8c760a-61dc-4e3e-abf6-d84cbb4c7e39,c4,DROP,1008,?,i12,
1769500933.0090275,FORWARDED,a417b01c-f5c9-4eb7-801b-a65860b62a37,af8c760a-61dc-4e3e-abf6-d84cbb4c7e39,c4,DROP,1008,?,i12,
1769500933.217623,RECEIVED,6aab0a2e-ecff-496a-bc51-0989e1b1e82f,4c6d3488-702f-4283-95b7-734d29333ab9,c4,DROP,1444,p1,?,
1769500933.2563014,SENT,e51a059f-d65d-420b-974c-b6db7c091276,a764878a-3483-44f1-9389-38367bc5ec15,c5,DROP,1021,?,i12,
1769500933.2563655,FORWARDED,e51a059f-d65d-420b-974c-b6db7c091276,a764878a-3483-44f1-9389-38367bc5ec15,c5,DROP,1021,?,i12,
1769500933.3557184,SENT,6aab0a2e-ecff-496a-bc51-0989e1b1e82f,4c6d3488-702f-4283-95b7-734d29333ab9,c4,DROP,1011,?,i9,
1769500933.3557587,FORWARDED,6aab0a2e-ecff-496a-bc51-0989e1b1e82f,4c6d3488-702f-4283-95b7-734d29333ab9,c4,DROP,1011,?,i9,
1769500933.4492428,SENT,1b73f419-4b53-4b4b-8dd6-984b4a7f7800,1d47a43e-ab2c-4379-a2c4-4dc14693b0ce,c5,c2,1772,?,i7,
1769500933.4492867,FORWARDED,1b73f419-4b53-4b4b-8dd6-984b4a7f7800,1d47a43e-ab2c-4379-a2c4-4dc14693b0ce,c5,c2,1772,?,i7,
1769500933.5434215,RECEIVED,d33e9686-f26b-4494-bdd3-301efdd62b45,960e8875-1c71-4ea2-b1fe-0f1d5801cfea,c4,c3,2451,p1,?,
1769500933.6205876,RECEIVED,7d1cd9dd-4d8f-4fe1-90f5-d71ee6ab86d0,c3a26bde-1854-4acd-ad90-daa13c5af8df,c2,None,2224,p2,?,
1769500933.6754973,RECEIVED,8972439c-70ca-4e66-9c6d-a8c45db5e0e2,203cff8f-7ff2-4c13-a948-91ae4c4aff21,c4,DROP,1444,p1,?,
1769500933.6797287,SENT,7d1cd9dd-4d8f-4fe1-90f5-d71ee6ab86d0,c3a26bde-1854-4acd-ad90-daa13c5af8df,c2,None,1595,?,i8,
1769500933.6797705,FORWARDED,7d1cd9dd-4d8f-4fe1-90f5-d71ee6ab86d0,c3a26bde-1854-4acd-ad90-daa13c5af8df,c2,None,1595,?,i8,
1769500933.8210843,SENT,d33e9686-f26b-4494-bdd3-301efdd62b45,960e8875-1c71-4ea2-b1fe-0f1d5801cfea,c4,c3,1765,?,i6,
1769500933.8211195,FORWARDED,d33e9686-f26b-4494-bdd3-301efdd62b45,960e8875-1c71-4ea2-b1fe-0f1d5801cfea,c4,c3,1765,?,i6,
1769500934.024085,RECEIVED,de295c8e-e1f3-4cba-a574-eb806e99804c,6f0fca58-4792-40cd-a249-596ed5b66b03,c4,DROP,1456,p1,?,
1769500934.068974,RECEIVED,5cb3a73d-9618-4d51-ba8c-274b8e8ea6da,81fa56e5-aa79-4e67-a266-28c71aa5afa6,c3,DROP,1442,p3,?,
1769500934.1158748,RECEIVED,7b96cfa1-2fdb-42b0-9f2b-13944cbc843d,80660c59-77ba-4d3a-a2e7-bd4fcc27d7f4,c4,DROP,1441,p1,?,
1769500934.1270072,SENT,5cb3a73d-9618-4d51-ba8c-274b8e8ea6da,81fa56e5-aa79-4e67-a266-28c71aa5afa6,c3,DROP,1008,?,i10,
1769500934.1270423,FORWARDED,5cb3a73d-9618-4d51-ba8c-274b8e8ea6da,81fa56e5-aa79-4e67-a266-28c71aa5afa6,c3,DROP,1008,?,i10,
1769500934.1312425,SENT,8972439c-70ca-4e66-9c6d-a8c45db5e0e2,203cff8f-7ff2-4c13-a948-91ae4c4aff21,c4,DROP,1010,?,i1,
1769500934.1312847,FORWARDED,8972439c-70ca-4e66-9c6d-a8c45db5e0e2,203cff8f-7ff2-4c13-a948-91ae4c4aff21,c4,DROP,1010,?,i1,
1769500934.352205,RECEIVED,6dda3ca1-0afe-4b08-8364-e29d4984f015,4d9ac3ea-e430-4b2c-81f6-8e79a1cf2e23,c4,c3,2450,p1,?,
1769500934.3579478,SENT,de295c8e-e1f3-4cba-a574-eb806e99804c,6f0fca58-4792-40cd-a249-596ed5b66b03,c4,DROP,1020,?,i12,
1769500934.3579907,FORWARDED,de295c8e-e1f3-4cba-a574-eb806e99804c,6f0fca58-4792-40cd-a249-596ed5b66b03,c4,DROP,1020,?,i12,
1769500934.5106673,SENT,7b96cfa1-2fdb-42b0-9f2b-13944cbc843d,80660c59-77ba-4d3a-a2e7-bd4fcc27d7f4,c4,DROP,1007,?,i10,
1769500934.5107172,FORWARDED,7b96cfa1-2fdb-42b0-9f2b-13944cbc843d,80660c59-77ba-4d3a-a2e7-bd4fcc27d7f4,c4,DROP,1007,?,i10,
1769500934.5194457,RECEIVED,421cb659-cdd4-4226-a3c9-f3ac2e7bc103,de6c2d67-ecb8-40cd-b508-68f3f702d4eb,c4,DROP,441,x9,?,
1769500934.758144,RECEIVED,0126a025-7382-466c-b2f6-006eb9c23ae6,5431b131-d425-4e62-8f98-9734fcbd90d1,c4,None,2229,p1,?,
1769500934.8302479,RECEIVED,9354f977-8ffb-4198-8ed9-c04479e738b3,b0533c19-bed1-4c20-a361-0d59348cf20c,c5,c2,2464,p2,?,
1769500934.8693106,SENT,0126a025-7382-466c-b2f6-006eb9c23ae6,5431b131-d425-4e62-8f98-9734fcbd90d1,c4,None,1599,?,i11,
1769500934.8693547,FORWARDED,0126a025-7382-466c-b2f6-006eb9c23ae6,5431b131-d425-4e62-8f98-9734fcbd90d1,c4,None,1599,?,i11,
1769500934.887246,RECEIVED,61bcb10d-7d8b-442d-8c43-d1c218379052,3219f4ee-7a7c-4769-b047-0deb179f5484,c3,c4,2469,p3,?,
1769500934.9743576,SENT,61bcb10d-7d8b-442d-8c43-d1c218379052,3219f4ee-7a7c-4769-b047-0deb179f5484,c3,c4,1777,?,i5,
1769500934.974397,FORWARDED,61bcb10d-7d8b-442d-8c43-d1c218379052,3219f4ee-7a7c-4769-b047-0deb179f5484,c3,c4,1777,?,i5,
1769500934.9911575,RECEIVED,75c0a1f2-7889-4ad2-b05a-1d0988e9b406,f3fbd2b6-f3a4-4a8f-9d00-7efdd2bc359e,c2,c1,2473,p2,?,
1769500935.1988945,SENT,75c0a1f2-7889-4ad2-b05a-1d0988e9b406,f3fbd2b6-f3a4-4a8f-9d00-7efdd2bc359e,c2,c1,1780,?,i11,
1769500935.1989393,FORWARDED,75c0a1f2-7889-4ad2-b05a-1d0988e9b406,f3fbd2b6-f3a4-4a8f-9d00-7efdd2bc359e,c2,c1,1780,?,i11,
1769500935.2339177,SENT,9354f977-8ffb-4198-8ed9-c04479e738b3,b0533c19-bed1-4c20-a361-0d59348cf20c,c5,c2,1775,?,i3,
1769500935.233959,FORWARDED,9354f977-8ffb-4198-8ed9-c04479e738b3,b0533c19-bed1-4c20-a361-0d59348cf20c,c5,c2,1775,?,i3,
1769500935.2466621,SENT,6dda3ca1-0afe-4b08-8364-e29d4984f015,4d9ac3ea-e430-4b2c-81f6-8e79a1cf2e23,c4,c3,1766,?,i9,
1769500935.2467,FORWARDED,6dda3ca1-0afe-4b08-8364-e29d4984f015,4d9ac3ea-e430-4b2c-81f6-8e79a1cf2e23,c4,c3,1766,?,i9,
1769500935.6369367,RECEIVED,e1975e94-26b1-47d5-8e31-9f41ffa105ce,2889a09f-cdd1-4c01-a47d-f9822256b412,c1,DROP,1444,p1,?,
1769500935.8308427,SENT,e1975e94-26b1-47d5-8e31-9f41ffa105ce,2889a09f-cdd1-4c01-a47d-f9822256b412,c1,DROP,1011,?,i6,
1769500935.830886,FORWARDED,e1975e94-26b1-47d5-8e31-9f41ffa105ce,2889a09f-cdd1-4c01-a47d-f9822256b412,c1,DROP,1011,?,i6,
1769500935.9522023,RECEIVED,093b5e42-9ebe-429e-bdd2-639f9b8c9d2b,2aec4855-7498-4cbc-95bf-32ccfe412088,c1,None,2232,p1,?,
1769500936.035855,SENT,093b5e42-9ebe-429e-bdd2-639f9b8c9d2b,2aec4855-7498-4cbc-95bf-32ccfe412088,c1,None,1600,?,i6,
1769500936.0359004,FORWARDED,093b5e42-9ebe-429e-bdd2-639f9b8c9d2b,2aec4855-7498-4cbc-95bf-32ccfe412088,c1,None,1600,?,i6,
1769500936.2292619,RECEIVED,0e0590dc-9825-4f4d-a51a-f396f2d2d4a8,c6b384ab-1287-4a97-83f9-a82f5986729c,c5,DROP,1439,p2,?,
1769500936.261871,RECEIVED,c79fb6d7-3b40-46d0-be71-947caae0eb72,d26639d9-416a-4f74-9588-8a87479f19b2,c5,DROP,1439,p2,?,
1769500936.5593693,RECEIVED,24165484-b9c2-4912-9329-233a7aacb418,b12d4d35-307e-4771-b8a0-69e0cef8c08e,c2,DROP,1439,p2,?,
1769500936.619805,RECEIVED,4b2adc02-c3b4-480f-bb9f-02b7cac48a98,e3476f70-0077-4c16-959a-a43b51c313ff,c4,DROP,1439,p1,?,
1769500936.6331255,SENT,c79fb6d7-3b40-46d0-be71-947caae0eb72,d26639d9-416a-4f74-9588-8a87479f19b2,c5,DROP,1007,?,i6,
1769500936.6331692,FORWARDED,c79fb6d7-3b40-46d0-be71-947caae0eb72,d26639d9-416a-4f74-9588-8a87479f19b2,c5,DROP,1007,?,i6,
1769500936.7802663,SENT,0e0590dc-9825-4f4d-a51a-f396f2d2d4a8,c6b384ab-1287-4a97-83f9-a82f5986729c,c5,DROP,1007,?,i6,
1769500936.7803097,FORWARDED,0e0590dc-9825-4f4d-a51a-f396f2d2d4a8,c6b384ab-1287-4a97-83f9-a82f5986729c,c5,DROP,1007,?,i6,
1769500936.9774039,RECEIVED,bd02e41b-1192-4572-b0cd-4afb36b20561,329f9cf8-fb5e-4ced-bdde-b018a834af23,c5,DROP,1439,p2,?,
1769500937.1477668,SENT,24165484-b9c2-4912-9329-233a7aacb418,b12d4d35-307e-4771-b8a0-69e0cef8c08e,c2,DROP,1008,?,i3,
1769500937.147809,FORWARDED,24165484-b9c2-4912-9329-233a7aacb418,b12d4d35-307e-4771-b8a0-69e0cef8c08e,c2,DROP,1008,?,i3,
1769500937.2123537,RECEIVED,d24b7288-b147-46e8-b5bf-b55517ae3a5b,53e2f2ad-fdba-4365-9165-8ae77da8270e,c1,DROP,1447,p1,?,
1769500937.443629,RECEIVED,f1b2ed64-ceae-4ea6-a898-ad39a852c3ab,2bd5a8c9-57d4-4475-b76a-d6c1879f4c84,c1,DROP,1448,p1,?,
1769500937.4478445,RECEIVED,69d777c0-2b48-4fdb-b2c5-9c40e5078e3c,f73bad43-0563-4bc7-922d-801ed467d604,c4,DROP,441,x10,?,
1769500937.6537864,RECEIVED,2460faf5-f773-40c7-b47c-fe622406fcf9,b2fbb870-8345-4852-87ff-38ee830f3423,c5,DROP,1445,p2,?,
1769500937.7372544,RECEIVED,06a7b67d-6b04-486d-8def-6584c2147535,a2751ed2-6531-478f-ac63-30c2484ca247,c5,c2,2448,p2,?,
1769500937.7510142,SENT,2460faf5-f773-40c7-b47c-fe622406fcf9,b2fbb870-8345-4852-87ff-38ee830f3423,c5,DROP,1009,?,i2,
1769500937.7512195,FORWARDED,2460faf5-f773-40c7-b47c-fe622406fcf9,b2fbb870-8345-4852-87ff-38ee830f3423,c5,DROP,1009,?,i2,
1769500937.7657404,SENT,d24b7288-b147-46e8-b5bf-b55517ae3a5b,53e2f2ad-fdba-4365-9165-8ae77da8270e,c1,DROP,1012,?,i8,
1769500937.7657816,FORWARDED,d24b7288-b147-46e8-b5bf-b55517ae3a5b,53e2f2ad-fdba-4365-9165-8ae77da8270e,c1,DROP,1012,?,i8,
1769500937.845168,SENT,bd02e41b-1192-4572-b0cd-4afb36b20561,329f9cf8-fb5e-4ced-bdde-b018a834af23,c5,DROP,1008,?,i3,
1769500937.8452868,FORWARDED,bd02e41b-1192-4572-b0cd-4afb36b20561,329f9cf8-fb5e-4ced-bdde-b018a834af23,c5,DROP,1008,?,i3,
1769500937.8827977,SENT,06a7b67d-6b04-486d-8def-6584c2147535,a2751ed2-6531-478f-ac63-30c2484ca247,c5,c2,1763,?,i2,
1769500937.8828413,FORWARDED,06a7b67d-6b04-486d-8def-6584c2147535,a2751ed2-6531-478f-ac63-30c2484ca247,c5,c2,1763,?,i2,
1769500938.0581143,RECEIVED,6e9296cf-59f7-4661-bbcf-f60e77ea369e,94216eb8-b719-4cb8-a3d0-0050f29f08b4,c1,c5,2451,p1,?,
1769500938.0633967,RECEIVED,0c2ff131-0d15-4777-abcd-6fc264f477ba,5f80eace-1720-4e83-aab4-a980c3476916,c3,DROP,1440,p3,?,
1769500938.0741363,RECEIVED,7e84e013-8348-4dba-94e1-2b09cf088136,a8b61403-6507-486e-85fa-323ddfdb02fa,c4,None,2233,p1,?,
1769500938.1506047,SENT,7e84e013-8348-4dba-94e1-2b09cf088136,a8b61403-6507-486e-85fa-323ddfdb02fa,c4,None,1600,?,i11,
1769500938.1506426,FORWARDED,7e84e013-8348-4dba-94e1-2b09cf088136,a8b61403-6507-486e-85fa-323ddfdb02fa,c4,None,1600,?,i11,
1769500938.224876,RECEIVED,41f55d9b-5ce0-47f7-b84e-f8bc15960ed8,865e4b5b-41ac-4148-ad91-e48f3870e3da,c5,DROP,442,x10,?,
1769500938.2859902,RECEIVED,408a5e0e-aa33-4c96-9a17-c75ff5cff033,558cd0ed-bc4c-4b13-ad84-0a4895f84454,c4,DROP,1440,p1,?,
1769500938.436825,RECEIVED,1e7379a2-38d5-47e2-a283-12ed104b40b1,593841bb-4d10-4faa-9099-2002060c7baf,c5,None,2233,p2,?,
1769500938.4925373,SENT,1e7379a2-38d5-47e2-a283-12ed104b40b1,593841bb-4d10-4faa-9099-2002060c7baf,c5,None,1600,?,i3,
1769500938.4925964,FORWARDED,1e7379a2-38d5-47e2-a283-12ed104b40b1,593841bb-4d10-4faa-9099-2002060c7baf,c5,None,1600,?,i3,
1769500938.6372554,RECEIVED,bbbe81cd-9561-41ca-ac20-00e791c63999,5a4b51f8-0255-4bcb-a659-e4e0bd461409,c4,None,2232,p1,?,
1769500938.6452367,SENT,6e9296cf-59f7-4661-bbcf-f60e77ea369e,94216eb8-b719-4cb8-a3d0-0050f29f08b4,c1,c5,1765,?,i1,
1769500938.6452773,FORWARDED,6e9296cf-59f7-4661-bbcf-f60e77ea369e,94216eb8-b719-4cb8-a3d0-0050f29f08b4,c1,c5,1765,?,i1,
1769500938.6509879,SENT,408a5e0e-aa33-4c96-9a17-c75ff5cff033,558cd0ed-bc4c-4b13-ad84-0a4895f84454,c4,DROP,1007,?,i12,
1769500938.6510274,FORWARDED,408a5e0e-aa33-4c96-9a17-c75ff5cff033,558cd0ed-bc4c-4b13-ad84-0a4895f84454,c4,DROP,1007,?,i12,
1769500938.661558,SENT,bbbe81cd-9561-41ca-ac20-00e791c63999,5a4b51f8-0255-4bcb-a659-e4e0bd461409,c4,None,1600,?,i5,
1769500938.6616018,FORWARDED,bbbe81cd-9561-41ca-ac20-00e791c63999,5a4b51f8-0255-4bcb-a659-e4e0bd461409,c4,None,1600,?,i5,
1769500938.816589,RECEIVED,7fdc28b7-3bb9-4641-8797-fb8777e4fcce,a3e81e56-2f84-4852-8582-b4e1eff3fdb5,c3,DROP,1436,p3,?,
1769500938.862508,RECEIVED,d933f997-1122-4a64-95b8-a525c967c89d,1f892a79-f302-45b5-af73-2ee977c3ff97,c4,DROP,1436,p1,?,
1769500938.93019,SENT,0c2ff131-0d15-4777-abcd-6fc264f477ba,5f80eace-1720-4e83-aab4-a980c3476916,c3,DROP,1007,?,i12,
1769500938.9302287,FORWARDED,0c2ff131-0d15-4777-abcd-6fc264f477ba,5f80eace-1720-4e83-aab4-a980c3476916,c3,DROP,1007,?,i12,
1769500938.9414477,SENT,d933f997-1122-4a64-95b8-a525c967c89d,1f892a79-f302-45b5-af73-2ee977c3ff97,c4,DROP,1003,?,i8,
1769500938.9414856,FORWARDED,d933f997-1122-4a64-95b8-a525c967c89d,1f892a79-f302-45b5-af73-2ee977c3ff97,c4,DROP,1003,?,i8,
1769500938.977974,SENT,f1b2ed64-ceae-4ea6-a898-ad39a852c3ab,2bd5a8c9-57d4-4475-b76a-d6c1879f4c84,c1,DROP,1012,?,i10,
1769500938.9780154,FORWARDED,f1b2ed64-ceae-4ea6-a898-ad39a852c3ab,2bd5a8c9-57d4-4475-b76a-d6c1879f4c84,c1,DROP,1012,?,i10,
1769500939.0302646,RECEIVED,654c6329-a9c2-448e-95bd-aeb0786bf939,b62656ec-cd14-4fac-8096-4026270787b4,c5,DROP,1443,p2,?,
1769500939.0385141,RECEIVED,064f33df-0cef-482d-991f-bf63583d2437,6b22ef4c-5718-4e33-865d-67ccaeb551d5,c3,DROP,1439,p3,?,
1769500939.0671,SENT,7fdc28b7-3bb9-4641-8797-fb8777e4fcce,a3e81e56-2f84-4852-8582-b4e1eff3fdb5,c3,DROP,1004,?,i4,
1769500939.067138,FORWARDED,7fdc28b7-3bb9-4641-8797-fb8777e4fcce,a3e81e56-2f84-4852-8582-b4e1eff3fdb5,c3,DROP,1004,?,i4,
1769500939.1565518,SENT,4b2adc02-c3b4-480f-bb9f-02b7cac48a98,e3476f70-0077-4c16-959a-a43b51c313ff,c4,DROP,1008,?,i11,
1769500939.1565948,FORWARDED,4b2adc02-c3b4-480f-bb9f-02b7cac48a98,e3476f70-0077-4c16-959a-a43b51c313ff,c4,DROP,1008,?,i11,
1769500939.5466552,SENT,654c6329-a9c2-448e-95bd-aeb0786bf939,b62656ec-cd14-4fac-8096-4026270787b4,c5,DROP,1011,?,i5,
1769500939.5466986,FORWARDED,654c6329-a9c2-448e-95bd-aeb0786bf939,b62656ec-cd14-4fac-8096-4026270787b4,c5,DROP,1011,?,i5,
1769500939.708724,RECEIVED,cdbe1ef4-6c14-4106-aeed-83bb4a01d79f,62f10a99-b2c5-4f4d-9533-a9d2cd0d78ca,c2,None,2236,p2,?,
1769500939.728975,SENT,064f33df-0cef-482d-991f-bf63583d2437,6b22ef4c-5718-4e33-865d-67ccaeb551d5,c3,DROP,1008,?,i5,
1769500939.7290134,FORWARDED,064f33df-0cef-482d-991f-bf63583d2437,6b22ef4c-5718-4e33-865d-67ccaeb551d5,c3,DROP,1008,?,i5,
1769500940.0057752,RECEIVED,a557673e-0238-4e96-9b22-69b407b61746,bd0042a9-f71a-4973-b212-70302a5ef3d0,c4,DROP,442,x4,?,
1769500940.1319044,SENT,cdbe1ef4-6c14-4106-aeed-83bb4a01d79f,62f10a99-b2c5-4f4d-9533-a9d2cd0d78ca,c2,None,1603,?,i9,
1769500940.1319482,FORWARDED,cdbe1ef4-6c14-4106-aeed-83bb4a01d79f,62f10a99-b2c5-4f4d-9533-a9d2cd0d78ca,c2,None,1603,?,i9,
1769500940.2233295,RECEIVED,a51db3d7-d93a-443a-b8d8-2e1dac046bac,41d3f9e1-ba79-4f67-a894-4e5ad9d900e3,c3,c4,2447,p3,?,
1769500940.6659434,RECEIVED,560913ee-1f46-44f5-a386-8f17b155da12,9be5d592-af0f-40cb-b4dc-609997ff3cb5,c3,DROP,1441,p3,?,
1769500940.739293,SENT,560913ee-1f46-44f5-a386-8f17b155da12,9be5d592-af0f-40cb-b4dc-609997ff3cb5,c3,DROP,1007,?,i12,
1769500940.7393348,FORWARDED,560913ee-1f46-44f5-a386-8f17b155da12,9be5d592-af0f-40cb-b4dc-609997ff3cb5,c3,DROP,1007,?,i12,
1769500940.7951362,RECEIVED,c5eabcad-c8cb-48f2-98dd-f3c51fbff5a7,ca064f43-7508-47a1-92ef-2ecda2512d6a,c4,DROP,1438,p1,?,
1769500940.8942015,RECEIVED,ace8252c-6007-499f-9232-361253cec086,b3cd6bb1-ede1-4c1f-bb99-032f105568fe,c3,DROP,1447,p3,?,
1769500940.974203,RECEIVED,d8bc0279-5189-4f5b-a1b6-72ac3a53e5fe,782c5461-41f8-46a0-a1ca-b28c1e5582ec,c3,DROP,441,x9,?,
1769500941.0322235,SENT,a51db3d7-d93a-443a-b8d8-2e1dac046bac,41d3f9e1-ba79-4f67-a894-4e5ad9d900e3,c3,c4,1763,?,i4,
1769500941.0322642,FORWARDED,a51db3d7-d93a-443a-b8d8-2e1dac046bac,41d3f9e1-ba79-4f67-a894-4e5ad9d900e3,c3,c4,1763,?,i4,
1769500941.0756147,RECEIVED,0e3f42a7-bec5-46b4-80da-85c90d4815a5,bd19f8a9-c13d-4eb8-89fe-217589a2e63a,c1,DROP,1435,p1,?,
1769500941.1467884,RECEIVED,7ed79829-8372-4808-ba17-26b62d71d565,20c5a740-24fc-433e-843a-1cc11e530682,c4,DROP,1439,p1,?,
1769500941.1588736,RECEIVED,4c8fc4b4-1808-45bf-9914-ccaec24ac77a,b2af8667-aac7-4699-a172-c0f2e11cf351,c3,None,2243,p3,?,
1769500941.1919298,RECEIVED,4505c704-c3cc-4587-9ce7-02c887ef37a4,4e63ab36-1111-4a15-9620-1dda6397d35f,c5,None,2232,p2,?,
1769500941.2497191,RECEIVED,5a9a6145-686c-4d33-914c-0857991fd290,5753b10c-5635-4513-b1b2-48a26a861878,c1,DROP,1446,p1,?,
1769500941.2644858,RECEIVED,48c222ea-7026-4d15-a46c-fe54e709dcf7,17b312ed-2286-4dc3-9fb5-c3bf7014474c,c3,None,2219,p3,?,
1769500941.2821944,SENT,c5eabcad-c8cb-48f2-98dd-f3c51fbff5a7,ca064f43-7508-47a1-92ef-2ecda2512d6a,c4,DROP,1007,?,i5,
1769500941.2823243,FORWARDED,c5eabcad-c8cb-48f2-98dd-f3c51fbff5a7,ca064f43-7508-47a1-92ef-2ecda2512d6a,c4,DROP,1007,?,i5,
1769500941.3712535,RECEIVED,3c4e04a2-1896-4287-99b7-0e980ba626dd,9315005d-a4ce-4254-98ad-6f13fce6b81b,c2,c1,2450,p2,?,
1769500941.3838623,SENT,3c4e04a2-1896-4287-99b7-0e980ba626dd,9315005d-a4ce-4254-98ad-6f13fce6b81b,c2,c1,1764,?,i11,
1769500941.3839037,FORWARDED,3c4e04a2-1896-4287-99b7-0e980ba626dd,9315005d-a4ce-4254-98ad-6f13fce6b81b,c2,c1,1764,?,i11,
1769500941.3920069,SENT,48c222ea-7026-4d15-a46c-fe54e709dcf7,17b312ed-2286-4dc3-9fb5-c3bf7014474c,c3,None,1592,?,i7,
1769500941.392064,FORWARDED,48c222ea-7026-4d15-a46c-fe54e709dcf7,17b312ed-2286-4dc3-9fb5-c3bf7014474c,c3,None,1592,?,i7,
1769500941.462299,RECEIVED,37ff44fa-14cb-4091-92d5-50c41db9e308,52be75d9-c562-41b1-a0b0-87e6ff0baf7d,c4,DROP,1443,p1,?,
1769500941.5009727,RECEIVED,7388b1ae-6344-4521-b0cc-2e7f44de95ae,1ee753fd-8fdb-4933-837c-c2242f89a041,c4,DROP,443,x7,?,
1769500941.6379213,RECEIVED,b1b74dbc-2abb-4bfa-ae12-be4706d37503,170de9d6-2f69-4eee-a5df-fe7c4922ad7d,c1,DROP,437,x5,?,
1769500941.6639678,SENT,4505c704-c3cc-4587-9ce7-02c887ef37a4,4e63ab36-1111-4a15-9620-1dda6397d35f,c5,None,1600,?,i7,
1769500941.6640213,FORWARDED,4505c704-c3cc-4587-9ce7-02c887ef37a4,4e63ab36-1111-4a15-9620-1dda6397d35f,c5,None,1600,?,i7,
1769500941.7069035,SENT,0e3f42a7-bec5-46b4-80da-85c90d4815a5,bd19f8a9-c13d-4eb8-89fe-217589a2e63a,c1,DROP,1005,?,i4,
1769500941.7069464,FORWARDED,0e3f42a7-bec5-46b4-80da-85c90d4815a5,bd19f8a9-c13d-4eb8-89fe-217589a2e63a,c1,DROP,1005,?,i4,
1769500941.7684224,RECEIVED,6950bb63-5e48-40c0-b761-badaa864429e,81c56173-22b5-4f4a-a5ac-d368b5680003,c2,c1,2475,p2,?,
1769500941.8033679,RECEIVED,b74f4522-9b2c-4a37-9040-50a7378bb1a7,e1b31090-89b1-461d-a449-b60a7731eb0b,c1,c5,2464,p1,?,
1769500941.9045851,SENT,37ff44fa-14cb-4091-92d5-50c41db9e308,52be75d9-c562-41b1-a0b0-87e6ff0baf7d,c4,DROP,1011,?,i3,
1769500941.9046266,FORWARDED,37ff44fa-14cb-4091-92d5-50c41db9e308,52be75d9-c562-41b1-a0b0-87e6ff0baf7d,c4,DROP,1011,?,i3,
1769500941.9952157,RECEIVED,3ddc90e4-e6cc-47e9-8700-acced7fd9673,401a4dc8-2da9-4e00-94ee-f3347c35232e,c4,None,2239,p1,?,
1769500942.0015876,SENT,5a9a6145-686c-4d33-914c-0857991fd290,5753b10c-5635-4513-b1b2-48a26a861878,c1,DROP,1012,?,i4,
1769500942.001625,FORWARDED,5a9a6145-686c-4d33-914c-0857991fd290,5753b10c-5635-4513-b1b2-48a26a861878,c1,DROP,1012,?,i4,
1769500942.172234,SENT,b74f4522-9b2c-4a37-9040-50a7378bb1a7,e1b31090-89b1-461d-a449-b60a7731eb0b,c1,c5,1775,?,i9,
1769500942.172277,FORWARDED,b74f4522-9b2c-4a37-9040-50a7378bb1a7,e1b31090-89b1-461d-a449-b60a7731eb0b,c1,c5,1775,?,i9,
1769500942.2701821,SENT,7ed79829-8372-4808-ba17-26b62d71d565,20c5a740-24fc-433e-843a-1cc11e530682,c4,DROP,1008,?,i5,
1769500942.270224,FORWARDED,7ed79829-8372-4808-ba17-26b62d71d565,20c5a740-24fc-433e-843a-1cc11e530682,c4,DROP,1008,?,i5,
1769500942.3053105,SENT,6950bb63-5e48-40c0-b761-badaa864429e,81c56173-22b5-4f4a-a5ac-d368b5680003,c2,c1,1785,?,i1,
1769500942.3053524,FORWARDED,6950bb63-5e48-40c0-b761-badaa864429e,81c56173-22b5-4f4a-a5ac-d368b5680003,c2,c1,1785,?,i1,
1769500942.4328392,RECEIVED,9f8bd468-1570-422d-afde-f94957a7734e,dabe06d7-f0c2-471c-a58d-4f388cffa07e,c2,None,2235,p2,?,
1769500942.5232909,SENT,ace8252c-6007-499f-9232-361253cec086,b3cd6bb1-ede1-4c1f-bb99-032f105568fe,c3,DROP,1014,?,i1,
1769500942.5233297,FORWARDED,ace8252c-6007-499f-9232-361253cec086,b3cd6bb1-ede1-4c1f-bb99-032f105568fe,c3,DROP,1014,?,i1,
1769500942.5686774,RECEIVED,ceb29c1a-1046-4c34-b40a-a7639e80fed6,559ff6d2-47db-4ad5-9955-87e43e13c970,c4,DROP,1442,p1,?,
1769500942.590704,RECEIVED,f808713e-b8e8-4f9a-a515-715940e8f98e,dc6d435e-b984-4110-978c-4a4d6095bf3f,c5,DROP,1441,p2,?,
1769500942.5936246,SENT,3ddc90e4-e6cc-47e9-8700-acced7fd9673,401a4dc8-2da9-4e00-94ee-f3347c35232e,c4,None,1608,?,i9,
1769500942.593735,FORWARDED,3ddc90e4-e6cc-47e9-8700-acced7fd9673,401a4dc8-2da9-4e00-94ee-f3347c35232e,c4,None,1608,?,i9,
1769500942.6152537,RECEIVED,c6604eaa-db7c-4a14-a1e3-17eb2bb5d8fe,e0120311-ebfd-42f4-9d31-aca524409766,c4,None,2235,p1,?,
1769500942.6988654,SENT,f808713e-b8e8-4f9a-a515-715940e8f98e,dc6d435e-b984-4110-978c-4a4d6095bf3f,c5,DROP,1006,?,i11,
1769500942.698908,FORWARDED,f808713e-b8e8-4f9a-a515-715940e8f98e,dc6d435e-b984-4110-978c-4a4d6095bf3f,c5,DROP,1006,?,i11,
1769500942.725962,SENT,4c8fc4b4-1808-45bf-9914-ccaec24ac77a,b2af8667-aac7-4699-a172-c0f2e11cf351,c3,None,1609,?,i4,
1769500942.7260044,FORWARDED,4c8fc4b4-1808-45bf-9914-ccaec24ac77a,b2af8667-aac7-4699-a172-c0f2e11cf351,c3,None,1609,?,i4,
1769500942.7448485,RECEIVED,01f408a2-4dd7-4792-b139-70b7fbd20bcf,f84e0e2d-d589-47e4-85d0-afe014013004,c1,c5,2463,p1,?,
1769500942.8968012,SENT,c6604eaa-db7c-4a14-a1e3-17eb2bb5d8fe,e0120311-ebfd-42f4-9d31-aca524409766,c4,None,1603,?,i1,
1769500942.8968432,FORWARDED,c6604eaa-db7c-4a14-a1e3-17eb2bb5d8fe,e0120311-ebfd-42f4-9d31-aca524409766,c4,None,1603,?,i1,
1769500942.9591405,RECEIVED,2cb57274-d7b7-451c-981a-e4b098174e74,b0407233-62ae-44b5-af11-b9b1f7bd7580,c5,DROP,442,x2,?,
1769500943.1636043,SENT,ceb29c1a-1046-4c34-b40a-a7639e80fed6,559ff6d2-47db-4ad5-9955-87e43e13c970,c4,DROP,1009,?,i6,
1769500943.1636462,FORWARDED,ceb29c1a-1046-4c34-b40a-a7639e80fed6,559ff6d2-47db-4ad5-9955-87e43e13c970,c4,DROP,1009,?,i6,
1769500943.1942902,RECEIVED,953a6422-4328-401f-8322-df5a0211ffc9,ed537164-ee64-4337-a201-0f9c17303171,c4,DROP,1444,p1,?,
1769500943.226644,SENT,9f8bd468-1570-422d-afde-f94957a7734e,dabe06d7-f0c2-471c-a58d-4f388cffa07e,c2,None,1603,?,i1,
1769500943.2283404,FORWARDED,9f8bd468-1570-422d-afde-f94957a7734e,dabe06d7-f0c2-471c-a58d-4f388cffa07e,c2,None,1603,?,i1,
1769500943.4352314,RECEIVED,8e1cfd4a-38ef-4165-a263-195a8650337d,632efc14-37fe-4726-a5a8-38c340518734,c5,c2,2472,p2,?,
1769500943.6032236,SENT,953a6422-4328-401f-8322-df5a0211ffc9,ed537164-ee64-4337-a201-0f9c17303171,c4,DROP,1011,?,i1,
1769500943.6032648,FORWARDED,953a6422-4328-401f-8322-df5a0211ffc9,ed537164-ee64-4337-a201-0f9c17303171,c4,DROP,1011,?,i1,
1769500943.663675,RECEIVED,196b7f3e-955b-463f-b5f0-36e4f9d4fc49,2909646c-b4d7-47da-8619-133b5427ca1d,c4,c3,2461,p1,?,
1769500943.6867325,RECEIVED,128b06be-21f6-48ce-b167-30c6896db337,e081cf5b-c9f5-4b68-ac9d-d30ef3b1f48c,c2,DROP,446,x11,?,
1769500943.688546,SENT,8e1cfd4a-38ef-4165-a263-195a8650337d,632efc14-37fe-4726-a5a8-38c340518734,c5,c2,1780,?,i7,
1769500943.6885862,FORWARDED,8e1cfd4a-38ef-4165-a263-195a8650337d,632efc14-37fe-4726-a5a8-38c340518734,c5,c2,1780,?,i7,
1769500943.7294185,RECEIVED,2c894010-4954-4065-ae2d-67a1e423099f,89844ddf-7d1e-430d-8f10-b305039369f5,c4,DROP,1443,p1,?,
1769500943.792425,RECEIVED,a6aecaa4-4b0c-4f77-a3c3-8eab228511b0,71d87604-b06a-4949-bf78-8bf6b5fbe61d,c1,None,2240,p1,?,
1769500943.9509943,SENT,a6aecaa4-4b0c-4f77-a3c3-8eab228511b0,71d87604-b06a-4949-bf78-8bf6b5fbe61d,c1,None,1606,?,i1,
1769500943.9510367,FORWARDED,a6aecaa4-4b0c-4f77-a3c3-8eab228511b0,71d87604-b06a-4949-bf78-8bf6b5fbe61d,c1,None,1606,?,i1,
1769500944.0386078,SENT,196b7f3e-955b-463f-b5f0-36e4f9d4fc49,2909646c-b4d7-47da-8619-133b5427ca1d,c4,c3,1772,?,i12,
1769500944.0386484,FORWARDED,196b7f3e-955b-463f-b5f0-36e4f9d4fc49,2909646c-b4d7-47da-8619-133b5427ca1d,c4,c3,1772,?,i12,
1769500944.052039,SENT,01f408a2-4dd7-4792-b139-70b7fbd20bcf,f84e0e2d-d589-47e4-85d0-afe014013004,c1,c5,1775,?,i9,
1769500944.0520983,FORWARDED,01f408a2-4dd7-4792-b139-70b7fbd20bcf,f84e0e2d-d589-47e4-85d0-afe014013004,c1,c5,1775,?,i9,
1769500944.3854969,RECEIVED,f8f610a0-b98c-4b59-b1f4-b018b5a9ee31,e3e1df12-fa46-43c2-b166-af062ca7599c,c4,None,2235,p1,?,
1769500944.398307,RECEIVED,3a587281-0fce-4501-bf4e-ac99b5c0a416,cdcd781c-2691-48b5-85d9-a5c9538aab37,c3,DROP,1447,p3,?,
1769500944.4288375,RECEIVED,d1a762e5-27e8-4155-b6e3-6aaf556de6b7,60c1c6d8-c8ea-4508-a95f-6ae81114dd96,c4,c3,2465,p1,?,
1769500944.4477098,RECEIVED,eb7d2f57-4c76-406a-8bb3-cc2469747781,eee18999-5465-4f9a-97b1-58b2ef24297e,c1,DROP,442,x1,?,
1769500944.4562347,SENT,d1a762e5-27e8-4155-b6e3-6aaf556de6b7,60c1c6d8-c8ea-4508-a95f-6ae81114dd96,c4,c3,1776,?,i8,
1769500944.4562757,FORWARDED,d1a762e5-27e8-4155-b6e3-6aaf556de6b7,60c1c6d8-c8ea-4508-a95f-6ae81114dd96,c4,c3,1776,?,i8,
1769500944.55104,SENT,3a587281-0fce-4501-bf4e-ac99b5c0a416,cdcd781c-2691-48b5-85d9-a5c9538aab37,c3,DROP,1014,?,i4,
1769500944.5510967,FORWARDED,3a587281-0fce-4501-bf4e-ac99b5c0a416,cdcd781c-2691-48b5-85d9-a5c9538aab37,c3,DROP,1014,?,i4,
1769500944.629137,RECEIVED,8e9a9d6a-aead-4ec6-bbe7-a2a60ff67a53,c7f8b374-040b-4353-a872-b9c6f4e02c0f,c5,DROP,1443,p2,?,
1769500944.8164825,RECEIVED,72202b11-fe6c-485e-9014-d170d1c17f32,44d20610-4352-43df-a11d-65eb4ff8be6d,c1,DROP,1443,p1,?,
1769500945.048432,RECEIVED,38e589da-8f96-4eb7-b76e-a8a2ccc50a1e,2a32aaa2-5fe3-4fee-96cb-508909cadab8,c4,DROP,1443,p1,?,
1769500945.2642326,SENT,2c894010-4954-4065-ae2d-67a1e423099f,89844ddf-7d1e-430d-8f10-b305039369f5,c4,DROP,1009,?,i8,
1769500945.2642736,FORWARDED,2c894010-4954-4065-ae2d-67a1e423099f,89844ddf-7d1e-430d-8f10-b305039369f5,c4,DROP,1009,?,i8,
1769500945.304327,RECEIVED,e9fc68bf-1d76-4af9-a106-356b67e2f9e6,12b5ce45-2c24-4614-a9ea-641a5b4fbb83,c1,DROP,443,x2,?,
1769500945.3194456,SENT,72202b11-fe6c-485e-9014-d170d1c17f32,44d20610-4352-43df-a11d-65eb4ff8be6d,c1,DROP,1011,?,i1,
1769500945.3194878,FORWARDED,72202b11-fe6c-485e-9014-d170d1c17f32,44d20610-4352-43df-a11d-65eb4ff8be6d,c1,DROP,1011,?,i1,
1769500945.3282998,RECEIVED,e2a3d8a6-4337-487b-ab72-a4d283cd7af9,d7008f1b-5ddb-44ad-bd82-bd35be496b37,c1,DROP,1440,p1,?,
1769500945.3310573,RECEIVED,6cc6c05a-18a0-48f5-bf84-d85e3a28f9cc,9e9f4467-b166-4578-915e-b2cbcae6c682,c4,DROP,1438,p1,?,
1769500945.4201815,RECEIVED,a4a89c7c-ec22-44e7-aa95-4d119ca454ca,32419672-fc10-41e1-9a6c-a702d3a2bbea,c2,DROP,1447,p2,?,
1769500945.4222364,SENT,e2a3d8a6-4337-487b-ab72-a4d283cd7af9,d7008f1b-5ddb-44ad-bd82-bd35be496b37,c1,DROP,1007,?,i1,
1769500945.4222777,FORWARDED,e2a3d8a6-4337-487b-ab72-a4d283cd7af9,d7008f1b-5ddb-44ad-bd82-bd35be496b37,c1,DROP,1007,?,i1,
1769500945.4322536,SENT,f8f610a0-b98c-4b59-b1f4-b018b5a9ee31,e3e1df12-fa46-43c2-b166-af062ca7599c,c4,None,1604,?,i1,
1769500945.432295,FORWARDED,f8f610a0-b98c-4b59-b1f4-b018b5a9ee31,e3e1df12-fa46-43c2-b166-af062ca7599c,c4,None,1604,?,i1,
1769500945.451207,RECEIVED,280a6c95-32ef-48df-8ad0-afb1aea7baa2,9e817196-be26-4bda-ae91-1ea27aa59a36,c5,c2,2468,p2,?,
1769500945.485912,RECEIVED,7a4b2b9c-4f02-48e8-9fa9-49c1f1d9a741,7f70c927-a95e-4cff-968a-e6fb4c1ce025,c2,None,2236,p2,?,
1769500945.6766138,SENT,280a6c95-32ef-48df-8ad0-afb1aea7baa2,9e817196-be26-4bda-ae91-1ea27aa59a36,c5,c2,1777,?,i2,
1769500945.676659,FORWARDED,280a6c95-32ef-48df-8ad0-afb1aea7baa2,9e817196-be26-4bda-ae91-1ea27aa59a36,c5,c2,1777,?,i2,
1769500945.697104,RECEIVED,c6395437-6309-43e1-8e8a-5f7eed4be405,aab33f20-6561-43f5-9398-fc032b265ed7,c5,DROP,1461,p2,?,
1769500945.700279,SENT,6cc6c05a-18a0-48f5-bf84-d85e3a28f9cc,9e9f4467-b166-4578-915e-b2cbcae6c682,c4,DROP,1008,?,i1,
1769500945.700332,FORWARDED,6cc6c05a-18a0-48f5-bf84-d85e3a28f9cc,9e9f4467-b166-4578-915e-b2cbcae6c682,c4,DROP,1008,?,i1,
1769500945.707575,SENT,38e589da-8f96-4eb7-b76e-a8a2ccc50a1e,2a32aaa2-5fe3-4fee-96cb-508909cadab8,c4,DROP,1011,?,i3,
1769500945.7076192,FORWARDED,38e589da-8f96-4eb7-b76e-a8a2ccc50a1e,2a32aaa2-5fe3-4fee-96cb-508909cadab8,c4,DROP,1011,?,i3,
1769500945.8161895,SENT,a4a89c7c-ec22-44e7-aa95-4d119ca454ca,32419672-fc10-41e1-9a6c-a702d3a2bbea,c2,DROP,1014,?,i1,
1769500945.8162332,FORWARDED,a4a89c7c-ec22-44e7-aa95-4d119ca454ca,32419672-fc10-41e1-9a6c-a702d3a2bbea,c2,DROP,1014,?,i1,
1769500945.8859258,SENT,7a4b2b9c-4f02-48e8-9fa9-49c1f1d9a741,7f70c927-a95e-4cff-968a-e6fb4c1ce025,c2,None,1603,?,i4,
1769500945.8859706,FORWARDED,7a4b2b9c-4f02-48e8-9fa9-49c1f1d9a741,7f70c927-a95e-4cff-968a-e6fb4c1ce025,c2,None,1603,?,i4,
1769500945.932076,SENT,c6395437-6309-43e1-8e8a-5f7eed4be405,aab33f20-6561-43f5-9398-fc032b265ed7,c5,DROP,1021,?,i11,
1769500945.93212,FORWARDED,c6395437-6309-43e1-8e8a-5f7eed4be405,aab33f20-6561-43f5-9398-fc032b265ed7,c5,DROP,1021,?,i11,
1769500946.0021458,RECEIVED,33810528-821c-47e9-ba5c-8f15cc6d9b7f,b7a7091a-4e64-482d-92a7-af371d00b82b,c2,None,2231,p2,?,
1769500946.0056796,SENT,8e9a9d6a-aead-4ec6-bbe7-a2a60ff67a53,c7f8b374-040b-4353-a872-b9c6f4e02c0f,c5,DROP,1010,?,i1,
1769500946.0057213,FORWARDED,8e9a9d6a-aead-4ec6-bbe7-a2a60ff67a53,c7f8b374-040b-4353-a872-b9c6f4e02c0f,c5,DROP,1010,?,i1,
1769500946.0622082,RECEIVED,f8f884dd-90e2-4e1d-9fe5-42bad28188e7,0a8a516f-916e-4bf8-b606-bfd2b8320761,c1,DROP,1440,p1,?,
1769500946.1095102,SENT,f8f884dd-90e2-4e1d-9fe5-42bad28188e7,0a8a516f-916e-4bf8-b606-bfd2b8320761,c1,DROP,1007,?,i5,
1769500946.1095605,FORWARDED,f8f884dd-90e2-4e1d-9fe5-42bad28188e7,0a8a516f-916e-4bf8-b606-bfd2b8320761,c1,DROP,1007,?,i5,
1769500946.1500413,SENT,33810528-821c-47e9-ba5c-8f15cc6d9b7f,b7a7091a-4e64-482d-92a7-af371d00b82b,c2,None,1600,?,i6,
1769500946.150101,FORWARDED,33810528-821c-47e9-ba5c-8f15cc6d9b7f,b7a7091a-4e64-482d-92a7-af371d00b82b,c2,None,1600,?,i6,
1769500946.1670702,RECEIVED,d2c61be6-fb9a-4115-ba87-51ede8c95f9e,9b1adece-b1ad-4cc0-9e1f-8f60b9f1cb51,c4,DROP,1440,p1,?,
1769500946.3477008,RECEIVED,8055740e-ca52-4c3d-9fc1-4b5202e4002b,6a52e91c-b4d5-4717-bdf2-55648df4989e,c3,DROP,1441,p3,?,
1769500946.385373,SENT,8055740e-ca52-4c3d-9fc1-4b5202e4002b,6a52e91c-b4d5-4717-bdf2-55648df4989e,c3,DROP,1006,?,i8,
1769500946.3854167,FORWARDED,8055740e-ca52-4c3d-9fc1-4b5202e4002b,6a52e91c-b4d5-4717-bdf2-55648df4989e,c3,DROP,1006,?,i8,
1769500946.4028285,RECEIVED,4bda365f-c004-4965-8ccb-1c74b9440ad0,e5f57679-b85d-478d-9f4b-7457562a5814,c4,DROP,445,x11,?,
1769500946.4826796,SENT,d2c61be6-fb9a-4115-ba87-51ede8c95f9e,9b1adece-b1ad-4cc0-9e1f-8f60b9f1cb51,c4,DROP,1007,?,i7,
1769500946.4827206,FORWARDED,d2c61be6-fb9a-4115-ba87-51ede8c95f9e,9b1adece-b1ad-4cc0-9e1f-8f60b9f1cb51,c4,DROP,1007,?,i7,
1769500946.6406877,RECEIVED,09b70f1d-2e82-49d2-89f5-86d852509c30,42c24263-a648-4e3c-9757-80838059cc14,c5,DROP,1440,p2,?,
1769500946.6720357,RECEIVED,db1f1cc8-a192-49bd-b2fb-676f6ac900fe,2dc27c50-d35e-4df2-a09a-8df462672d07,c5,c2,2468,p2,?,
1769500946.7513866,RECEIVED,8776ff2f-5308-46d7-a69e-d148f13ee549,adb4ece3-7f45-4117-abb8-ad2d061e8b9a,c3,DROP,1461,p3,?,
1769500946.9466867,SENT,8776ff2f-5308-46d7-a69e-d148f13ee549,adb4ece3-7f45-4117-abb8-ad2d061e8b9a,c3,DROP,1021,?,i12,
1769500946.9467287,FORWARDED,8776ff2f-5308-46d7-a69e-d148f13ee549,adb4ece3-7f45-4117-abb8-ad2d061e8b9a,c3,DROP,1021,?,i12,
1769500946.9474368,RECEIVED,750c857d-d60a-4216-be35-5b7f14b5ff6a,0dad17f4-77eb-4df3-a0b2-6bf4d0abdfc1,c3,DROP,1439,p3,?,
1769500946.959914,RECEIVED,fa3b296b-984d-4e01-bf34-2f0b2f21cbbf,7665043c-8e45-4b6d-9c82-13d31fb6dc42,c3,DROP,1452,p3,?,
1769500947.0562346,RECEIVED,6734382e-d4d8-448a-be4d-e80685cd0452,7420cdbd-8b7e-4a7c-b8e7-eefc1974b4ae,c3,DROP,1454,p3,?,
1769500947.1208754,RECEIVED,d86f57a5-fa5b-439a-a5c1-5dff23843706,ba22a6cf-5e14-4aed-821a-e1fa52fa3dac,c1,DROP,1444,p1,?,
1769500947.1488886,SENT,6734382e-d4d8-448a-be4d-e80685cd0452,7420cdbd-8b7e-4a7c-b8e7-eefc1974b4ae,c3,DROP,1016,?,i2,
1769500947.148929,FORWARDED,6734382e-d4d8-448a-be4d-e80685cd0452,7420cdbd-8b7e-4a7c-b8e7-eefc1974b4ae,c3,DROP,1016,?,i2,
1769500947.149528,RECEIVED,2382e8df-4ba1-473a-b54c-c40221edd146,07d86ba1-f233-4d5e-9a0a-57ba84666bed,c4,None,2237,p1,?,
1769500947.2545912,SENT,2382e8df-4ba1-473a-b54c-c40221edd146,07d86ba1-f233-4d5e-9a0a-57ba84666bed,c4,None,1603,?,i3,
1769500947.2553363,FORWARDED,2382e8df-4ba1-473a-b54c-c40221edd146,07d86ba1-f233-4d5e-9a0a-57ba84666bed,c4,None,1603,?,i3,
1769500947.2770376,SENT,750c857d-d60a-4216-be35-5b7f14b5ff6a,0dad17f4-77eb-4df3-a0b2-6bf4d0abdfc1,c3,DROP,1007,?,i1,
1769500947.2772074,FORWARDED,750c857d-d60a-4216-be35-5b7f14b5ff6a,0dad17f4-77eb-4df3-a0b2-6bf4d0abdfc1,c3,DROP,1007,?,i1,
1769500947.3556194,RECEIVED,4b0fee68-14f7-4a20-85b5-01ba7932b2d9,0dc150cb-bc96-4dd1-8a82-db645e34d402,c1,c5,2455,p1,?,
1769500947.3574412,SENT,d86f57a5-fa5b-439a-a5c1-5dff23843706,ba22a6cf-5e14-4aed-821a-e1fa52fa3dac,c1,DROP,1011,?,i1,
1769500947.3574836,FORWARDED,d86f57a5-fa5b-439a-a5c1-5dff23843706,ba22a6cf-5e14-4aed-821a-e1fa52fa3dac,c1,DROP,1011,?,i1,
1769500947.4299965,SENT,db1f1cc8-a192-49bd-b2fb-676f6ac900fe,2dc27c50-d35e-4df2-a09a-8df462672d07,c5,c2,1777,?,i12,
1769500947.4300368,FORWARDED,db1f1cc8-a192-49bd-b2fb-676f6ac900fe,2dc27c50-d35e-4df2-a09a-8df462672d07,c5,c2,1777,?,i12,
1769500947.7487435,RECEIVED,17121479-a5a4-4a2e-8992-be363b9ac380,4b145928-9f4a-4384-8482-238cb898e189,c4,DROP,1448,p1,?,
1769500947.8764522,SENT,4b0fee68-14f7-4a20-85b5-01ba7932b2d9,0dc150cb-bc96-4dd1-8a82-db645e34d402,c1,c5,1770,?,i11,
1769500947.8764944,FORWARDED,4b0fee68-14f7-4a20-85b5-01ba7932b2d9,0dc150cb-bc96-4dd1-8a82-db645e34d402,c1,c5,1770,?,i11,
1769500947.9112532,RECEIVED,a5ec1e66-bd42-44ad-8060-27583d5ad958,4a758571-474f-4a18-b474-758a1a32aeba,c1,None,2229,p1,?,
1769500947.9681277,SENT,fa3b296b-984d-4e01-bf34-2f0b2f21cbbf,7665043c-8e45-4b6d-9c82-13d31fb6dc42,c3,DROP,1017,?,i10,
1769500947.9681692,FORWARDED,fa3b296b-984d-4e01-bf34-2f0b2f21cbbf,7665043c-8e45-4b6d-9c82-13d31fb6dc42,c3,DROP,1017,?,i10,
1769500947.983187,SENT,17121479-a5a4-4a2e-8992-be363b9ac380,4b145928-9f4a-4384-8482-238cb898e189,c4,DROP,1013,?,i8,
1769500947.983232,FORWARDED,17121479-a5a4-4a2e-8992-be363b9ac380,4b145928-9f4a-4384-8482-238cb898e189,c4,DROP,1013,?,i8,
1769500947.9857001,RECEIVED,989a0cec-10ea-4c8f-b3da-b8ff71847ec8,7e5d6c2a-1f3f-418d-be72-6fdb4a344eb4,c3,c4,2477,p3,?,
1769500948.0894237,RECEIVED,d54b8aff-6665-442d-8ae3-b707eb309ebd,939ba302-add2-4086-aa55-e3b80a7ce442,c4,DROP,441,x2,?,
1769500948.1743894,SENT,989a0cec-10ea-4c8f-b3da-b8ff71847ec8,7e5d6c2a-1f3f-418d-be72-6fdb4a344eb4,c3,c4,1783,?,i12,
1769500948.174432,FORWARDED,989a0cec-10ea-4c8f-b3da-b8ff71847ec8,7e5d6c2a-1f3f-418d-be72-6fdb4a344eb4,c3,c4,1783,?,i12,
1769500948.1820574,RECEIVED,7d12a0b2-8487-454e-91d7-6e8f93cd3e65,e23a2b98-5bc0-4006-ae75-d02660f25889,c4,DROP,1448,p1,?,
1769500948.1894667,SENT,a5ec1e66-bd42-44ad-8060-27583d5ad958,4a758571-474f-4a18-b474-758a1a32aeba,c1,None,1599,?,i10,
1769500948.1895144,FORWARDED,a5ec1e66-bd42-44ad-8060-27583d5ad958,4a758571-474f-4a18-b474-758a1a32aeba,c1,None,1599,?,i10,
1769500948.582456,SENT,7d12a0b2-8487-454e-91d7-6e8f93cd3e65,e23a2b98-5bc0-4006-ae75-d02660f25889,c4,DROP,1012,?,i12,
1769500948.5824997,FORWARDED,7d12a0b2-8487-454e-91d7-6e8f93cd3e65,e23a2b98-5bc0-4006-ae75-d02660f25889,c4,DROP,1012,?,i12,
1769500948.5895991,RECEIVED,4a710d73-a6cf-4f4a-a1cd-240e855423d7,6a67ba91-a38a-4ab4-87eb-99e1377aa59c,c4,None,2223,p1,?,
1769500948.8852232,RECEIVED,12490335-e08f-42db-8eea-877ac29a6a0a,a817966d-b318-45c2-8884-aee9a500d51b,c4,DROP,442,x10,?,
1769500948.939546,RECEIVED,84dcd2f9-ff02-4844-adad-0feffce6fd11,06313ecc-3fc7-4425-80ce-8d353015f123,c3,c4,2460,p3,?,
1769500948.946338,SENT,4a710d73-a6cf-4f4a-a1cd-240e855423d7,6a67ba91-a38a-4ab4-87eb-99e1377aa59c,c4,None,1595,?,i9,
1769500948.9463825,FORWARDED,4a710d73-a6cf-4f4a-a1cd-240e855423d7,6a67ba91-a38a-4ab4-87eb-99e1377aa59c,c4,None,1595,?,i9,
1769500948.9630055,RECEIVED,bb9b73fa-5a32-4e49-ae9a-d53bf020c150,66666fc4-a337-4108-9cd1-b94c0b37bdf8,c3,DROP,1446,p3,?,
1769500948.9894931,RECEIVED,f814e1c1-d96e-4452-8d0c-e27f972584b8,b6019815-9551-476d-b49d-e2391c5fe457,c3,c4,2468,p3,?,
1769500949.0189526,RECEIVED,d4815f46-ce4d-4adf-a0d4-ba3bc1087b7f,399afd92-100e-433a-aa0d-ca249862e796,c2,c1,2444,p2,?,
1769500949.0681524,SENT,09b70f1d-2e82-49d2-89f5-86d852509c30,42c24263-a648-4e3c-9757-80838059cc14,c5,DROP,1008,?,i11,
1769500949.0681975,FORWARDED,09b70f1d-2e82-49d2-89f5-86d852509c30,42c24263-a648-4e3c-9757-80838059cc14,c5,DROP,1008,?,i11,
1769500949.0798192,SENT,d4815f46-ce4d-4adf-a0d4-ba3bc1087b7f,399afd92-100e-433a-aa0d-ca249862e796,c2,c1,1759,?,i9,
1769500949.0798607,FORWARDED,d4815f46-ce4d-4adf-a0d4-ba3bc1087b7f,399afd92-100e-433a-aa0d-ca249862e796,c2,c1,1759,?,i9,
1769500949.1239412,RECEIVED,c49e4dd8-2e5d-4464-b4ce-f2198d740598,4f0b5ce4-1518-43fd-9099-10745ab637d8,c3,c4,2460,p3,?,
1769500949.1715517,SENT,f814e1c1-d96e-4452-8d0c-e27f972584b8,b6019815-9551-476d-b49d-e2391c5fe457,c3,c4,1779,?,i8,
1769500949.1715934,FORWARDED,f814e1c1-d96e-4452-8d0c-e27f972584b8,b6019815-9551-476d-b49d-e2391c5fe457,c3,c4,1779,?,i8,
1769500949.363712,SENT,c49e4dd8-2e5d-4464-b4ce-f2198d740598,4f0b5ce4-1518-43fd-9099-10745ab637d8,c3,c4,1772,?,i5,
1769500949.3637547,FORWARDED,c49e4dd8-2e5d-4464-b4ce-f2198d740598,4f0b5ce4-1518-43fd-9099-10745ab637d8,c3,c4,1772,?,i5,
1769500949.4168856,SENT,84dcd2f9-ff02-4844-adad-0feffce6fd11,06313ecc-3fc7-4425-80ce-8d353015f123,c3,c4,1771,?,i5,
1769500949.416928,FORWARDED,84dcd2f9-ff02-4844-adad-0feffce6fd11,06313ecc-3fc7-4425-80ce-8d353015f123,c3,c4,1771,?,i5,
1769500949.4984066,RECEIVED,072f4fa6-40e7-4de6-9fd9-3c2796611d4e,69d09d7b-adbe-43e5-abd3-a3da07057908,c1,DROP,1444,p1,?,
1769500949.5155883,RECEIVED,0c317a74-f92e-4426-90ec-3807487b29d0,6aa706fe-be9a-4265-98c9-b27e603485c7,c5,DROP,1447,p2,?,
1769500949.53919,SENT,072f4fa6-40e7-4de6-9fd9-3c2796611d4e,69d09d7b-adbe-43e5-abd3-a3da07057908,c1,DROP,1009,?,i8,
1769500949.5392437,FORWARDED,072f4fa6-40e7-4de6-9fd9-3c2796611d4e,69d09d7b-adbe-43e5-abd3-a3da07057908,c1,DROP,1009,?,i8,
1769500949.7839134,RECEIVED,c3891392-d35f-4c53-8af1-7d7309cf6391,5bdf4d68-1fcb-4f0d-a3fe-5d7f4772e77c,c5,DROP,1447,p2,?,
1769500949.8283718,RECEIVED,86ad57f0-9248-47e7-bff7-49de8c831cfd,eac3b545-3641-411e-99fa-91061d9d627c,c3,DROP,1448,p3,?,
1769500949.8305862,RECEIVED,0ba89289-40ae-456b-b460-d858bd745ddd,76729970-e034-497a-8184-b0abd4e1c76e,c5,DROP,1444,p2,?,
1769500949.9371216,RECEIVED,3a2ebf14-a836-43a2-96d6-e7eb2ff7f9bf,692f5b87-5499-4119-81e2-4fe9d155b55a,c1,DROP,1449,p1,?,
1769500949.9515314,SENT,3a2ebf14-a836-43a2-96d6-e7eb2ff7f9bf,692f5b87-5499-4119-81e2-4fe9d155b55a,c1,DROP,1012,?,i9,
1769500949.951567,FORWARDED,3a2ebf14-a836-43a2-96d6-e7eb2ff7f9bf,692f5b87-5499-4119-81e2-4fe9d155b55a,c1,DROP,1012,?,i9,
1769500950.092145,SENT,86ad57f0-9248-47e7-bff7-49de8c831cfd,eac3b545-3641-411e-99fa-91061d9d627c,c3,DROP,1013,?,i8,
1769500950.0921867,FORWARDED,86ad57f0-9248-47e7-bff7-49de8c831cfd,eac3b545-3641-411e-99fa-91061d9d627c,c3,DROP,1013,?,i8,
1769500950.0998595,RECEIVED,63e3a2a3-a6b4-4916-bde7-2f2f416f10ae,3a935775-500f-412c-ac28-b15880fb24cb,c4,None,2243,p1,?,
1769500950.1731093,SENT,bb9b73fa-5a32-4e49-ae9a-d53bf020c150,66666fc4-a337-4108-9cd1-b94c0b37bdf8,c3,DROP,1013,?,i1,
1769500950.1731524,FORWARDED,bb9b73fa-5a32-4e49-ae9a-d53bf020c150,66666fc4-a337-4108-9cd1-b94c0b37bdf8,c3,DROP,1013,?,i1,
1769500950.1818433,RECEIVED,7b4f627c-49da-4dcb-8062-8814d0881216,b715675d-91dd-4502-91eb-928e53d5cdb5,c4,DROP,446,x4,?,
1769500950.2461517,SENT,0ba89289-40ae-456b-b460-d858bd745ddd,76729970-e034-497a-8184-b0abd4e1c76e,c5,DROP,1011,?,i5,
1769500950.2461932,FORWARDED,0ba89289-40ae-456b-b460-d858bd745ddd,76729970-e034-497a-8184-b0abd4e1c76e,c5,DROP,1011,?,i5,
1769500950.3664339,RECEIVED,922153be-62de-4318-bfbd-fa3f72e790a6,80da541f-20a9-4e97-9a5b-20e0f33bdf02,c2,DROP,1455,p2,?,
1769500950.4696782,SENT,c3891392-d35f-4c53-8af1-7d7309cf6391,5bdf4d68-1fcb-4f0d-a3fe-5d7f4772e77c,c5,DROP,1012,?,i4,
1769500950.4697144,FORWARDED,c3891392-d35f-4c53-8af1-7d7309cf6391,5bdf4d68-1fcb-4f0d-a3fe-5d7f4772e77c,c5,DROP,1012,?,i4,
1769500950.637016,RECEIVED,730471e5-5145-48e5-ab96-997d92267221,167b853f-d590-49d1-a09d-3d5ef79e84de,c5,c2,2459,p2,?,
1769500950.6980739,RECEIVED,99b5bdfe-2259-4560-b3f4-855d3a4abd63,8bc3cbcc-6196-4d0d-adc4-f1a3952c6bff,c4,DROP,1447,p1,?,
1769500950.7727754,SENT,63e3a2a3-a6b4-4916-bde7-2f2f416f10ae,3a935775-500f-412c-ac28-b15880fb24cb,c4,None,1609,?,i5,
1769500950.7728157,FORWARDED,63e3a2a3-a6b4-4916-bde7-2f2f416f10ae,3a935775-500f-412c-ac28-b15880fb24cb,c4,None,1609,?,i5,
1769500950.7927413,SENT,922153be-62de-4318-bfbd-fa3f72e790a6,80da541f-20a9-4e97-9a5b-20e0f33bdf02,c2,DROP,1020,?,i10,
1769500950.7927854,FORWARDED,922153be-62de-4318-bfbd-fa3f72e790a6,80da541f-20a9-4e97-9a5b-20e0f33bdf02,c2,DROP,1020,?,i10,
1769500951.0023065,RECEIVED,3617a500-4472-4d51-b322-36836a24d094,164b487d-f14f-42b8-99b2-8832ad92ad91,c5,DROP,1439,p2,?,
1769500951.0502374,SENT,0c317a74-f92e-4426-90ec-3807487b29d0,6aa706fe-be9a-4265-98c9-b27e603485c7,c5,DROP,1012,?,i7,
1769500951.050289,FORWARDED,0c317a74-f92e-4426-90ec-3807487b29d0,6aa706fe-be9a-4265-98c9-b27e603485c7,c5,DROP,1012,?,i7,
1769500951.2883325,RECEIVED,26b91e08-20fc-4bc8-bf82-c8a8ab6d7702,022235cc-efbc-4c3e-af4b-22b38aa97142,c2,DROP,438,x7,?,
1769500951.3102853,RECEIVED,f7a3f80e-8ab5-467e-bb20-13541742504c,76e9cf7c-04ef-4d2c-808b-de17c9f0962a,c3,c4,2451,p3,?,
1769500951.338514,RECEIVED,eb5085f1-1e3b-4a79-8f06-e7ca62ec26c2,cdb37923-c5b5-4d5a-ac5a-c802f68ea5e0,c2,c1,2465,p2,?,
1769500951.4044247,RECEIVED,d43cbc8a-b66d-4fd2-b563-16d599654c61,92234135-d6ae-4eb3-8863-19a2492fcab8,c2,DROP,1451,p2,?,
1769500951.499095,RECEIVED,fd576c62-9f20-4210-bd1a-65b183dd3120,572e69be-734e-466b-b65e-c79add2f4434,c3,c4,2458,p3,?,
1769500951.6397927,SENT,f7a3f80e-8ab5-467e-bb20-13541742504c,76e9cf7c-04ef-4d2c-808b-de17c9f0962a,c3,c4,1767,?,i4,
1769500951.6398432,FORWARDED,f7a3f80e-8ab5-467e-bb20-13541742504c,76e9cf7c-04ef-4d2c-808b-de17c9f0962a,c3,c4,1767,?,i4,
1769500951.6638064,RECEIVED,fc9ef1b5-92e0-4abd-8869-7c53140cb6ed,ad8c5b31-9b34-4956-94bb-885600167ba3,c2,c1,2451,p2,?,
1769500951.6846323,RECEIVED,f056121a-ee3c-4776-9335-33c55feace38,0caa8281-d34f-45f3-9a74-ae281380b4f1,c2,DROP,1449,p2,?,
1769500951.7410984,SENT,f056121a-ee3c-4776-9335-33c55feace38,0caa8281-d34f-45f3-9a74-ae281380b4f1,c2,DROP,1012,?,i4,
1769500951.7411416,FORWARDED,f056121a-ee3c-4776-9335-33c55feace38,0caa8281-d34f-45f3-9a74-ae281380b4f1,c2,DROP,1012,?,i4,
1769500951.784271,SENT,eb5085f1-1e3b-4a79-8f06-e7ca62ec26c2,cdb37923-c5b5-4d5a-ac5a-c802f68ea5e0,c2,c1,1774,?,i11,
1769500951.784312,FORWARDED,eb5085f1-1e3b-4a79-8f06-e7ca62ec26c2,cdb37923-c5b5-4d5a-ac5a-c802f68ea5e0,c2,c1,1774,?,i11,
1769500951.8883848,SENT,3617a500-4472-4d51-b322-36836a24d094,164b487d-f14f-42b8-99b2-8832ad92ad91,c5,DROP,1008,?,i6,
1769500951.8884282,FORWARDED,3617a500-4472-4d51-b322-36836a24d094,164b487d-f14f-42b8-99b2-8832ad92ad91,c5,DROP,1008,?,i6,
1769500952.0461276,RECEIVED,a7b5c3d4-7e10-4f93-b6c6-9014f878353e,530d9c19-4181-4840-8d07-d7539c8d89a5,c2,DROP,1451,p2,?,
1769500952.1158614,RECEIVED,0a0fb2e8-561b-45d6-b99e-9d80b3952397,4acf9c11-525e-4b0f-afbe-bb25b9758595,c3,DROP,1439,p3,?,
1769500952.1285706,SENT,fc9ef1b5-92e0-4abd-8869-7c53140cb6ed,ad8c5b31-9b34-4956-94bb-885600167ba3,c2,c1,1767,?,i3,
1769500952.1286113,FORWARDED,fc9ef1b5-92e0-4abd-8869-7c53140cb6ed,ad8c5b31-9b34-4956-94bb-885600167ba3,c2,c1,1767,?,i3,
1769500952.1643178,RECEIVED,8d3e0cbc-aeb8-45d2-8e0e-1237dc2b1362,fb7deed1-1e9c-4c75-ae1e-9588e84c4bb0,c2,c1,2472,p2,?,
1769500952.301337,SENT,730471e5-5145-48e5-ab96-997d92267221,167b853f-d590-49d1-a09d-3d5ef79e84de,c5,c2,1771,?,i7,
1769500952.3013766,FORWARDED,730471e5-5145-48e5-ab96-997d92267221,167b853f-d590-49d1-a09d-3d5ef79e84de,c5,c2,1771,?,i7,
1769500952.377706,RECEIVED,c7536111-d4ab-419e-ac78-eccfb68b4a20,78071559-2b36-477b-9ef4-03ec9bfac9cf,c1,c5,2459,p1,?,
1769500952.5172238,RECEIVED,ff90b59c-8235-4d30-a1d0-78fc6051450a,51d1f939-1182-4065-814f-6963dd4dc3bf,c5,c2,2456,p2,?,
1769500952.524241,SENT,8d3e0cbc-aeb8-45d2-8e0e-1237dc2b1362,fb7deed1-1e9c-4c75-ae1e-9588e84c4bb0,c2,c1,1780,?,i3,
1769500952.524283,FORWARDED,8d3e0cbc-aeb8-45d2-8e0e-1237dc2b1362,fb7deed1-1e9c-4c75-ae1e-9588e84c4bb0,c2,c1,1780,?,i3,
1769500952.5534585,RECEIVED,51dbb999-031f-4211-9058-e978175a2348,a51f8cc6-186b-4cf6-a020-dcbd37a4c171,c2,DROP,1443,p2,?,
1769500952.5581837,SENT,fd576c62-9f20-4210-bd1a-65b183dd3120,572e69be-734e-466b-b65e-c79add2f4434,c3,c4,1771,?,i3,
1769500952.5582232,FORWARDED,fd576c62-9f20-4210-bd1a-65b183dd3120,572e69be-734e-466b-b65e-c79add2f4434,c3,c4,1771,?,i3,
1769500952.7167425,SENT,99b5bdfe-2259-4560-b3f4-855d3a4abd63,8bc3cbcc-6196-4d0d-adc4-f1a3952c6bff,c4,DROP,1013,?,i11,
1769500952.7167816,FORWARDED,99b5bdfe-2259-4560-b3f4-855d3a4abd63,8bc3cbcc-6196-4d0d-adc4-f1a3952c6bff,c4,DROP,1013,?,i11,
1769500952.7509608,SENT,a7b5c3d4-7e10-4f93-b6c6-9014f878353e,530d9c19-4181-4840-8d07-d7539c8d89a5,c2,DROP,1015,?,i4,
1769500952.7510014,FORWARDED,a7b5c3d4-7e10-4f93-b6c6-9014f878353e,530d9c19-4181-4840-8d07-d7539c8d89a5,c2,DROP,1015,?,i4,
1769500952.8062618,SENT,d43cbc8a-b66d-4fd2-b563-16d599654c61,92234135-d6ae-4eb3-8863-19a2492fcab8,c2,DROP,1016,?,i5,
1769500952.8063045,FORWARDED,d43cbc8a-b66d-4fd2-b563-16d599654c61,92234135-d6ae-4eb3-8863-19a2492fcab8,c2,DROP,1016,?,i5,
1769500952.819572,SENT,51dbb999-031f-4211-9058-e978175a2348,a51f8cc6-186b-4cf6-a020-dcbd37a4c171,c2,DROP,1011,?,i9,
1769500952.8196146,FORWARDED,51dbb999-031f-4211-9058-e978175a2348,a51f8cc6-186b-4cf6-a020-dcbd37a4c171,c2,DROP,1011,?,i9,
1769500952.8490427,RECEIVED,f4f9cda4-cc8a-4872-b64c-e20ae6852ec2,99c5c0e1-94ff-42ba-aa68-892a63801478,c1,None,2223,p1,?,
1769500952.8820977,SENT,ff90b59c-8235-4d30-a1d0-78fc6051450a,51d1f939-1182-4065-814f-6963dd4dc3bf,c5,c2,1770,?,i3,
1769500952.8821344,FORWARDED,ff90b59c-8235-4d30-a1d0-78fc6051450a,51d1f939-1182-4065-814f-6963dd4dc3bf,c5,c2,1770,?,i3,
1769500952.9117537,RECEIVED,2c4bf8fd-f0e3-4dc2-a360-8e642efd89b3,3263f6d2-c6e1-4100-9ec0-f295200bbc97,c5,DROP,1456,p2,?,
1769500952.9725115,SENT,c7536111-d4ab-419e-ac78-eccfb68b4a20,78071559-2b36-477b-9ef4-03ec9bfac9cf,c1,c5,1771,?,i8,
1769500952.9725535,FORWARDED,c7536111-d4ab-419e-ac78-eccfb68b4a20,78071559-2b36-477b-9ef4-03ec9bfac9cf,c1,c5,1771,?,i8,
1769500953.1860619,RECEIVED,7f859bb1-69f1-4fc9-989e-389e029be500,26a3a901-8df4-4320-9e6e-4a50ac9282f8,c1,c5,2467,p1,?,
1769500953.262982,RECEIVED,97398ff5-0ef3-49c3-8ec6-7423e13223f1,096d4f1d-153c-484f-baa6-29ba7f445323,c1,DROP,1439,p1,?,
1769500953.3613756,RECEIVED,f20b4fdf-7d2a-4568-9c3b-2d018d2f2175,9c1783ef-fa2a-4e84-80f2-f2a9b8ebca20,c4,DROP,1451,p1,?,
1769500953.377832,RECEIVED,c3eb8965-69f2-406a-8951-26a060224f2f,a9bc7ca6-83c8-42a7-a571-1b3ff8dfcffd,c4,DROP,1450,p1,?,
1769500953.4264414,RECEIVED,5953d487-c654-4376-b663-d16fee2fcdd6,24a74e48-391c-4a73-bdf7-7e8ae4563e1a,c4,DROP,1456,p1,?,
1769500953.4650612,RECEIVED,82bf351c-8f59-49ca-822f-05713655a3d1,8191fbf0-2bfa-4bc9-a388-261f720a29a1,c2,DROP,1443,p2,?,
1769500953.4656112,SENT,2c4bf8fd-f0e3-4dc2-a360-8e642efd89b3,3263f6d2-c6e1-4100-9ec0-f295200bbc97,c5,DROP,1020,?,i10,
1769500953.4656456,FORWARDED,2c4bf8fd-f0e3-4dc2-a360-8e642efd89b3,3263f6d2-c6e1-4100-9ec0-f295200bbc97,c5,DROP,1020,?,i10,
1769500953.5132325,RECEIVED,197b206f-2d78-41ce-9c6c-6d421e118d7b,bdab597b-197e-44d4-ad50-4bcccef81a4c,c5,None,2237,p2,?,
1769500953.5332985,RECEIVED,f61c14ab-57f4-42be-893c-9dc453e73477,a7790d1c-769d-4af3-b9ba-8ac9a38d8aa9,c2,DROP,1435,p2,?,
1769500953.7235024,SENT,0a0fb2e8-561b-45d6-b99e-9d80b3952397,4acf9c11-525e-4b0f-afbe-bb25b9758595,c3,DROP,1007,?,i1,
1769500953.7235441,FORWARDED,0a0fb2e8-561b-45d6-b99e-9d80b3952397,4acf9c11-525e-4b0f-afbe-bb25b9758595,c3,DROP,1007,?,i1,
1769500953.7569714,SENT,5953d487-c654-4376-b663-d16fee2fcdd6,24a74e48-391c-4a73-bdf7-7e8ae4563e1a,c4,DROP,1019,?,i12,
1769500953.7570124,FORWARDED,5953d487-c654-4376-b663-d16fee2fcdd6,24a74e48-391c-4a73-bdf7-7e8ae4563e1a,c4,DROP,1019,?,i12,
1769500953.8209355,SENT,f4f9cda4-cc8a-4872-b64c-e20ae6852ec2,99c5c0e1-94ff-42ba-aa68-892a63801478,c1,None,1595,?,i8,
1769500953.8209796,FORWARDED,f4f9cda4-cc8a-4872-b64c-e20ae6852ec2,99c5c0e1-94ff-42ba-aa68-892a63801478,c1,None,1595,?,i8,
1769500953.8304133,RECEIVED,ec0f1a82-0f7e-4cd2-8d12-a644895e8676,c4a4cba6-8576-411a-9a4c-96afd6b97d1a,c3,DROP,1447,p3,?,
1769500953.8335228,RECEIVED,71124164-49a8-4970-85bf-8435d9a03466,65e92efd-b3a1-43e5-ac21-24c0abc36784,c2,None,2234,p2,?,
1769500953.8776371,RECEIVED,a5bad3a6-6d62-42c0-97d9-8560e084fa41,79a71817-69eb-4aa2-900e-4edc46f7126c,c2,DROP,1441,p2,?,
1769500953.9052956,RECEIVED,5e75c620-356f-4c77-9b29-87ce8a4d6f9f,144009cd-2ea5-478b-9ad8-86c479a6aca5,c3,DROP,1453,p3,?,
1769500953.9329665,SENT,197b206f-2d78-41ce-9c6c-6d421e118d7b,bdab597b-197e-44d4-ad50-4bcccef81a4c,c5,None,1604,?,i12,
1769500953.9330106,FORWARDED,197b206f-2d78-41ce-9c6c-6d421e118d7b,bdab597b-197e-44d4-ad50-4bcccef81a4c,c5,None,1604,?,i12,
1769500953.9649599,RECEIVED,263ad1e9-a075-4585-8a14-899e28d2a4a5,66d22597-f482-4012-8396-496f35741131,c5,DROP,1443,p2,?,
1769500953.9774222,SENT,82bf351c-8f59-49ca-822f-05713655a3d1,8191fbf0-2bfa-4bc9-a388-261f720a29a1,c2,DROP,1009,?,i2,
1769500953.9774606,FORWARDED,82bf351c-8f59-49ca-822f-05713655a3d1,8191fbf0-2bfa-4bc9-a388-261f720a29a1,c2,DROP,1009,?,i2,
1769500953.9975374,RECEIVED,d85b57b4-f757-4440-9d25-d37d838f491d,bef5b7de-3d8c-45ce-a00b-9bc9b0ef5133,c3,DROP,440,x10,?,
1769500954.0678358,SENT,7f859bb1-69f1-4fc9-989e-389e029be500,26a3a901-8df4-4320-9e6e-4a50ac9282f8,c1,c5,1777,?,i2,
1769500954.0678768,FORWARDED,7f859bb1-69f1-4fc9-989e-389e029be500,26a3a901-8df4-4320-9e6e-4a50ac9282f8,c1,c5,1777,?,i2,
1769500954.0970788,SENT,a5bad3a6-6d62-42c0-97d9-8560e084fa41,79a71817-69eb-4aa2-900e-4edc46f7126c,c2,DROP,1008,?,i11,
1769500954.097118,FORWARDED,a5bad3a6-6d62-42c0-97d9-8560e084fa41,79a71817-69eb-4aa2-900e-4edc46f7126c,c2,DROP,1008,?,i11,
1769500954.1183708,RECEIVED,6040fe03-f284-4f41-900d-035aed9d4945,6170f770-975c-445e-8e1d-afe2ed55e8eb,c4,DROP,440,x8,?,
1769500954.144674,SENT,97398ff5-0ef3-49c3-8ec6-7423e13223f1,096d4f1d-153c-484f-baa6-29ba7f445323,c1,DROP,1008,?,i1,
1769500954.1447234,FORWARDED,97398ff5-0ef3-49c3-8ec6-7423e13223f1,096d4f1d-153c-484f-baa6-29ba7f445323,c1,DROP,1008,?,i1,
1769500954.1522124,RECEIVED,1cf86e6a-3c52-444c-bc97-5809335f5200,f4124a97-2a73-4dad-992e-860e97e7e461,c5,DROP,1440,p2,?,
1769500954.2597153,SENT,f20b4fdf-7d2a-4568-9c3b-2d018d2f2175,9c1783ef-fa2a-4e84-80f2-f2a9b8ebca20,c4,DROP,1016,?,i7,
1769500954.2599487,FORWARDED,f20b4fdf-7d2a-4568-9c3b-2d018d2f2175,9c1783ef-fa2a-4e84-80f2-f2a9b8ebca20,c4,DROP,1016,?,i7,
1769500954.328802,RECEIVED,924ecf0a-6171-4ecc-ba6b-a863ef40162d,7876b6c8-545f-4079-bb9c-64e42c13d463,c1,DROP,1449,p1,?,
1769500954.38851,SENT,5e75c620-356f-4c77-9b29-87ce8a4d6f9f,144009cd-2ea5-478b-9ad8-86c479a6aca5,c3,DROP,1015,?,i12,
1769500954.388553,FORWARDED,5e75c620-356f-4c77-9b29-87ce8a4d6f9f,144009cd-2ea5-478b-9ad8-86c479a6aca5,c3,DROP,1015,?,i12,
1769500954.4135478,SENT,71124164-49a8-4970-85bf-8435d9a03466,65e92efd-b3a1-43e5-ac21-24c0abc36784,c2,None,1604,?,i9,
1769500954.4135876,FORWARDED,71124164-49a8-4970-85bf-8435d9a03466,65e92efd-b3a1-43e5-ac21-24c0abc36784,c2,None,1604,?,i9,
1769500954.4681733,SENT,924ecf0a-6171-4ecc-ba6b-a863ef40162d,7876b6c8-545f-4079-bb9c-64e42c13d463,c1,DROP,1014,?,i12,
1769500954.468214,FORWARDED,924ecf0a-6171-4ecc-ba6b-a863ef40162d,7876b6c8-545f-4079-bb9c-64e42c13d463,c1,DROP,1014,?,i12,
1769500954.541754,RECEIVED,5f78a3ac-a63b-4183-a86f-b70e4813dc98,868d1b30-9cfc-42fc-8474-03679e2e9734,c5,c2,2463,p2,?,
1769500954.5575938,RECEIVED,dcbedd76-7394-4e65-a7d3-5ebab33ae431,a961fd3f-89e6-42e5-870b-df94d9f71706,c5,c2,2482,p2,?,
1769500954.560201,SENT,1cf86e6a-3c52-444c-bc97-5809335f5200,f4124a97-2a73-4dad-992e-860e97e7e461,c5,DROP,1007,?,i3,
1769500954.5602376,FORWARDED,1cf86e6a-3c52-444c-bc97-5809335f5200,f4124a97-2a73-4dad-992e-860e97e7e461,c5,DROP,1007,?,i3,
1769500954.5707645,SENT,dcbedd76-7394-4e65-a7d3-5ebab33ae431,a961fd3f-89e6-42e5-870b-df94d9f71706,c5,c2,1787,?,i10,
1769500954.5708036,FORWARDED,dcbedd76-7394-4e65-a7d3-5ebab33ae431,a961fd3f-89e6-42e5-870b-df94d9f71706,c5,c2,1787,?,i10,
1769500954.5740604,SENT,ec0f1a82-0f7e-4cd2-8d12-a644895e8676,c4a4cba6-8576-411a-9a4c-96afd6b97d1a,c3,DROP,1012,?,i9,
1769500954.5741029,FORWARDED,ec0f1a82-0f7e-4cd2-8d12-a644895e8676,c4a4cba6-8576-411a-9a4c-96afd6b97d1a,c3,DROP,1012,?,i9,
1769500954.6432102,SENT,c3eb8965-69f2-406a-8951-26a060224f2f,a9bc7ca6-83c8-42a7-a571-1b3ff8dfcffd,c4,DROP,1016,?,i12,
1769500954.643256,FORWARDED,c3eb8965-69f2-406a-8951-26a060224f2f,a9bc7ca6-83c8-42a7-a571-1b3ff8dfcffd,c4,DROP,1016,?,i12,
1769500954.6904538,RECEIVED,1aec411a-a826-4e92-b5e9-9e4943399f9f,5384eed2-0c99-4d7f-97ad-84090b4e7b2c,c4,DROP,1444,p1,?,
1769500954.758379,RECEIVED,54a3a053-0233-460f-92ef-cff2377e7bbe,bbe01629-1911-47a3-853f-0a2674d7f659,c5,None,2224,p2,?,
1769500954.8713536,SENT,54a3a053-0233-460f-92ef-cff2377e7bbe,bbe01629-1911-47a3-853f-0a2674d7f659,c5,None,1596,?,i1,
1769500954.8713946,FORWARDED,54a3a053-0233-460f-92ef-cff2377e7bbe,bbe01629-1911-47a3-853f-0a2674d7f659,c5,None,1596,?,i1,
1769500954.9923387,RECEIVED,d309b07a-2943-4f91-a148-36c51a1bd956,ca983385-c8fb-4fda-b378-4f4b6f3015cf,c2,DROP,1439,p2,?,
1769500955.0087645,SENT,1aec411a-a826-4e92-b5e9-9e4943399f9f,5384eed2-0c99-4d7f-97ad-84090b4e7b2c,c4,DROP,1009,?,i5,
1769500955.008808,FORWARDED,1aec411a-a826-4e92-b5e9-9e4943399f9f,5384eed2-0c99-4d7f-97ad-84090b4e7b2c,c4,DROP,1009,?,i5,
1769500955.0362587,RECEIVED,e0ba9a6b-a274-4772-aafe-511cb5e5c525,454f60a5-cf6f-44c5-9b23-da0bd1c57837,c2,DROP,1443,p2,?,
1769500955.0456262,RECEIVED,d9248b8a-2413-4848-9412-ea44902bd443,6a1c832f-5461-4432-8bbf-9b9cfa739f6f,c1,DROP,1451,p1,?,
1769500955.048385,RECEIVED,f395e53b-bc2d-488e-947f-b7c27dd1d693,11e9815a-d63e-4e18-a179-804467ff3773,c5,DROP,441,x1,?,
1769500955.074956,RECEIVED,c1624598-d029-4fae-a53a-7b3870a25f67,8d6a2c74-f5ba-44dd-8985-3fd6b7980034,c5,c2,2463,p2,?,
1769500955.09297,RECEIVED,ffea20ea-882d-49dc-90be-ef4d727491e2,db823fe0-d774-4cda-9107-867006786754,c1,DROP,1449,p1,?,
1769500955.1060646,RECEIVED,f2d116f5-7b19-43b6-9add-fb83922233ca,59c57eed-6299-4bd6-8589-ff37dc886bb6,c4,None,2240,p1,?,
1769500955.1529713,RECEIVED,de7b6e28-19df-4c36-a843-68fdc59f891c,d895f130-3089-48c5-a18a-05a766cef98c,c3,DROP,441,x4,?,
1769500955.208031,SENT,ffea20ea-882d-49dc-90be-ef4d727491e2,db823fe0-d774-4cda-9107-867006786754,c1,DROP,1012,?,i10,
1769500955.2080839,FORWARDED,ffea20ea-882d-49dc-90be-ef4d727491e2,db823fe0-d774-4cda-9107-867006786754,c1,DROP,1012,?,i10,
1769500955.279113,SENT,f61c14ab-57f4-42be-893c-9dc453e73477,a7790d1c-769d-4af3-b9ba-8ac9a38d8aa9,c2,DROP,1004,?,i8,
1769500955.279155,FORWARDED,f61c14ab-57f4-42be-893c-9dc453e73477,a7790d1c-769d-4af3-b9ba-8ac9a38d8aa9,c2,DROP,1004,?,i8,
1769500955.295296,SENT,f2d116f5-7b19-43b6-9add-fb83922233ca,59c57eed-6299-4bd6-8589-ff37dc886bb6,c4,None,1607,?,i2,
1769500955.2953396,FORWARDED,f2d116f5-7b19-43b6-9add-fb83922233ca,59c57eed-6299-4bd6-8589-ff37dc886bb6,c4,None,1607,?,i2,
1769500955.3017027,RECEIVED,c0475ff4-bfc4-4a28-8f69-c25e48170603,30066835-2485-4c96-8d08-69f02009b23a,c3,DROP,441,x9,?,
1769500955.3127964,SENT,d309b07a-2943-4f91-a148-36c51a1bd956,ca983385-c8fb-4fda-b378-4f4b6f3015cf,c2,DROP,1008,?,i1,
1769500955.3128386,FORWARDED,d309b07a-2943-4f91-a148-36c51a1bd956,ca983385-c8fb-4fda-b378-4f4b6f3015cf,c2,DROP,1008,?,i1,
1769500955.4905317,SENT,5f78a3ac-a63b-4183-a86f-b70e4813dc98,868d1b30-9cfc-42fc-8474-03679e2e9734,c5,c2,1775,?,i2,
1769500955.49057,FORWARDED,5f78a3ac-a63b-4183-a86f-b70e4813dc98,868d1b30-9cfc-42fc-8474-03679e2e9734,c5,c2,1775,?,i2,
1769500955.5511198,RECEIVED,759687c4-d595-4272-b092-5f6a30e681db,a875318c-3663-4fa9-87a3-bc8ce9470ed4,c3,DROP,1448,p3,?,
1769500955.5691526,SENT,263ad1e9-a075-4585-8a14-899e28d2a4a5,66d22597-f482-4012-8396-496f35741131,c5,DROP,1011,?,i1,
1769500955.5691948,FORWARDED,263ad1e9-a075-4585-8a14-899e28d2a4a5,66d22597-f482-4012-8396-496f35741131,c5,DROP,1011,?,i1,
1769500955.5820568,RECEIVED,5b3f173b-392e-46a8-9cc2-911513cce51a,001c3844-d9b0-44b7-b75e-f838fa9c0f4f,c3,c4,2476,p3,?,
1769500955.706805,RECEIVED,6df5e65d-3951-4088-b021-f0b70fef59ec,3fd768ea-a30c-4885-a681-24dc7230fa14,c5,DROP,1451,p2,?,
1769500955.716033,SENT,5b3f173b-392e-46a8-9cc2-911513cce51a,001c3844-d9b0-44b7-b75e-f838fa9c0f4f,c3,c4,1784,?,i1,
1769500955.7160847,FORWARDED,5b3f173b-392e-46a8-9cc2-911513cce51a,001c3844-d9b0-44b7-b75e-f838fa9c0f4f,c3,c4,1784,?,i1,
1769500955.7219877,RECEIVED,61e2a01a-2665-4275-8da6-a857bbfaca9c,a85f7b67-3591-4872-872d-6cbfc7c39ea7,c5,DROP,1439,p2,?,
1769500955.790969,RECEIVED,f1161f40-849d-47fe-8cde-d33cee708929,0956ba7c-c124-4bf0-b923-4de0031f98c6,c1,DROP,438,x2,?,
1769500955.826568,SENT,e0ba9a6b-a274-4772-aafe-511cb5e5c525,454f60a5-cf6f-44c5-9b23-da0bd1c57837,c2,DROP,1011,?,i8,
1769500955.8266065,FORWARDED,e0ba9a6b-a274-4772-aafe-511cb5e5c525,454f60a5-cf6f-44c5-9b23-da0bd1c57837,c2,DROP,1011,?,i8,
1769500955.9384441,SENT,c1624598-d029-4fae-a53a-7b3870a25f67,8d6a2c74-f5ba-44dd-8985-3fd6b7980034,c5,c2,1775,?,i11,
1769500955.9384866,FORWARDED,c1624598-d029-4fae-a53a-7b3870a25f67,8d6a2c74-f5ba-44dd-8985-3fd6b7980034,c5,c2,1775,?,i11,
1769500955.9453528,RECEIVED,46b5acb2-db7b-43f1-aecd-1566fcf9006c,1f38249a-0ad1-4e77-9900-5d2567efc23a,c2,DROP,1456,p2,?,
1769500955.991894,SENT,759687c4-d595-4272-b092-5f6a30e681db,a875318c-3663-4fa9-87a3-bc8ce9470ed4,c3,DROP,1012,?,i5,
1769500955.9919333,FORWARDED,759687c4-d595-4272-b092-5f6a30e681db,a875318c-3663-4fa9-87a3-bc8ce9470ed4,c3,DROP,1012,?,i5,
1769500956.05975,RECEIVED,46aa2573-fd76-432e-a25c-580da073ca69,941ece60-57b2-4a1c-b172-2d96c2611842,c2,None,2226,p2,?,
1769500956.135967,RECEIVED,a29c6671-f768-47b6-8a37-7530534f4ee7,208c6679-2dbf-4f08-9a47-f4098bc56706,c4,DROP,441,x4,?,
1769500956.1525016,RECEIVED,fc03a7b7-f42a-40fc-9ad5-7b17de92039d,e4d39c11-aa77-432d-abd9-02ae8dd63e3f,c3,DROP,1439,p3,?,
1769500956.2095397,RECEIVED,76660399-c644-4895-b01a-6fdfd6e69e5f,1607c132-50a5-4886-942f-88ff4306a6cf,c5,DROP,1448,p2,?,
1769500956.244968,SENT,46b5acb2-db7b-43f1-aecd-1566fcf9006c,1f38249a-0ad1-4e77-9900-5d2567efc23a,c2,DROP,1019,?,i1,
1769500956.2450109,FORWARDED,46b5acb2-db7b-43f1-aecd-1566fcf9006c,1f38249a-0ad1-4e77-9900-5d2567efc23a,c2,DROP,1019,?,i1,
1769500956.3443465,RECEIVED,2b2fc22f-d823-4969-b6a4-bd6b08196fb2,889a99d4-f4d9-4303-9697-d9f71dd7dac2,c4,DROP,441,x3,?,
1769500956.448114,SENT,76660399-c644-4895-b01a-6fdfd6e69e5f,1607c132-50a5-4886-942f-88ff4306a6cf,c5,DROP,1013,?,i11,
1769500956.448155,FORWARDED,76660399-c644-4895-b01a-6fdfd6e69e5f,1607c132-50a5-4886-942f-88ff4306a6cf,c5,DROP,1013,?,i11,
1769500956.4740074,SENT,61e2a01a-2665-4275-8da6-a857bbfaca9c,a85f7b67-3591-4872-872d-6cbfc7c39ea7,c5,DROP,1008,?,i7,
1769500956.4740596,FORWARDED,61e2a01a-2665-4275-8da6-a857bbfaca9c,a85f7b67-3591-4872-872d-6cbfc7c39ea7,c5,DROP,1008,?,i7,
1769500956.4778285,RECEIVED,9f7bb586-6a5e-41fa-9feb-c8f789c28294,44996e32-be15-46ed-a1bf-a004ac5482ec,c5,c2,2452,p2,?,
1769500956.4917884,RECEIVED,ac5ecbf3-9441-4d6e-ac1f-4d3b2b197447,4b16be1a-bc41-4bf8-8718-abede3bab33f,c1,c5,2476,p1,?,
1769500956.533588,SENT,d9248b8a-2413-4848-9412-ea44902bd443,6a1c832f-5461-4432-8bbf-9b9cfa739f6f,c1,DROP,1017,?,i5,
1769500956.533628,FORWARDED,d9248b8a-2413-4848-9412-ea44902bd443,6a1c832f-5461-4432-8bbf-9b9cfa739f6f,c1,DROP,1017,?,i5,
1769500956.593271,SENT,9f7bb586-6a5e-41fa-9feb-c8f789c28294,44996e32-be15-46ed-a1bf-a004ac5482ec,c5,c2,1767,?,i3,
1769500956.5933113,FORWARDED,9f7bb586-6a5e-41fa-9feb-c8f789c28294,44996e32-be15-46ed-a1bf-a004ac5482ec,c5,c2,1767,?,i3,
1769500956.6094925,SENT,ac5ecbf3-9441-4d6e-ac1f-4d3b2b197447,4b16be1a-bc41-4bf8-8718-abede3bab33f,c1,c5,1783,?,i6,
1769500956.6095347,FORWARDED,ac5ecbf3-9441-4d6e-ac1f-4d3b2b197447,4b16be1a-bc41-4bf8-8718-abede3bab33f,c1,c5,1783,?,i6,
1769500956.6151369,SENT,6df5e65d-3951-4088-b021-f0b70fef59ec,3fd768ea-a30c-4885-a681-24dc7230fa14,c5,DROP,1017,?,i9,
1769500956.6151736,FORWARDED,6df5e65d-3951-4088-b021-f0b70fef59ec,3fd768ea-a30c-4885-a681-24dc7230fa14,c5,DROP,1017,?,i9,
1769500956.8478856,SENT,fc03a7b7-f42a-40fc-9ad5-7b17de92039d,e4d39c11-aa77-432d-abd9-02ae8dd63e3f,c3,DROP,1007,?,i1,
1769500956.847928,FORWARDED,fc03a7b7-f42a-40fc-9ad5-7b17de92039d,e4d39c11-aa77-432d-abd9-02ae8dd63e3f,c3,DROP,1007,?,i1,
1769500956.9233258,RECEIVED,0afbb01c-4686-49ba-ae38-101a276cf5ab,b8578fa1-2208-4ae9-9b38-eadc4113e2ca,c5,DROP,441,x9,?,
1769500956.9689026,RECEIVED,ca340634-7515-4e40-9ce3-adb0f172645d,28937123-e8f6-4e80-b357-274223ebd2c1,c3,DROP,1452,p3,?,
1769500957.1624327,RECEIVED,8e44aa4f-f2db-42d3-996a-576ca9fa2048,9445e248-c4a0-4485-88d1-7c6a83ee268f,c3,None,2221,p3,?,
1769500957.1746523,SENT,ca340634-7515-4e40-9ce3-adb0f172645d,28937123-e8f6-4e80-b357-274223ebd2c1,c3,DROP,1016,?,i7,
1769500957.174691,FORWARDED,ca340634-7515-4e40-9ce3-adb0f172645d,28937123-e8f6-4e80-b357-274223ebd2c1,c3,DROP,1016,?,i7,
1769500957.187412,RECEIVED,007ffce0-8b04-4e2c-aa54-c69833a3095a,0a38b629-6d92-47e5-9678-aab73df48a8f,c2,DROP,1441,p2,?,
1769500957.1934905,SENT,8e44aa4f-f2db-42d3-996a-576ca9fa2048,9445e248-c4a0-4485-88d1-7c6a83ee268f,c3,None,1592,?,i8,
1769500957.1935325,FORWARDED,8e44aa4f-f2db-42d3-996a-576ca9fa2048,9445e248-c4a0-4485-88d1-7c6a83ee268f,c3,None,1592,?,i8,
1769500957.2055197,RECEIVED,3707e659-71ed-4cf6-a822-5f7173550253,1ad2dedb-68a2-486f-b12e-045feb8748af,c4,DROP,1439,p1,?,
1769500957.2301617,SENT,007ffce0-8b04-4e2c-aa54-c69833a3095a,0a38b629-6d92-47e5-9678-aab73df48a8f,c2,DROP,1007,?,i7,
1769500957.2302048,FORWARDED,007ffce0-8b04-4e2c-aa54-c69833a3095a,0a38b629-6d92-47e5-9678-aab73df48a8f,c2,DROP,1007,?,i7,
1769500957.345565,SENT,46aa2573-fd76-432e-a25c-580da073ca69,941ece60-57b2-4a1c-b172-2d96c2611842,c2,None,1597,?,i6,
1769500957.3456028,FORWARDED,46aa2573-fd76-432e-a25c-580da073ca69,941ece60-57b2-4a1c-b172-2d96c2611842,c2,None,1597,?,i6,
1769500957.5613716,RECEIVED,d59f1e61-5bb4-4400-bf93-f73430c31dc4,8099db72-6920-4b6a-bc70-9fb14f2b98c9,c2,DROP,1439,p2,?,
1769500957.6387446,RECEIVED,1556736e-6ea1-4767-bc7b-be3d077f7808,8da91e99-0423-4ca1-b25d-06f78ab7b9b4,c3,DROP,1439,p3,?,
1769500957.6678321,RECEIVED,623ee9a8-7233-48ab-a5a4-233c4deef5fb,d72b9b4e-c42c-42bd-9463-0bda387802c8,c1,None,2223,p1,?,
1769500957.7867618,RECEIVED,96d012b9-f752-46fb-9ced-cb59d75f01a6,5e8949fe-3ab2-47e7-b8ec-2f919bb5d32f,c1,DROP,441,x5,?,
1769500957.8291728,RECEIVED,13bb762a-92fd-49b0-add4-a68d25ad9439,68a15b54-be20-4040-a698-c3f9088912ea,c1,None,2223,p1,?,
1769500957.907241,SENT,1556736e-6ea1-4767-bc7b-be3d077f7808,8da91e99-0423-4ca1-b25d-06f78ab7b9b4,c3,DROP,1006,?,i7,
1769500957.907278,FORWARDED,1556736e-6ea1-4767-bc7b-be3d077f7808,8da91e99-0423-4ca1-b25d-06f78ab7b9b4,c3,DROP,1006,?,i7,
1769500957.9411573,RECEIVED,42a83a0d-d90e-4c7a-ba12-7a622990b651,16191d96-1054-4902-868c-798c063fd985,c1,c5,2476,p1,?,
1769500957.9591944,SENT,3707e659-71ed-4cf6-a822-5f7173550253,1ad2dedb-68a2-486f-b12e-045feb8748af,c4,DROP,1007,?,i5,
1769500957.959236,FORWARDED,3707e659-71ed-4cf6-a822-5f7173550253,1ad2dedb-68a2-486f-b12e-045feb8748af,c4,DROP,1007,?,i5,
1769500957.995417,SENT,623ee9a8-7233-48ab-a5a4-233c4deef5fb,d72b9b4e-c42c-42bd-9463-0bda387802c8,c1,None,1594,?,i6,
1769500957.9955013,FORWARDED,623ee9a8-7233-48ab-a5a4-233c4deef5fb,d72b9b4e-c42c-42bd-9463-0bda387802c8,c1,None,1594,?,i6,
1769500958.135125,RECEIVED,0e68287a-8ac7-4415-a740-70a737153fe1,ba0b85de-9448-4d81-8491-7c03877079d2,c2,None,2243,p2,?,
1769500958.193753,RECEIVED,eaf40b34-45f5-4bef-bd36-580991d1f86d,8433dd55-c2ac-4d2b-86f1-014514cf3a93,c1,DROP,1441,p1,?,
1769500958.2916636,SENT,eaf40b34-45f5-4bef-bd36-580991d1f86d,8433dd55-c2ac-4d2b-86f1-014514cf3a93,c1,DROP,1008,?,i10,
1769500958.2917037,FORWARDED,eaf40b34-45f5-4bef-bd36-580991d1f86d,8433dd55-c2ac-4d2b-86f1-014514cf3a93,c1,DROP,1008,?,i10,
1769500958.3527806,RECEIVED,fd7932b1-e30e-47ad-bf41-bf2557cd98ff,15127a95-b641-4c83-83f4-1708d263c9fc,c4,DROP,1445,p1,?,
1769500958.3957899,SENT,fd7932b1-e30e-47ad-bf41-bf2557cd98ff,15127a95-b641-4c83-83f4-1708d263c9fc,c4,DROP,1009,?,i12,
1769500958.395833,FORWARDED,fd7932b1-e30e-47ad-bf41-bf2557cd98ff,15127a95-b641-4c83-83f4-1708d263c9fc,c4,DROP,1009,?,i12,
1769500958.4203243,SENT,13bb762a-92fd-49b0-add4-a68d25ad9439,68a15b54-be20-4040-a698-c3f9088912ea,c1,None,1595,?,i9,
1769500958.4203668,FORWARDED,13bb762a-92fd-49b0-add4-a68d25ad9439,68a15b54-be20-4040-a698-c3f9088912ea,c1,None,1595,?,i9,
1769500958.4774795,RECEIVED,b9b528e4-aa17-4e49-a6dd-fa41b9690cdd,7f7240a0-8875-4935-a22e-a7641050f0b7,c5,c2,2464,p2,?,
1769500958.4896283,SENT,d59f1e61-5bb4-4400-bf93-f73430c31dc4,8099db72-6920-4b6a-bc70-9fb14f2b98c9,c2,DROP,1007,?,i7,
1769500958.4896708,FORWARDED,d59f1e61-5bb4-4400-bf93-f73430c31dc4,8099db72-6920-4b6a-bc70-9fb14f2b98c9,c2,DROP,1007,?,i7,
1769500958.64358,RECEIVED,e7f44b9f-41fa-40b4-96ec-2b7e5070844d,83cf4ef9-d2bd-4bd5-bf1a-0c4053f60748,c1,None,2239,p1,?,
1769500958.6625473,RECEIVED,b4403278-2a14-4c5b-825b-b30e1712f325,062fcb0c-832b-425f-92e9-c15a610dd7de,c2,DROP,1440,p2,?,
1769500958.7035835,RECEIVED,86dd34e2-d921-447d-8a7b-87ba39730485,69264838-c696-4178-8781-4f217e662a4b,c1,c5,2462,p1,?,
1769500958.7959504,RECEIVED,dbde6503-12f8-472e-8aa1-23608430a5b5,087fa318-cc8b-47c0-9df6-d0c9e12e74f6,c4,DROP,1444,p1,?,
1769500958.8863785,SENT,b4403278-2a14-4c5b-825b-b30e1712f325,062fcb0c-832b-425f-92e9-c15a610dd7de,c2,DROP,1008,?,i9,
1769500958.886418,FORWARDED,b4403278-2a14-4c5b-825b-b30e1712f325,062fcb0c-832b-425f-92e9-c15a610dd7de,c2,DROP,1008,?,i9,
1769500958.9095442,RECEIVED,7c3c4f02-7c9a-4166-9ded-aed256706034,87cf26ee-bcc8-4e32-9c8d-e36d718ddac4,c2,DROP,442,x7,?,
1769500958.9097934,RECEIVED,58869326-cd6c-46a5-ada8-816fa242f188,500ab4d6-e18c-4dce-a5ce-5eebaa80447c,c4,DROP,442,x10,?,
1769500958.9119797,SENT,0e68287a-8ac7-4415-a740-70a737153fe1,ba0b85de-9448-4d81-8491-7c03877079d2,c2,None,1609,?,i1,
1769500958.912023,FORWARDED,0e68287a-8ac7-4415-a740-70a737153fe1,ba0b85de-9448-4d81-8491-7c03877079d2,c2,None,1609,?,i1,
1769500958.9242756,SENT,dbde6503-12f8-472e-8aa1-23608430a5b5,087fa318-cc8b-47c0-9df6-d0c9e12e74f6,c4,DROP,1010,?,i5,
1769500958.9243176,FORWARDED,dbde6503-12f8-472e-8aa1-23608430a5b5,087fa318-cc8b-47c0-9df6-d0c9e12e74f6,c4,DROP,1010,?,i5,
1769500959.3317854,RECEIVED,5f204b7a-6c32-48db-a837-1e7e65bcd1e8,e58737f6-8321-4bb5-8aaf-58e0ba03d93e,c4,DROP,1448,p1,?,
1769500959.3889687,RECEIVED,2d7843e5-07cb-432e-b5da-ebf7a12c82df,b6c010e3-bc5b-49f8-a2ed-22f56eee9aba,c2,None,2224,p2,?,
1769500959.4278054,RECEIVED,41bc56d1-5eae-4933-97e0-2e3cbec073b8,09db343e-0e5b-4dc6-a910-da4e28e0fa92,c2,DROP,1445,p2,?,
1769500959.5300043,SENT,41bc56d1-5eae-4933-97e0-2e3cbec073b8,09db343e-0e5b-4dc6-a910-da4e28e0fa92,c2,DROP,1011,?,i11,
1769500959.530067,FORWARDED,41bc56d1-5eae-4933-97e0-2e3cbec073b8,09db343e-0e5b-4dc6-a910-da4e28e0fa92,c2,DROP,1011,?,i11,
1769500959.5367026,SENT,86dd34e2-d921-447d-8a7b-87ba39730485,69264838-c696-4178-8781-4f217e662a4b,c1,c5,1775,?,i5,
1769500959.5367446,FORWARDED,86dd34e2-d921-447d-8a7b-87ba39730485,69264838-c696-4178-8781-4f217e662a4b,c1,c5,1775,?,i5,
1769500959.5756605,RECEIVED,096d61fc-eb79-4cd1-9f6d-2c24a52c4823,4dd4a985-c06d-4154-b502-b8445211e0d6,c1,DROP,1451,p1,?,
1769500959.5926826,RECEIVED,fd7ca18b-83e3-4027-b736-fa3c8a73b3e7,5a441990-0b7e-48c7-8140-9762a077b4d4,c4,DROP,1440,p1,?,
1769500959.6845212,RECEIVED,66fba2e2-f2df-4a1c-8eba-b704203aa08d,b41eb8ad-948e-4144-8e71-f39b738d5f73,c4,DROP,1441,p1,?,
1769500959.6956744,SENT,2d7843e5-07cb-432e-b5da-ebf7a12c82df,b6c010e3-bc5b-49f8-a2ed-22f56eee9aba,c2,None,1596,?,i9,
1769500959.6957157,FORWARDED,2d7843e5-07cb-432e-b5da-ebf7a12c82df,b6c010e3-bc5b-49f8-a2ed-22f56eee9aba,c2,None,1596,?,i9,
1769500959.7366235,SENT,5f204b7a-6c32-48db-a837-1e7e65bcd1e8,e58737f6-8321-4bb5-8aaf-58e0ba03d93e,c4,DROP,1012,?,i1,
1769500959.7366648,FORWARDED,5f204b7a-6c32-48db-a837-1e7e65bcd1e8,e58737f6-8321-4bb5-8aaf-58e0ba03d93e,c4,DROP,1012,?,i1,
1769500959.8163297,SENT,e7f44b9f-41fa-40b4-96ec-2b7e5070844d,83cf4ef9-d2bd-4bd5-bf1a-0c4053f60748,c1,None,1607,?,i5,
1769500959.8163748,FORWARDED,e7f44b9f-41fa-40b4-96ec-2b7e5070844d,83cf4ef9-d2bd-4bd5-bf1a-0c4053f60748,c1,None,1607,?,i5,
1769500959.8440104,RECEIVED,b5cd58db-ad6e-4294-9fdb-182e33fa314a,f75213e2-9816-4008-9b90-ef0a55580fb8,c3,DROP,443,x10,?,
1769500959.9009924,RECEIVED,4463e337-c8ee-4ef6-94b7-1381bffc3a0e,202ba5ce-25a8-4f60-a74b-de5052172b63,c2,None,2227,p2,?,
1769500959.905039,SENT,fd7ca18b-83e3-4027-b736-fa3c8a73b3e7,5a441990-0b7e-48c7-8140-9762a077b4d4,c4,DROP,1007,?,i8,
1769500959.9050894,FORWARDED,fd7ca18b-83e3-4027-b736-fa3c8a73b3e7,5a441990-0b7e-48c7-8140-9762a077b4d4,c4,DROP,1007,?,i8,
1769500959.9539335,SENT,42a83a0d-d90e-4c7a-ba12-7a622990b651,16191d96-1054-4902-868c-798c063fd985,c1,c5,1785,?,i10,
1769500959.9539733,FORWARDED,42a83a0d-d90e-4c7a-ba12-7a622990b651,16191d96-1054-4902-868c-798c063fd985,c1,c5,1785,?,i10,
1769500960.0239642,SENT,b9b528e4-aa17-4e49-a6dd-fa41b9690cdd,7f7240a0-8875-4935-a22e-a7641050f0b7,c5,c2,1775,?,i11,
1769500960.0240057,FORWARDED,b9b528e4-aa17-4e49-a6dd-fa41b9690cdd,7f7240a0-8875-4935-a22e-a7641050f0b7,c5,c2,1775,?,i11,
1769500960.0373812,RECEIVED,a4f52b88-5223-45c4-b90f-4c8665e3aa72,d155a5f9-4534-43ab-a468-1e7a4c7e8530,c2,DROP,1448,p2,?,
1769500960.0502212,RECEIVED,f75a5f8e-a3d5-49c2-a094-a4331d9eb721,f3e52c09-5978-4fbe-95fa-1ef7653ac120,c4,DROP,441,x4,?,
1769500960.1258168,SENT,a4f52b88-5223-45c4-b90f-4c8665e3aa72,d155a5f9-4534-43ab-a468-1e7a4c7e8530,c2,DROP,1012,?,i2,
1769500960.125856,FORWARDED,a4f52b88-5223-45c4-b90f-4c8665e3aa72,d155a5f9-4534-43ab-a468-1e7a4c7e8530,c2,DROP,1012,?,i2,
1769500960.185289,SENT,66fba2e2-f2df-4a1c-8eba-b704203aa08d,b41eb8ad-948e-4144-8e71-f39b738d5f73,c4,DROP,1008,?,i11,
1769500960.1853294,FORWARDED,66fba2e2-f2df-4a1c-8eba-b704203aa08d,b41eb8ad-948e-4144-8e71-f39b738d5f73,c4,DROP,1008,?,i11,
1769500960.2447524,SENT,4463e337-c8ee-4ef6-94b7-1381bffc3a0e,202ba5ce-25a8-4f60-a74b-de5052172b63,c2,None,1597,?,i6,
1769500960.2447948,FORWARDED,4463e337-c8ee-4ef6-94b7-1381bffc3a0e,202ba5ce-25a8-4f60-a74b-de5052172b63,c2,None,1597,?,i6,
1769500960.3626356,RECEIVED,a9dab5c3-30ad-4ae7-ab97-a003321b04e8,8f53af64-af7c-4d5f-928e-5cc74cd61be2,c4,DROP,1447,p1,?,
1769500960.4644752,RECEIVED,da9e4a96-b84c-47c4-8668-0d403fe01c0f,31c2db74-a5c1-42fc-8746-1a16a7bda199,c3,DROP,441,x12,?,
1769500960.4745555,RECEIVED,0227ef15-8b02-4de5-9813-be86b3ba6edc,176a0a3e-631b-4086-a166-9cbe0b16ee1e,c5,DROP,1444,p2,?,
1769500960.495118,SENT,096d61fc-eb79-4cd1-9f6d-2c24a52c4823,4dd4a985-c06d-4154-b502-b8445211e0d6,c1,DROP,1016,?,i4,
1769500960.4951644,FORWARDED,096d61fc-eb79-4cd1-9f6d-2c24a52c4823,4dd4a985-c06d-4154-b502-b8445211e0d6,c1,DROP,1016,?,i4,
1769500960.6756055,RECEIVED,35404086-4f95-44f1-b329-d078d089e0e6,513ba1b0-da9e-415b-9ca1-5f21c25fae39,c3,None,2252,p3,?,
1769500960.7334433,RECEIVED,f56a8af7-1f3a-4cc7-b422-d205ad5e34ff,43704dea-f15c-4700-a7d8-3bfc05c4a9d5,c5,c2,2475,p2,?,
1769500960.7597826,SENT,a9dab5c3-30ad-4ae7-ab97-a003321b04e8,8f53af64-af7c-4d5f-928e-5cc74cd61be2,c4,DROP,1013,?,i7,
1769500960.7598252,FORWARDED,a9dab5c3-30ad-4ae7-ab97-a003321b04e8,8f53af64-af7c-4d5f-928e-5cc74cd61be2,c4,DROP,1013,?,i7,
1769500960.9101045,RECEIVED,00beb7e2-032f-4085-a95f-fa140185b827,bc537f16-b53a-42b2-9b09-d6a05eee0410,c1,DROP,1440,p1,?,
1769500960.9640121,SENT,35404086-4f95-44f1-b329-d078d089e0e6,513ba1b0-da9e-415b-9ca1-5f21c25fae39,c3,None,1616,?,i12,
1769500960.9641433,FORWARDED,35404086-4f95-44f1-b329-d078d089e0e6,513ba1b0-da9e-415b-9ca1-5f21c25fae39,c3,None,1616,?,i12,
1769500961.0241148,SENT,00beb7e2-032f-4085-a95f-fa140185b827,bc537f16-b53a-42b2-9b09-d6a05eee0410,c1,DROP,1007,?,i2,
1769500961.024152,FORWARDED,00beb7e2-032f-4085-a95f-fa140185b827,bc537f16-b53a-42b2-9b09-d6a05eee0410,c1,DROP,1007,?,i2,
1769500961.0670726,RECEIVED,636cd1b9-97a9-4161-a981-8e71fce8f7ea,133f5d09-38a3-4f22-8726-2369beff4446,c4,DROP,1459,p1,?,
1769500961.334475,SENT,636cd1b9-97a9-4161-a981-8e71fce8f7ea,133f5d09-38a3-4f22-8726-2369beff4446,c4,DROP,1021,?,i4,
1769500961.3345177,FORWARDED,636cd1b9-97a9-4161-a981-8e71fce8f7ea,133f5d09-38a3-4f22-8726-2369beff4446,c4,DROP,1021,?,i4,
1769500961.3567846,RECEIVED,12a09aef-990e-488a-aee7-564aee6e51f7,c894c0b5-a555-41f2-96bc-7ee6a7119aad,c1,DROP,445,x12,?,
1769500961.5547843,RECEIVED,419a10f1-fe4a-42d8-8845-26ef4e31442a,5b5696be-ba77-4122-a11c-b3ee9f4f5e18,c1,None,2239,p1,?,
1769500961.596749,RECEIVED,e880ca4c-aa8d-4869-9db0-cc11898d76ab,b4a86b66-c2d1-4523-999e-93268192c2ea,c5,None,2225,p2,?,
1769500961.657514,SENT,f56a8af7-1f3a-4cc7-b422-d205ad5e34ff,43704dea-f15c-4700-a7d8-3bfc05c4a9d5,c5,c2,1783,?,i1,
1769500961.6575537,FORWARDED,f56a8af7-1f3a-4cc7-b422-d205ad5e34ff,43704dea-f15c-4700-a7d8-3bfc05c4a9d5,c5,c2,1783,?,i1,
1769500961.7694318,RECEIVED,25c36671-b82e-4d79-b51f-955b33102864,5e915ae7-8131-48cf-abb4-a4844a26527a,c3,c4,2459,p3,?,
1769500961.8427503,SENT,0227ef15-8b02-4de5-9813-be86b3ba6edc,176a0a3e-631b-4086-a166-9cbe0b16ee1e,c5,DROP,1011,?,i10,
1769500961.8427858,FORWARDED,0227ef15-8b02-4de5-9813-be86b3ba6edc,176a0a3e-631b-4086-a166-9cbe0b16ee1e,c5,DROP,1011,?,i10,
1769500961.8581705,SENT,e880ca4c-aa8d-4869-9db0-cc11898d76ab,b4a86b66-c2d1-4523-999e-93268192c2ea,c5,None,1594,?,i12,
1769500961.8584774,FORWARDED,e880ca4c-aa8d-4869-9db0-cc11898d76ab,b4a86b66-c2d1-4523-999e-93268192c2ea,c5,None,1594,?,i12,
1769500962.16682,SENT,419a10f1-fe4a-42d8-8845-26ef4e31442a,5b5696be-ba77-4122-a11c-b3ee9f4f5e18,c1,None,1607,?,i4,
1769500962.166859,FORWARDED,419a10f1-fe4a-42d8-8845-26ef4e31442a,5b5696be-ba77-4122-a11c-b3ee9f4f5e18,c1,None,1607,?,i4,
1769500962.4385362,RECEIVED,423bfb82-4e4e-4f74-9aa5-6c76ccab7f52,526fb15c-080d-4ded-ac0d-95909c3fe9ad,c5,c2,2476,p2,?,
1769500962.4497185,SENT,25c36671-b82e-4d79-b51f-955b33102864,5e915ae7-8131-48cf-abb4-a4844a26527a,c3,c4,1771,?,i1,
1769500962.4497607,FORWARDED,25c36671-b82e-4d79-b51f-955b33102864,5e915ae7-8131-48cf-abb4-a4844a26527a,c3,c4,1771,?,i1,
1769500962.6170638,RECEIVED,6d959721-c2a6-47bf-809f-47ae62cb5ace,91c8ff76-7716-4544-bc0b-5b29789278c4,c2,DROP,1441,p2,?,
1769500962.6813583,SENT,6d959721-c2a6-47bf-809f-47ae62cb5ace,91c8ff76-7716-4544-bc0b-5b29789278c4,c2,DROP,1008,?,i6,
1769500962.6814008,FORWARDED,6d959721-c2a6-47bf-809f-47ae62cb5ace,91c8ff76-7716-4544-bc0b-5b29789278c4,c2,DROP,1008,?,i6,
1769500962.7932227,RECEIVED,40a9f34e-403e-4623-926d-1fd026707c32,82d16b59-e4d0-4d40-814a-342ce21b6131,c3,c4,2471,p3,?,
1769500962.8220916,RECEIVED,cc83218f-ff37-4d26-8eaa-0ed9972c43f5,d66d8bd9-2de2-4e13-b26b-336e632a5f82,c4,DROP,442,x11,?,
1769500962.8580709,RECEIVED,0f7101f6-8c17-4863-a9e1-4614a5dfc245,8c24224c-5fa5-4fb9-9ef5-4174842ffe76,c1,DROP,1453,p1,?,
1769500963.0621114,SENT,0f7101f6-8c17-4863-a9e1-4614a5dfc245,8c24224c-5fa5-4fb9-9ef5-4174842ffe76,c1,DROP,1015,?,i10,
1769500963.0622666,FORWARDED,0f7101f6-8c17-4863-a9e1-4614a5dfc245,8c24224c-5fa5-4fb9-9ef5-4174842ffe76,c1,DROP,1015,?,i10,
1769500963.1975157,RECEIVED,48ea4afc-ca86-4305-92eb-aa2a52f44921,bb436e85-d57f-4f36-81d5-493316282338,c3,None,2231,p3,?,
1769500963.2576897,RECEIVED,d59540c1-1fdb-429c-bd32-115fd16e3a6a,8f217e27-8294-48b0-a365-021e1dd52690,c2,c1,2452,p2,?,
1769500963.2676413,RECEIVED,2df51da6-0112-42fe-bef0-57cba588c568,e8e1764a-f6bf-4ef2-84c8-ebfde8bf93f8,c5,DROP,1450,p2,?,
1769500963.30988,SENT,423bfb82-4e4e-4f74-9aa5-6c76ccab7f52,526fb15c-080d-4ded-ac0d-95909c3fe9ad,c5,c2,1784,?,i10,
1769500963.3099232,FORWARDED,423bfb82-4e4e-4f74-9aa5-6c76ccab7f52,526fb15c-080d-4ded-ac0d-95909c3fe9ad,c5,c2,1784,?,i10,
1769500963.4051564,SENT,d59540c1-1fdb-429c-bd32-115fd16e3a6a,8f217e27-8294-48b0-a365-021e1dd52690,c2,c1,1765,?,i3,
1769500963.4052007,FORWARDED,d59540c1-1fdb-429c-bd32-115fd16e3a6a,8f217e27-8294-48b0-a365-021e1dd52690,c2,c1,1765,?,i3,
1769500963.461608,RECEIVED,e6f91ea5-9234-43a8-9132-aa775e7f6bd9,1dc73c9b-40af-49c3-a7c5-e84bf8f27ebe,c2,None,2223,p2,?,
1769500963.7723167,SENT,40a9f34e-403e-4623-926d-1fd026707c32,82d16b59-e4d0-4d40-814a-342ce21b6131,c3,c4,1780,?,i2,
1769500963.772355,FORWARDED,40a9f34e-403e-4623-926d-1fd026707c32,82d16b59-e4d0-4d40-814a-342ce21b6131,c3,c4,1780,?,i2,
1769500963.8362775,RECEIVED,c9fbd454-f146-44b1-a7b5-4bb258674ecf,02b3c2e1-e350-49de-961e-0622ca186e6b,c5,DROP,437,x9,?,
1769500964.1681955,SENT,48ea4afc-ca86-4305-92eb-aa2a52f44921,bb436e85-d57f-4f36-81d5-493316282338,c3,None,1600,?,i3,
1769500964.1682494,FORWARDED,48ea4afc-ca86-4305-92eb-aa2a52f44921,bb436e85-d57f-4f36-81d5-493316282338,c3,None,1600,?,i3,
1769500964.1887503,RECEIVED,eafdd9e6-332f-44f2-b536-6baaad80d44f,5047a072-49ab-4e5e-89d6-e5a899203241,c1,None,2236,p1,?,
1769500964.2438054,RECEIVED,4fb6cb68-0207-49e8-8a9e-0d9e3a38f0b3,90d24d99-0ecd-431b-81c5-cd37e5728556,c5,DROP,1439,p2,?,
1769500964.2648733,RECEIVED,7d7063b1-9816-4b28-ac85-7a837c5af482,bc46b041-b21a-4c3c-9cb6-d7de46a6ce71,c4,DROP,442,x4,?,
1769500964.273458,RECEIVED,82aeac7f-b7ce-4417-8f6f-99d380c6339b,4f32ebc3-e122-4a89-abb0-b0f978aa7d38,c3,DROP,1453,p3,?,
1769500964.3166583,SENT,eafdd9e6-332f-44f2-b536-6baaad80d44f,5047a072-49ab-4e5e-89d6-e5a899203241,c1,None,1604,?,i2,
1769500964.3167014,FORWARDED,eafdd9e6-332f-44f2-b536-6baaad80d44f,5047a072-49ab-4e5e-89d6-e5a899203241,c1,None,1604,?,i2,
1769500964.3876295,SENT,e6f91ea5-9234-43a8-9132-aa775e7f6bd9,1dc73c9b-40af-49c3-a7c5-e84bf8f27ebe,c2,None,1596,?,i9,
1769500964.3876715,FORWARDED,e6f91ea5-9234-43a8-9132-aa775e7f6bd9,1dc73c9b-40af-49c3-a7c5-e84bf8f27ebe,c2,None,1596,?,i9,
1769500964.401355,SENT,82aeac7f-b7ce-4417-8f6f-99d380c6339b,4f32ebc3-e122-4a89-abb0-b0f978aa7d38,c3,DROP,1015,?,i10,
1769500964.4014003,FORWARDED,82aeac7f-b7ce-4417-8f6f-99d380c6339b,4f32ebc3-e122-4a89-abb0-b0f978aa7d38,c3,DROP,1015,?,i10,
1769500964.4161787,SENT,4fb6cb68-0207-49e8-8a9e-0d9e3a38f0b3,90d24d99-0ecd-431b-81c5-cd37e5728556,c5,DROP,1007,?,i1,
1769500964.4162214,FORWARDED,4fb6cb68-0207-49e8-8a9e-0d9e3a38f0b3,90d24d99-0ecd-431b-81c5-cd37e5728556,c5,DROP,1007,?,i1,
1769500964.422018,RECEIVED,289623c2-079d-4fbe-b852-4249cdfab194,6697adea-1c40-460e-8bd9-075d9727be95,c4,None,2223,p1,?,
1769500964.479783,SENT,2df51da6-0112-42fe-bef0-57cba588c568,e8e1764a-f6bf-4ef2-84c8-ebfde8bf93f8,c5,DROP,1015,?,i5,
1769500964.4798262,FORWARDED,2df51da6-0112-42fe-bef0-57cba588c568,e8e1764a-f6bf-4ef2-84c8-ebfde8bf93f8,c5,DROP,1015,?,i5,
1769500964.5678642,RECEIVED,de16a934-1bbe-45a9-98a3-0f2534164c6a,4d295740-ea68-463c-87b2-121008b859d3,c3,DROP,1454,p3,?,
1769500964.5816443,SENT,de16a934-1bbe-45a9-98a3-0f2534164c6a,4d295740-ea68-463c-87b2-121008b859d3,c3,DROP,1016,?,i2,
1769500964.5816877,FORWARDED,de16a934-1bbe-45a9-98a3-0f2534164c6a,4d295740-ea68-463c-87b2-121008b859d3,c3,DROP,1016,?,i2,
1769500964.6521108,RECEIVED,5b0cb36e-8f47-405e-bf71-532d2acb9c30,9e6d6e7e-2697-42e8-bc61-5d251f2f4b89,c2,DROP,1440,p2,?,
1769500964.7601526,SENT,289623c2-079d-4fbe-b852-4249cdfab194,6697adea-1c40-460e-8bd9-075d9727be95,c4,None,1595,?,i1,
1769500964.7602062,FORWARDED,289623c2-079d-4fbe-b852-4249cdfab194,6697adea-1c40-460e-8bd9-075d9727be95,c4,None,1595,?,i1,
1769500964.766345,RECEIVED,cb93147b-ab7f-4d79-9d06-42e37f5e0ec9,fc1cfa1d-c096-489e-84da-aad5d715c1d1,c4,DROP,1439,p1,?,
1769500964.7727883,SENT,5b0cb36e-8f47-405e-bf71-532d2acb9c30,9e6d6e7e-2697-42e8-bc61-5d251f2f4b89,c2,DROP,1008,?,i6,
1769500964.7728305,FORWARDED,5b0cb36e-8f47-405e-bf71-532d2acb9c30,9e6d6e7e-2697-42e8-bc61-5d251f2f4b89,c2,DROP,1008,?,i6,
1769500965.171633,RECEIVED,a06dc3e6-f68a-4264-921a-9220ee0dfce3,9f143a72-e3c1-40dd-be4e-27d76c7415b0,c2,DROP,1439,p2,?,
1769500965.2068472,RECEIVED,3f8ea4e5-0b9f-4804-ac91-0b20de96ff83,d7b4e8a8-7a50-4b52-9143-94772badd3ea,c4,DROP,1445,p1,?,
1769500965.2390015,SENT,3f8ea4e5-0b9f-4804-ac91-0b20de96ff83,d7b4e8a8-7a50-4b52-9143-94772badd3ea,c4,DROP,1011,?,i6,
1769500965.2390566,FORWARDED,3f8ea4e5-0b9f-4804-ac91-0b20de96ff83,d7b4e8a8-7a50-4b52-9143-94772badd3ea,c4,DROP,1011,?,i6,
1769500965.5318134,RECEIVED,37e6b7a7-1592-41b2-90c3-6e5d3c18d6a8,dbab048c-0f16-4293-806c-89c8b66447c5,c1,None,2227,p1,?,
1769500965.5409508,RECEIVED,bedcedd7-db69-49c1-9f7e-63f574b2d5c1,98355d59-a5aa-4152-a904-6bb048c359aa,c3,DROP,1444,p3,?,
1769500965.5876076,RECEIVED,3a494bc3-ccb4-4b21-8038-9b5c623ee766,50cab404-67d7-4382-958b-fb2724614754,c1,None,2239,p1,?,
1769500965.6422098,SENT,bedcedd7-db69-49c1-9f7e-63f574b2d5c1,98355d59-a5aa-4152-a904-6bb048c359aa,c3,DROP,1011,?,i3,
1769500965.6423178,FORWARDED,bedcedd7-db69-49c1-9f7e-63f574b2d5c1,98355d59-a5aa-4152-a904-6bb048c359aa,c3,DROP,1011,?,i3,
1769500965.6876712,SENT,cb93147b-ab7f-4d79-9d06-42e37f5e0ec9,fc1cfa1d-c096-489e-84da-aad5d715c1d1,c4,DROP,1007,?,i5,
1769500965.6877136,FORWARDED,cb93147b-ab7f-4d79-9d06-42e37f5e0ec9,fc1cfa1d-c096-489e-84da-aad5d715c1d1,c4,DROP,1007,?,i5,
1769500965.701472,SENT,37e6b7a7-1592-41b2-90c3-6e5d3c18d6a8,dbab048c-0f16-4293-806c-89c8b66447c5,c1,None,1599,?,i1,
1769500965.7015142,FORWARDED,37e6b7a7-1592-41b2-90c3-6e5d3c18d6a8,dbab048c-0f16-4293-806c-89c8b66447c5,c1,None,1599,?,i1,
1769500965.8924787,SENT,a06dc3e6-f68a-4264-921a-9220ee0dfce3,9f143a72-e3c1-40dd-be4e-27d76c7415b0,c2,DROP,1007,?,i1,
1769500965.892521,FORWARDED,a06dc3e6-f68a-4264-921a-9220ee0dfce3,9f143a72-e3c1-40dd-be4e-27d76c7415b0,c2,DROP,1007,?,i1,
1769500966.0023446,RECEIVED,4d63055d-fbe3-4686-aba5-bb97f5563269,2bcc6361-eb85-466d-9d08-c89ae6e9b722,c2,DROP,1452,p2,?,
1769500966.1362495,SENT,4d63055d-fbe3-4686-aba5-bb97f5563269,2bcc6361-eb85-466d-9d08-c89ae6e9b722,c2,DROP,1015,?,i7,
1769500966.1362925,FORWARDED,4d63055d-fbe3-4686-aba5-bb97f5563269,2bcc6361-eb85-466d-9d08-c89ae6e9b722,c2,DROP,1015,?,i7,
1769500966.191295,RECEIVED,f758bbc9-77fa-4c31-b995-e2b39f0a097d,031419ec-da9f-4829-af80-d9b2b6b6e2f9,c5,DROP,441,x1,?,
1769500966.196953,SENT,3a494bc3-ccb4-4b21-8038-9b5c623ee766,50cab404-67d7-4382-958b-fb2724614754,c1,None,1606,?,i7,
1769500966.1969955,FORWARDED,3a494bc3-ccb4-4b21-8038-9b5c623ee766,50cab404-67d7-4382-958b-fb2724614754,c1,None,1606,?,i7,
1769500966.2160368,RECEIVED,4e6c17a2-1fbf-40f1-97ac-d6103f512337,7ab8d357-cd71-4271-8293-53721cbeb915,c5,DROP,1438,p2,?,
1769500966.292766,RECEIVED,1901d4e4-4add-4f72-b6ff-ac962b719354,a1600bef-e15f-441a-b5d3-e33facb625c9,c5,None,2249,p2,?,
1769500966.3242006,RECEIVED,03c6d932-ebad-4e23-b6c3-f7320c84c46b,7fc0c486-d6f5-4f7b-a78d-adfc26294280,c2,c1,2463,p2,?,
1769500966.39014,RECEIVED,368f44ac-dbb2-48b1-85e8-d3cb397f9754,660a783a-fa22-4270-ace6-9be37e03730a,c2,DROP,446,x12,?,
1769500966.4531038,RECEIVED,7839eb28-33db-42cb-86c7-b74b382391ac,4d81160f-d5c6-4fec-9db5-98a1d0c8113e,c2,DROP,1439,p2,?,
1769500966.569009,SENT,7839eb28-33db-42cb-86c7-b74b382391ac,4d81160f-d5c6-4fec-9db5-98a1d0c8113e,c2,DROP,1007,?,i8,
1769500966.5690587,FORWARDED,7839eb28-33db-42cb-86c7-b74b382391ac,4d81160f-d5c6-4fec-9db5-98a1d0c8113e,c2,DROP,1007,?,i8,
1769500966.5900755,RECEIVED,d03194f0-3d96-4eb4-8424-cb0138c61cfe,7af7ecde-f92d-494c-880a-634018b27e01,c2,DROP,1444,p2,?,
1769500966.618987,SENT,1901d4e4-4add-4f72-b6ff-ac962b719354,a1600bef-e15f-441a-b5d3-e33facb625c9,c5,None,1613,?,i12,
1769500966.6190293,FORWARDED,1901d4e4-4add-4f72-b6ff-ac962b719354,a1600bef-e15f-441a-b5d3-e33facb625c9,c5,None,1613,?,i12,
1769500966.7091262,RECEIVED,a0027784-dc64-488b-9c06-4e136ebbadf6,a95f595e-3152-4cf7-a697-a295fa7b11b4,c2,None,2240,p2,?,
1769500966.754294,RECEIVED,662d150d-6654-40ec-8dba-f225bc3bb0de,a9cc0e43-51d8-46bf-92a5-1f7380bb26b5,c4,c3,2457,p1,?,
1769500966.8812017,SENT,a0027784-dc64-488b-9c06-4e136ebbadf6,a95f595e-3152-4cf7-a697-a295fa7b11b4,c2,None,1608,?,i8,
1769500966.881248,FORWARDED,a0027784-dc64-488b-9c06-4e136ebbadf6,a95f595e-3152-4cf7-a697-a295fa7b11b4,c2,None,1608,?,i8,
1769500966.9433334,RECEIVED,e253947d-88b8-4914-a14b-4557d978eda5,1ed70463-0140-402c-b540-8774fd40ff45,c4,DROP,1443,p1,?,
1769500967.014439,RECEIVED,b13b9c91-b770-4b50-b659-2b1c426e011a,1f693ee6-f330-4981-98c3-1658ed00c558,c1,DROP,440,x11,?,
1769500967.0595217,SENT,d03194f0-3d96-4eb4-8424-cb0138c61cfe,7af7ecde-f92d-494c-880a-634018b27e01,c2,DROP,1013,?,i9,
1769500967.0595636,FORWARDED,d03194f0-3d96-4eb4-8424-cb0138c61cfe,7af7ecde-f92d-494c-880a-634018b27e01,c2,DROP,1013,?,i9,
1769500967.1232262,SENT,e253947d-88b8-4914-a14b-4557d978eda5,1ed70463-0140-402c-b540-8774fd40ff45,c4,DROP,1011,?,i3,
1769500967.1232681,FORWARDED,e253947d-88b8-4914-a14b-4557d978eda5,1ed70463-0140-402c-b540-8774fd40ff45,c4,DROP,1011,?,i3,
1769500967.2409859,SENT,662d150d-6654-40ec-8dba-f225bc3bb0de,a9cc0e43-51d8-46bf-92a5-1f7380bb26b5,c4,c3,1768,?,i10,
1769500967.2410285,FORWARDED,662d150d-6654-40ec-8dba-f225bc3bb0de,a9cc0e43-51d8-46bf-92a5-1f7380bb26b5,c4,c3,1768,?,i10,
1769500967.3234353,SENT,03c6d932-ebad-4e23-b6c3-f7320c84c46b,7fc0c486-d6f5-4f7b-a78d-adfc26294280,c2,c1,1775,?,i2,
1769500967.3238277,FORWARDED,03c6d932-ebad-4e23-b6c3-f7320c84c46b,7fc0c486-d6f5-4f7b-a78d-adfc26294280,c2,c1,1775,?,i2,
1769500967.354507,RECEIVED,38f1f6a2-bacc-4735-8c01-a8494dedcfe5,30e1c91b-3f9c-468f-876e-63d967248d42,c4,DROP,442,x10,?,
1769500967.460133,RECEIVED,df5d5b5c-ae26-4649-a829-6f1a5107f2f5,3e15f3df-5eaa-4a89-94aa-8912d6b1cb3c,c1,DROP,1445,p1,?,
1769500967.533927,SENT,df5d5b5c-ae26-4649-a829-6f1a5107f2f5,3e15f3df-5eaa-4a89-94aa-8912d6b1cb3c,c1,DROP,1011,?,i1,
1769500967.5339684,FORWARDED,df5d5b5c-ae26-4649-a829-6f1a5107f2f5,3e15f3df-5eaa-4a89-94aa-8912d6b1cb3c,c1,DROP,1011,?,i1,
1769500967.5627925,SENT,4e6c17a2-1fbf-40f1-97ac-d6103f512337,7ab8d357-cd71-4271-8293-53721cbeb915,c5,DROP,1007,?,i10,
1769500967.5628345,FORWARDED,4e6c17a2-1fbf-40f1-97ac-d6103f512337,7ab8d357-cd71-4271-8293-53721cbeb915,c5,DROP,1007,?,i10,
1769500967.5831282,RECEIVED,8120522d-d873-43b4-a1d7-f6ccc403848d,40abaa3b-3291-47eb-9a33-18dbe70bb04f,c1,DROP,1436,p1,?,
1769500967.6006527,RECEIVED,85c542b8-f4bc-4298-9a03-8f760728f7a9,1dd44556-5eb6-4668-b316-cb3f06af4cbd,c2,DROP,1444,p2,?,
1769500967.6688046,SENT,85c542b8-f4bc-4298-9a03-8f760728f7a9,1dd44556-5eb6-4668-b316-cb3f06af4cbd,c2,DROP,1009,?,i8,
1769500967.6688468,FORWARDED,85c542b8-f4bc-4298-9a03-8f760728f7a9,1dd44556-5eb6-4668-b316-cb3f06af4cbd,c2,DROP,1009,?,i8,
1769500967.6737237,SENT,8120522d-d873-43b4-a1d7-f6ccc403848d,40abaa3b-3291-47eb-9a33-18dbe70bb04f,c1,DROP,1004,?,i3,
1769500967.6737657,FORWARDED,8120522d-d873-43b4-a1d7-f6ccc403848d,40abaa3b-3291-47eb-9a33-18dbe70bb04f,c1,DROP,1004,?,i3,
1769500968.032571,RECEIVED,9044e19e-4d6f-4585-9555-15a1ca8a4ab6,ab50d88a-e745-4d4e-8a84-729034baef51,c5,None,2240,p2,?,
1769500968.0480325,RECEIVED,8ab44167-cafb-406e-94d4-7df53b63d651,dbfcb981-f20d-43bc-960f-6482666692af,c3,DROP,445,x7,?,
1769500968.0943568,RECEIVED,ccce1a64-6384-464f-b4d9-aa54151d7b89,6962975f-4daa-4388-8076-63f2cf35cd21,c5,DROP,1446,p2,?,
1769500968.312349,RECEIVED,91603e06-b707-404c-ac4c-3d14a9dca0be,c5b6d22c-ae2e-4ca4-9543-e8f6aa4ee816,c5,DROP,1439,p2,?,
1769500968.3475115,RECEIVED,a7c431a0-7020-405f-936b-16d877c8d6ee,9351e5b3-4aa3-40f5-a87d-8ea92671f446,c4,c3,2481,p1,?,
1769500968.408867,SENT,9044e19e-4d6f-4585-9555-15a1ca8a4ab6,ab50d88a-e745-4d4e-8a84-729034baef51,c5,None,1608,?,i10,
1769500968.408917,FORWARDED,9044e19e-4d6f-4585-9555-15a1ca8a4ab6,ab50d88a-e745-4d4e-8a84-729034baef51,c5,None,1608,?,i10,
1769500968.4967103,RECEIVED,04f241cf-b4ec-4bf6-88a5-2e0996a05f1a,2d64dfe4-3cfa-4a29-844a-3c4415a2e0db,c1,DROP,1440,p1,?,
1769500968.5578725,SENT,a7c431a0-7020-405f-936b-16d877c8d6ee,9351e5b3-4aa3-40f5-a87d-8ea92671f446,c4,c3,1787,?,i10,
1769500968.557909,FORWARDED,a7c431a0-7020-405f-936b-16d877c8d6ee,9351e5b3-4aa3-40f5-a87d-8ea92671f446,c4,c3,1787,?,i10,
1769500968.5691135,SENT,ccce1a64-6384-464f-b4d9-aa54151d7b89,6962975f-4daa-4388-8076-63f2cf35cd21,c5,DROP,1012,?,i6,
1769500968.569156,FORWARDED,ccce1a64-6384-464f-b4d9-aa54151d7b89,6962975f-4daa-4388-8076-63f2cf35cd21,c5,DROP,1012,?,i6,
1769500968.5960758,RECEIVED,c8f27eb7-bc14-48fd-88a4-0cd4f1fd0e24,790a09a3-1355-4152-9c75-1b647655669e,c5,DROP,1440,p2,?,
1769500968.605032,RECEIVED,32ad7b7d-7fdf-487c-b311-997f03ecd377,18b39033-b553-4097-a85e-5251f4ca4289,c4,DROP,1449,p1,?,
1769500968.6759126,SENT,32ad7b7d-7fdf-487c-b311-997f03ecd377,18b39033-b553-4097-a85e-5251f4ca4289,c4,DROP,1012,?,i12,
1769500968.675953,FORWARDED,32ad7b7d-7fdf-487c-b311-997f03ecd377,18b39033-b553-4097-a85e-5251f4ca4289,c4,DROP,1012,?,i12,
1769500968.6973546,RECEIVED,e54c67ee-bd50-42fa-9ebd-c04cd2a6f94f,89611df4-186e-4d0a-a3b1-4dba265283d4,c2,DROP,441,x6,?,
1769500968.7188745,SENT,04f241cf-b4ec-4bf6-88a5-2e0996a05f1a,2d64dfe4-3cfa-4a29-844a-3c4415a2e0db,c1,DROP,1007,?,i4,
1769500968.7189105,FORWARDED,04f241cf-b4ec-4bf6-88a5-2e0996a05f1a,2d64dfe4-3cfa-4a29-844a-3c4415a2e0db,c1,DROP,1007,?,i4,
1769500968.915616,RECEIVED,b67bce0c-4425-4880-9b2b-98983a17873b,5626b0ab-d4a8-436b-91c2-7e5d763206a9,c3,DROP,1436,p3,?,
1769500968.9179378,RECEIVED,299d700a-a676-462e-8dd0-dcbb91b2578c,b3123634-6660-43a4-a6b2-8e3575c520bb,c1,DROP,1444,p1,?,
1769500968.9563477,SENT,b67bce0c-4425-4880-9b2b-98983a17873b,5626b0ab-d4a8-436b-91c2-7e5d763206a9,c3,DROP,1004,?,i9,
1769500968.9563904,FORWARDED,b67bce0c-4425-4880-9b2b-98983a17873b,5626b0ab-d4a8-436b-91c2-7e5d763206a9,c3,DROP,1004,?,i9,
1769500969.003946,RECEIVED,164ec509-3715-4e94-b228-aa4e7367771d,f558518c-33ce-4aed-8fef-1da39f7d5fc7,c1,DROP,442,x10,?,
1769500969.0053782,SENT,c8f27eb7-bc14-48fd-88a4-0cd4f1fd0e24,790a09a3-1355-4152-9c75-1b647655669e,c5,DROP,1008,?,i6,
1769500969.0054195,FORWARDED,c8f27eb7-bc14-48fd-88a4-0cd4f1fd0e24,790a09a3-1355-4152-9c75-1b647655669e,c5,DROP,1008,?,i6,
1769500969.0494034,SENT,299d700a-a676-462e-8dd0-dcbb91b2578c,b3123634-6660-43a4-a6b2-8e3575c520bb,c1,DROP,1011,?,i2,
1769500969.0494454,FORWARDED,299d700a-a676-462e-8dd0-dcbb91b2578c,b3123634-6660-43a4-a6b2-8e3575c520bb,c1,DROP,1011,?,i2,
1769500969.0590117,SENT,91603e06-b707-404c-ac4c-3d14a9dca0be,c5b6d22c-ae2e-4ca4-9543-e8f6aa4ee816,c5,DROP,1007,?,i7,
1769500969.0590649,FORWARDED,91603e06-b707-404c-ac4c-3d14a9dca0be,c5b6d22c-ae2e-4ca4-9543-e8f6aa4ee816,c5,DROP,1007,?,i7,
1769500969.1150777,RECEIVED,c4372f86-de9e-4f52-aa05-74342bcd0cdb,942c0b76-fb9c-4f8e-980f-03e5b753995c,c1,DROP,1444,p1,?,
1769500969.2734594,RECEIVED,9700bb86-bbec-4fbe-9aa5-ef10ba808c41,d43e3149-d123-4a5f-8282-1aac279748d3,c2,c1,2452,p2,?,
1769500969.3618948,SENT,c4372f86-de9e-4f52-aa05-74342bcd0cdb,942c0b76-fb9c-4f8e-980f-03e5b753995c,c1,DROP,1011,?,i8,
1769500969.3619385,FORWARDED,c4372f86-de9e-4f52-aa05-74342bcd0cdb,942c0b76-fb9c-4f8e-980f-03e5b753995c,c1,DROP,1011,?,i8,
1769500969.5063634,RECEIVED,ab2d7e28-a32e-4333-a0d4-f857af0d3099,fc792d9e-c937-4d8c-a8b7-27cef3bcb395,c4,DROP,1444,p1,?,
1769500969.524866,RECEIVED,87b5c593-869e-4c56-9b38-a6190a5f8e28,29f5e864-a12b-4a96-a762-96305003addc,c2,DROP,1440,p2,?,
1769500969.6813293,RECEIVED,71ade3b5-bfb0-4572-ac0f-d4784b1ce0cd,23cfe904-e61e-46c4-8179-e9599056a880,c2,None,2236,p2,?,
1769500969.6901245,RECEIVED,982172b6-f822-4472-ab83-7fb082b426a3,b4227faa-1eeb-4ece-96f3-d74400e9d4ac,c5,c2,2464,p2,?,
1769500969.7167623,RECEIVED,203b9ea2-cc4a-479b-989f-1a93d20c4126,998aeea5-b881-4d97-9a0a-3bb34ca34634,c1,None,2230,p1,?,
1769500969.744045,SENT,71ade3b5-bfb0-4572-ac0f-d4784b1ce0cd,23cfe904-e61e-46c4-8179-e9599056a880,c2,None,1604,?,i4,
1769500969.7440963,FORWARDED,71ade3b5-bfb0-4572-ac0f-d4784b1ce0cd,23cfe904-e61e-46c4-8179-e9599056a880,c2,None,1604,?,i4,
1769500969.748163,SENT,203b9ea2-cc4a-479b-989f-1a93d20c4126,998aeea5-b881-4d97-9a0a-3bb34ca34634,c1,None,1599,?,i11,
1769500969.7482142,FORWARDED,203b9ea2-cc4a-479b-989f-1a93d20c4126,998aeea5-b881-4d97-9a0a-3bb34ca34634,c1,None,1599,?,i11,
1769500969.8213906,SENT,982172b6-f822-4472-ab83-7fb082b426a3,b4227faa-1eeb-4ece-96f3-d74400e9d4ac,c5,c2,1776,?,i9,
1769500969.8214316,FORWARDED,982172b6-f822-4472-ab83-7fb082b426a3,b4227faa-1eeb-4ece-96f3-d74400e9d4ac,c5,c2,1776,?,i9,
1769500969.872255,RECEIVED,abda27a5-8aa0-40d7-a931-c85a12c2ab02,105485c1-fd3b-4807-baac-06f920aecc4d,c5,DROP,446,x12,?,
1769500969.9469883,SENT,ab2d7e28-a32e-4333-a0d4-f857af0d3099,fc792d9e-c937-4d8c-a8b7-27cef3bcb395,c4,DROP,1011,?,i2,
1769500969.9470315,FORWARDED,ab2d7e28-a32e-4333-a0d4-f857af0d3099,fc792d9e-c937-4d8c-a8b7-27cef3bcb395,c4,DROP,1011,?,i2,
1769500970.091058,SENT,87b5c593-869e-4c56-9b38-a6190a5f8e28,29f5e864-a12b-4a96-a762-96305003addc,c2,DROP,1007,?,i12,
1769500970.091101,FORWARDED,87b5c593-869e-4c56-9b38-a6190a5f8e28,29f5e864-a12b-4a96-a762-96305003addc,c2,DROP,1007,?,i12,
1769500970.258273,RECEIVED,67ba1861-af6e-4b41-9960-cb36c389a629,9140473e-3157-40ad-9088-5635e4399298,c4,None,2241,p1,?,
1769500970.2622182,RECEIVED,089b2676-8702-4a26-a47d-be49671dde6b,2c36aa29-5ee3-4914-997b-38c58b49b6b3,c4,DROP,1452,p1,?,
1769500970.2943392,SENT,67ba1861-af6e-4b41-9960-cb36c389a629,9140473e-3157-40ad-9088-5635e4399298,c4,None,1607,?,i8,
1769500970.294379,FORWARDED,67ba1861-af6e-4b41-9960-cb36c389a629,9140473e-3157-40ad-9088-5635e4399298,c4,None,1607,?,i8,
1769500970.3443372,SENT,089b2676-8702-4a26-a47d-be49671dde6b,2c36aa29-5ee3-4914-997b-38c58b49b6b3,c4,DROP,1016,?,i9,
1769500970.3443804,FORWARDED,089b2676-8702-4a26-a47d-be49671dde6b,2c36aa29-5ee3-4914-997b-38c58b49b6b3,c4,DROP,1016,?,i9,
1769500970.458177,SENT,9700bb86-bbec-4fbe-9aa5-ef10ba808c41,d43e3149-d123-4a5f-8282-1aac279748d3,c2,c1,1767,?,i12,
1769500970.4582162,FORWARDED,9700bb86-bbec-4fbe-9aa5-ef10ba808c41,d43e3149-d123-4a5f-8282-1aac279748d3,c2,c1,1767,?,i12,
1769500970.7429333,RECEIVED,9f53e53a-216c-4861-b7d6-a6e3ea900f92,8f3361b7-42d8-4018-853a-60a4b2cbdcfb,c3,DROP,1439,p3,?,
1769500970.8587313,RECEIVED,661d7e19-f4d3-429e-bda7-cf9e75be99ee,cc008b3d-f07e-4eec-9381-a76867bd9b87,c5,DROP,1452,p2,?,
1769500970.904837,RECEIVED,3dba25cc-4018-4cf1-8959-00f3a99bd6c4,511c56ca-ebcc-441d-a87b-e078fdd59c83,c4,None,2235,p1,?,
1769500970.957111,SENT,661d7e19-f4d3-429e-bda7-cf9e75be99ee,cc008b3d-f07e-4eec-9381-a76867bd9b87,c5,DROP,1015,?,i2,
1769500970.957156,FORWARDED,661d7e19-f4d3-429e-bda7-cf9e75be99ee,cc008b3d-f07e-4eec-9381-a76867bd9b87,c5,DROP,1015,?,i2,
1769500970.9713333,SENT,3dba25cc-4018-4cf1-8959-00f3a99bd6c4,511c56ca-ebcc-441d-a87b-e078fdd59c83,c4,None,1603,?,i4,
1769500970.971376,FORWARDED,3dba25cc-4018-4cf1-8959-00f3a99bd6c4,511c56ca-ebcc-441d-a87b-e078fdd59c83,c4,None,1603,?,i4,
1769500971.05471,RECEIVED,a38c5595-6bce-4a29-9b3f-f74cdfd27bdc,9b9c5269-99b0-4212-a838-6323ad491052,c1,DROP,1452,p1,?,
1769500971.141597,SENT,9f53e53a-216c-4861-b7d6-a6e3ea900f92,8f3361b7-42d8-4018-853a-60a4b2cbdcfb,c3,DROP,1008,?,i10,
1769500971.1416376,FORWARDED,9f53e53a-216c-4861-b7d6-a6e3ea900f92,8f3361b7-42d8-4018-853a-60a4b2cbdcfb,c3,DROP,1008,?,i10,
1769500971.1515098,RECEIVED,a703eb5d-80bb-4243-9db8-210b306883ef,6dd2ea85-fdda-40ea-8ad3-2556ef1ec193,c5,DROP,1448,p2,?,
1769500971.365356,SENT,a38c5595-6bce-4a29-9b3f-f74cdfd27bdc,9b9c5269-99b0-4212-a838-6323ad491052,c1,DROP,1015,?,i6,
1769500971.3654065,FORWARDED,a38c5595-6bce-4a29-9b3f-f74cdfd27bdc,9b9c5269-99b0-4212-a838-6323ad491052,c1,DROP,1015,?,i6,
1769500971.4039307,RECEIVED,608d4fd4-b7b7-4157-9a38-05d4df21a0c4,d7c7e0d0-3de7-448a-9b0b-9e90d9426960,c1,DROP,1444,p1,?,
1769500971.447387,RECEIVED,d7a65823-d38c-4172-86fa-b638a44910a1,78a82b86-5117-4c60-821b-8014b54e81ad,c5,DROP,1459,p2,?,
1769500971.7856588,RECEIVED,84ef4d79-8dc7-470d-8635-f95d090dcb99,8684a52a-26a1-4d8d-a31c-8f4a82794209,c5,c2,2463,p2,?,
1769500971.837888,SENT,608d4fd4-b7b7-4157-9a38-05d4df21a0c4,d7c7e0d0-3de7-448a-9b0b-9e90d9426960,c1,DROP,1011,?,i6,
1769500971.8379285,FORWARDED,608d4fd4-b7b7-4157-9a38-05d4df21a0c4,d7c7e0d0-3de7-448a-9b0b-9e90d9426960,c1,DROP,1011,?,i6,
1769500971.9654727,RECEIVED,c306f727-ff79-4ac7-9a15-c07ff952b2dc,2f959bfe-1410-4736-910f-8aef777e0a16,c5,DROP,1440,p2,?,
1769500971.9723084,RECEIVED,314f8bb7-d6a6-4181-a2b0-5221b8b9bd29,863aaa90-2cb4-4599-8c85-ea2f571313a2,c5,DROP,441,x7,?,
1769500971.9726763,SENT,a703eb5d-80bb-4243-9db8-210b306883ef,6dd2ea85-fdda-40ea-8ad3-2556ef1ec193,c5,DROP,1014,?,i12,
1769500971.9727197,FORWARDED,a703eb5d-80bb-4243-9db8-210b306883ef,6dd2ea85-fdda-40ea-8ad3-2556ef1ec193,c5,DROP,1014,?,i12,
1769500971.9953485,RECEIVED,3d64fcc3-0064-4bb2-a9d9-154377c2ebf3,abc967e7-f711-452e-8ec7-e22331e080f7,c2,DROP,442,x5,?,
1769500972.021181,RECEIVED,b0fe510d-8aa9-4ab8-8f60-ee98f2e855ec,3daf4ade-f671-4aae-9a52-94afc5d60c57,c3,DROP,1439,p3,?,
1769500972.2241383,RECEIVED,8c778b43-8bcc-405f-a77f-78ab4ea09429,813dfdbc-0b19-430f-8650-abb19cfb1fda,c3,DROP,1444,p3,?,
1769500972.2704177,RECEIVED,97e2f872-04b7-40e7-9adc-1966c295125b,3b16df47-7e53-49d2-ba7c-a20c6643f09c,c4,DROP,1451,p1,?,
1769500972.2812219,SENT,8c778b43-8bcc-405f-a77f-78ab4ea09429,813dfdbc-0b19-430f-8650-abb19cfb1fda,c3,DROP,1011,?,i1,
1769500972.2812655,FORWARDED,8c778b43-8bcc-405f-a77f-78ab4ea09429,813dfdbc-0b19-430f-8650-abb19cfb1fda,c3,DROP,1011,?,i1,
1769500972.2836096,SENT,c306f727-ff79-4ac7-9a15-c07ff952b2dc,2f959bfe-1410-4736-910f-8aef777e0a16,c5,DROP,1006,?,i5,
1769500972.283656,FORWARDED,c306f727-ff79-4ac7-9a15-c07ff952b2dc,2f959bfe-1410-4736-910f-8aef777e0a16,c5,DROP,1006,?,i5,
1769500972.3380628,SENT,97e2f872-04b7-40e7-9adc-1966c295125b,3b16df47-7e53-49d2-ba7c-a20c6643f09c,c4,DROP,1015,?,i4,
1769500972.3381052,FORWARDED,97e2f872-04b7-40e7-9adc-1966c295125b,3b16df47-7e53-49d2-ba7c-a20c6643f09c,c4,DROP,1015,?,i4,
1769500972.3524983,RECEIVED,c4ed30a1-01da-447c-b0d1-4c6fadbdeb80,0754792b-4bd8-4a93-89c8-d823a1985de5,c5,c2,2464,p2,?,
1769500972.5927439,SENT,c4ed30a1-01da-447c-b0d1-4c6fadbdeb80,0754792b-4bd8-4a93-89c8-d823a1985de5,c5,c2,1775,?,i5,
1769500972.5927844,FORWARDED,c4ed30a1-01da-447c-b0d1-4c6fadbdeb80,0754792b-4bd8-4a93-89c8-d823a1985de5,c5,c2,1775,?,i5,
1769500972.6787205,SENT,84ef4d79-8dc7-470d-8635-f95d090dcb99,8684a52a-26a1-4d8d-a31c-8f4a82794209,c5,c2,1775,?,i2,
1769500972.6787617,FORWARDED,84ef4d79-8dc7-470d-8635-f95d090dcb99,8684a52a-26a1-4d8d-a31c-8f4a82794209,c5,c2,1775,?,i2,
1769500972.6960151,SENT,b0fe510d-8aa9-4ab8-8f60-ee98f2e855ec,3daf4ade-f671-4aae-9a52-94afc5d60c57,c3,DROP,1008,?,i3,
1769500972.6961205,FORWARDED,b0fe510d-8aa9-4ab8-8f60-ee98f2e855ec,3daf4ade-f671-4aae-9a52-94afc5d60c57,c3,DROP,1008,?,i3,
1769500972.827401,RECEIVED,e24213f0-5e90-4e50-928a-5e869181a629,8c1b8f58-80e0-4d0b-aa49-2fff92f683fd,c4,DROP,1440,p1,?,
1769500972.9043632,RECEIVED,6c031477-986c-4e13-a685-2f1b43f90606,0d45cf7b-a535-4595-bda6-17c1531adfaa,c4,DROP,1438,p1,?,
1769500972.9822745,RECEIVED,049f47aa-d161-4d70-a658-1ad26d8d45e7,4904dafc-1da7-4cb9-b851-bf65215cad40,c2,DROP,1439,p2,?,
1769500973.08211,SENT,049f47aa-d161-4d70-a658-1ad26d8d45e7,4904dafc-1da7-4cb9-b851-bf65215cad40,c2,DROP,1007,?,i7,
1769500973.0821524,FORWARDED,049f47aa-d161-4d70-a658-1ad26d8d45e7,4904dafc-1da7-4cb9-b851-bf65215cad40,c2,DROP,1007,?,i7,
1769500973.10703,RECEIVED,cccafe0c-d143-40f1-b347-3b275aaf2d8e,8e8cb76c-ec6b-4176-8df9-9fd06d426d97,c3,DROP,1455,p3,?,
1769500973.1524172,RECEIVED,1f5cb594-03ed-48cd-965a-a870dc82be8b,f912094e-e2f7-4aec-85da-be7848ed144e,c2,DROP,1439,p2,?,
1769500973.1907609,RECEIVED,5b2d40c3-aa19-4b86-b6fb-7704725bb869,457fabf1-9721-4534-a89d-6d54582994f4,c2,DROP,1449,p2,?,
1769500973.2561421,RECEIVED,f3aeb8dd-909a-4978-ba12-c7ce44406d4b,0004b443-5b3d-4fb5-a8af-9d5f7f190c49,c2,DROP,441,x5,?,
1769500973.2826207,SENT,5b2d40c3-aa19-4b86-b6fb-7704725bb869,457fabf1-9721-4534-a89d-6d54582994f4,c2,DROP,1012,?,i6,
1769500973.282659,FORWARDED,5b2d40c3-aa19-4b86-b6fb-7704725bb869,457fabf1-9721-4534-a89d-6d54582994f4,c2,DROP,1012,?,i6,
1769500973.2843683,SENT,1f5cb594-03ed-48cd-965a-a870dc82be8b,f912094e-e2f7-4aec-85da-be7848ed144e,c2,DROP,1008,?,i2,
1769500973.2844095,FORWARDED,1f5cb594-03ed-48cd-965a-a870dc82be8b,f912094e-e2f7-4aec-85da-be7848ed144e,c2,DROP,1008,?,i2,
1769500973.292962,RECEIVED,607b7b99-1889-4279-97c3-fba232ef614f,0119d2a7-b0d7-46b4-94f9-d7e4ca36fcfb,c1,DROP,1444,p1,?,
1769500973.3152914,RECEIVED,cdf3571c-ae0e-4f12-9f28-020bdf2cc480,26f46a05-8af9-41a9-beb1-9435bf4934d9,c1,DROP,441,x9,?,
1769500973.3811216,SENT,cccafe0c-d143-40f1-b347-3b275aaf2d8e,8e8cb76c-ec6b-4176-8df9-9fd06d426d97,c3,DROP,1020,?,i6,
1769500973.381161,FORWARDED,cccafe0c-d143-40f1-b347-3b275aaf2d8e,8e8cb76c-ec6b-4176-8df9-9fd06d426d97,c3,DROP,1020,?,i6,
1769500973.3883188,RECEIVED,a004120d-1983-44cd-bdf8-54c3960fa8ce,8193ba33-9090-4113-bf9f-f89d8a572de3,c5,c2,2470,p2,?,
1769500973.4317443,RECEIVED,3558087c-f72a-4349-99fc-d8af459b960d,c0648039-f7b5-440a-bf04-8aeb3258f3b2,c1,DROP,1446,p1,?,
1769500973.4563186,SENT,d7a65823-d38c-4172-86fa-b638a44910a1,78a82b86-5117-4c60-821b-8014b54e81ad,c5,DROP,1022,?,i5,
1769500973.4563637,FORWARDED,d7a65823-d38c-4172-86fa-b638a44910a1,78a82b86-5117-4c60-821b-8014b54e81ad,c5,DROP,1022,?,i5,
1769500973.4703605,SENT,3558087c-f72a-4349-99fc-d8af459b960d,c0648039-f7b5-440a-bf04-8aeb3258f3b2,c1,DROP,1011,?,i10,
1769500973.4704025,FORWARDED,3558087c-f72a-4349-99fc-d8af459b960d,c0648039-f7b5-440a-bf04-8aeb3258f3b2,c1,DROP,1011,?,i10,
1769500973.5201633,RECEIVED,d03ac7ac-f362-4150-8e3e-2e3c970c7d0e,aa83fbaa-f59a-4ff0-acaf-79397a64d0ea,c3,DROP,1439,p3,?,
1769500973.622924,SENT,607b7b99-1889-4279-97c3-fba232ef614f,0119d2a7-b0d7-46b4-94f9-d7e4ca36fcfb,c1,DROP,1011,?,i4,
1769500973.6229665,FORWARDED,607b7b99-1889-4279-97c3-fba232ef614f,0119d2a7-b0d7-46b4-94f9-d7e4ca36fcfb,c1,DROP,1011,?,i4,
1769500973.7206948,RECEIVED,87fdec68-21e2-499f-9f4d-54e4a07d6500,67495c72-7f4a-4a6c-88ac-690f4582828e,c5,DROP,1456,p2,?,
1769500973.7884169,RECEIVED,1a08e20d-fdcf-486c-9f41-dd3290c3a2b2,e10725e0-0b84-48b6-ba54-9391bf6f2532,c2,DROP,1440,p2,?,
1769500973.8427732,RECEIVED,a98b195c-7e15-4de4-8640-3c2841055894,068596fb-8498-4487-b5cf-1b57cf0fe82f,c5,DROP,1448,p2,?,
1769500973.8802636,SENT,1a08e20d-fdcf-486c-9f41-dd3290c3a2b2,e10725e0-0b84-48b6-ba54-9391bf6f2532,c2,DROP,1007,?,i8,
1769500973.8803012,FORWARDED,1a08e20d-fdcf-486c-9f41-dd3290c3a2b2,e10725e0-0b84-48b6-ba54-9391bf6f2532,c2,DROP,1007,?,i8,
1769500973.908855,SENT,a004120d-1983-44cd-bdf8-54c3960fa8ce,8193ba33-9090-4113-bf9f-f89d8a572de3,c5,c2,1781,?,i8,
1769500973.9088984,FORWARDED,a004120d-1983-44cd-bdf8-54c3960fa8ce,8193ba33-9090-4113-bf9f-f89d8a572de3,c5,c2,1781,?,i8,
1769500973.9637346,RECEIVED,81347b56-b845-4623-9f90-425b6998614a,ca1a3f70-d377-49da-9077-054d6cd43ec6,c1,None,2248,p1,?,
1769500974.0078552,RECEIVED,b502a869-e016-4f1c-8609-ee4cd43c845c,4a44a759-b288-48fe-9e7e-4caadbff84fd,c4,c3,2464,p1,?,
1769500974.0205061,RECEIVED,cdf9b13d-9444-4bc9-9b1a-5a06c1451ea7,7d4a8a66-d462-476a-bc4c-14dca6c8c43d,c1,DROP,1445,p1,?,
1769500974.0932646,SENT,6c031477-986c-4e13-a685-2f1b43f90606,0d45cf7b-a535-4595-bda6-17c1531adfaa,c4,DROP,1008,?,i6,
1769500974.0933056,FORWARDED,6c031477-986c-4e13-a685-2f1b43f90606,0d45cf7b-a535-4595-bda6-17c1531adfaa,c4,DROP,1008,?,i6,
1769500974.1233966,SENT,b502a869-e016-4f1c-8609-ee4cd43c845c,4a44a759-b288-48fe-9e7e-4caadbff84fd,c4,c3,1776,?,i3,
1769500974.1234384,FORWARDED,b502a869-e016-4f1c-8609-ee4cd43c845c,4a44a759-b288-48fe-9e7e-4caadbff84fd,c4,c3,1776,?,i3,
1769500974.143187,SENT,87fdec68-21e2-499f-9f4d-54e4a07d6500,67495c72-7f4a-4a6c-88ac-690f4582828e,c5,DROP,1019,?,i11,
1769500974.14323,FORWARDED,87fdec68-21e2-499f-9f4d-54e4a07d6500,67495c72-7f4a-4a6c-88ac-690f4582828e,c5,DROP,1019,?,i11,
1769500974.167442,RECEIVED,be764b8c-d03b-446b-a42e-afcd056a33b0,17bcb892-b177-4fa6-a06b-5b8a7b3a57ef,c4,DROP,442,x4,?,
1769500974.1789014,SENT,cdf9b13d-9444-4bc9-9b1a-5a06c1451ea7,7d4a8a66-d462-476a-bc4c-14dca6c8c43d,c1,DROP,1011,?,i10,
1769500974.178944,FORWARDED,cdf9b13d-9444-4bc9-9b1a-5a06c1451ea7,7d4a8a66-d462-476a-bc4c-14dca6c8c43d,c1,DROP,1011,?,i10,
1769500974.4110985,RECEIVED,24f4614e-84e6-4911-9be1-bc2b4382c6fb,2ce928ae-e45c-46e7-8d6e-c3ff64adf0b8,c4,c3,2472,p1,?,
1769500974.421733,RECEIVED,f1721798-42be-4308-a288-10b8a1384654,ad81a9a5-5e29-4ae2-9df7-1626f3f05130,c5,DROP,1451,p2,?,
1769500974.4892325,RECEIVED,b0fbe42a-3537-475c-b7d5-2e7ac06b0a94,c13e2b04-5b10-4f3b-ac94-7803c7475459,c2,DROP,441,x12,?,
1769500974.551358,SENT,f1721798-42be-4308-a288-10b8a1384654,ad81a9a5-5e29-4ae2-9df7-1626f3f05130,c5,DROP,1015,?,i2,
1769500974.5517883,FORWARDED,f1721798-42be-4308-a288-10b8a1384654,ad81a9a5-5e29-4ae2-9df7-1626f3f05130,c5,DROP,1015,?,i2,
1769500974.6029217,RECEIVED,87cd3b0f-96e8-4569-b8cd-9631c8c61bc2,2495479f-b477-466b-a0ac-3514aca5edc8,c3,DROP,1448,p3,?,
1769500974.6165104,RECEIVED,fdb67e10-5036-48f3-937c-07f00c04a760,2b243f0b-dbf9-4432-9c11-61fc797e2c37,c4,DROP,1443,p1,?,
1769500974.8485458,SENT,87cd3b0f-96e8-4569-b8cd-9631c8c61bc2,2495479f-b477-466b-a0ac-3514aca5edc8,c3,DROP,1012,?,i8,
1769500974.8485837,FORWARDED,87cd3b0f-96e8-4569-b8cd-9631c8c61bc2,2495479f-b477-466b-a0ac-3514aca5edc8,c3,DROP,1012,?,i8,
1769500974.8942902,SENT,fdb67e10-5036-48f3-937c-07f00c04a760,2b243f0b-dbf9-4432-9c11-61fc797e2c37,c4,DROP,1010,?,i5,
1769500974.8943834,FORWARDED,fdb67e10-5036-48f3-937c-07f00c04a760,2b243f0b-dbf9-4432-9c11-61fc797e2c37,c4,DROP,1010,?,i5,
1769500974.9182036,SENT,24f4614e-84e6-4911-9be1-bc2b4382c6fb,2ce928ae-e45c-46e7-8d6e-c3ff64adf0b8,c4,c3,1780,?,i7,
1769500974.9185774,FORWARDED,24f4614e-84e6-4911-9be1-bc2b4382c6fb,2ce928ae-e45c-46e7-8d6e-c3ff64adf0b8,c4,c3,1780,?,i7,
1769500974.938736,SENT,a98b195c-7e15-4de4-8640-3c2841055894,068596fb-8498-4487-b5cf-1b57cf0fe82f,c5,DROP,1012,?,i10,
1769500974.9387813,FORWARDED,a98b195c-7e15-4de4-8640-3c2841055894,068596fb-8498-4487-b5cf-1b57cf0fe82f,c5,DROP,1012,?,i10,
1769500975.062547,RECEIVED,e7cd7a82-5ec1-4e0d-ad78-b6493d98d320,835d54b9-7317-4b25-b28e-a286c2ea0170,c1,c5,2444,p1,?,
1769500975.0969403,SENT,81347b56-b845-4623-9f90-425b6998614a,ca1a3f70-d377-49da-9077-054d6cd43ec6,c1,None,1612,?,i11,
1769500975.0969791,FORWARDED,81347b56-b845-4623-9f90-425b6998614a,ca1a3f70-d377-49da-9077-054d6cd43ec6,c1,None,1612,?,i11,
1769500975.1239872,RECEIVED,877c0706-13aa-4766-9375-1f441166a2ce,ef7484ad-0046-4353-bcc8-efc94063215d,c4,DROP,441,x10,?,
1769500975.1994517,RECEIVED,c26b612e-87d7-437d-98fc-abe1efdebe85,2191e9c6-a943-4588-871d-120316ed4228,c2,c1,2465,p2,?,
1769500975.2113047,SENT,d03ac7ac-f362-4150-8e3e-2e3c970c7d0e,aa83fbaa-f59a-4ff0-acaf-79397a64d0ea,c3,DROP,1008,?,i2,
1769500975.2113464,FORWARDED,d03ac7ac-f362-4150-8e3e-2e3c970c7d0e,aa83fbaa-f59a-4ff0-acaf-79397a64d0ea,c3,DROP,1008,?,i2,
1769500975.4485571,SENT,c26b612e-87d7-437d-98fc-abe1efdebe85,2191e9c6-a943-4588-871d-120316ed4228,c2,c1,1776,?,i12,
1769500975.4485989,FORWARDED,c26b612e-87d7-437d-98fc-abe1efdebe85,2191e9c6-a943-4588-871d-120316ed4228,c2,c1,1776,?,i12,
1769500975.4564009,SENT,e24213f0-5e90-4e50-928a-5e869181a629,8c1b8f58-80e0-4d0b-aa49-2fff92f683fd,c4,DROP,1007,?,i12,
1769500975.4564424,FORWARDED,e24213f0-5e90-4e50-928a-5e869181a629,8c1b8f58-80e0-4d0b-aa49-2fff92f683fd,c4,DROP,1007,?,i12,
1769500975.4638815,RECEIVED,906efe77-c985-4aed-b510-4e56c2fabf29,51eb7144-1bce-43c0-8892-fff7ca65f487,c2,DROP,1453,p2,?,
1769500975.4795558,RECEIVED,72178e20-1e3f-4321-bfef-54d52d4073d1,cdb410f1-ca11-46bd-bdb2-1e2c4e32d66d,c1,DROP,446,x11,?,
1769500975.5695524,SENT,906efe77-c985-4aed-b510-4e56c2fabf29,51eb7144-1bce-43c0-8892-fff7ca65f487,c2,DROP,1015,?,i12,
1769500975.569591,FORWARDED,906efe77-c985-4aed-b510-4e56c2fabf29,51eb7144-1bce-43c0-8892-fff7ca65f487,c2,DROP,1015,?,i12,
1769500975.5783396,SENT,e7cd7a82-5ec1-4e0d-ad78-b6493d98d320,835d54b9-7317-4b25-b28e-a286c2ea0170,c1,c5,1763,?,i2,
1769500975.578381,FORWARDED,e7cd7a82-5ec1-4e0d-ad78-b6493d98d320,835d54b9-7317-4b25-b28e-a286c2ea0170,c1,c5,1763,?,i2,
1769500975.5925045,RECEIVED,0f959d63-66a6-435b-89a5-5a55afc326f2,879d2418-d8b7-4183-8cc4-6349a405835d,c1,DROP,442,x1,?,
1769500975.6929674,RECEIVED,7bf14d5f-5ff5-443e-904e-5a7ccd97b3a0,5b05a7c5-3651-4453-bae6-7793a355896f,c4,DROP,1452,p1,?,
1769500975.7070112,RECEIVED,27baab29-5749-4f0e-b91c-726a31889eb6,b00d99bc-4fae-4159-bf58-ff8eff503e86,c1,DROP,1439,p1,?,
1769500975.8502848,RECEIVED,1136f812-8382-45dd-b941-47d0772ffb7a,86a8a3fa-668f-4d80-8835-9c5da39bd739,c1,DROP,1440,p1,?,
1769500976.1601574,RECEIVED,e088b94b-5235-4492-9312-a28a8e265fe0,c7ff456b-9e67-4dd5-8ff8-454fda08fe7e,c3,DROP,1440,p3,?,
1769500976.2655828,SENT,e088b94b-5235-4492-9312-a28a8e265fe0,c7ff456b-9e67-4dd5-8ff8-454fda08fe7e,c3,DROP,1008,?,i3,
1769500976.2656264,FORWARDED,e088b94b-5235-4492-9312-a28a8e265fe0,c7ff456b-9e67-4dd5-8ff8-454fda08fe7e,c3,DROP,1008,?,i3,
1769500976.2904043,RECEIVED,b561c359-5726-4d85-9207-76a1de781c53,14c2b100-8eef-4683-90c9-a6f9f415a82b,c5,DROP,1443,p2,?,
1769500976.5353823,RECEIVED,a4fb1965-7a78-4952-949e-1637c145937b,c1a2b1f1-559d-4a8d-a7db-153168bb7df5,c5,None,2223,p2,?,
1769500976.6007023,SENT,7bf14d5f-5ff5-443e-904e-5a7ccd97b3a0,5b05a7c5-3651-4453-bae6-7793a355896f,c4,DROP,1016,?,i11,
1769500976.6007445,FORWARDED,7bf14d5f-5ff5-443e-904e-5a7ccd97b3a0,5b05a7c5-3651-4453-bae6-7793a355896f,c4,DROP,1016,?,i11,
1769500976.8233604,RECEIVED,683fbc48-57f6-4088-8c07-02b3172488bd,f60fa149-ab1a-4770-bcdb-0b0dc9225cca,c4,None,2240,p1,?,
1769500976.9626703,RECEIVED,c35bac8f-79d3-4732-befd-8c095ee56578,d7784acb-def7-47af-9a70-ed7a264cfe30,c5,DROP,441,x9,?,
1769500977.064119,RECEIVED,dee0954d-af4b-4161-8be6-0b6c188f9537,61759a79-8a50-4261-a30d-e39c4d33027f,c5,DROP,1447,p2,?,
1769500977.0772693,SENT,1136f812-8382-45dd-b941-47d0772ffb7a,86a8a3fa-668f-4d80-8835-9c5da39bd739,c1,DROP,1008,?,i11,
1769500977.077311,FORWARDED,1136f812-8382-45dd-b941-47d0772ffb7a,86a8a3fa-668f-4d80-8835-9c5da39bd739,c1,DROP,1008,?,i11,
1769500977.187277,SENT,683fbc48-57f6-4088-8c07-02b3172488bd,f60fa149-ab1a-4770-bcdb-0b0dc9225cca,c4,None,1608,?,i12,
1769500977.187406,FORWARDED,683fbc48-57f6-4088-8c07-02b3172488bd,f60fa149-ab1a-4770-bcdb-0b0dc9225cca,c4,None,1608,?,i12,
1769500977.3510754,RECEIVED,a66426c2-8131-49dc-aaa1-a2050a811e93,f2147ee2-ac47-4822-ba57-e77753ae21ef,c3,DROP,1443,p3,?,
1769500977.4383512,SENT,b561c359-5726-4d85-9207-76a1de781c53,14c2b100-8eef-4683-90c9-a6f9f415a82b,c5,DROP,1010,?,i9,
1769500977.438394,FORWARDED,b561c359-5726-4d85-9207-76a1de781c53,14c2b100-8eef-4683-90c9-a6f9f415a82b,c5,DROP,1010,?,i9,
1769500977.483428,RECEIVED,d1709599-4aff-4294-9e62-992c6a5ec485,661ada93-cc36-4f40-a797-237a4690f6b2,c4,c3,2468,p1,?,
1769500977.5279565,SENT,dee0954d-af4b-4161-8be6-0b6c188f9537,61759a79-8a50-4261-a30d-e39c4d33027f,c5,DROP,1012,?,i2,
1769500977.527998,FORWARDED,dee0954d-af4b-4161-8be6-0b6c188f9537,61759a79-8a50-4261-a30d-e39c4d33027f,c5,DROP,1012,?,i2,
1769500977.5386212,SENT,d1709599-4aff-4294-9e62-992c6a5ec485,661ada93-cc36-4f40-a797-237a4690f6b2,c4,c3,1778,?,i11,
1769500977.5386596,FORWARDED,d1709599-4aff-4294-9e62-992c6a5ec485,661ada93-cc36-4f40-a797-237a4690f6b2,c4,c3,1778,?,i11,
1769500977.6206758,RECEIVED,1497fde7-084f-4b63-af48-d74b91a053d5,db8b9a87-5929-4930-a128-f73be172654b,c3,None,2236,p3,?,
1769500977.674245,SENT,a66426c2-8131-49dc-aaa1-a2050a811e93,f2147ee2-ac47-4822-ba57-e77753ae21ef,c3,DROP,1009,?,i4,
1769500977.6742895,FORWARDED,a66426c2-8131-49dc-aaa1-a2050a811e93,f2147ee2-ac47-4822-ba57-e77753ae21ef,c3,DROP,1009,?,i4,
1769500977.727885,RECEIVED,15fbeb95-36a6-4687-97f6-71910883f308,f7980f8b-0c32-496c-bdec-a746b7465c2f,c5,None,2223,p2,?,
1769500977.9185462,RECEIVED,b019afa4-cdc3-4293-a833-34f75dbeb5ee,74477395-47bf-471c-9f6c-93b18b9079d2,c1,DROP,1448,p1,?,
1769500977.9221008,RECEIVED,3ab1e02c-0179-41ac-bb09-affa53702c58,fe5371e5-7086-4d7d-8920-4e518120d5b0,c4,None,2236,p1,?,
1769500977.9875376,SENT,a4fb1965-7a78-4952-949e-1637c145937b,c1a2b1f1-559d-4a8d-a7db-153168bb7df5,c5,None,1595,?,i8,
1769500977.987584,FORWARDED,a4fb1965-7a78-4952-949e-1637c145937b,c1a2b1f1-559d-4a8d-a7db-153168bb7df5,c5,None,1595,?,i8,
1769500978.0564885,SENT,b019afa4-cdc3-4293-a833-34f75dbeb5ee,74477395-47bf-471c-9f6c-93b18b9079d2,c1,DROP,1013,?,i8,
1769500978.0565307,FORWARDED,b019afa4-cdc3-4293-a833-34f75dbeb5ee,74477395-47bf-471c-9f6c-93b18b9079d2,c1,DROP,1013,?,i8,
1769500978.0982847,SENT,1497fde7-084f-4b63-af48-d74b91a053d5,db8b9a87-5929-4930-a128-f73be172654b,c3,None,1603,?,i7,
1769500978.0983226,FORWARDED,1497fde7-084f-4b63-af48-d74b91a053d5,db8b9a87-5929-4930-a128-f73be172654b,c3,None,1603,?,i7,
1769500978.1053724,RECEIVED,21c0e6ca-5008-4054-82b4-2c88ead58ca4,6aec0a63-6de9-4ac5-b29a-78645ccd9c51,c2,DROP,442,x5,?,
1769500978.11212,SENT,15fbeb95-36a6-4687-97f6-71910883f308,f7980f8b-0c32-496c-bdec-a746b7465c2f,c5,None,1596,?,i2,
1769500978.1121638,FORWARDED,15fbeb95-36a6-4687-97f6-71910883f308,f7980f8b-0c32-496c-bdec-a746b7465c2f,c5,None,1596,?,i2,
1769500978.230454,RECEIVED,96774d04-4cf7-447d-bfff-919eb6bce70b,bb39aaeb-e4d8-48d2-b748-1306004d63aa,c4,None,2239,p1,?,
1769500978.2507076,RECEIVED,636dd877-132f-44c7-8fd0-f46c726bbe10,0f46c942-a215-4221-8000-f841f3c4de85,c1,None,2222,p1,?,
1769500978.3347332,RECEIVED,1b91263b-c93c-4daf-b8e6-75e29173c7ab,313433da-4504-42cd-828d-335e5b95d73c,c2,DROP,441,x2,?,
1769500978.5116014,SENT,3ab1e02c-0179-41ac-bb09-affa53702c58,fe5371e5-7086-4d7d-8920-4e518120d5b0,c4,None,1603,?,i11,
1769500978.5116467,FORWARDED,3ab1e02c-0179-41ac-bb09-affa53702c58,fe5371e5-7086-4d7d-8920-4e518120d5b0,c4,None,1603,?,i11,
1769500978.5802593,RECEIVED,49b26473-de57-435b-be18-3490357f3e65,27b8261a-5b46-4ad9-812b-5057240b9ed4,c5,None,2238,p2,?,
1769500978.5986133,RECEIVED,98d1d010-9dd2-4fd2-9ad6-5e51a1b64958,3247136c-f62c-4d29-a6ae-8a092e8948c5,c4,DROP,442,x12,?,
1769500978.882898,SENT,636dd877-132f-44c7-8fd0-f46c726bbe10,0f46c942-a215-4221-8000-f841f3c4de85,c1,None,1596,?,i12,
1769500978.8829393,FORWARDED,636dd877-132f-44c7-8fd0-f46c726bbe10,0f46c942-a215-4221-8000-f841f3c4de85,c1,None,1596,?,i12,
1769500978.912076,RECEIVED,9dc63d7a-c64f-4980-852a-9386d8201f94,10329817-8dac-4cef-9fe3-4be948e76d32,c1,DROP,1460,p1,?,
1769500979.0921712,SENT,27baab29-5749-4f0e-b91c-726a31889eb6,b00d99bc-4fae-4159-bf58-ff8eff503e86,c1,DROP,1008,?,i4,
1769500979.0922134,FORWARDED,27baab29-5749-4f0e-b91c-726a31889eb6,b00d99bc-4fae-4159-bf58-ff8eff503e86,c1,DROP,1008,?,i4,
1769500979.112104,RECEIVED,3d63687b-1583-46f6-aba9-fa1bc2ec5b08,89efda5c-3950-442e-a0b7-9d92f9a7acef,c3,c4,2460,p3,?,
1769500979.1608443,SENT,3d63687b-1583-46f6-aba9-fa1bc2ec5b08,89efda5c-3950-442e-a0b7-9d92f9a7acef,c3,c4,1772,?,i2,
1769500979.160886,FORWARDED,3d63687b-1583-46f6-aba9-fa1bc2ec5b08,89efda5c-3950-442e-a0b7-9d92f9a7acef,c3,c4,1772,?,i2,
1769500979.1632552,SENT,96774d04-4cf7-447d-bfff-919eb6bce70b,bb39aaeb-e4d8-48d2-b748-1306004d63aa,c4,None,1607,?,i3,
1769500979.163293,FORWARDED,96774d04-4cf7-447d-bfff-919eb6bce70b,bb39aaeb-e4d8-48d2-b748-1306004d63aa,c4,None,1607,?,i3,
1769500979.2259514,RECEIVED,3212f596-51f5-4895-a52f-d6bda031aa80,f4e8d457-2a66-4437-aaaf-94b6cd8bb22b,c2,DROP,442,x2,?,
1769500979.3393495,SENT,9dc63d7a-c64f-4980-852a-9386d8201f94,10329817-8dac-4cef-9fe3-4be948e76d32,c1,DROP,1021,?,i11,
1769500979.3393865,FORWARDED,9dc63d7a-c64f-4980-852a-9386d8201f94,10329817-8dac-4cef-9fe3-4be948e76d32,c1,DROP,1021,?,i11,
1769500979.3770845,RECEIVED,c419d674-f91a-4670-9a6e-8ee959590e9f,2f0cd0ef-bad1-4280-b7af-4a7174abfcdb,c5,None,2228,p2,?,
1769500979.3971696,RECEIVED,f8a954ed-63f5-48ba-b31c-25424fd289ac,1674282d-2eb9-497a-a103-92b012794ff2,c2,DROP,1441,p2,?,
1769500979.4099677,RECEIVED,50c52b62-2469-44d7-a482-cd74d9714dbb,07981cb3-d8a2-4014-9e69-268aacef3023,c1,c5,2472,p1,?,
1769500979.4335172,RECEIVED,bc6ee31d-753e-430c-ac54-870b366837ec,765ed9df-8053-4cbc-81b0-3d498fc09c04,c5,c2,2450,p2,?,
1769500979.5025659,SENT,50c52b62-2469-44d7-a482-cd74d9714dbb,07981cb3-d8a2-4014-9e69-268aacef3023,c1,c5,1780,?,i11,
1769500979.502607,FORWARDED,50c52b62-2469-44d7-a482-cd74d9714dbb,07981cb3-d8a2-4014-9e69-268aacef3023,c1,c5,1780,?,i11,
1769500979.695231,SENT,c419d674-f91a-4670-9a6e-8ee959590e9f,2f0cd0ef-bad1-4280-b7af-4a7174abfcdb,c5,None,1599,?,i1,
1769500979.6952736,FORWARDED,c419d674-f91a-4670-9a6e-8ee959590e9f,2f0cd0ef-bad1-4280-b7af-4a7174abfcdb,c5,None,1599,?,i1,
1769500979.7090693,SENT,f8a954ed-63f5-48ba-b31c-25424fd289ac,1674282d-2eb9-497a-a103-92b012794ff2,c2,DROP,1008,?,i11,
1769500979.7091115,FORWARDED,f8a954ed-63f5-48ba-b31c-25424fd289ac,1674282d-2eb9-497a-a103-92b012794ff2,c2,DROP,1008,?,i11,
1769500979.7224915,RECEIVED,6f7af29e-e2c6-4033-82ae-949dc57f29f7,ae8b3103-9a57-4460-b9b3-5af9312412db,c2,DROP,1438,p2,?,
1769500979.752315,RECEIVED,28c9625c-c594-49a9-a502-b558af2fc2cd,a39e8fda-8ced-42e2-890d-f3ed25f8412f,c3,DROP,1460,p3,?,
1769500979.854277,RECEIVED,b16f02f6-9348-4aa3-8ad6-75fd04ea14c4,05139201-e41b-4a60-91b5-20479f8b6259,c5,DROP,1452,p2,?,
1769500979.8911874,SENT,28c9625c-c594-49a9-a502-b558af2fc2cd,a39e8fda-8ced-42e2-890d-f3ed25f8412f,c3,DROP,1021,?,i12,
1769500979.8912282,FORWARDED,28c9625c-c594-49a9-a502-b558af2fc2cd,a39e8fda-8ced-42e2-890d-f3ed25f8412f,c3,DROP,1021,?,i12,
1769500980.0078042,RECEIVED,df339c35-c372-4722-87b8-da634d092323,ddf7fba5-d610-4cf8-b305-f487ffc2e983,c1,DROP,1442,p1,?,
1769500980.0093148,RECEIVED,f4de8f6c-dd8b-46c1-97ad-ed99e042f92c,06e3156b-1548-48f9-9f6d-466cc827b332,c5,DROP,442,x9,?,
1769500980.0779645,RECEIVED,bb3ba8ca-e831-4641-b107-aa57634e4ed1,a0be9e2c-08f0-4720-8037-07d32e055a9b,c3,DROP,1447,p3,?,
1769500980.0944173,SENT,df339c35-c372-4722-87b8-da634d092323,ddf7fba5-d610-4cf8-b305-f487ffc2e983,c1,DROP,1008,?,i10,
1769500980.0944533,FORWARDED,df339c35-c372-4722-87b8-da634d092323,ddf7fba5-d610-4cf8-b305-f487ffc2e983,c1,DROP,1008,?,i10,
1769500980.1214995,RECEIVED,1ee8e223-68e8-4e6a-88b9-7765ca3d4596,75ef2cdd-677e-4a14-8f6f-fbf2e6f4fe36,c5,DROP,1442,p2,?,
1769500980.1339402,SENT,bc6ee31d-753e-430c-ac54-870b366837ec,765ed9df-8053-4cbc-81b0-3d498fc09c04,c5,c2,1766,?,i8,
1769500980.133981,FORWARDED,bc6ee31d-753e-430c-ac54-870b366837ec,765ed9df-8053-4cbc-81b0-3d498fc09c04,c5,c2,1766,?,i8,
1769500980.135389,RECEIVED,48c656fa-42e5-4420-8f7a-22f5786b618b,703e52be-bf02-4ced-a3a6-dd7c366a9b1b,c5,DROP,1452,p2,?,
1769500980.148794,RECEIVED,25f534f6-e3bc-467c-b8bd-6de94b7947e8,ab9e5652-511b-4215-ac57-e94b86c4d131,c3,DROP,441,x1,?,
1769500980.2332904,SENT,6f7af29e-e2c6-4033-82ae-949dc57f29f7,ae8b3103-9a57-4460-b9b3-5af9312412db,c2,DROP,1008,?,i6,
1769500980.233333,FORWARDED,6f7af29e-e2c6-4033-82ae-949dc57f29f7,ae8b3103-9a57-4460-b9b3-5af9312412db,c2,DROP,1008,?,i6,
1769500980.2733908,SENT,49b26473-de57-435b-be18-3490357f3e65,27b8261a-5b46-4ad9-812b-5057240b9ed4,c5,None,1608,?,i7,
1769500980.2734325,FORWARDED,49b26473-de57-435b-be18-3490357f3e65,27b8261a-5b46-4ad9-812b-5057240b9ed4,c5,None,1608,?,i7,
1769500980.2877698,RECEIVED,7af4296d-986f-45b2-9f2b-d290628ec0e7,65c6820e-9682-4f5a-9df9-561923efabe9,c2,None,2250,p2,?,
1769500980.3509214,SENT,7af4296d-986f-45b2-9f2b-d290628ec0e7,65c6820e-9682-4f5a-9df9-561923efabe9,c2,None,1612,?,i12,
1769500980.3509655,FORWARDED,7af4296d-986f-45b2-9f2b-d290628ec0e7,65c6820e-9682-4f5a-9df9-561923efabe9,c2,None,1612,?,i12,
1769500980.357853,SENT,b16f02f6-9348-4aa3-8ad6-75fd04ea14c4,05139201-e41b-4a60-91b5-20479f8b6259,c5,DROP,1016,?,i12,
1769500980.357895,FORWARDED,b16f02f6-9348-4aa3-8ad6-75fd04ea14c4,05139201-e41b-4a60-91b5-20479f8b6259,c5,DROP,1016,?,i12,
1769500980.3834996,RECEIVED,952c2d33-d860-47ec-9088-4b37dd19c770,2d758eef-fdd1-4e84-afeb-833950b71461,c3,c4,2477,p3,?,
1769500980.6361473,SENT,952c2d33-d860-47ec-9088-4b37dd19c770,2d758eef-fdd1-4e84-afeb-833950b71461,c3,c4,1783,?,i11,
1769500980.6361897,FORWARDED,952c2d33-d860-47ec-9088-4b37dd19c770,2d758eef-fdd1-4e84-afeb-833950b71461,c3,c4,1783,?,i11,
1769500980.7451608,SENT,48c656fa-42e5-4420-8f7a-22f5786b618b,703e52be-bf02-4ced-a3a6-dd7c366a9b1b,c5,DROP,1016,?,i10,
1769500980.7452028,FORWARDED,48c656fa-42e5-4420-8f7a-22f5786b618b,703e52be-bf02-4ced-a3a6-dd7c366a9b1b,c5,DROP,1016,?,i10,
1769500980.7680964,RECEIVED,de2e2d1b-8b50-4af2-b5d9-6ea96f919593,2c44803b-2e70-4f3b-9158-5920b6d2a17a,c1,DROP,1440,p1,?,
1769500980.8695223,RECEIVED,4abda931-ba6e-4b07-aae2-1f7eee0f1fd7,a75dfa13-df69-4077-877d-9ec7b6eb3318,c5,DROP,440,x4,?,
1769500980.8943357,RECEIVED,6e06ab42-7529-4c65-9525-47ebe13718a0,8676b53b-9fef-4418-8a5f-bf3de9a184eb,c4,c3,2454,p1,?,
1769500980.8993826,RECEIVED,47e309cc-de17-4402-9785-9d89a38eb26b,38353e41-347c-41d7-8905-6e1848ab6138,c1,None,2241,p1,?,
1769500980.942569,RECEIVED,8808e639-8c23-44eb-a076-54ed7a828b60,03e11db0-d52f-4960-9264-61f8b6472398,c2,DROP,1449,p2,?,
1769500980.9533288,RECEIVED,68ad9abe-97dd-4dd3-97cd-db88a6ef8725,74d62073-48f4-4be9-9003-ea85934a60ec,c1,DROP,446,x10,?,
1769500980.9818094,RECEIVED,1bbc203c-e28f-4f9e-b81d-84d5f07bf033,7b156213-6f4d-4bbc-9a27-9c4d8b3ff228,c4,None,2230,p1,?,
1769500981.0439165,SENT,de2e2d1b-8b50-4af2-b5d9-6ea96f919593,2c44803b-2e70-4f3b-9158-5920b6d2a17a,c1,DROP,1007,?,i1,
1769500981.0439703,FORWARDED,de2e2d1b-8b50-4af2-b5d9-6ea96f919593,2c44803b-2e70-4f3b-9158-5920b6d2a17a,c1,DROP,1007,?,i1,
1769500981.1689715,SENT,6e06ab42-7529-4c65-9525-47ebe13718a0,8676b53b-9fef-4418-8a5f-bf3de9a184eb,c4,c3,1769,?,i9,
1769500981.1690054,FORWARDED,6e06ab42-7529-4c65-9525-47ebe13718a0,8676b53b-9fef-4418-8a5f-bf3de9a184eb,c4,c3,1769,?,i9,
1769500981.1863196,RECEIVED,742f248e-bb33-4874-b2a4-503e2571d2f3,f612d5ab-59bb-4a92-b38f-a70a8d665c05,c1,DROP,1456,p1,?,
1769500981.228399,SENT,8808e639-8c23-44eb-a076-54ed7a828b60,03e11db0-d52f-4960-9264-61f8b6472398,c2,DROP,1012,?,i10,
1769500981.2284396,FORWARDED,8808e639-8c23-44eb-a076-54ed7a828b60,03e11db0-d52f-4960-9264-61f8b6472398,c2,DROP,1012,?,i10,
1769500981.2771506,RECEIVED,53adc73c-2a2e-4a28-9f7d-f171936223a9,6d3aac26-247e-48c7-8eae-2e4b78c8dac7,c2,None,2223,p2,?,
1769500981.2829459,SENT,bb3ba8ca-e831-4641-b107-aa57634e4ed1,a0be9e2c-08f0-4720-8037-07d32e055a9b,c3,DROP,1012,?,i7,
1769500981.2829862,FORWARDED,bb3ba8ca-e831-4641-b107-aa57634e4ed1,a0be9e2c-08f0-4720-8037-07d32e055a9b,c3,DROP,1012,?,i7,
1769500981.2944822,RECEIVED,fcc87d2b-c3a3-4046-8b2f-2597fb7241b5,c7c35f8a-e604-46ef-b069-dd37995739f8,c2,DROP,1447,p2,?,
1769500981.340021,SENT,1ee8e223-68e8-4e6a-88b9-7765ca3d4596,75ef2cdd-677e-4a14-8f6f-fbf2e6f4fe36,c5,DROP,1011,?,i6,
1769500981.3400724,FORWARDED,1ee8e223-68e8-4e6a-88b9-7765ca3d4596,75ef2cdd-677e-4a14-8f6f-fbf2e6f4fe36,c5,DROP,1011,?,i6,
1769500981.3669,SENT,47e309cc-de17-4402-9785-9d89a38eb26b,38353e41-347c-41d7-8905-6e1848ab6138,c1,None,1607,?,i12,
1769500981.3669422,FORWARDED,47e309cc-de17-4402-9785-9d89a38eb26b,38353e41-347c-41d7-8905-6e1848ab6138,c1,None,1607,?,i12,
1769500981.41679,SENT,fcc87d2b-c3a3-4046-8b2f-2597fb7241b5,c7c35f8a-e604-46ef-b069-dd37995739f8,c2,DROP,1013,?,i5,
1769500981.4168277,FORWARDED,fcc87d2b-c3a3-4046-8b2f-2597fb7241b5,c7c35f8a-e604-46ef-b069-dd37995739f8,c2,DROP,1013,?,i5,
1769500981.4537606,SENT,53adc73c-2a2e-4a28-9f7d-f171936223a9,6d3aac26-247e-48c7-8eae-2e4b78c8dac7,c2,None,1595,?,i3,
1769500981.4537961,FORWARDED,53adc73c-2a2e-4a28-9f7d-f171936223a9,6d3aac26-247e-48c7-8eae-2e4b78c8dac7,c2,None,1595,?,i3,
1769500981.4693422,SENT,742f248e-bb33-4874-b2a4-503e2571d2f3,f612d5ab-59bb-4a92-b38f-a70a8d665c05,c1,DROP,1020,?,i10,
1769500981.4693863,FORWARDED,742f248e-bb33-4874-b2a4-503e2571d2f3,f612d5ab-59bb-4a92-b38f-a70a8d665c05,c1,DROP,1020,?,i10,
1769500981.6933546,RECEIVED,703acfe0-f7a3-4e3e-b115-4bfce02ab744,10158c95-7788-4638-8175-1a4c4c4ec2ef,c1,DROP,1443,p1,?,
1769500981.6936514,RECEIVED,4a141e1c-3170-4b0b-b7b9-bbe43e923f13,b1009c30-032f-4a77-a3c6-2dd769a472fd,c3,DROP,1435,p3,?,
1769500981.8748326,RECEIVED,2556a5b8-2611-4d47-ae33-33ef75edd4fb,575bf9b3-1996-4b8f-9a45-d8ae5b52cb0c,c3,DROP,1439,p3,?,
1769500981.8979747,RECEIVED,9ae2ee9d-1bd6-4ef8-b816-85c66ef0dc5f,fdc7db46-f967-44e8-a999-75baa1e82828,c5,DROP,1439,p2,?,
1769500981.9718525,SENT,2556a5b8-2611-4d47-ae33-33ef75edd4fb,575bf9b3-1996-4b8f-9a45-d8ae5b52cb0c,c3,DROP,1007,?,i6,
1769500981.9718955,FORWARDED,2556a5b8-2611-4d47-ae33-33ef75edd4fb,575bf9b3-1996-4b8f-9a45-d8ae5b52cb0c,c3,DROP,1007,?,i6,
1769500982.0228422,SENT,1bbc203c-e28f-4f9e-b81d-84d5f07bf033,7b156213-6f4d-4bbc-9a27-9c4d8b3ff228,c4,None,1600,?,i3,
1769500982.02288,FORWARDED,1bbc203c-e28f-4f9e-b81d-84d5f07bf033,7b156213-6f4d-4bbc-9a27-9c4d8b3ff228,c4,None,1600,?,i3,
1769500982.0892153,RECEIVED,4ba31542-a85c-4747-b649-6048d422d5c4,7bbef83e-1096-4f21-a9b6-c917ed71e7db,c5,DROP,441,x11,?,
1769500982.1762009,SENT,4a141e1c-3170-4b0b-b7b9-bbe43e923f13,b1009c30-032f-4a77-a3c6-2dd769a472fd,c3,DROP,1004,?,i1,
1769500982.1762404,FORWARDED,4a141e1c-3170-4b0b-b7b9-bbe43e923f13,b1009c30-032f-4a77-a3c6-2dd769a472fd,c3,DROP,1004,?,i1,
1769500982.2306778,RECEIVED,2e4aeb37-08e0-4ac8-aafd-ea224640fe0c,09e3a8ca-dfb8-45f9-8d18-d8a666ed0c1a,c4,DROP,1443,p1,?,
1769500982.3002403,RECEIVED,56d46c50-7687-4030-8329-ead49ef10ca3,56cdbd71-ab23-4159-9346-5e8344d03682,c1,c5,2461,p1,?,
1769500982.3037734,SENT,703acfe0-f7a3-4e3e-b115-4bfce02ab744,10158c95-7788-4638-8175-1a4c4c4ec2ef,c1,DROP,1009,?,i2,
1769500982.3038208,FORWARDED,703acfe0-f7a3-4e3e-b115-4bfce02ab744,10158c95-7788-4638-8175-1a4c4c4ec2ef,c1,DROP,1009,?,i2,
1769500982.3206618,RECEIVED,0e39d3af-78ee-4f69-9e51-c1f0e6103894,db8169bd-a177-4217-9cb5-918df6ff2a39,c5,DROP,441,x6,?,
1769500982.347805,SENT,56d46c50-7687-4030-8329-ead49ef10ca3,56cdbd71-ab23-4159-9346-5e8344d03682,c1,c5,1772,?,i10,
1769500982.3478432,FORWARDED,56d46c50-7687-4030-8329-ead49ef10ca3,56cdbd71-ab23-4159-9346-5e8344d03682,c1,c5,1772,?,i10,
1769500982.411559,RECEIVED,463241bc-8b52-4ccb-9143-c900c8242c86,449e941f-35c6-4825-aeb3-85314d7af654,c2,DROP,1460,p2,?,
1769500982.5188253,RECEIVED,76da4fe2-a87c-4448-922e-dc285d2ee0b5,75283e1f-d4ce-4b74-84cd-ec4bc93be396,c1,DROP,1440,p1,?,
1769500982.6078424,SENT,463241bc-8b52-4ccb-9143-c900c8242c86,449e941f-35c6-4825-aeb3-85314d7af654,c2,DROP,1022,?,i1,
1769500982.607884,FORWARDED,463241bc-8b52-4ccb-9143-c900c8242c86,449e941f-35c6-4825-aeb3-85314d7af654,c2,DROP,1022,?,i1,
1769500982.6371083,SENT,76da4fe2-a87c-4448-922e-dc285d2ee0b5,75283e1f-d4ce-4b74-84cd-ec4bc93be396,c1,DROP,1008,?,i7,
1769500982.6371508,FORWARDED,76da4fe2-a87c-4448-922e-dc285d2ee0b5,75283e1f-d4ce-4b74-84cd-ec4bc93be396,c1,DROP,1008,?,i7,
1769500982.7017467,RECEIVED,f1d86a99-64b6-49bc-9528-e5db2cbf97ed,ea720557-c826-4a64-828e-a3b0799962a6,c4,DROP,1440,p1,?,
1769500982.7233946,SENT,2e4aeb37-08e0-4ac8-aafd-ea224640fe0c,09e3a8ca-dfb8-45f9-8d18-d8a666ed0c1a,c4,DROP,1011,?,i12,
1769500982.7234385,FORWARDED,2e4aeb37-08e0-4ac8-aafd-ea224640fe0c,09e3a8ca-dfb8-45f9-8d18-d8a666ed0c1a,c4,DROP,1011,?,i12,
1769500982.7524104,RECEIVED,1748b163-6cea-4ae8-94e4-1f5b88adf05b,2b8d562e-ee4f-4c4f-ad00-4d41e216a2ea,c2,None,2234,p2,?,
1769500982.8201616,RECEIVED,830f4fbd-3e0b-43cf-8035-1446aae1b4c3,514f1c78-0b4e-4a1d-993b-11c4aa25b139,c4,DROP,1448,p1,?,
1769500982.8347354,SENT,9ae2ee9d-1bd6-4ef8-b816-85c66ef0dc5f,fdc7db46-f967-44e8-a999-75baa1e82828,c5,DROP,1008,?,i1,
1769500982.8347774,FORWARDED,9ae2ee9d-1bd6-4ef8-b816-85c66ef0dc5f,fdc7db46-f967-44e8-a999-75baa1e82828,c5,DROP,1008,?,i1,
1769500982.8495772,RECEIVED,392144bd-b5ff-40d5-908a-997e70d326a7,e0bdc4a3-cf1e-45b0-80c4-9d5974d0e40e,c5,DROP,1440,p2,?,
1769500982.8721762,RECEIVED,1279a35f-27fb-4361-96a2-ab9e5c8a0c65,cd50f4b0-c28b-4026-8a9b-92d52793c7c4,c2,DROP,1454,p2,?,
1769500982.8744717,RECEIVED,75ac858c-a2f0-4eae-9678-e61f8be8109a,9ce39b21-60c0-4d01-a44a-94d7ce916bc2,c4,c3,2448,p1,?,
1769500982.9402816,SENT,1279a35f-27fb-4361-96a2-ab9e5c8a0c65,cd50f4b0-c28b-4026-8a9b-92d52793c7c4,c2,DROP,1017,?,i11,
1769500982.9403217,FORWARDED,1279a35f-27fb-4361-96a2-ab9e5c8a0c65,cd50f4b0-c28b-4026-8a9b-92d52793c7c4,c2,DROP,1017,?,i11,
1769500982.9586158,SENT,830f4fbd-3e0b-43cf-8035-1446aae1b4c3,514f1c78-0b4e-4a1d-993b-11c4aa25b139,c4,DROP,1012,?,i3,
1769500982.9586563,FORWARDED,830f4fbd-3e0b-43cf-8035-1446aae1b4c3,514f1c78-0b4e-4a1d-993b-11c4aa25b139,c4,DROP,1012,?,i3,
1769500983.053604,SENT,392144bd-b5ff-40d5-908a-997e70d326a7,e0bdc4a3-cf1e-45b0-80c4-9d5974d0e40e,c5,DROP,1007,?,i4,
1769500983.053647,FORWARDED,392144bd-b5ff-40d5-908a-997e70d326a7,e0bdc4a3-cf1e-45b0-80c4-9d5974d0e40e,c5,DROP,1007,?,i4,
1769500983.0668015,SENT,f1d86a99-64b6-49bc-9528-e5db2cbf97ed,ea720557-c826-4a64-828e-a3b0799962a6,c4,DROP,1007,?,i3,
1769500983.0668428,FORWARDED,f1d86a99-64b6-49bc-9528-e5db2cbf97ed,ea720557-c826-4a64-828e-a3b0799962a6,c4,DROP,1007,?,i3,
1769500983.2670374,RECEIVED,e700d72c-bc78-41a2-85a3-d26c15e723e9,9dcc5702-d3f1-46ef-b76f-590996d48f8c,c1,DROP,1455,p1,?,
1769500983.3881323,RECEIVED,ccad04a0-8465-4383-9a69-1416d8a80d4c,9b5f9bd6-b961-4470-9eda-fe464ec42170,c2,DROP,1439,p2,?,
1769500983.6388185,SENT,1748b163-6cea-4ae8-94e4-1f5b88adf05b,2b8d562e-ee4f-4c4f-ad00-4d41e216a2ea,c2,None,1604,?,i1,
1769500983.6388626,FORWARDED,1748b163-6cea-4ae8-94e4-1f5b88adf05b,2b8d562e-ee4f-4c4f-ad00-4d41e216a2ea,c2,None,1604,?,i1,
1769500983.6915162,RECEIVED,da4b06f6-0577-4c3b-b7b4-915462b95f01,f2c976e6-afa6-4865-96a4-c772494b2e31,c1,DROP,1448,p1,?,
1769500983.7787747,RECEIVED,8a37d357-4e13-478b-a004-7271e7f0d3a9,e118acfb-f524-4c46-ac13-1a8a15fb4727,c4,DROP,441,x10,?,
1769500983.7820306,SENT,e700d72c-bc78-41a2-85a3-d26c15e723e9,9dcc5702-d3f1-46ef-b76f-590996d48f8c,c1,DROP,1020,?,i11,
1769500983.7821076,FORWARDED,e700d72c-bc78-41a2-85a3-d26c15e723e9,9dcc5702-d3f1-46ef-b76f-590996d48f8c,c1,DROP,1020,?,i11,
1769500983.8044052,RECEIVED,3dffb39e-e47a-4d19-b0c0-00e55ee9bb24,9aa18e86-6eee-4bd7-b624-e9f85d3ecc65,c4,DROP,1440,p1,?,
1769500983.9125578,SENT,ccad04a0-8465-4383-9a69-1416d8a80d4c,9b5f9bd6-b961-4470-9eda-fe464ec42170,c2,DROP,1007,?,i4,
1769500983.9126017,FORWARDED,ccad04a0-8465-4383-9a69-1416d8a80d4c,9b5f9bd6-b961-4470-9eda-fe464ec42170,c2,DROP,1007,?,i4,
1769500983.9318414,SENT,da4b06f6-0577-4c3b-b7b4-915462b95f01,f2c976e6-afa6-4865-96a4-c772494b2e31,c1,DROP,1013,?,i7,
1769500983.9318836,FORWARDED,da4b06f6-0577-4c3b-b7b4-915462b95f01,f2c976e6-afa6-4865-96a4-c772494b2e31,c1,DROP,1013,?,i7,
1769500983.9781454,RECEIVED,500f11e1-e9bc-435f-956e-7fa8fa5b2848,986e4fee-e30b-470f-86e2-d76f7b1e832e,c3,None,2248,p3,?,
1769500984.0933087,SENT,3dffb39e-e47a-4d19-b0c0-00e55ee9bb24,9aa18e86-6eee-4bd7-b624-e9f85d3ecc65,c4,DROP,1006,?,i12,
1769500984.093351,FORWARDED,3dffb39e-e47a-4d19-b0c0-00e55ee9bb24,9aa18e86-6eee-4bd7-b624-e9f85d3ecc65,c4,DROP,1006,?,i12,
1769500984.1420255,RECEIVED,826c9a7d-e7f2-4dea-b51a-dfdb24d2b8aa,49333427-04da-4e22-9181-20d5cbfbc7cd,c4,DROP,1443,p1,?,
1769500984.2381773,SENT,75ac858c-a2f0-4eae-9678-e61f8be8109a,9ce39b21-60c0-4d01-a44a-94d7ce916bc2,c4,c3,1763,?,i12,
1769500984.2382197,FORWARDED,75ac858c-a2f0-4eae-9678-e61f8be8109a,9ce39b21-60c0-4d01-a44a-94d7ce916bc2,c4,c3,1763,?,i12,
1769500984.247662,SENT,826c9a7d-e7f2-4dea-b51a-dfdb24d2b8aa,49333427-04da-4e22-9181-20d5cbfbc7cd,c4,DROP,1011,?,i9,
1769500984.2477021,FORWARDED,826c9a7d-e7f2-4dea-b51a-dfdb24d2b8aa,49333427-04da-4e22-9181-20d5cbfbc7cd,c4,DROP,1011,?,i9,
1769500984.3740084,RECEIVED,35181363-6bae-47bd-8538-7b4cc5912ec7,69e9e1bb-081b-4ef0-b316-4f234dc7b129,c4,DROP,1461,p1,?,
1769500984.4742222,SENT,500f11e1-e9bc-435f-956e-7fa8fa5b2848,986e4fee-e30b-470f-86e2-d76f7b1e832e,c3,None,1612,?,i11,
1769500984.4742658,FORWARDED,500f11e1-e9bc-435f-956e-7fa8fa5b2848,986e4fee-e30b-470f-86e2-d76f7b1e832e,c3,None,1612,?,i11,
1769500984.5631087,RECEIVED,52e5b5a6-97b7-4cc3-8e13-bddee7066b31,39cea268-8ebd-45b3-8d01-331e074a8586,c5,DROP,1439,p2,?,
1769500984.8678565,SENT,35181363-6bae-47bd-8538-7b4cc5912ec7,69e9e1bb-081b-4ef0-b316-4f234dc7b129,c4,DROP,1022,?,i12,
1769500984.868307,FORWARDED,35181363-6bae-47bd-8538-7b4cc5912ec7,69e9e1bb-081b-4ef0-b316-4f234dc7b129,c4,DROP,1022,?,i12,
1769500985.0720768,RECEIVED,6054a65b-19d8-4307-8a3b-3ddb6e5535b9,99382479-ce6d-4a00-a109-2aeee27a02e7,c4,DROP,1438,p1,?,
1769500985.1618657,SENT,6054a65b-19d8-4307-8a3b-3ddb6e5535b9,99382479-ce6d-4a00-a109-2aeee27a02e7,c4,DROP,1003,?,i2,
1769500985.1619074,FORWARDED,6054a65b-19d8-4307-8a3b-3ddb6e5535b9,99382479-ce6d-4a00-a109-2aeee27a02e7,c4,DROP,1003,?,i2,
1769500985.224778,SENT,52e5b5a6-97b7-4cc3-8e13-bddee7066b31,39cea268-8ebd-45b3-8d01-331e074a8586,c5,DROP,1008,?,i3,
1769500985.224822,FORWARDED,52e5b5a6-97b7-4cc3-8e13-bddee7066b31,39cea268-8ebd-45b3-8d01-331e074a8586,c5,DROP,1008,?,i3,
1769500985.3126326,RECEIVED,a877864c-0c5c-43e6-a6ef-6c31cae3f261,7a2b9e37-cc86-4445-9323-dffcd62a8964,c5,DROP,1448,p2,?,
1769500985.4498541,RECEIVED,8ed2e237-e8b4-45d7-b76b-147d1d918e30,6288814b-1934-47a6-be80-9849a8d8590b,c2,DROP,1455,p2,?,
1769500985.4763608,SENT,a877864c-0c5c-43e6-a6ef-6c31cae3f261,7a2b9e37-cc86-4445-9323-dffcd62a8964,c5,DROP,1012,?,i8,
1769500985.476403,FORWARDED,a877864c-0c5c-43e6-a6ef-6c31cae3f261,7a2b9e37-cc86-4445-9323-dffcd62a8964,c5,DROP,1012,?,i8,
1769500985.6078134,RECEIVED,5f1a9ef4-81c8-47e7-9361-18dfeca710e8,234f29cb-4ccf-457d-8cea-054e4a7b1ebb,c4,DROP,1444,p1,?,
1769500985.712253,SENT,8ed2e237-e8b4-45d7-b76b-147d1d918e30,6288814b-1934-47a6-be80-9849a8d8590b,c2,DROP,1020,?,i2,
1769500985.7122889,FORWARDED,8ed2e237-e8b4-45d7-b76b-147d1d918e30,6288814b-1934-47a6-be80-9849a8d8590b,c2,DROP,1020,?,i2,
1769500985.7214177,RECEIVED,ff2382f2-6b4e-4031-afba-547663554926,4206923b-3788-4f93-9f9f-0f9a483cb43f,c2,DROP,1443,p2,?,
1769500985.7347546,SENT,5f1a9ef4-81c8-47e7-9361-18dfeca710e8,234f29cb-4ccf-457d-8cea-054e4a7b1ebb,c4,DROP,1011,?,i8,
1769500985.7348125,FORWARDED,5f1a9ef4-81c8-47e7-9361-18dfeca710e8,234f29cb-4ccf-457d-8cea-054e4a7b1ebb,c4,DROP,1011,?,i8,
1769500985.8027837,RECEIVED,2d9b192d-ad32-468b-bfdc-0f86254c8b3c,8586da39-3d30-4395-b91d-85eb61ee69bc,c3,c4,2448,p3,?,
1769500986.2970965,RECEIVED,9f94678d-7312-4619-aca6-c381434ce765,fbf49543-e38b-4be2-b90f-c68bb4f4fba2,c4,DROP,440,x10,?,
1769500986.3088763,SENT,ff2382f2-6b4e-4031-afba-547663554926,4206923b-3788-4f93-9f9f-0f9a483cb43f,c2,DROP,1011,?,i8,
1769500986.3089142,FORWARDED,ff2382f2-6b4e-4031-afba-547663554926,4206923b-3788-4f93-9f9f-0f9a483cb43f,c2,DROP,1011,?,i8,
1769500986.3661091,RECEIVED,30d93bf1-6bbd-4e1d-9d8d-0c10014b6cf3,499d8cbc-5b5b-4188-87b2-a9192a3f0065,c1,None,2235,p1,?,
1769500986.4390576,RECEIVED,d7d7abb5-bfc9-42ee-9ba1-17430227c1e6,4942d87c-9a42-4499-b677-833118ecdc7b,c2,c1,2469,p2,?,
1769500986.4669044,RECEIVED,dcba99dd-5e2c-42a5-9279-24813f2baf01,0943aa98-b140-4d78-a418-cc82da220d25,c3,DROP,1447,p3,?,
1769500986.4922647,SENT,2d9b192d-ad32-468b-bfdc-0f86254c8b3c,8586da39-3d30-4395-b91d-85eb61ee69bc,c3,c4,1763,?,i10,
1769500986.492308,FORWARDED,2d9b192d-ad32-468b-bfdc-0f86254c8b3c,8586da39-3d30-4395-b91d-85eb61ee69bc,c3,c4,1763,?,i10,
1769500986.4989848,SENT,d7d7abb5-bfc9-42ee-9ba1-17430227c1e6,4942d87c-9a42-4499-b677-833118ecdc7b,c2,c1,1779,?,i10,
1769500986.4990277,FORWARDED,d7d7abb5-bfc9-42ee-9ba1-17430227c1e6,4942d87c-9a42-4499-b677-833118ecdc7b,c2,c1,1779,?,i10,
1769500986.535061,RECEIVED,d26c6536-4474-4b69-a995-47a6cc24cd19,838236bb-fce9-42ac-b7c3-756eb4b1f07b,c4,c3,2463,p1,?,
1769500986.60806,RECEIVED,9dc5db3c-3747-466a-967c-e8888968a1ba,8ad9ec25-afe1-4f54-aaea-6f9f673d662d,c3,DROP,1461,p3,?,
1769500986.7024908,SENT,9dc5db3c-3747-466a-967c-e8888968a1ba,8ad9ec25-afe1-4f54-aaea-6f9f673d662d,c3,DROP,1021,?,i5,
1769500986.7025347,FORWARDED,9dc5db3c-3747-466a-967c-e8888968a1ba,8ad9ec25-afe1-4f54-aaea-6f9f673d662d,c3,DROP,1021,?,i5,
1769500986.703081,RECEIVED,36b4bde3-5313-4189-a790-bb63d0c16f7c,7298ed1b-76a9-407f-b1d0-52fda71df453,c3,DROP,1444,p3,?,
1769500986.821468,RECEIVED,9039ab13-7396-410f-9441-03550f42b806,dc7b2c2e-0827-40ea-aa26-feb079076fd9,c1,DROP,1440,p1,?,
1769500986.9025266,RECEIVED,4969c223-635a-4993-8cff-fbd6e8e3e72f,673a7999-f7b2-43da-98fa-783991969f6b,c3,DROP,447,x12,?,
1769500986.950625,SENT,9039ab13-7396-410f-9441-03550f42b806,dc7b2c2e-0827-40ea-aa26-feb079076fd9,c1,DROP,1008,?,i1,
1769500986.9506662,FORWARDED,9039ab13-7396-410f-9441-03550f42b806,dc7b2c2e-0827-40ea-aa26-feb079076fd9,c1,DROP,1008,?,i1,
1769500987.2422872,RECEIVED,5d134f96-b757-4862-9430-4dd2ed2e96a2,823abb5e-cd7f-4759-9dce-0f318e63ad2b,c5,c2,2451,p2,?,
1769500987.284775,RECEIVED,707267cc-734f-48bc-8ac6-2f222d622979,07d8ce95-0555-4695-b5e3-1ecd12412729,c5,DROP,1441,p2,?,
1769500987.3097801,SENT,30d93bf1-6bbd-4e1d-9d8d-0c10014b6cf3,499d8cbc-5b5b-4188-87b2-a9192a3f0065,c1,None,1605,?,i5,
1769500987.3098207,FORWARDED,30d93bf1-6bbd-4e1d-9d8d-0c10014b6cf3,499d8cbc-5b5b-4188-87b2-a9192a3f0065,c1,None,1605,?,i5,
1769500987.4152005,SENT,707267cc-734f-48bc-8ac6-2f222d622979,07d8ce95-0555-4695-b5e3-1ecd12412729,c5,DROP,1007,?,i10,
1769500987.415243,FORWARDED,707267cc-734f-48bc-8ac6-2f222d622979,07d8ce95-0555-4695-b5e3-1ecd12412729,c5,DROP,1007,?,i10,
1769500987.4445407,RECEIVED,8c7f79f6-5355-447d-ae12-2d2367c1ba21,e140484e-0e57-4b04-8dea-dd0e31769066,c2,None,2224,p2,?,
1769500987.4610736,SENT,dcba99dd-5e2c-42a5-9279-24813f2baf01,0943aa98-b140-4d78-a418-cc82da220d25,c3,DROP,1012,?,i7,
1769500987.461119,FORWARDED,dcba99dd-5e2c-42a5-9279-24813f2baf01,0943aa98-b140-4d78-a418-cc82da220d25,c3,DROP,1012,?,i7,
1769500987.6293864,SENT,8c7f79f6-5355-447d-ae12-2d2367c1ba21,e140484e-0e57-4b04-8dea-dd0e31769066,c2,None,1595,?,i2,
1769500987.6294267,FORWARDED,8c7f79f6-5355-447d-ae12-2d2367c1ba21,e140484e-0e57-4b04-8dea-dd0e31769066,c2,None,1595,?,i2,
1769500987.6837513,SENT,36b4bde3-5313-4189-a790-bb63d0c16f7c,7298ed1b-76a9-407f-b1d0-52fda71df453,c3,DROP,1011,?,i11,
1769500987.683792,FORWARDED,36b4bde3-5313-4189-a790-bb63d0c16f7c,7298ed1b-76a9-407f-b1d0-52fda71df453,c3,DROP,1011,?,i11,
1769500988.056174,RECEIVED,b687e2f3-ae83-42b8-bfd1-c4d491115e4a,4a4f6da3-fd92-43ab-bc51-087e61a25f74,c4,DROP,446,x6,?,
1769500988.1045399,RECEIVED,7ad5cb4d-c21d-47e8-acb8-9025b53f75c3,08ca4b72-d030-4547-9a69-f00b9783877f,c5,DROP,1440,p2,?,
1769500988.188375,SENT,7ad5cb4d-c21d-47e8-acb8-9025b53f75c3,08ca4b72-d030-4547-9a69-f00b9783877f,c5,DROP,1008,?,i3,
1769500988.1884177,FORWARDED,7ad5cb4d-c21d-47e8-acb8-9025b53f75c3,08ca4b72-d030-4547-9a69-f00b9783877f,c5,DROP,1008,?,i3,
1769500988.227654,SENT,5d134f96-b757-4862-9430-4dd2ed2e96a2,823abb5e-cd7f-4759-9dce-0f318e63ad2b,c5,c2,1767,?,i8,
1769500988.2276897,FORWARDED,5d134f96-b757-4862-9430-4dd2ed2e96a2,823abb5e-cd7f-4759-9dce-0f318e63ad2b,c5,c2,1767,?,i8,
1769500988.2778416,RECEIVED,d970919e-5bf5-4a44-a418-8cff1f83ddbf,1cd7dabe-342c-499b-9b58-32331754a911,c1,DROP,442,x5,?,
1769500988.2916863,RECEIVED,0542b6de-94a7-4716-ad32-f6f616061a8a,574713d6-d16b-4407-a163-584c4bb093fd,c5,DROP,1448,p2,?,
1769500988.3169236,RECEIVED,ee64367b-03cf-43a7-8987-4508cb17d85f,a0f85b87-ae41-4546-bae3-5b88bf5cdad1,c5,DROP,1441,p2,?,
1769500988.4423342,SENT,d26c6536-4474-4b69-a995-47a6cc24cd19,838236bb-fce9-42ac-b7c3-756eb4b1f07b,c4,c3,1776,?,i6,
1769500988.4423747,FORWARDED,d26c6536-4474-4b69-a995-47a6cc24cd19,838236bb-fce9-42ac-b7c3-756eb4b1f07b,c4,c3,1776,?,i6,
1769500988.4965281,RECEIVED,712bb59c-f920-4c48-b724-6ccc06500165,57802d08-6e46-4b2f-9a73-55a8cc8dcd21,c3,DROP,1439,p3,?,
1769500988.6196964,SENT,0542b6de-94a7-4716-ad32-f6f616061a8a,574713d6-d16b-4407-a163-584c4bb093fd,c5,DROP,1013,?,i11,
1769500988.619738,FORWARDED,0542b6de-94a7-4716-ad32-f6f616061a8a,574713d6-d16b-4407-a163-584c4bb093fd,c5,DROP,1013,?,i11,
1769500988.6486933,RECEIVED,c01c690e-eb78-4b6b-9328-0091861171df,599c5100-c34a-4a67-bff6-7272bc1b7c78,c1,c5,2471,p1,?,
1769500988.6600792,SENT,ee64367b-03cf-43a7-8987-4508cb17d85f,a0f85b87-ae41-4546-bae3-5b88bf5cdad1,c5,DROP,1008,?,i10,
1769500988.6601253,FORWARDED,ee64367b-03cf-43a7-8987-4508cb17d85f,a0f85b87-ae41-4546-bae3-5b88bf5cdad1,c5,DROP,1008,?,i10,
1769500988.9842315,SENT,c01c690e-eb78-4b6b-9328-0091861171df,599c5100-c34a-4a67-bff6-7272bc1b7c78,c1,c5,1780,?,i11,
1769500988.9842734,FORWARDED,c01c690e-eb78-4b6b-9328-0091861171df,599c5100-c34a-4a67-bff6-7272bc1b7c78,c1,c5,1780,?,i11,
1769500989.2362673,RECEIVED,d7e0cbfa-0819-4bd4-a0ef-4e5ad0546737,043c5482-baee-4389-a77d-37ff8c68c48c,c2,DROP,1445,p2,?,
1769500989.2437396,RECEIVED,fa5e6952-dbde-4d58-99cd-376684600fed,9608e70f-f460-4e08-bb64-b1cff5dcb450,c4,DROP,442,x10,?,
1769500989.2520049,RECEIVED,80f506c2-b70a-423f-9c38-e30d9c083553,14350dc0-ff4b-4be0-bea5-ab6108dfcc13,c3,DROP,442,x3,?,
1769500989.3175502,RECEIVED,a589508c-9e6a-4f18-a057-119c6a0bea8d,23cf551c-eb7e-4154-8af3-4b7319af2fc1,c4,DROP,442,x7,?,
1769500989.4397302,SENT,712bb59c-f920-4c48-b724-6ccc06500165,57802d08-6e46-4b2f-9a73-55a8cc8dcd21,c3,DROP,1008,?,i7,
1769500989.4397783,FORWARDED,712bb59c-f920-4c48-b724-6ccc06500165,57802d08-6e46-4b2f-9a73-55a8cc8dcd21,c3,DROP,1008,?,i7,
1769500989.478548,RECEIVED,a1e7cfc2-e8f7-4684-9dcc-0f5c7951026a,ba25edaa-d456-4e7d-9c47-993ab668f91b,c1,None,2236,p1,?,
1769500989.4832492,SENT,d7e0cbfa-0819-4bd4-a0ef-4e5ad0546737,043c5482-baee-4389-a77d-37ff8c68c48c,c2,DROP,1011,?,i12,
1769500989.4832907,FORWARDED,d7e0cbfa-0819-4bd4-a0ef-4e5ad0546737,043c5482-baee-4389-a77d-37ff8c68c48c,c2,DROP,1011,?,i12,
1769500989.5231225,RECEIVED,cb560bbf-f0e0-47c4-8f2b-ebbd99517573,fec991d9-b589-4013-a0a8-21a0da7a5f6c,c4,DROP,1439,p1,?,
1769500989.5529666,RECEIVED,d536368e-dda2-4e69-bdc0-275e2f6413c5,46f6a045-9726-44cf-8b72-2e9b161675be,c2,None,2224,p2,?,
1769500989.5542715,SENT,a1e7cfc2-e8f7-4684-9dcc-0f5c7951026a,ba25edaa-d456-4e7d-9c47-993ab668f91b,c1,None,1604,?,i9,
1769500989.5543125,FORWARDED,a1e7cfc2-e8f7-4684-9dcc-0f5c7951026a,ba25edaa-d456-4e7d-9c47-993ab668f91b,c1,None,1604,?,i9,
1769500989.5997367,RECEIVED,489e7822-7c4e-491e-982f-abeaecdc9481,046ef367-de27-4179-a91a-432e61ae2df3,c4,DROP,442,x9,?,
1769500989.694296,RECEIVED,f8f1723a-4fa0-4038-9364-12ddabab3536,51de54d8-ccbc-4b28-8467-67c1b6ade11e,c3,DROP,1444,p3,?,
1769500989.932511,SENT,d536368e-dda2-4e69-bdc0-275e2f6413c5,46f6a045-9726-44cf-8b72-2e9b161675be,c2,None,1594,?,i8,
1769500989.9325538,FORWARDED,d536368e-dda2-4e69-bdc0-275e2f6413c5,46f6a045-9726-44cf-8b72-2e9b161675be,c2,None,1594,?,i8,
1769500990.1358247,RECEIVED,97a82634-e602-4f01-8c5a-80c955067df9,f0aef2ac-59c5-49bf-9347-b93b99e66f66,c1,DROP,442,x3,?,
1769500990.221516,RECEIVED,9a6b9a12-f2da-4f21-9be6-3e2d853ed5a6,68f20315-de2e-4e14-babd-1d9e43fac637,c3,DROP,1452,p3,?,
1769500990.27249,RECEIVED,ec16258f-e782-428d-9571-87f063a05c1f,1ef1bf44-f4f1-4a2f-9385-5a4bdf41481e,c2,DROP,1444,p2,?,
1769500990.3097975,RECEIVED,9998ad2c-7547-48b0-b250-091a8c8f06bc,fe8ad53e-0d9b-404a-81d3-1195ca39274b,c1,DROP,1440,p1,?,
1769500990.3099632,RECEIVED,4253fce1-1e9d-4c83-9edb-b1c3515247d7,e90e4cac-c0df-4703-9c7a-9bfb2e5f2252,c2,DROP,1439,p2,?,
1769500990.3370137,RECEIVED,3e338b8b-4520-4b07-be74-5c6c96fa300a,1c036e0a-cbf4-4f83-a5a7-032afc640a89,c4,DROP,441,x5,?,
1769500990.4420724,SENT,9998ad2c-7547-48b0-b250-091a8c8f06bc,fe8ad53e-0d9b-404a-81d3-1195ca39274b,c1,DROP,1008,?,i2,
1769500990.4421172,FORWARDED,9998ad2c-7547-48b0-b250-091a8c8f06bc,fe8ad53e-0d9b-404a-81d3-1195ca39274b,c1,DROP,1008,?,i2,
1769500990.4725854,RECEIVED,062e056b-05e6-49d3-95cc-7027399bf423,9e5c81ad-9a49-4d2b-97db-3d230b98cc2b,c1,c5,2476,p1,?,
1769500990.4805698,RECEIVED,697ca96a-1307-4a0c-b0f4-0fba7a2f9472,a300f3b7-0300-43fa-8ae8-8d2c71c4bbaa,c2,c1,2476,p2,?,
1769500990.5156348,RECEIVED,97a97850-8677-42fb-a948-bd9fb45747c8,8a6d7a98-9574-47c6-b60c-0fdb5438c3dc,c3,DROP,1439,p3,?,
1769500990.5222347,SENT,697ca96a-1307-4a0c-b0f4-0fba7a2f9472,a300f3b7-0300-43fa-8ae8-8d2c71c4bbaa,c2,c1,1785,?,i3,
1769500990.5222778,FORWARDED,697ca96a-1307-4a0c-b0f4-0fba7a2f9472,a300f3b7-0300-43fa-8ae8-8d2c71c4bbaa,c2,c1,1785,?,i3,
1769500990.53848,SENT,9a6b9a12-f2da-4f21-9be6-3e2d853ed5a6,68f20315-de2e-4e14-babd-1d9e43fac637,c3,DROP,1016,?,i6,
1769500990.5385237,FORWARDED,9a6b9a12-f2da-4f21-9be6-3e2d853ed5a6,68f20315-de2e-4e14-babd-1d9e43fac637,c3,DROP,1016,?,i6,
1769500990.7314591,SENT,f8f1723a-4fa0-4038-9364-12ddabab3536,51de54d8-ccbc-4b28-8467-67c1b6ade11e,c3,DROP,1011,?,i11,
1769500990.731504,FORWARDED,f8f1723a-4fa0-4038-9364-12ddabab3536,51de54d8-ccbc-4b28-8467-67c1b6ade11e,c3,DROP,1011,?,i11,
1769500990.7474864,SENT,062e056b-05e6-49d3-95cc-7027399bf423,9e5c81ad-9a49-4d2b-97db-3d230b98cc2b,c1,c5,1783,?,i12,
1769500990.7475307,FORWARDED,062e056b-05e6-49d3-95cc-7027399bf423,9e5c81ad-9a49-4d2b-97db-3d230b98cc2b,c1,c5,1783,?,i12,
1769500990.7753265,SENT,ec16258f-e782-428d-9571-87f063a05c1f,1ef1bf44-f4f1-4a2f-9385-5a4bdf41481e,c2,DROP,1011,?,i3,
1769500990.7753735,FORWARDED,ec16258f-e782-428d-9571-87f063a05c1f,1ef1bf44-f4f1-4a2f-9385-5a4bdf41481e,c2,DROP,1011,?,i3,
1769500990.810677,SENT,cb560bbf-f0e0-47c4-8f2b-ebbd99517573,fec991d9-b589-4013-a0a8-21a0da7a5f6c,c4,DROP,1007,?,i12,
1769500990.810726,FORWARDED,cb560bbf-f0e0-47c4-8f2b-ebbd99517573,fec991d9-b589-4013-a0a8-21a0da7a5f6c,c4,DROP,1007,?,i12,
1769500990.8218126,RECEIVED,0f533424-952b-4100-b21f-318cc1d45cef,bc76ab6b-f4c9-4aa4-8f57-0360b4aa2396,c2,DROP,1436,p2,?,
1769500990.8954167,RECEIVED,8751dc06-cb62-4034-8be2-d084e1ba57d1,96ec099f-f2c8-4945-b744-eb5fdeb4a894,c3,None,2223,p3,?,
1769500991.034324,SENT,97a97850-8677-42fb-a948-bd9fb45747c8,8a6d7a98-9574-47c6-b60c-0fdb5438c3dc,c3,DROP,1008,?,i7,
1769500991.034362,FORWARDED,97a97850-8677-42fb-a948-bd9fb45747c8,8a6d7a98-9574-47c6-b60c-0fdb5438c3dc,c3,DROP,1008,?,i7,
1769500991.1789365,SENT,4253fce1-1e9d-4c83-9edb-b1c3515247d7,e90e4cac-c0df-4703-9c7a-9bfb2e5f2252,c2,DROP,1008,?,i5,
1769500991.1789782,FORWARDED,4253fce1-1e9d-4c83-9edb-b1c3515247d7,e90e4cac-c0df-4703-9c7a-9bfb2e5f2252,c2,DROP,1008,?,i5,
1769500991.19507,SENT,0f533424-952b-4100-b21f-318cc1d45cef,bc76ab6b-f4c9-4aa4-8f57-0360b4aa2396,c2,DROP,1004,?,i10,
1769500991.1951122,FORWARDED,0f533424-952b-4100-b21f-318cc1d45cef,bc76ab6b-f4c9-4aa4-8f57-0360b4aa2396,c2,DROP,1004,?,i10,
1769500991.3505485,RECEIVED,d44d706b-af2b-4469-9e58-ac39e9f9d3d4,4d148e03-aedc-4ddb-83a0-a158638f9e3a,c4,c3,2467,p1,?,
1769500991.428504,RECEIVED,030a78d4-0d85-43ce-8872-2a29c16e5e9d,87f1e10f-e01e-46ae-af2c-c440c710681f,c1,DROP,1450,p1,?,
1769500991.4428823,RECEIVED,f2162b0e-d904-4212-9fcb-ba690cedb3e4,04d8a9c2-7b3b-446a-9d67-717a1b671afe,c2,c1,2463,p2,?,
1769500991.4957507,RECEIVED,30130ac3-b06a-4e69-a38c-10f96e1794da,b94b5960-9b50-4f0d-99c8-f65106dc2798,c1,DROP,1456,p1,?,
1769500991.5281773,SENT,8751dc06-cb62-4034-8be2-d084e1ba57d1,96ec099f-f2c8-4945-b744-eb5fdeb4a894,c3,None,1595,?,i9,
1769500991.5282211,FORWARDED,8751dc06-cb62-4034-8be2-d084e1ba57d1,96ec099f-f2c8-4945-b744-eb5fdeb4a894,c3,None,1595,?,i9,
1769500991.8814056,RECEIVED,0889b41d-1932-4bbb-a7f6-391a80f61a5a,8d816e45-712a-4420-9afa-c82e2b899398,c5,c2,2465,p2,?,
1769500991.938486,SENT,0889b41d-1932-4bbb-a7f6-391a80f61a5a,8d816e45-712a-4420-9afa-c82e2b899398,c5,c2,1775,?,i5,
1769500991.9385295,FORWARDED,0889b41d-1932-4bbb-a7f6-391a80f61a5a,8d816e45-712a-4420-9afa-c82e2b899398,c5,c2,1775,?,i5,
1769500991.9524994,SENT,030a78d4-0d85-43ce-8872-2a29c16e5e9d,87f1e10f-e01e-46ae-af2c-c440c710681f,c1,DROP,1016,?,i3,
1769500991.9525356,FORWARDED,030a78d4-0d85-43ce-8872-2a29c16e5e9d,87f1e10f-e01e-46ae-af2c-c440c710681f,c1,DROP,1016,?,i3,
1769500992.068806,SENT,d44d706b-af2b-4469-9e58-ac39e9f9d3d4,4d148e03-aedc-4ddb-83a0-a158638f9e3a,c4,c3,1777,?,i3,
1769500992.0688474,FORWARDED,d44d706b-af2b-4469-9e58-ac39e9f9d3d4,4d148e03-aedc-4ddb-83a0-a158638f9e3a,c4,c3,1777,?,i3,
1769500992.112336,SENT,f2162b0e-d904-4212-9fcb-ba690cedb3e4,04d8a9c2-7b3b-446a-9d67-717a1b671afe,c2,c1,1776,?,i7,
1769500992.112374,FORWARDED,f2162b0e-d904-4212-9fcb-ba690cedb3e4,04d8a9c2-7b3b-446a-9d67-717a1b671afe,c2,c1,1776,?,i7,
1769500992.1239898,RECEIVED,0100ff73-4b53-4604-96ae-09312623414b,2052ad85-3a12-45d4-9535-3281009b1916,c5,DROP,1456,p2,?,
1769500992.3624067,SENT,30130ac3-b06a-4e69-a38c-10f96e1794da,b94b5960-9b50-4f0d-99c8-f65106dc2798,c1,DROP,1019,?,i10,
1769500992.3624501,FORWARDED,30130ac3-b06a-4e69-a38c-10f96e1794da,b94b5960-9b50-4f0d-99c8-f65106dc2798,c1,DROP,1019,?,i10,
1769500992.5271785,RECEIVED,883d0287-4bf5-4820-b21d-b8d302fb053b,3f3fffa8-1638-4b6f-ad97-72f0083b797a,c2,DROP,441,x12,?,
1769500992.5976825,RECEIVED,1d7e0ec0-8bfe-4f1b-ad43-87f8ba122453,20f3e675-b624-4034-9445-7e04c7b63914,c4,DROP,1439,p1,?,
1769500992.6929078,RECEIVED,4bf3e809-20ab-4569-be9c-271bf5bc6f1e,17926790-7a77-41c9-80b7-17ae1fd505fb,c5,DROP,1447,p2,?,
1769500992.7823162,RECEIVED,364e0f02-d202-4b5a-ae78-3f9992600d2f,fc25fdb6-9c0d-461a-903f-3b9255d85ce6,c4,c3,2456,p1,?,
1769500992.8032079,RECEIVED,eb9008bc-19ad-495c-b672-b4f6cf2da199,74488aed-9474-4a1a-8a04-1ac37407e2a9,c4,DROP,441,x1,?,
1769500992.8194573,SENT,364e0f02-d202-4b5a-ae78-3f9992600d2f,fc25fdb6-9c0d-461a-903f-3b9255d85ce6,c4,c3,1768,?,i7,
1769500992.8197207,FORWARDED,364e0f02-d202-4b5a-ae78-3f9992600d2f,fc25fdb6-9c0d-461a-903f-3b9255d85ce6,c4,c3,1768,?,i7,
1769500992.876451,SENT,1d7e0ec0-8bfe-4f1b-ad43-87f8ba122453,20f3e675-b624-4034-9445-7e04c7b63914,c4,DROP,1007,?,i1,
1769500992.8764942,FORWARDED,1d7e0ec0-8bfe-4f1b-ad43-87f8ba122453,20f3e675-b624-4034-9445-7e04c7b63914,c4,DROP,1007,?,i1,
1769500992.8839684,RECEIVED,d083e6a7-0088-4811-9ce8-597ecca4182a,2656d7f5-6ccb-4665-8856-d00eb3a76d63,c3,DROP,1443,p3,?,
1769500992.9119527,SENT,4bf3e809-20ab-4569-be9c-271bf5bc6f1e,17926790-7a77-41c9-80b7-17ae1fd505fb,c5,DROP,1012,?,i2,
1769500992.9119952,FORWARDED,4bf3e809-20ab-4569-be9c-271bf5bc6f1e,17926790-7a77-41c9-80b7-17ae1fd505fb,c5,DROP,1012,?,i2,
1769500992.9632692,RECEIVED,603d4911-af37-42fa-bd68-aa725ea8a17d,76ff3f63-065a-473f-95a2-9718604f69f8,c1,DROP,1444,p1,?,
1769500993.4222484,SENT,603d4911-af37-42fa-bd68-aa725ea8a17d,76ff3f63-065a-473f-95a2-9718604f69f8,c1,DROP,1011,?,i5,
1769500993.4222915,FORWARDED,603d4911-af37-42fa-bd68-aa725ea8a17d,76ff3f63-065a-473f-95a2-9718604f69f8,c1,DROP,1011,?,i5,
1769500993.506567,RECEIVED,2c925f71-1436-40cf-adb5-c89f2edeb064,1ab036d9-17fc-4d44-bf16-8bc5b634a663,c2,None,2241,p2,?,
1769500993.5244086,SENT,2c925f71-1436-40cf-adb5-c89f2edeb064,1ab036d9-17fc-4d44-bf16-8bc5b634a663,c2,None,1607,?,i9,
1769500993.5244532,FORWARDED,2c925f71-1436-40cf-adb5-c89f2edeb064,1ab036d9-17fc-4d44-bf16-8bc5b634a663,c2,None,1607,?,i9,
1769500993.527813,SENT,d083e6a7-0088-4811-9ce8-597ecca4182a,2656d7f5-6ccb-4665-8856-d00eb3a76d63,c3,DROP,1011,?,i2,
1769500993.5278528,FORWARDED,d083e6a7-0088-4811-9ce8-597ecca4182a,2656d7f5-6ccb-4665-8856-d00eb3a76d63,c3,DROP,1011,?,i2,
1769500993.6349852,RECEIVED,9c17ddc1-59c6-4982-9430-1c12b1fcc9af,55f51d51-58e6-4fe4-8225-3877d989bffd,c3,DROP,441,x8,?,
1769500993.6454556,RECEIVED,4053182e-90a1-42e5-9f2d-6a1e806ef5d7,8a293615-edc5-45fb-9129-2c155c87b1d5,c3,DROP,1440,p3,?,
1769500993.8558402,RECEIVED,fd108c09-3693-482b-9216-23fbd8cd3398,5bf1e344-a813-49f5-8a4f-9ec2770c4e2d,c1,c5,2467,p1,?,
1769500993.9243784,SENT,4053182e-90a1-42e5-9f2d-6a1e806ef5d7,8a293615-edc5-45fb-9129-2c155c87b1d5,c3,DROP,1008,?,i2,
1769500993.9244232,FORWARDED,4053182e-90a1-42e5-9f2d-6a1e806ef5d7,8a293615-edc5-45fb-9129-2c155c87b1d5,c3,DROP,1008,?,i2,
1769500993.976696,RECEIVED,31c7ad12-158d-43ea-8e5c-b6c1f6c8c2dc,8387af3c-74c7-46df-a5ff-6fc01dca7eb5,c1,c5,2463,p1,?,
1769500994.109946,RECEIVED,5f3255d3-d293-45aa-89a2-4eabdd3021a3,bd95fe81-3893-4a7f-8758-35b485cfe226,c3,DROP,1448,p3,?,
1769500994.1133707,RECEIVED,a25f39b6-238d-4ba0-bdc0-f7fc6afd8802,b2be4a1c-5a57-40d9-94df-762ec6f1a695,c4,c3,2471,p1,?,
1769500994.1925833,RECEIVED,e2b0c439-a51b-4147-a991-9a56c685cdf1,fd7a43bd-bc10-4558-b616-384a9f8488d7,c5,DROP,1439,p2,?,
1769500994.2384572,SENT,0100ff73-4b53-4604-96ae-09312623414b,2052ad85-3a12-45d4-9535-3281009b1916,c5,DROP,1019,?,i11,
1769500994.238499,FORWARDED,0100ff73-4b53-4604-96ae-09312623414b,2052ad85-3a12-45d4-9535-3281009b1916,c5,DROP,1019,?,i11,
1769500994.346911,RECEIVED,4cf1d658-b7f3-46d5-a9d0-08ed04952ccc,da1c77bb-8e10-4f38-82d2-4e636cd48a31,c2,None,2236,p2,?,
1769500994.3810894,SENT,fd108c09-3693-482b-9216-23fbd8cd3398,5bf1e344-a813-49f5-8a4f-9ec2770c4e2d,c1,c5,1777,?,i4,
1769500994.3811274,FORWARDED,fd108c09-3693-482b-9216-23fbd8cd3398,5bf1e344-a813-49f5-8a4f-9ec2770c4e2d,c1,c5,1777,?,i4,
1769500994.419271,SENT,4cf1d658-b7f3-46d5-a9d0-08ed04952ccc,da1c77bb-8e10-4f38-82d2-4e636cd48a31,c2,None,1603,?,i8,
1769500994.419315,FORWARDED,4cf1d658-b7f3-46d5-a9d0-08ed04952ccc,da1c77bb-8e10-4f38-82d2-4e636cd48a31,c2,None,1603,?,i8,
1769500994.5526156,RECEIVED,8fb54f1c-9960-4dbd-a555-118dd8066e49,be18ceab-e7fb-4199-99eb-c6c94e95a1db,c5,DROP,441,x4,?,
1769500994.68145,RECEIVED,786c3384-62c4-4b2a-b715-1615f50ec678,0c565702-1277-489c-bcdf-2a95321822f1,c4,DROP,1440,p1,?,
1769500994.6909394,SENT,e2b0c439-a51b-4147-a991-9a56c685cdf1,fd7a43bd-bc10-4558-b616-384a9f8488d7,c5,DROP,1008,?,i7,
1769500994.6909795,FORWARDED,e2b0c439-a51b-4147-a991-9a56c685cdf1,fd7a43bd-bc10-4558-b616-384a9f8488d7,c5,DROP,1008,?,i7,
1769500994.7867699,SENT,786c3384-62c4-4b2a-b715-1615f50ec678,0c565702-1277-489c-bcdf-2a95321822f1,c4,DROP,1007,?,i1,
1769500994.786805,FORWARDED,786c3384-62c4-4b2a-b715-1615f50ec678,0c565702-1277-489c-bcdf-2a95321822f1,c4,DROP,1007,?,i1,
1769500994.8017118,RECEIVED,d16b5abf-08e9-417c-90c2-ac9936a7b26f,06d0afa0-de94-46a1-b2cc-110748620001,c5,DROP,1440,p2,?,
1769500994.834944,SENT,5f3255d3-d293-45aa-89a2-4eabdd3021a3,bd95fe81-3893-4a7f-8758-35b485cfe226,c3,DROP,1012,?,i11,
1769500994.8349893,FORWARDED,5f3255d3-d293-45aa-89a2-4eabdd3021a3,bd95fe81-3893-4a7f-8758-35b485cfe226,c3,DROP,1012,?,i11,
1769500994.893127,RECEIVED,a5d223ad-0685-4f4c-a617-4d5d1c5b0a8f,f52d4047-9638-4914-a9ca-6e121504286b,c3,DROP,1444,p3,?,
1769500994.9196625,SENT,a5d223ad-0685-4f4c-a617-4d5d1c5b0a8f,f52d4047-9638-4914-a9ca-6e121504286b,c3,DROP,1009,?,i4,
1769500994.9197075,FORWARDED,a5d223ad-0685-4f4c-a617-4d5d1c5b0a8f,f52d4047-9638-4914-a9ca-6e121504286b,c3,DROP,1009,?,i4,
1769500994.9223235,SENT,d16b5abf-08e9-417c-90c2-ac9936a7b26f,06d0afa0-de94-46a1-b2cc-110748620001,c5,DROP,1007,?,i3,
1769500994.9223683,FORWARDED,d16b5abf-08e9-417c-90c2-ac9936a7b26f,06d0afa0-de94-46a1-b2cc-110748620001,c5,DROP,1007,?,i3,
1769500994.9334495,RECEIVED,3dd91bdc-5820-4f3b-9515-c9b4c0b47f73,267ca80f-ab8d-4ce2-b893-56df43ec312c,c1,c5,2456,p1,?,
1769500995.0172088,RECEIVED,25cf9efc-165b-40d1-b5c2-7e76a93beca1,9c04e52a-d03b-471c-b7eb-2b89682141ae,c1,DROP,441,x11,?,
1769500995.051821,RECEIVED,b7a02ffe-f148-4c8a-a264-8aa24078792b,98ae6bfb-e7de-443b-9051-14d9c9812a00,c1,DROP,1459,p1,?,
1769500995.0604107,SENT,3dd91bdc-5820-4f3b-9515-c9b4c0b47f73,267ca80f-ab8d-4ce2-b893-56df43ec312c,c1,c5,1768,?,i7,
1769500995.060454,FORWARDED,3dd91bdc-5820-4f3b-9515-c9b4c0b47f73,267ca80f-ab8d-4ce2-b893-56df43ec312c,c1,c5,1768,?,i7,
1769500995.0644054,SENT,31c7ad12-158d-43ea-8e5c-b6c1f6c8c2dc,8387af3c-74c7-46df-a5ff-6fc01dca7eb5,c1,c5,1776,?,i1,
1769500995.0644403,FORWARDED,31c7ad12-158d-43ea-8e5c-b6c1f6c8c2dc,8387af3c-74c7-46df-a5ff-6fc01dca7eb5,c1,c5,1776,?,i1,
1769500995.3103256,RECEIVED,27e13ef4-60a5-4013-9e61-e18df7bf6a9e,90e2d6a7-b6c2-49c2-827e-0382839a6865,c1,DROP,1443,p1,?,
1769500995.3131433,SENT,27e13ef4-60a5-4013-9e61-e18df7bf6a9e,90e2d6a7-b6c2-49c2-827e-0382839a6865,c1,DROP,1007,?,i12,
1769500995.3131824,FORWARDED,27e13ef4-60a5-4013-9e61-e18df7bf6a9e,90e2d6a7-b6c2-49c2-827e-0382839a6865,c1,DROP,1007,?,i12,
1769500995.5211842,RECEIVED,ec323a68-1e4f-461e-88d1-281406cd1b21,ca0cea97-545f-461b-b13f-6873da8ca373,c3,DROP,441,x9,?,
1769500995.559655,SENT,b7a02ffe-f148-4c8a-a264-8aa24078792b,98ae6bfb-e7de-443b-9051-14d9c9812a00,c1,DROP,1021,?,i4,
1769500995.5596964,FORWARDED,b7a02ffe-f148-4c8a-a264-8aa24078792b,98ae6bfb-e7de-443b-9051-14d9c9812a00,c1,DROP,1021,?,i4,
1769500995.6630943,RECEIVED,af6cac03-56aa-4ee4-a898-2dedaa105a51,ab178c44-f441-4f21-a206-dffafa94d456,c4,DROP,1451,p1,?,
1769500995.7248132,RECEIVED,cd7ddb9b-ff6d-4603-ad26-b83d254e4a4c,e015f343-d80f-4c8a-b4a5-c734239f66fa,c4,DROP,1444,p1,?,
1769500995.7794092,RECEIVED,cb5de29c-6410-406e-9822-dcb259415aee,6cb6e92a-5529-4ccc-b075-fb887ec94f53,c3,DROP,1456,p3,?,
1769500995.7977328,SENT,a25f39b6-238d-4ba0-bdc0-f7fc6afd8802,b2be4a1c-5a57-40d9-94df-762ec6f1a695,c4,c3,1780,?,i12,
1769500995.7977746,FORWARDED,a25f39b6-238d-4ba0-bdc0-f7fc6afd8802,b2be4a1c-5a57-40d9-94df-762ec6f1a695,c4,c3,1780,?,i12,
1769500995.8734388,RECEIVED,b8bd108a-54ac-4d8f-b1c2-16dd0062272d,d5629510-3bf2-4484-8aea-4d531a940c4e,c1,DROP,1440,p1,?,
1769500996.0483162,SENT,b8bd108a-54ac-4d8f-b1c2-16dd0062272d,d5629510-3bf2-4484-8aea-4d531a940c4e,c1,DROP,1008,?,i4,
1769500996.0483587,FORWARDED,b8bd108a-54ac-4d8f-b1c2-16dd0062272d,d5629510-3bf2-4484-8aea-4d531a940c4e,c1,DROP,1008,?,i4,
1769500996.1056113,SENT,cd7ddb9b-ff6d-4603-ad26-b83d254e4a4c,e015f343-d80f-4c8a-b4a5-c734239f66fa,c4,DROP,1011,?,i9,
1769500996.105646,FORWARDED,cd7ddb9b-ff6d-4603-ad26-b83d254e4a4c,e015f343-d80f-4c8a-b4a5-c734239f66fa,c4,DROP,1011,?,i9,
1769500996.2800272,RECEIVED,725f744a-5887-4cc3-864a-4e0bb8b45d2e,6e4d91e8-754f-405f-b151-ac118b303c97,c3,DROP,1445,p3,?,
1769500996.2922692,SENT,725f744a-5887-4cc3-864a-4e0bb8b45d2e,6e4d91e8-754f-405f-b151-ac118b303c97,c3,DROP,1009,?,i9,
1769500996.2923074,FORWARDED,725f744a-5887-4cc3-864a-4e0bb8b45d2e,6e4d91e8-754f-405f-b151-ac118b303c97,c3,DROP,1009,?,i9,
1769500996.4416192,SENT,cb5de29c-6410-406e-9822-dcb259415aee,6cb6e92a-5529-4ccc-b075-fb887ec94f53,c3,DROP,1020,?,i11,
1769500996.4416604,FORWARDED,cb5de29c-6410-406e-9822-dcb259415aee,6cb6e92a-5529-4ccc-b075-fb887ec94f53,c3,DROP,1020,?,i11,
1769500996.5760775,RECEIVED,c7747839-4c6e-4e3d-ba87-62e8e16ec094,19cdb98d-a65c-4cab-a37d-65d4d91c1b2a,c5,None,2228,p2,?,
1769500996.6482213,SENT,c7747839-4c6e-4e3d-ba87-62e8e16ec094,19cdb98d-a65c-4cab-a37d-65d4d91c1b2a,c5,None,1599,?,i6,
1769500996.6482623,FORWARDED,c7747839-4c6e-4e3d-ba87-62e8e16ec094,19cdb98d-a65c-4cab-a37d-65d4d91c1b2a,c5,None,1599,?,i6,
1769500996.6645138,RECEIVED,99f01d65-05ee-4fc5-84b7-e0c06c0076e0,11054aca-2092-4543-b876-486f48665582,c1,c5,2460,p1,?,
1769500996.7114687,RECEIVED,f38f2c93-7fec-4ce5-ad3d-579d93cf5cd0,fd0b764c-dfb8-4eb4-ba2c-39487ec71c14,c4,DROP,440,x1,?,
1769500996.760907,RECEIVED,be05bef0-013f-47e8-936b-43add869fe3e,c811884a-6c9e-4081-b9f3-b9cefdb7ddf6,c2,DROP,1456,p2,?,
1769500996.8496096,SENT,be05bef0-013f-47e8-936b-43add869fe3e,c811884a-6c9e-4081-b9f3-b9cefdb7ddf6,c2,DROP,1019,?,i4,
1769500996.849653,FORWARDED,be05bef0-013f-47e8-936b-43add869fe3e,c811884a-6c9e-4081-b9f3-b9cefdb7ddf6,c2,DROP,1019,?,i4,
1769500996.8755658,SENT,af6cac03-56aa-4ee4-a898-2dedaa105a51,ab178c44-f441-4f21-a206-dffafa94d456,c4,DROP,1016,?,i7,
1769500996.8756065,FORWARDED,af6cac03-56aa-4ee4-a898-2dedaa105a51,ab178c44-f441-4f21-a206-dffafa94d456,c4,DROP,1016,?,i7,
1769500996.9537876,SENT,99f01d65-05ee-4fc5-84b7-e0c06c0076e0,11054aca-2092-4543-b876-486f48665582,c1,c5,1772,?,i4,
1769500996.953829,FORWARDED,99f01d65-05ee-4fc5-84b7-e0c06c0076e0,11054aca-2092-4543-b876-486f48665582,c1,c5,1772,?,i4,
1769500996.9691079,RECEIVED,804970dd-3dc0-4ebf-87f4-fa3dbb9d7c0e,44d69850-384d-42b1-a62f-0ee175db6323,c4,DROP,442,x12,?,
1769500997.05296,RECEIVED,4ac3a264-28cd-417c-80c4-63e4a88914f7,17aa49f5-a7d0-48b7-9834-26f9f2195f4d,c1,DROP,1443,p1,?,
1769500997.0671391,RECEIVED,7132ccbe-3e1c-4334-bc15-769639f13ddb,b115d84f-7786-4e23-9df7-92afed1caa93,c4,DROP,1445,p1,?,
1769500997.0696487,RECEIVED,0febe82a-10d5-4c82-9f1c-ead71f620458,a7c0ecfd-8938-4068-92b6-e21b3c7aa383,c3,DROP,1453,p3,?,
1769500997.089024,RECEIVED,2ebb33ea-69b7-4fb3-aacf-b2b195200482,eb2ce991-6366-48ea-a581-2f97efa4d045,c1,None,2224,p1,?,
1769500997.1553912,SENT,0febe82a-10d5-4c82-9f1c-ead71f620458,a7c0ecfd-8938-4068-92b6-e21b3c7aa383,c3,DROP,1015,?,i4,
1769500997.1554337,FORWARDED,0febe82a-10d5-4c82-9f1c-ead71f620458,a7c0ecfd-8938-4068-92b6-e21b3c7aa383,c3,DROP,1015,?,i4,
1769500997.224413,RECEIVED,d4ae5b9b-5ab9-40e2-9865-e2fecad315a8,5b889d63-9b77-4b0c-a6b2-87c91be152de,c1,DROP,1447,p1,?,
1769500997.255646,RECEIVED,05787d5e-19c2-4b05-96ee-1af1e8d1eba6,85eb5384-9952-402a-bbca-f678212c5d31,c1,DROP,1440,p1,?,
1769500997.3904676,RECEIVED,507e422a-33ba-4ea2-ae10-77a84371503f,8a7a78cf-ba35-438e-97d0-fef05a9b5ae6,c3,None,2253,p3,?,
1769500997.4878492,RECEIVED,cc3141e0-7eee-4702-ada1-7f03a070af4d,10f77815-5c78-44db-a5f7-c52d93a23495,c5,DROP,441,x11,?,
1769500997.5495799,SENT,7132ccbe-3e1c-4334-bc15-769639f13ddb,b115d84f-7786-4e23-9df7-92afed1caa93,c4,DROP,1011,?,i12,
1769500997.549622,FORWARDED,7132ccbe-3e1c-4334-bc15-769639f13ddb,b115d84f-7786-4e23-9df7-92afed1caa93,c4,DROP,1011,?,i12,
1769500997.665014,SENT,507e422a-33ba-4ea2-ae10-77a84371503f,8a7a78cf-ba35-438e-97d0-fef05a9b5ae6,c3,None,1615,?,i11,
1769500997.6650686,FORWARDED,507e422a-33ba-4ea2-ae10-77a84371503f,8a7a78cf-ba35-438e-97d0-fef05a9b5ae6,c3,None,1615,?,i11,
1769500997.6815212,SENT,05787d5e-19c2-4b05-96ee-1af1e8d1eba6,85eb5384-9952-402a-bbca-f678212c5d31,c1,DROP,1008,?,i6,
1769500997.6815617,FORWARDED,05787d5e-19c2-4b05-96ee-1af1e8d1eba6,85eb5384-9952-402a-bbca-f678212c5d31,c1,DROP,1008,?,i6,
1769500997.7247827,RECEIVED,375aef07-49af-4881-a909-e5c868baf537,9a0640df-0a16-47ed-a424-f3a3d7b53c34,c5,DROP,1443,p2,?,
1769500997.760011,RECEIVED,3373407e-4224-42b3-89a0-a005dd69557d,a399459a-6540-468e-b035-19c2c6ab68b9,c5,DROP,1441,p2,?,
1769500997.8729875,RECEIVED,df5dbed7-54fb-410d-9f26-8f59592636fd,43a44228-7021-4689-a148-9b044e6fe067,c2,c1,2460,p2,?,
1769500997.9275293,SENT,3373407e-4224-42b3-89a0-a005dd69557d,a399459a-6540-468e-b035-19c2c6ab68b9,c5,DROP,1008,?,i10,
1769500997.927573,FORWARDED,3373407e-4224-42b3-89a0-a005dd69557d,a399459a-6540-468e-b035-19c2c6ab68b9,c5,DROP,1008,?,i10,
1769500997.942591,SENT,d4ae5b9b-5ab9-40e2-9865-e2fecad315a8,5b889d63-9b77-4b0c-a6b2-87c91be152de,c1,DROP,1012,?,i9,
1769500997.942635,FORWARDED,d4ae5b9b-5ab9-40e2-9865-e2fecad315a8,5b889d63-9b77-4b0c-a6b2-87c91be152de,c1,DROP,1012,?,i9,
1769500997.978284,SENT,df5dbed7-54fb-410d-9f26-8f59592636fd,43a44228-7021-4689-a148-9b044e6fe067,c2,c1,1771,?,i6,
1769500997.9783382,FORWARDED,df5dbed7-54fb-410d-9f26-8f59592636fd,43a44228-7021-4689-a148-9b044e6fe067,c2,c1,1771,?,i6,
1769500998.0356233,RECEIVED,9844b685-71a4-4684-86ac-44e0890cd7a3,62cc0f45-8682-48f9-80ef-bc3ac9c89803,c5,DROP,1441,p2,?,
1769500998.0916293,SENT,9844b685-71a4-4684-86ac-44e0890cd7a3,62cc0f45-8682-48f9-80ef-bc3ac9c89803,c5,DROP,1008,?,i6,
1769500998.0916727,FORWARDED,9844b685-71a4-4684-86ac-44e0890cd7a3,62cc0f45-8682-48f9-80ef-bc3ac9c89803,c5,DROP,1008,?,i6,
1769500998.2578533,RECEIVED,55134147-6a67-42ea-8143-b49d3d90fd9b,2f46f4f0-47a5-4fe4-b357-9994802f3176,c3,c4,2452,p3,?,
1769500998.3521771,SENT,2ebb33ea-69b7-4fb3-aacf-b2b195200482,eb2ce991-6366-48ea-a581-2f97efa4d045,c1,None,1595,?,i11,
1769500998.3522198,FORWARDED,2ebb33ea-69b7-4fb3-aacf-b2b195200482,eb2ce991-6366-48ea-a581-2f97efa4d045,c1,None,1595,?,i11,
1769500998.4266236,SENT,55134147-6a67-42ea-8143-b49d3d90fd9b,2f46f4f0-47a5-4fe4-b357-9994802f3176,c3,c4,1766,?,i9,
1769500998.4266646,FORWARDED,55134147-6a67-42ea-8143-b49d3d90fd9b,2f46f4f0-47a5-4fe4-b357-9994802f3176,c3,c4,1766,?,i9,
1769500998.5936296,RECEIVED,34f30c72-b9dd-489a-b435-c48adc0433f3,fec482fc-9d37-493e-b851-293b72706d47,c4,c3,2468,p1,?,
1769500998.6950166,RECEIVED,b37984ae-4b36-4819-a7a9-d7ed4e0546f4,5d5cd53a-02c5-481e-adb8-8ae4cbafbfb4,c3,DROP,443,x9,?,
1769500998.9716794,SENT,34f30c72-b9dd-489a-b435-c48adc0433f3,fec482fc-9d37-493e-b851-293b72706d47,c4,c3,1777,?,i3,
1769500998.971717,FORWARDED,34f30c72-b9dd-489a-b435-c48adc0433f3,fec482fc-9d37-493e-b851-293b72706d47,c4,c3,1777,?,i3,
1769500998.9862947,RECEIVED,cb697ca2-d7b3-48bd-bff1-3afe4bbf978e,03bff3b5-032c-4411-b45a-51b44d28b9f0,c4,DROP,1447,p1,?,
1769500999.279922,SENT,375aef07-49af-4881-a909-e5c868baf537,9a0640df-0a16-47ed-a424-f3a3d7b53c34,c5,DROP,1009,?,i2,
1769500999.279962,FORWARDED,375aef07-49af-4881-a909-e5c868baf537,9a0640df-0a16-47ed-a424-f3a3d7b53c34,c5,DROP,1009,?,i2,
1769500999.282556,SENT,cb697ca2-d7b3-48bd-bff1-3afe4bbf978e,03bff3b5-032c-4411-b45a-51b44d28b9f0,c4,DROP,1013,?,i4,
1769500999.282596,FORWARDED,cb697ca2-d7b3-48bd-bff1-3afe4bbf978e,03bff3b5-032c-4411-b45a-51b44d28b9f0,c4,DROP,1013,?,i4,
1769500999.3776996,RECEIVED,9dc6fb15-119d-4fcc-add9-f36c25396e81,327296a9-c5ee-44d4-93a5-45ebcb135123,c4,None,2237,p1,?,
1769500999.378461,RECEIVED,2463d353-2eae-4b53-a08e-e54c6a90b481,fb70b181-192a-440d-8419-18f476fe4d16,c3,c4,2467,p3,?,
1769500999.3902457,SENT,9dc6fb15-119d-4fcc-add9-f36c25396e81,327296a9-c5ee-44d4-93a5-45ebcb135123,c4,None,1604,?,i5,
1769500999.390287,FORWARDED,9dc6fb15-119d-4fcc-add9-f36c25396e81,327296a9-c5ee-44d4-93a5-45ebcb135123,c4,None,1604,?,i5,
1769500999.4010322,RECEIVED,08c2d8f6-5c57-41e3-990f-04e689ee93a4,3629f236-d6dc-436b-b3fb-65f2a34c3777,c1,c5,2467,p1,?,
1769500999.4179704,SENT,4ac3a264-28cd-417c-80c4-63e4a88914f7,17aa49f5-a7d0-48b7-9834-26f9f2195f4d,c1,DROP,1011,?,i1,
1769500999.4180145,FORWARDED,4ac3a264-28cd-417c-80c4-63e4a88914f7,17aa49f5-a7d0-48b7-9834-26f9f2195f4d,c1,DROP,1011,?,i1,
1769500999.6098754,RECEIVED,3d1d6ca4-9277-4da0-87c2-c969ebaa8c03,bc14c923-0ce3-4bed-95b4-f778c625f5c5,c4,DROP,1440,p1,?,
1769500999.6436436,RECEIVED,9dee0832-ca48-4b1f-bca1-145653e5b71e,a1180a71-80d6-48dd-abb5-171416c77ceb,c1,DROP,1444,p1,?,
1769500999.6458404,SENT,3d1d6ca4-9277-4da0-87c2-c969ebaa8c03,bc14c923-0ce3-4bed-95b4-f778c625f5c5,c4,DROP,1007,?,i9,
1769500999.6458812,FORWARDED,3d1d6ca4-9277-4da0-87c2-c969ebaa8c03,bc14c923-0ce3-4bed-95b4-f778c625f5c5,c4,DROP,1007,?,i9,
1769500999.6640368,RECEIVED,eec9d02b-5d5f-4d8f-a441-07745ac084c6,af60f544-7c88-438c-8132-74b02ac0f128,c4,None,2224,p1,?,
1769500999.7763348,RECEIVED,38024642-0a24-41f6-a70d-c2730db17934,19a87139-9f5e-4074-8a1a-6b90f07b4e14,c4,DROP,1438,p1,?,
1769500999.7774231,SENT,9dee0832-ca48-4b1f-bca1-145653e5b71e,a1180a71-80d6-48dd-abb5-171416c77ceb,c1,DROP,1009,?,i1,
1769500999.7774632,FORWARDED,9dee0832-ca48-4b1f-bca1-145653e5b71e,a1180a71-80d6-48dd-abb5-171416c77ceb,c1,DROP,1009,?,i1,
1769500999.788328,SENT,eec9d02b-5d5f-4d8f-a441-07745ac084c6,af60f544-7c88-438c-8132-74b02ac0f128,c4,None,1595,?,i7,
1769500999.7883708,FORWARDED,eec9d02b-5d5f-4d8f-a441-07745ac084c6,af60f544-7c88-438c-8132-74b02ac0f128,c4,None,1595,?,i7,
1769500999.849135,SENT,2463d353-2eae-4b53-a08e-e54c6a90b481,fb70b181-192a-440d-8419-18f476fe4d16,c3,c4,1777,?,i9,
1769500999.8491745,FORWARDED,2463d353-2eae-4b53-a08e-e54c6a90b481,fb70b181-192a-440d-8419-18f476fe4d16,c3,c4,1777,?,i9,
1769500999.8978033,RECEIVED,f6babd53-5dcf-4f88-b760-18305940ba0d,3da838b8-1306-46a3-ba24-ce2b93c57626,c5,DROP,1447,p2,?,
1769500999.9431317,SENT,08c2d8f6-5c57-41e3-990f-04e689ee93a4,3629f236-d6dc-436b-b3fb-65f2a34c3777,c1,c5,1779,?,i5,
1769500999.94317,FORWARDED,08c2d8f6-5c57-41e3-990f-04e689ee93a4,3629f236-d6dc-436b-b3fb-65f2a34c3777,c1,c5,1779,?,i5,
1769500999.9553003,RECEIVED,5a45c401-2cb7-443d-97a1-89c3bb4be267,54674dca-7633-4aaa-88ff-afe7a505b2a7,c4,DROP,445,x12,?,
1769501000.007885,RECEIVED,adbf7297-22d3-45b5-95b0-230b37d120af,43fd13f8-2196-4151-9049-a2ad95f5a006,c2,c1,2482,p2,?,
1769501000.0379958,RECEIVED,1ea474fd-43f9-4bf6-bf99-ed7469db3e03,9fb7328a-c5f8-4815-bd95-e6a31ecb9377,c5,c2,2473,p2,?,
1769501000.0499828,RECEIVED,2a89193e-7fe2-4d69-b421-633ec869a68d,d0a852ae-56ec-4fae-8a25-359684cbe02f,c2,DROP,440,x8,?,
1769501000.0655851,SENT,1ea474fd-43f9-4bf6-bf99-ed7469db3e03,9fb7328a-c5f8-4815-bd95-e6a31ecb9377,c5,c2,1781,?,i4,
1769501000.065629,FORWARDED,1ea474fd-43f9-4bf6-bf99-ed7469db3e03,9fb7328a-c5f8-4815-bd95-e6a31ecb9377,c5,c2,1781,?,i4,
1769501000.27816,RECEIVED,f6a7d0c5-df9d-4352-a40e-27dd160b8457,50e30fbf-7d94-43c9-a0c8-3af63fdc19df,c1,DROP,1444,p1,?,
1769501000.2950642,RECEIVED,922c00d1-1c68-4fc9-b1e6-796a452663b5,49eed3c2-c00f-4419-9fac-2d6fbc5a1705,c4,DROP,1452,p1,?,
1769501000.3474057,SENT,f6a7d0c5-df9d-4352-a40e-27dd160b8457,50e30fbf-7d94-43c9-a0c8-3af63fdc19df,c1,DROP,1011,?,i5,
1769501000.3474488,FORWARDED,f6a7d0c5-df9d-4352-a40e-27dd160b8457,50e30fbf-7d94-43c9-a0c8-3af63fdc19df,c1,DROP,1011,?,i5,
1769501000.3935592,RECEIVED,f7a6019b-e875-42b8-b81f-fd96ed1443d1,f41e5991-e44b-48e0-8ec6-adf049a763d7,c1,DROP,442,x12,?,
1769501000.4327264,SENT,922c00d1-1c68-4fc9-b1e6-796a452663b5,49eed3c2-c00f-4419-9fac-2d6fbc5a1705,c4,DROP,1015,?,i2,
1769501000.4327657,FORWARDED,922c00d1-1c68-4fc9-b1e6-796a452663b5,49eed3c2-c00f-4419-9fac-2d6fbc5a1705,c4,DROP,1015,?,i2,
1769501000.7404132,RECEIVED,c698286c-7c70-40e6-9587-2c5f676cb62f,c4b33cd2-579c-49eb-922b-ccac591472b6,c1,DROP,1439,p1,?,
1769501000.8100736,RECEIVED,207dd810-ce15-4705-a25b-776c3af5b515,689ca17f-f24d-4b05-bb1e-38087e4daacd,c1,DROP,1440,p1,?,
1769501000.8303103,SENT,f6babd53-5dcf-4f88-b760-18305940ba0d,3da838b8-1306-46a3-ba24-ce2b93c57626,c5,DROP,1014,?,i4,
1769501000.8303509,FORWARDED,f6babd53-5dcf-4f88-b760-18305940ba0d,3da838b8-1306-46a3-ba24-ce2b93c57626,c5,DROP,1014,?,i4,
1769501000.8789074,RECEIVED,150ad7a0-8000-4e2d-afaa-44d32c963f6f,128cf480-89a6-4bf4-8429-b9faed4ea57d,c3,None,2224,p3,?,
1769501000.9601824,SENT,38024642-0a24-41f6-a70d-c2730db17934,19a87139-9f5e-4074-8a1a-6b90f07b4e14,c4,DROP,1007,?,i4,
1769501000.9602265,FORWARDED,38024642-0a24-41f6-a70d-c2730db17934,19a87139-9f5e-4074-8a1a-6b90f07b4e14,c4,DROP,1007,?,i4,
1769501001.0449467,RECEIVED,9cdb7b47-a97c-4e9d-b6cf-910b653fe317,a0b2369b-80ec-487b-b54c-4f3cfefc2aaf,c3,DROP,1443,p3,?,
1769501001.1313043,RECEIVED,15a1e528-e684-41ce-a465-38fd148e042c,baf43532-d710-4e0c-bf46-10e66ad65c0d,c4,DROP,442,x1,?,
1769501001.246784,RECEIVED,68bc2927-6665-4883-b107-c82ea9dbcd62,15f1c2d3-62b5-48e0-b7c0-2d5637d6658c,c3,DROP,1440,p3,?,
1769501001.3121505,SENT,c698286c-7c70-40e6-9587-2c5f676cb62f,c4b33cd2-579c-49eb-922b-ccac591472b6,c1,DROP,1008,?,i2,
1769501001.3121948,FORWARDED,c698286c-7c70-40e6-9587-2c5f676cb62f,c4b33cd2-579c-49eb-922b-ccac591472b6,c1,DROP,1008,?,i2,
1769501001.3698602,SENT,68bc2927-6665-4883-b107-c82ea9dbcd62,15f1c2d3-62b5-48e0-b7c0-2d5637d6658c,c3,DROP,1006,?,i4,
1769501001.3698962,FORWARDED,68bc2927-6665-4883-b107-c82ea9dbcd62,15f1c2d3-62b5-48e0-b7c0-2d5637d6658c,c3,DROP,1006,?,i4,
1769501001.3966186,SENT,150ad7a0-8000-4e2d-afaa-44d32c963f6f,128cf480-89a6-4bf4-8429-b9faed4ea57d,c3,None,1596,?,i11,
1769501001.3966627,FORWARDED,150ad7a0-8000-4e2d-afaa-44d32c963f6f,128cf480-89a6-4bf4-8429-b9faed4ea57d,c3,None,1596,?,i11,
1769501001.5021915,SENT,207dd810-ce15-4705-a25b-776c3af5b515,689ca17f-f24d-4b05-bb1e-38087e4daacd,c1,DROP,1008,?,i12,
1769501001.5022292,FORWARDED,207dd810-ce15-4705-a25b-776c3af5b515,689ca17f-f24d-4b05-bb1e-38087e4daacd,c1,DROP,1008,?,i12,
1769501001.5172596,RECEIVED,399617c0-d6c2-4b5b-a8ef-b84da298b434,a3c95989-1f4f-45d1-bac2-b5d913230fff,c3,DROP,1437,p3,?,
1769501001.5637429,RECEIVED,fa3269c4-dfd9-4ee5-a164-c442672b7c0b,9528943d-181a-416d-8464-0676b0838065,c3,DROP,443,x2,?,
1769501001.7308354,RECEIVED,c1ea5d53-721f-420c-a778-e030a600a337,804f9517-8717-4b74-b1d0-8bb57f9fc2a5,c4,DROP,1423,p1,?,
1769501001.7843542,RECEIVED,cd177279-a3b4-4fe3-8fca-6927aff06983,4c705854-9de6-4217-9627-2b430aeb02d5,c5,DROP,1447,p2,?,
1769501001.833788,RECEIVED,18142971-7fca-40f6-9563-1504bcc0a305,b381f829-f8b9-4886-968a-d778f2e5cd30,c5,DROP,440,x1,?,
1769501001.8734303,SENT,399617c0-d6c2-4b5b-a8ef-b84da298b434,a3c95989-1f4f-45d1-bac2-b5d913230fff,c3,DROP,1008,?,i8,
1769501001.873472,FORWARDED,399617c0-d6c2-4b5b-a8ef-b84da298b434,a3c95989-1f4f-45d1-bac2-b5d913230fff,c3,DROP,1008,?,i8,
1769501002.2709184,SENT,cd177279-a3b4-4fe3-8fca-6927aff06983,4c705854-9de6-4217-9627-2b430aeb02d5,c5,DROP,1013,?,i9,
1769501002.2709599,FORWARDED,cd177279-a3b4-4fe3-8fca-6927aff06983,4c705854-9de6-4217-9627-2b430aeb02d5,c5,DROP,1013,?,i9,
1769501002.3686912,RECEIVED,288b8e5d-cb3a-454d-b08e-0a4769819872,4e524184-289b-40b8-b156-c74442b03533,c1,DROP,1440,p1,?,
1769501002.4403512,SENT,c1ea5d53-721f-420c-a778-e030a600a337,804f9517-8717-4b74-b1d0-8bb57f9fc2a5,c4,DROP,995,?,i7,
1769501002.4403918,FORWARDED,c1ea5d53-721f-420c-a778-e030a600a337,804f9517-8717-4b74-b1d0-8bb57f9fc2a5,c4,DROP,995,?,i7,
1769501002.4774368,SENT,288b8e5d-cb3a-454d-b08e-0a4769819872,4e524184-289b-40b8-b156-c74442b03533,c1,DROP,1007,?,i6,
1769501002.4774802,FORWARDED,288b8e5d-cb3a-454d-b08e-0a4769819872,4e524184-289b-40b8-b156-c74442b03533,c1,DROP,1007,?,i6,
1769501002.6347415,SENT,9cdb7b47-a97c-4e9d-b6cf-910b653fe317,a0b2369b-80ec-487b-b54c-4f3cfefc2aaf,c3,DROP,1009,?,i1,
1769501002.6347847,FORWARDED,9cdb7b47-a97c-4e9d-b6cf-910b653fe317,a0b2369b-80ec-487b-b54c-4f3cfefc2aaf,c3,DROP,1009,?,i1,
1769501002.907078,SENT,adbf7297-22d3-45b5-95b0-230b37d120af,43fd13f8-2196-4151-9049-a2ad95f5a006,c2,c1,1789,?,i3,
1769501002.907122,FORWARDED,adbf7297-22d3-45b5-95b0-230b37d120af,43fd13f8-2196-4151-9049-a2ad95f5a006,c2,c1,1789,?,i3,
1769501002.9542956,RECEIVED,d058865c-04c9-4335-8335-d220c7e1426c,6508b872-1714-451f-909e-32f22d77b2c3,c2,DROP,1456,p2,?,
1769501003.2037287,RECEIVED,b0972d6e-3a5c-46be-83dd-9aa7b78aa4ca,8b37290f-f6fc-475f-bb9f-8f12aa964009,c4,None,2231,p1,?,
1769501003.247263,RECEIVED,ec0c910d-e4eb-41ef-a922-fd85175746cd,ca620aea-5f68-4a8f-8dc7-c9b388c1dfd1,c1,DROP,1444,p1,?,
1769501003.4582396,SENT,d058865c-04c9-4335-8335-d220c7e1426c,6508b872-1714-451f-909e-32f22d77b2c3,c2,DROP,1020,?,i11,
1769501003.4582915,FORWARDED,d058865c-04c9-4335-8335-d220c7e1426c,6508b872-1714-451f-909e-32f22d77b2c3,c2,DROP,1020,?,i11,
1769501003.5145295,RECEIVED,4a21b4e7-e6ae-426d-bdb0-41ef9481d697,92a796c3-fb07-490a-85fc-9b59b1a81d55,c2,DROP,1443,p2,?,
1769501003.6216865,RECEIVED,2b69e538-6011-429a-9935-58618f0a957c,d53b2e8c-6c3b-4af0-9322-2f9d209acc50,c1,DROP,441,x5,?,
1769501003.675388,SENT,ec0c910d-e4eb-41ef-a922-fd85175746cd,ca620aea-5f68-4a8f-8dc7-c9b388c1dfd1,c1,DROP,1010,?,i7,
1769501003.675431,FORWARDED,ec0c910d-e4eb-41ef-a922-fd85175746cd,ca620aea-5f68-4a8f-8dc7-c9b388c1dfd1,c1,DROP,1010,?,i7,
1769501003.6872437,SENT,4a21b4e7-e6ae-426d-bdb0-41ef9481d697,92a796c3-fb07-490a-85fc-9b59b1a81d55,c2,DROP,1009,?,i9,
1769501003.6872852,FORWARDED,4a21b4e7-e6ae-426d-bdb0-41ef9481d697,92a796c3-fb07-490a-85fc-9b59b1a81d55,c2,DROP,1009,?,i9,
1769501003.7265978,RECEIVED,f5249571-9e3a-432f-90c9-1d7367d6664e,16845775-5128-473c-9370-5c17747cda59,c2,DROP,1440,p2,?,
1769501003.9454584,SENT,f5249571-9e3a-432f-90c9-1d7367d6664e,16845775-5128-473c-9370-5c17747cda59,c2,DROP,1007,?,i5,
1769501003.9455018,FORWARDED,f5249571-9e3a-432f-90c9-1d7367d6664e,16845775-5128-473c-9370-5c17747cda59,c2,DROP,1007,?,i5,
1769501003.9853835,RECEIVED,518e686b-596a-41d8-8c33-f9085470656c,98352e1a-911a-45c9-be25-479c85df54ad,c1,None,2236,p1,?,
1769501004.1808558,RECEIVED,8e25c64e-e9ac-4b46-9fb4-443f08b97203,c1bac753-aa7a-41db-b39a-ba152ec6e9af,c2,DROP,1455,p2,?,
1769501004.208716,SENT,b0972d6e-3a5c-46be-83dd-9aa7b78aa4ca,8b37290f-f6fc-475f-bb9f-8f12aa964009,c4,None,1602,?,i4,
1769501004.2087593,FORWARDED,b0972d6e-3a5c-46be-83dd-9aa7b78aa4ca,8b37290f-f6fc-475f-bb9f-8f12aa964009,c4,None,1602,?,i4,
1769501004.2144601,RECEIVED,021a8473-4d62-4696-9fb6-1e770c4afd8b,417e6956-78a4-4761-9b7c-d8b31acd91c2,c5,DROP,440,x6,?,
1769501004.270788,RECEIVED,e9a49532-1243-4c9e-b8b5-3da714c67a8e,ff921927-8078-4545-876e-0de3f5de6c56,c1,c5,2458,p1,?,
1769501004.283707,RECEIVED,66aaeb22-8e51-4612-9357-ef2d799c2fb5,d88e26f6-3bc9-45fc-86c6-43157adb3ea4,c1,DROP,1457,p1,?,
1769501004.3125412,SENT,66aaeb22-8e51-4612-9357-ef2d799c2fb5,d88e26f6-3bc9-45fc-86c6-43157adb3ea4,c1,DROP,1020,?,i8,
1769501004.3125808,FORWARDED,66aaeb22-8e51-4612-9357-ef2d799c2fb5,d88e26f6-3bc9-45fc-86c6-43157adb3ea4,c1,DROP,1020,?,i8,
1769501004.3163474,RECEIVED,d251d4aa-1b10-4fb6-8a04-b5ea7db74e6a,4c4b093c-dbb1-43aa-b799-310861388c32,c4,DROP,1450,p1,?,
1769501004.3234112,SENT,518e686b-596a-41d8-8c33-f9085470656c,98352e1a-911a-45c9-be25-479c85df54ad,c1,None,1603,?,i3,
1769501004.3234549,FORWARDED,518e686b-596a-41d8-8c33-f9085470656c,98352e1a-911a-45c9-be25-479c85df54ad,c1,None,1603,?,i3,
1769501004.3569927,RECEIVED,7d50f431-e8a1-496c-b873-16c7b86e14a0,bc6884e0-68cd-479f-ac66-5badfe27bc59,c2,DROP,441,x7,?,
1769501004.4553106,RECEIVED,1305cd70-49ee-4fc8-89e2-03dec139305b,94d4c24a-4dfb-45c7-be77-3071e41ba401,c3,c4,2451,p3,?,
1769501004.4841256,RECEIVED,9da2fd22-3f08-4901-a27e-6ecf7155daa9,714cf0ea-a662-4378-abd7-9358f1a42861,c5,DROP,1438,p2,?,
1769501004.9427233,RECEIVED,61f88e97-ea7e-4d0c-a95d-9556ee0e979c,e347619e-92b7-4e06-a5ea-9eb7ab4ae5f7,c1,DROP,1451,p1,?,
1769501005.1143334,RECEIVED,5084fd3b-d07b-46b7-941f-4b5228f6d628,e1119831-c3f8-4244-af57-c56555533dda,c3,DROP,437,x8,?,
1769501005.1439772,RECEIVED,def9a4f7-e2bd-497c-a8ba-2781148fdc3e,033946dc-9494-4a7b-b201-fe587923ad50,c3,DROP,442,x6,?,
1769501005.219232,SENT,1305cd70-49ee-4fc8-89e2-03dec139305b,94d4c24a-4dfb-45c7-be77-3071e41ba401,c3,c4,1765,?,i7,
1769501005.21927,FORWARDED,1305cd70-49ee-4fc8-89e2-03dec139305b,94d4c24a-4dfb-45c7-be77-3071e41ba401,c3,c4,1765,?,i7,
1769501005.2755125,SENT,9da2fd22-3f08-4901-a27e-6ecf7155daa9,714cf0ea-a662-4378-abd7-9358f1a42861,c5,DROP,1008,?,i9,
1769501005.2755504,FORWARDED,9da2fd22-3f08-4901-a27e-6ecf7155daa9,714cf0ea-a662-4378-abd7-9358f1a42861,c5,DROP,1008,?,i9,
1769501005.3775957,SENT,8e25c64e-e9ac-4b46-9fb4-443f08b97203,c1bac753-aa7a-41db-b39a-ba152ec6e9af,c2,DROP,1019,?,i11,
1769501005.3776388,FORWARDED,8e25c64e-e9ac-4b46-9fb4-443f08b97203,c1bac753-aa7a-41db-b39a-ba152ec6e9af,c2,DROP,1019,?,i11,
1769501005.4013903,RECEIVED,ccfd4eba-23a5-4462-83bd-7413dc26655e,9a46126d-778f-48fc-8629-44b2a9c87745,c4,DROP,1457,p1,?,
1769501005.4057963,SENT,e9a49532-1243-4c9e-b8b5-3da714c67a8e,ff921927-8078-4545-876e-0de3f5de6c56,c1,c5,1771,?,i4,
1769501005.4058409,FORWARDED,e9a49532-1243-4c9e-b8b5-3da714c67a8e,ff921927-8078-4545-876e-0de3f5de6c56,c1,c5,1771,?,i4,
1769501005.4288507,RECEIVED,c0c9de07-8984-4bc1-8ce6-5cfc973fd2a5,b8c89a60-f3e0-4822-91b7-e1aae3c327e8,c1,DROP,1444,p1,?,
1769501005.5087736,SENT,c0c9de07-8984-4bc1-8ce6-5cfc973fd2a5,b8c89a60-f3e0-4822-91b7-e1aae3c327e8,c1,DROP,1009,?,i2,
1769501005.5088258,FORWARDED,c0c9de07-8984-4bc1-8ce6-5cfc973fd2a5,b8c89a60-f3e0-4822-91b7-e1aae3c327e8,c1,DROP,1009,?,i2,
1769501005.56628,SENT,61f88e97-ea7e-4d0c-a95d-9556ee0e979c,e347619e-92b7-4e06-a5ea-9eb7ab4ae5f7,c1,DROP,1016,?,i5,
1769501005.5663161,FORWARDED,61f88e97-ea7e-4d0c-a95d-9556ee0e979c,e347619e-92b7-4e06-a5ea-9eb7ab4ae5f7,c1,DROP,1016,?,i5,
1769501005.5820699,RECEIVED,4b9ba5d7-0f94-46cc-898b-55843dad8e08,6cdcace4-4693-48fb-8e93-08bfce3b1306,c4,DROP,1441,p1,?,
1769501005.6264825,RECEIVED,9bb9f41a-2f4e-40cd-a4b9-0878df408c73,2af802a8-b9f1-4540-9c5c-066a2ca43cca,c2,DROP,1441,p2,?,
1769501005.6429064,SENT,4b9ba5d7-0f94-46cc-898b-55843dad8e08,6cdcace4-4693-48fb-8e93-08bfce3b1306,c4,DROP,1008,?,i3,
1769501005.642949,FORWARDED,4b9ba5d7-0f94-46cc-898b-55843dad8e08,6cdcace4-4693-48fb-8e93-08bfce3b1306,c4,DROP,1008,?,i3,
1769501005.6493926,RECEIVED,e267cfa9-d982-4274-8bc5-29fb071b0233,4babfea8-8d3d-48f1-8247-00be21c00123,c3,DROP,1451,p3,?,
1769501005.678028,SENT,9bb9f41a-2f4e-40cd-a4b9-0878df408c73,2af802a8-b9f1-4540-9c5c-066a2ca43cca,c2,DROP,1008,?,i11,
1769501005.6780758,FORWARDED,9bb9f41a-2f4e-40cd-a4b9-0878df408c73,2af802a8-b9f1-4540-9c5c-066a2ca43cca,c2,DROP,1008,?,i11,
1769501005.771355,RECEIVED,29128d6e-080b-4dad-91f6-9084d4900adc,e6cb2500-ea4a-432b-8c47-6442a6621d45,c3,None,2227,p3,?,
1769501005.7811625,SENT,ccfd4eba-23a5-4462-83bd-7413dc26655e,9a46126d-778f-48fc-8629-44b2a9c87745,c4,DROP,1020,?,i12,
1769501005.7812083,FORWARDED,ccfd4eba-23a5-4462-83bd-7413dc26655e,9a46126d-778f-48fc-8629-44b2a9c87745,c4,DROP,1020,?,i12,
1769501005.794194,RECEIVED,9a2cdfd0-3bc1-4418-8a3c-9551e6377d71,ffddb791-b46e-4517-89b3-a77c81b9fb2c,c1,DROP,1439,p1,?,
1769501005.7964306,RECEIVED,850a6dad-7033-4d9e-b2c0-19a5d37d1cdd,d90f2d3c-4dde-4533-8328-c6ce92dae9a7,c3,DROP,1448,p3,?,
1769501005.859465,RECEIVED,8ea7c5b9-fe6b-480e-968c-6ddbd7788297,eb9196e5-6743-4bae-be8e-ee2b7aaaf3f5,c3,DROP,1444,p3,?,
1769501005.8598096,SENT,d251d4aa-1b10-4fb6-8a04-b5ea7db74e6a,4c4b093c-dbb1-43aa-b799-310861388c32,c4,DROP,1016,?,i1,
1769501005.8598523,FORWARDED,d251d4aa-1b10-4fb6-8a04-b5ea7db74e6a,4c4b093c-dbb1-43aa-b799-310861388c32,c4,DROP,1016,?,i1,
1769501006.1455724,SENT,9a2cdfd0-3bc1-4418-8a3c-9551e6377d71,ffddb791-b46e-4517-89b3-a77c81b9fb2c,c1,DROP,1007,?,i6,
1769501006.1456141,FORWARDED,9a2cdfd0-3bc1-4418-8a3c-9551e6377d71,ffddb791-b46e-4517-89b3-a77c81b9fb2c,c1,DROP,1007,?,i6,
1769501006.2293577,SENT,8ea7c5b9-fe6b-480e-968c-6ddbd7788297,eb9196e5-6743-4bae-be8e-ee2b7aaaf3f5,c3,DROP,1011,?,i7,
1769501006.229402,FORWARDED,8ea7c5b9-fe6b-480e-968c-6ddbd7788297,eb9196e5-6743-4bae-be8e-ee2b7aaaf3f5,c3,DROP,1011,?,i7,
1769501006.2574627,SENT,29128d6e-080b-4dad-91f6-9084d4900adc,e6cb2500-ea4a-432b-8c47-6442a6621d45,c3,None,1598,?,i1,
1769501006.2575076,FORWARDED,29128d6e-080b-4dad-91f6-9084d4900adc,e6cb2500-ea4a-432b-8c47-6442a6621d45,c3,None,1598,?,i1,
1769501006.336225,SENT,850a6dad-7033-4d9e-b2c0-19a5d37d1cdd,d90f2d3c-4dde-4533-8328-c6ce92dae9a7,c3,DROP,1014,?,i12,
1769501006.3362658,FORWARDED,850a6dad-7033-4d9e-b2c0-19a5d37d1cdd,d90f2d3c-4dde-4533-8328-c6ce92dae9a7,c3,DROP,1014,?,i12,
1769501006.4746525,RECEIVED,f8b24a23-2ed7-4908-a40e-b75d5d84c1d4,45814ec4-2027-42ca-aa41-22593bf2eeca,c3,None,2232,p3,?,
1769501006.5863447,RECEIVED,f68a6ff5-e443-4ceb-8482-4af746d5ff00,d7d8dce9-d645-44cf-995d-a417e05e32bc,c3,DROP,1452,p3,?,
1769501006.60098,RECEIVED,cc66ff15-8914-49ab-91ad-5697027bba2c,8ab213e8-d549-4aaf-afed-d26e1a6ee82d,c5,None,2227,p2,?,
1769501006.6449523,SENT,f68a6ff5-e443-4ceb-8482-4af746d5ff00,d7d8dce9-d645-44cf-995d-a417e05e32bc,c3,DROP,1015,?,i7,
1769501006.6449952,FORWARDED,f68a6ff5-e443-4ceb-8482-4af746d5ff00,d7d8dce9-d645-44cf-995d-a417e05e32bc,c3,DROP,1015,?,i7,
1769501006.6509905,RECEIVED,291f194b-8504-4424-a1d4-53f3bb13631c,b76bac7d-c817-4f59-9e88-13883f2a4969,c5,c2,2460,p2,?,
1769501006.6586266,RECEIVED,46038a80-2529-473a-a705-b13908fa10e3,e5882f2b-92d8-429c-80d5-007da52cee8d,c3,c4,2451,p3,?,
1769501006.6911922,RECEIVED,f298eeeb-177b-44a5-94c1-47a85eae68ca,f171e921-8c70-45a3-b32d-975a849cc08e,c2,DROP,1439,p2,?,
1769501006.7686796,SENT,291f194b-8504-4424-a1d4-53f3bb13631c,b76bac7d-c817-4f59-9e88-13883f2a4969,c5,c2,1772,?,i4,
1769501006.7687273,FORWARDED,291f194b-8504-4424-a1d4-53f3bb13631c,b76bac7d-c817-4f59-9e88-13883f2a4969,c5,c2,1772,?,i4,
1769501006.8616204,RECEIVED,5af27161-4213-448b-9796-42af65db7279,23e776d1-ad76-418f-9a8a-8ae5c47deb98,c3,c4,2475,p3,?,
1769501006.9577193,SENT,cc66ff15-8914-49ab-91ad-5697027bba2c,8ab213e8-d549-4aaf-afed-d26e1a6ee82d,c5,None,1599,?,i6,
1769501006.9577587,FORWARDED,cc66ff15-8914-49ab-91ad-5697027bba2c,8ab213e8-d549-4aaf-afed-d26e1a6ee82d,c5,None,1599,?,i6,
1769501007.0989149,RECEIVED,8b6b67a9-c97e-43ba-92d1-878701ca21f9,bbbad09f-0f4f-4370-9a58-3bdb6c3930e5,c1,c5,2467,p1,?,
1769501007.130917,SENT,f298eeeb-177b-44a5-94c1-47a85eae68ca,f171e921-8c70-45a3-b32d-975a849cc08e,c2,DROP,1007,?,i8,
1769501007.1309595,FORWARDED,f298eeeb-177b-44a5-94c1-47a85eae68ca,f171e921-8c70-45a3-b32d-975a849cc08e,c2,DROP,1007,?,i8,
1769501007.1433647,SENT,e267cfa9-d982-4274-8bc5-29fb071b0233,4babfea8-8d3d-48f1-8247-00be21c00123,c3,DROP,1016,?,i8,
1769501007.143406,FORWARDED,e267cfa9-d982-4274-8bc5-29fb071b0233,4babfea8-8d3d-48f1-8247-00be21c00123,c3,DROP,1016,?,i8,
1769501007.1617177,RECEIVED,60613f5c-8cae-42f4-81bf-28023ec91b46,6b90c829-e101-4f1f-8120-c642bec5638d,c4,DROP,1452,p1,?,
1769501007.1683612,SENT,8b6b67a9-c97e-43ba-92d1-878701ca21f9,bbbad09f-0f4f-4370-9a58-3bdb6c3930e5,c1,c5,1778,?,i4,
1769501007.1684048,FORWARDED,8b6b67a9-c97e-43ba-92d1-878701ca21f9,bbbad09f-0f4f-4370-9a58-3bdb6c3930e5,c1,c5,1778,?,i4,
1769501007.1701865,RECEIVED,1f4f3cc4-b66e-420b-874d-953891bc41e1,e2c2473f-2846-4487-9a35-abd742a04c9f,c5,None,2232,p2,?,
1769501007.1736107,RECEIVED,3893d7e2-c40b-4d2f-97ab-8c59b23413b3,d14ee13a-e432-472d-9fae-0f35f97b9e6f,c3,DROP,1448,p3,?,
1769501007.465518,SENT,3893d7e2-c40b-4d2f-97ab-8c59b23413b3,d14ee13a-e432-472d-9fae-0f35f97b9e6f,c3,DROP,1013,?,i9,
1769501007.46556,FORWARDED,3893d7e2-c40b-4d2f-97ab-8c59b23413b3,d14ee13a-e432-472d-9fae-0f35f97b9e6f,c3,DROP,1013,?,i9,
1769501007.478151,SENT,60613f5c-8cae-42f4-81bf-28023ec91b46,6b90c829-e101-4f1f-8120-c642bec5638d,c4,DROP,1015,?,i5,
1769501007.478193,FORWARDED,60613f5c-8cae-42f4-81bf-28023ec91b46,6b90c829-e101-4f1f-8120-c642bec5638d,c4,DROP,1015,?,i5,
1769501007.536224,SENT,f8b24a23-2ed7-4908-a40e-b75d5d84c1d4,45814ec4-2027-42ca-aa41-22593bf2eeca,c3,None,1600,?,i11,
1769501007.5362723,FORWARDED,f8b24a23-2ed7-4908-a40e-b75d5d84c1d4,45814ec4-2027-42ca-aa41-22593bf2eeca,c3,None,1600,?,i11,
1769501007.5686135,SENT,46038a80-2529-473a-a705-b13908fa10e3,e5882f2b-92d8-429c-80d5-007da52cee8d,c3,c4,1765,?,i1,
1769501007.5686567,FORWARDED,46038a80-2529-473a-a705-b13908fa10e3,e5882f2b-92d8-429c-80d5-007da52cee8d,c3,c4,1765,?,i1,
1769501007.5888693,SENT,1f4f3cc4-b66e-420b-874d-953891bc41e1,e2c2473f-2846-4487-9a35-abd742a04c9f,c5,None,1602,?,i10,
1769501007.588914,FORWARDED,1f4f3cc4-b66e-420b-874d-953891bc41e1,e2c2473f-2846-4487-9a35-abd742a04c9f,c5,None,1602,?,i10,
1769501007.5965,RECEIVED,0732d65b-ef20-4914-81d2-65bd2649bf98,8f0871f8-b098-4e69-9265-9cd4efe53b49,c4,c3,2472,p1,?,
1769501007.6084297,RECEIVED,bd6dc949-6e8d-4859-8071-86cb0d639fbf,57d436be-586b-43f9-8af8-272579991ffa,c5,c2,2448,p2,?,
1769501007.6534956,RECEIVED,0e558a0a-384c-44a2-ac2c-ce75bf3a8599,0fa3bc4d-6d76-4d3f-ab16-1487cdd3544a,c4,DROP,1452,p1,?,
1769501007.728099,RECEIVED,7c81ba4d-cb3d-4234-8a40-0738f36c777d,8df42685-d891-4a79-b063-a37034035831,c3,DROP,1451,p3,?,
1769501007.7573452,RECEIVED,874e3652-c605-4970-a1df-44499e84ddc1,04dd80fc-769c-4a52-9289-6d7268b787e0,c4,DROP,1451,p1,?,
1769501007.8567576,SENT,5af27161-4213-448b-9796-42af65db7279,23e776d1-ad76-418f-9a8a-8ae5c47deb98,c3,c4,1785,?,i5,
1769501007.8568003,FORWARDED,5af27161-4213-448b-9796-42af65db7279,23e776d1-ad76-418f-9a8a-8ae5c47deb98,c3,c4,1785,?,i5,
1769501007.9111836,SENT,0e558a0a-384c-44a2-ac2c-ce75bf3a8599,0fa3bc4d-6d76-4d3f-ab16-1487cdd3544a,c4,DROP,1015,?,i4,
1769501007.9112234,FORWARDED,0e558a0a-384c-44a2-ac2c-ce75bf3a8599,0fa3bc4d-6d76-4d3f-ab16-1487cdd3544a,c4,DROP,1015,?,i4,
1769501007.9530954,SENT,bd6dc949-6e8d-4859-8071-86cb0d639fbf,57d436be-586b-43f9-8af8-272579991ffa,c5,c2,1764,?,i9,
1769501007.9531393,FORWARDED,bd6dc949-6e8d-4859-8071-86cb0d639fbf,57d436be-586b-43f9-8af8-272579991ffa,c5,c2,1764,?,i9,
1769501008.0362315,RECEIVED,9e49a8ac-ba59-4f77-bc22-88a08fdec622,eb4db05f-28f5-49ca-a231-03e6bce783de,c1,DROP,1435,p1,?,
1769501008.0563247,SENT,7c81ba4d-cb3d-4234-8a40-0738f36c777d,8df42685-d891-4a79-b063-a37034035831,c3,DROP,1015,?,i7,
1769501008.0563686,FORWARDED,7c81ba4d-cb3d-4234-8a40-0738f36c777d,8df42685-d891-4a79-b063-a37034035831,c3,DROP,1015,?,i7,
1769501008.0593402,RECEIVED,29d360d4-76f9-4841-8281-d844cb662758,8c2307ff-9ed1-408c-8277-05cdc2f7ff15,c5,DROP,441,x5,?,
1769501008.2153804,SENT,0732d65b-ef20-4914-81d2-65bd2649bf98,8f0871f8-b098-4e69-9265-9cd4efe53b49,c4,c3,1782,?,i12,
1769501008.2154236,FORWARDED,0732d65b-ef20-4914-81d2-65bd2649bf98,8f0871f8-b098-4e69-9265-9cd4efe53b49,c4,c3,1782,?,i12,
1769501008.2492526,RECEIVED,256a6b0b-1f18-4fdc-b855-f81ea1ed764d,f55da2a0-9962-4a99-be32-442400d8915a,c1,DROP,1440,p1,?,
1769501008.262182,RECEIVED,3a5f7bcd-afb5-46e6-a732-207c0501de22,23fce1a6-8f1d-4bdc-b48a-bf468f9c11d3,c1,c5,2459,p1,?,
1769501008.3317149,RECEIVED,c4305494-cef0-48ac-88f1-a57e25bd2b8b,0b5d134f-66f1-4128-a165-cd0ffcfbbd31,c5,DROP,1452,p2,?,
1769501008.345888,RECEIVED,f71ca3e4-8154-4026-b60b-f148f836225d,d7c4be85-5f9e-4eb7-995f-dce73840fc33,c4,DROP,1452,p1,?,
1769501008.3470623,RECEIVED,6a00ecc8-8876-4811-a7d2-e43e70491bc4,379afaaf-d2e0-4f21-ba8a-2ce6919cdb7c,c2,DROP,1452,p2,?,
1769501008.350891,SENT,256a6b0b-1f18-4fdc-b855-f81ea1ed764d,f55da2a0-9962-4a99-be32-442400d8915a,c1,DROP,1008,?,i5,
1769501008.350931,FORWARDED,256a6b0b-1f18-4fdc-b855-f81ea1ed764d,f55da2a0-9962-4a99-be32-442400d8915a,c1,DROP,1008,?,i5,
1769501008.3917453,RECEIVED,3a499fd0-bbb1-48a4-85dc-1ecbaedf859b,2f88e25c-e32f-4e34-bebc-d065b285f892,c5,None,2232,p2,?,
1769501008.4088852,RECEIVED,38e15e6c-7206-48ce-b6ca-f826312dba3a,3b5824fd-7556-4a2f-b2ad-f13d41a1649e,c4,DROP,441,x10,?,
1769501008.462056,SENT,874e3652-c605-4970-a1df-44499e84ddc1,04dd80fc-769c-4a52-9289-6d7268b787e0,c4,DROP,1015,?,i3,
1769501008.4621015,FORWARDED,874e3652-c605-4970-a1df-44499e84ddc1,04dd80fc-769c-4a52-9289-6d7268b787e0,c4,DROP,1015,?,i3,
1769501008.510779,SENT,f71ca3e4-8154-4026-b60b-f148f836225d,d7c4be85-5f9e-4eb7-995f-dce73840fc33,c4,DROP,1017,?,i5,
1769501008.5108204,FORWARDED,f71ca3e4-8154-4026-b60b-f148f836225d,d7c4be85-5f9e-4eb7-995f-dce73840fc33,c4,DROP,1017,?,i5,
1769501008.5236645,SENT,3a499fd0-bbb1-48a4-85dc-1ecbaedf859b,2f88e25c-e32f-4e34-bebc-d065b285f892,c5,None,1602,?,i8,
1769501008.523706,FORWARDED,3a499fd0-bbb1-48a4-85dc-1ecbaedf859b,2f88e25c-e32f-4e34-bebc-d065b285f892,c5,None,1602,?,i8,
1769501008.6266518,RECEIVED,5b47bc06-569a-45e0-8ce4-94e2e211c9d7,f3814861-b455-4ba6-96f8-0c5881dba1fd,c4,DROP,441,x9,?,
1769501008.6334324,SENT,9e49a8ac-ba59-4f77-bc22-88a08fdec622,eb4db05f-28f5-49ca-a231-03e6bce783de,c1,DROP,1003,?,i2,
1769501008.6334758,FORWARDED,9e49a8ac-ba59-4f77-bc22-88a08fdec622,eb4db05f-28f5-49ca-a231-03e6bce783de,c1,DROP,1003,?,i2,
1769501008.6600633,SENT,c4305494-cef0-48ac-88f1-a57e25bd2b8b,0b5d134f-66f1-4128-a165-cd0ffcfbbd31,c5,DROP,1017,?,i12,
1769501008.660107,FORWARDED,c4305494-cef0-48ac-88f1-a57e25bd2b8b,0b5d134f-66f1-4128-a165-cd0ffcfbbd31,c5,DROP,1017,?,i12,
1769501008.8092923,SENT,6a00ecc8-8876-4811-a7d2-e43e70491bc4,379afaaf-d2e0-4f21-ba8a-2ce6919cdb7c,c2,DROP,1016,?,i9,
1769501008.8093357,FORWARDED,6a00ecc8-8876-4811-a7d2-e43e70491bc4,379afaaf-d2e0-4f21-ba8a-2ce6919cdb7c,c2,DROP,1016,?,i9,
1769501008.8416805,RECEIVED,fa2ae766-c276-44a6-8e21-d899d1602da3,7573f1c0-49bf-4544-b3af-f52cb5cbf7df,c2,c1,2459,p2,?,
1769501008.8698258,RECEIVED,b5c8d8da-139d-41e2-bac8-3be02ddbad4e,239b15a3-254b-483a-b0de-83f8f08d3a6f,c4,DROP,1447,p1,?,
1769501008.9315116,SENT,3a5f7bcd-afb5-46e6-a732-207c0501de22,23fce1a6-8f1d-4bdc-b48a-bf468f9c11d3,c1,c5,1773,?,i9,
1769501008.931548,FORWARDED,3a5f7bcd-afb5-46e6-a732-207c0501de22,23fce1a6-8f1d-4bdc-b48a-bf468f9c11d3,c1,c5,1773,?,i9,
1769501009.0410914,RECEIVED,4e2f79f7-3317-4365-9d80-fc107a4fe2d5,574a026e-d7e8-4e6e-bfc8-489b7dfa3ad9,c5,DROP,1453,p2,?,
1769501009.1347673,SENT,4e2f79f7-3317-4365-9d80-fc107a4fe2d5,574a026e-d7e8-4e6e-bfc8-489b7dfa3ad9,c5,DROP,1016,?,i2,
1769501009.1348102,FORWARDED,4e2f79f7-3317-4365-9d80-fc107a4fe2d5,574a026e-d7e8-4e6e-bfc8-489b7dfa3ad9,c5,DROP,1016,?,i2,
1769501009.253896,SENT,b5c8d8da-139d-41e2-bac8-3be02ddbad4e,239b15a3-254b-483a-b0de-83f8f08d3a6f,c4,DROP,1012,?,i4,
1769501009.2539392,FORWARDED,b5c8d8da-139d-41e2-bac8-3be02ddbad4e,239b15a3-254b-483a-b0de-83f8f08d3a6f,c4,DROP,1012,?,i4,
1769501009.3194468,RECEIVED,f7fb0063-4a0b-4573-915b-6f06976dbdd8,18b0e7ad-7767-4d76-b22c-666440283d43,c5,DROP,1451,p2,?,
1769501009.408412,RECEIVED,afbd5428-76ed-4037-a3b0-c404b4294d39,79c577f3-6454-43b9-b730-20c528e373fc,c4,DROP,441,x9,?,
1769501009.421879,RECEIVED,63768186-8eeb-446b-b7b6-93616ecb3696,165c680e-28a2-43d8-a9df-0d17c6eab86d,c2,c1,2454,p2,?,
1769501009.546358,RECEIVED,3e346d5c-007d-4bf3-84a2-1f7a80973102,de5fd88e-5c5b-4c19-89ee-0ae183149e21,c4,None,2245,p1,?,
1769501009.5731814,SENT,3e346d5c-007d-4bf3-84a2-1f7a80973102,de5fd88e-5c5b-4c19-89ee-0ae183149e21,c4,None,1609,?,i4,
1769501009.5732245,FORWARDED,3e346d5c-007d-4bf3-84a2-1f7a80973102,de5fd88e-5c5b-4c19-89ee-0ae183149e21,c4,None,1609,?,i4,
1769501009.707822,SENT,fa2ae766-c276-44a6-8e21-d899d1602da3,7573f1c0-49bf-4544-b3af-f52cb5cbf7df,c2,c1,1772,?,i8,
1769501009.707862,FORWARDED,fa2ae766-c276-44a6-8e21-d899d1602da3,7573f1c0-49bf-4544-b3af-f52cb5cbf7df,c2,c1,1772,?,i8,
1769501009.7192833,RECEIVED,699c7142-39d9-406e-9acd-ff6417b6a994,82586d8f-3908-42d5-939d-59e85c774a8a,c1,DROP,1449,p1,?,
1769501009.8105717,SENT,699c7142-39d9-406e-9acd-ff6417b6a994,82586d8f-3908-42d5-939d-59e85c774a8a,c1,DROP,1014,?,i10,
1769501009.810611,FORWARDED,699c7142-39d9-406e-9acd-ff6417b6a994,82586d8f-3908-42d5-939d-59e85c774a8a,c1,DROP,1014,?,i10,
1769501009.946891,RECEIVED,ca403331-52f0-40bd-bbf8-588cdfe380e2,3139f315-3de0-4556-bca5-b918ebcc48ec,c4,c3,2463,p1,?,
1769501009.9911194,RECEIVED,f0073eb6-56f2-4116-bd2e-d21fff4a5e53,422762c1-2d16-4675-b2a7-0645cc0907e6,c5,DROP,1451,p2,?,
1769501009.998533,RECEIVED,5b36a1f2-fcb8-4545-be3a-65315a104b20,316c1b64-3b82-4d46-8324-da851a30fa40,c4,c3,2447,p1,?,
1769501010.0268245,RECEIVED,b65239d3-d2a9-4f69-9642-f43f39c2c8be,0236034a-3d18-4277-8b1c-d02ea9c2ae20,c5,DROP,1441,p2,?,
1769501010.1265872,SENT,b65239d3-d2a9-4f69-9642-f43f39c2c8be,0236034a-3d18-4277-8b1c-d02ea9c2ae20,c5,DROP,1007,?,i12,
1769501010.1266305,FORWARDED,b65239d3-d2a9-4f69-9642-f43f39c2c8be,0236034a-3d18-4277-8b1c-d02ea9c2ae20,c5,DROP,1007,?,i12,
1769501010.266266,RECEIVED,1f45103e-ef54-42fc-938d-794ec3b95fa1,384b3c38-6f0c-4761-b8d4-032da3afd93c,c4,DROP,1441,p1,?,
1769501010.2917402,SENT,f7fb0063-4a0b-4573-915b-6f06976dbdd8,18b0e7ad-7767-4d76-b22c-666440283d43,c5,DROP,1015,?,i6,
1769501010.2917821,FORWARDED,f7fb0063-4a0b-4573-915b-6f06976dbdd8,18b0e7ad-7767-4d76-b22c-666440283d43,c5,DROP,1015,?,i6,
1769501010.3055177,RECEIVED,1e53f016-5567-4582-9c3c-2afab84f1a91,2d3695fa-798c-487d-bc36-877817dda6d0,c2,DROP,1445,p2,?,
1769501010.393021,SENT,1e53f016-5567-4582-9c3c-2afab84f1a91,2d3695fa-798c-487d-bc36-877817dda6d0,c2,DROP,1011,?,i6,
1769501010.3930836,FORWARDED,1e53f016-5567-4582-9c3c-2afab84f1a91,2d3695fa-798c-487d-bc36-877817dda6d0,c2,DROP,1011,?,i6,
1769501010.4061317,RECEIVED,658b9365-9ff2-4338-bf26-698f56643359,406f3399-8586-41eb-9984-1fca51e04440,c4,None,2227,p1,?,
1769501010.40718,SENT,1f45103e-ef54-42fc-938d-794ec3b95fa1,384b3c38-6f0c-4761-b8d4-032da3afd93c,c4,DROP,1007,?,i11,
1769501010.4072196,FORWARDED,1f45103e-ef54-42fc-938d-794ec3b95fa1,384b3c38-6f0c-4761-b8d4-032da3afd93c,c4,DROP,1007,?,i11,
1769501010.4193273,SENT,f0073eb6-56f2-4116-bd2e-d21fff4a5e53,422762c1-2d16-4675-b2a7-0645cc0907e6,c5,DROP,1016,?,i1,
1769501010.4193664,FORWARDED,f0073eb6-56f2-4116-bd2e-d21fff4a5e53,422762c1-2d16-4675-b2a7-0645cc0907e6,c5,DROP,1016,?,i1,
1769501010.4920585,RECEIVED,3ff3c704-ff4a-4cea-b787-4fe5434ba826,e5d2f491-6865-47e3-ab0d-9da5fd8dee31,c1,DROP,1439,p1,?,
1769501010.5553832,SENT,ca403331-52f0-40bd-bbf8-588cdfe380e2,3139f315-3de0-4556-bca5-b918ebcc48ec,c4,c3,1775,?,i7,
1769501010.555425,FORWARDED,ca403331-52f0-40bd-bbf8-588cdfe380e2,3139f315-3de0-4556-bca5-b918ebcc48ec,c4,c3,1775,?,i7,
1769501010.6971633,SENT,658b9365-9ff2-4338-bf26-698f56643359,406f3399-8586-41eb-9984-1fca51e04440,c4,None,1597,?,i3,
1769501010.6972065,FORWARDED,658b9365-9ff2-4338-bf26-698f56643359,406f3399-8586-41eb-9984-1fca51e04440,c4,None,1597,?,i3,
1769501010.69958,RECEIVED,9ad67c62-a6cc-401c-bc5f-401fc2db89a3,17f9b150-f644-49c6-a91e-0e4c36aa03d9,c2,DROP,1452,p2,?,
1769501010.8031454,RECEIVED,1a23d0d3-5ed5-411d-b452-8b8fff6c1992,8ad49379-2a0c-4adf-8261-8118b4a7fbef,c3,None,2224,p3,?,
1769501010.8124936,RECEIVED,6f1f6f44-83c2-4a06-8ada-844c058c0dc0,9f22e696-c56d-4ebb-a99e-e17db798cdc6,c1,DROP,1438,p1,?,
1769501010.8518302,SENT,63768186-8eeb-446b-b7b6-93616ecb3696,165c680e-28a2-43d8-a9df-0d17c6eab86d,c2,c1,1768,?,i2,
1769501010.8518736,FORWARDED,63768186-8eeb-446b-b7b6-93616ecb3696,165c680e-28a2-43d8-a9df-0d17c6eab86d,c2,c1,1768,?,i2,
1769501011.0567396,SENT,9ad67c62-a6cc-401c-bc5f-401fc2db89a3,17f9b150-f644-49c6-a91e-0e4c36aa03d9,c2,DROP,1017,?,i2,
1769501011.0568871,FORWARDED,9ad67c62-a6cc-401c-bc5f-401fc2db89a3,17f9b150-f644-49c6-a91e-0e4c36aa03d9,c2,DROP,1017,?,i2,
1769501011.0594614,SENT,5b36a1f2-fcb8-4545-be3a-65315a104b20,316c1b64-3b82-4d46-8324-da851a30fa40,c4,c3,1763,?,i3,
1769501011.0595112,FORWARDED,5b36a1f2-fcb8-4545-be3a-65315a104b20,316c1b64-3b82-4d46-8324-da851a30fa40,c4,c3,1763,?,i3,
1769501011.1557753,RECEIVED,3265db68-87fa-4bb6-9c27-fa3e422988c3,a6bbe8e1-ab72-4abe-9900-18b2c697338d,c1,None,2226,p1,?,
1769501011.1864157,SENT,1a23d0d3-5ed5-411d-b452-8b8fff6c1992,8ad49379-2a0c-4adf-8261-8118b4a7fbef,c3,None,1596,?,i10,
1769501011.1864574,FORWARDED,1a23d0d3-5ed5-411d-b452-8b8fff6c1992,8ad49379-2a0c-4adf-8261-8118b4a7fbef,c3,None,1596,?,i10,
1769501011.1982887,SENT,3ff3c704-ff4a-4cea-b787-4fe5434ba826,e5d2f491-6865-47e3-ab0d-9da5fd8dee31,c1,DROP,1007,?,i11,
1769501011.198328,FORWARDED,3ff3c704-ff4a-4cea-b787-4fe5434ba826,e5d2f491-6865-47e3-ab0d-9da5fd8dee31,c1,DROP,1007,?,i11,
1769501011.3598962,RECEIVED,d3414084-6632-4936-8a0b-5ff423ec9dee,ce0cfe49-3b44-4210-94e9-fa117a6d2482,c4,DROP,1452,p1,?,
1769501011.5632305,RECEIVED,77401d75-0afd-4448-be04-a7a88072c8c4,e57dea7d-79be-4e5a-853c-1fdec3124c73,c2,DROP,1440,p2,?,
1769501011.602539,RECEIVED,a04daee0-a0a2-402c-a0f5-c1a72819bfdb,cc67cb3f-343d-4df3-88a2-da589f72ace9,c2,None,2221,p2,?,
1769501011.6559186,RECEIVED,d8b0770b-abdf-44f3-97d0-2ea2eafcd811,4e358d68-cd0e-4608-bcec-61797b6fb604,c2,DROP,1444,p2,?,
1769501011.7433386,SENT,3265db68-87fa-4bb6-9c27-fa3e422988c3,a6bbe8e1-ab72-4abe-9900-18b2c697338d,c1,None,1599,?,i8,
1769501011.7433822,FORWARDED,3265db68-87fa-4bb6-9c27-fa3e422988c3,a6bbe8e1-ab72-4abe-9900-18b2c697338d,c1,None,1599,?,i8,
1769501011.8203907,SENT,77401d75-0afd-4448-be04-a7a88072c8c4,e57dea7d-79be-4e5a-853c-1fdec3124c73,c2,DROP,1008,?,i1,
1769501011.8204336,FORWARDED,77401d75-0afd-4448-be04-a7a88072c8c4,e57dea7d-79be-4e5a-853c-1fdec3124c73,c2,DROP,1008,?,i1,
1769501011.8372507,RECEIVED,b52abe5f-1298-4f87-9b0d-4812c315c0fc,e94f20de-8533-43df-9497-dab5487fd573,c3,DROP,1439,p3,?,
1769501011.8864522,SENT,d8b0770b-abdf-44f3-97d0-2ea2eafcd811,4e358d68-cd0e-4608-bcec-61797b6fb604,c2,DROP,1011,?,i5,
1769501011.8864927,FORWARDED,d8b0770b-abdf-44f3-97d0-2ea2eafcd811,4e358d68-cd0e-4608-bcec-61797b6fb604,c2,DROP,1011,?,i5,
1769501011.949864,RECEIVED,37e1e1de-89b2-4fac-bc62-369abcbe2fa9,5ccce3e2-dc8d-498d-a559-13c4e65ed978,c1,c5,2471,p1,?,
1769501011.9697707,SENT,a04daee0-a0a2-402c-a0f5-c1a72819bfdb,cc67cb3f-343d-4df3-88a2-da589f72ace9,c2,None,1591,?,i12,
1769501011.9698088,FORWARDED,a04daee0-a0a2-402c-a0f5-c1a72819bfdb,cc67cb3f-343d-4df3-88a2-da589f72ace9,c2,None,1591,?,i12,
1769501012.1264696,SENT,6f1f6f44-83c2-4a06-8ada-844c058c0dc0,9f22e696-c56d-4ebb-a99e-e17db798cdc6,c1,DROP,1007,?,i7,
1769501012.1265109,FORWARDED,6f1f6f44-83c2-4a06-8ada-844c058c0dc0,9f22e696-c56d-4ebb-a99e-e17db798cdc6,c1,DROP,1007,?,i7,
1769501012.1332207,SENT,b52abe5f-1298-4f87-9b0d-4812c315c0fc,e94f20de-8533-43df-9497-dab5487fd573,c3,DROP,1008,?,i3,
1769501012.1332622,FORWARDED,b52abe5f-1298-4f87-9b0d-4812c315c0fc,e94f20de-8533-43df-9497-dab5487fd573,c3,DROP,1008,?,i3,
1769501012.3229527,RECEIVED,15a64d78-eb56-4d37-893e-c977517b1fcc,878821a0-2c5b-4a90-8e2b-32505cf76d3c,c3,DROP,1452,p3,?,
1769501012.3510075,SENT,d3414084-6632-4936-8a0b-5ff423ec9dee,ce0cfe49-3b44-4210-94e9-fa117a6d2482,c4,DROP,1016,?,i10,
1769501012.3510427,FORWARDED,d3414084-6632-4936-8a0b-5ff423ec9dee,ce0cfe49-3b44-4210-94e9-fa117a6d2482,c4,DROP,1016,?,i10,
1769501012.41335,RECEIVED,2fc6c8b4-6f98-49bc-9913-39961b45d4bb,a6257cec-c7ed-4f06-9116-9080734f33f5,c3,DROP,1439,p3,?,
1769501012.4463258,SENT,15a64d78-eb56-4d37-893e-c977517b1fcc,878821a0-2c5b-4a90-8e2b-32505cf76d3c,c3,DROP,1015,?,i1,
1769501012.4463675,FORWARDED,15a64d78-eb56-4d37-893e-c977517b1fcc,878821a0-2c5b-4a90-8e2b-32505cf76d3c,c3,DROP,1015,?,i1,
1769501012.452877,SENT,37e1e1de-89b2-4fac-bc62-369abcbe2fa9,5ccce3e2-dc8d-498d-a559-13c4e65ed978,c1,c5,1780,?,i3,
1769501012.453239,FORWARDED,37e1e1de-89b2-4fac-bc62-369abcbe2fa9,5ccce3e2-dc8d-498d-a559-13c4e65ed978,c1,c5,1780,?,i3,
1769501012.6458278,RECEIVED,bb250bd2-7407-48f4-aa83-78170d4effec,8aba9f32-4444-4444-b0ff-ff41bd190cf5,c4,DROP,1441,p1,?,
1769501012.70877,SENT,2fc6c8b4-6f98-49bc-9913-39961b45d4bb,a6257cec-c7ed-4f06-9116-9080734f33f5,c3,DROP,1006,?,i8,
1769501012.7088223,FORWARDED,2fc6c8b4-6f98-49bc-9913-39961b45d4bb,a6257cec-c7ed-4f06-9116-9080734f33f5,c3,DROP,1006,?,i8,
1769501012.749895,RECEIVED,17879c7e-5925-41fa-9fdd-1d483c440d0c,6982cffc-d1a8-4c7f-8363-b32e3105528a,c3,DROP,1443,p3,?,
1769501012.833381,SENT,bb250bd2-7407-48f4-aa83-78170d4effec,8aba9f32-4444-4444-b0ff-ff41bd190cf5,c4,DROP,1007,?,i10,
1769501012.8334162,FORWARDED,bb250bd2-7407-48f4-aa83-78170d4effec,8aba9f32-4444-4444-b0ff-ff41bd190cf5,c4,DROP,1007,?,i10,
1769501012.8897834,RECEIVED,85ff0c39-537b-465e-9930-03d0ec35d17c,0cf82fed-6f0e-49bf-86af-4a81768f5424,c5,c2,2465,p2,?,
1769501012.9938896,RECEIVED,734881ee-e488-4bca-b972-3b06e693e45a,7c54e084-5402-47ae-ba9b-b55a0acbb847,c2,DROP,442,x9,?,
1769501013.0425594,SENT,85ff0c39-537b-465e-9930-03d0ec35d17c,0cf82fed-6f0e-49bf-86af-4a81768f5424,c5,c2,1776,?,i11,
1769501013.0426023,FORWARDED,85ff0c39-537b-465e-9930-03d0ec35d17c,0cf82fed-6f0e-49bf-86af-4a81768f5424,c5,c2,1776,?,i11,
1769501013.059817,RECEIVED,10a84b40-2090-4450-a6a7-4fd319a68071,d9fa7ab8-6d38-4be2-89bf-6ae87da4f47e,c4,DROP,1437,p1,?,
1769501013.1183853,RECEIVED,0322351e-564d-4e22-81c3-8c0ffc14f7fd,6cb00ee0-2626-4534-837b-06dc10f42877,c2,DROP,1448,p2,?,
1769501013.1453145,SENT,10a84b40-2090-4450-a6a7-4fd319a68071,d9fa7ab8-6d38-4be2-89bf-6ae87da4f47e,c4,DROP,1004,?,i9,
1769501013.145358,FORWARDED,10a84b40-2090-4450-a6a7-4fd319a68071,d9fa7ab8-6d38-4be2-89bf-6ae87da4f47e,c4,DROP,1004,?,i9,
1769501013.2961535,SENT,17879c7e-5925-41fa-9fdd-1d483c440d0c,6982cffc-d1a8-4c7f-8363-b32e3105528a,c3,DROP,1011,?,i6,
1769501013.2961946,FORWARDED,17879c7e-5925-41fa-9fdd-1d483c440d0c,6982cffc-d1a8-4c7f-8363-b32e3105528a,c3,DROP,1011,?,i6,
1769501013.42457,SENT,0322351e-564d-4e22-81c3-8c0ffc14f7fd,6cb00ee0-2626-4534-837b-06dc10f42877,c2,DROP,1012,?,i8,
1769501013.4246113,FORWARDED,0322351e-564d-4e22-81c3-8c0ffc14f7fd,6cb00ee0-2626-4534-837b-06dc10f42877,c2,DROP,1012,?,i8,
1769501013.5997415,RECEIVED,a49956fe-d298-4255-9849-00c8985d9ad3,7e6e9b53-bd12-4156-b672-9013fdc36ead,c4,c3,2448,p1,?,
1769501013.6429126,SENT,a49956fe-d298-4255-9849-00c8985d9ad3,7e6e9b53-bd12-4156-b672-9013fdc36ead,c4,c3,1763,?,i1,
1769501013.6429563,FORWARDED,a49956fe-d298-4255-9849-00c8985d9ad3,7e6e9b53-bd12-4156-b672-9013fdc36ead,c4,c3,1763,?,i1,
1769501013.8467677,RECEIVED,342b36ee-8c4d-4cd3-92df-f001da602c2f,c851423b-1917-4a3e-9f73-7f962d834d04,c4,DROP,1435,p1,?,
1769501014.3242254,RECEIVED,d6bd39ac-faeb-4c4f-b7e7-64d2bbe0d11a,732fe2d2-3edb-44e6-8045-158d150a2523,c1,DROP,1440,p1,?,
1769501014.4109914,RECEIVED,af872faf-391b-4ecd-a6d8-ee5aa281d599,fd38aaa4-4e70-4c89-8a6e-92b68dde778c,c2,DROP,441,x9,?,
1769501014.4870853,RECEIVED,969fe164-4d57-46dc-b918-30b4f8ec98aa,74c08542-f696-4f95-abbf-b884ead5ced9,c2,DROP,441,x1,?,
1769501014.5280008,SENT,342b36ee-8c4d-4cd3-92df-f001da602c2f,c851423b-1917-4a3e-9f73-7f962d834d04,c4,DROP,1004,?,i3,
1769501014.5280423,FORWARDED,342b36ee-8c4d-4cd3-92df-f001da602c2f,c851423b-1917-4a3e-9f73-7f962d834d04,c4,DROP,1004,?,i3,
1769501014.5750434,SENT,d6bd39ac-faeb-4c4f-b7e7-64d2bbe0d11a,732fe2d2-3edb-44e6-8045-158d150a2523,c1,DROP,1008,?,i8,
1769501014.5750985,FORWARDED,d6bd39ac-faeb-4c4f-b7e7-64d2bbe0d11a,732fe2d2-3edb-44e6-8045-158d150a2523,c1,DROP,1008,?,i8,
1769501014.6322813,RECEIVED,79e2da73-fd9a-4ac0-906f-8ea74c4b977d,365506c6-d2e5-4786-ba2a-03bd6256b5be,c2,DROP,1439,p2,?,
1769501014.7780883,RECEIVED,6ca33174-b988-4bfa-a265-af17cd610fd8,0bf9cb8f-04da-42d5-bce7-7a30080e2d6b,c4,DROP,1453,p1,?,
1769501014.8958328,SENT,6ca33174-b988-4bfa-a265-af17cd610fd8,0bf9cb8f-04da-42d5-bce7-7a30080e2d6b,c4,DROP,1017,?,i12,
1769501014.8958766,FORWARDED,6ca33174-b988-4bfa-a265-af17cd610fd8,0bf9cb8f-04da-42d5-bce7-7a30080e2d6b,c4,DROP,1017,?,i12,
1769501015.0320203,RECEIVED,5af9d89c-65f7-440b-8cef-7b28cf34d9e4,26dd8ceb-e9c2-4580-8b60-a3932d35de8a,c2,DROP,1443,p2,?,
1769501015.0366254,RECEIVED,e8b425f9-8752-483d-811c-8f7ae085754b,5b8339a1-aefa-4f92-adef-e8599e124429,c4,c3,2469,p1,?,
1769501015.0392616,RECEIVED,804215e9-e980-4b64-9f6a-7ec9a3e3cf6d,8caa7eb5-905c-4879-9262-513786291765,c3,c4,2464,p3,?,
1769501015.0973225,SENT,e8b425f9-8752-483d-811c-8f7ae085754b,5b8339a1-aefa-4f92-adef-e8599e124429,c4,c3,1777,?,i4,
1769501015.097365,FORWARDED,e8b425f9-8752-483d-811c-8f7ae085754b,5b8339a1-aefa-4f92-adef-e8599e124429,c4,c3,1777,?,i4,
1769501015.334971,SENT,79e2da73-fd9a-4ac0-906f-8ea74c4b977d,365506c6-d2e5-4786-ba2a-03bd6256b5be,c2,DROP,1008,?,i7,
1769501015.3350098,FORWARDED,79e2da73-fd9a-4ac0-906f-8ea74c4b977d,365506c6-d2e5-4786-ba2a-03bd6256b5be,c2,DROP,1008,?,i7,
1769501015.422403,RECEIVED,b5a6256b-08fe-480e-a27c-3fdab589eaae,3c1f3cdf-5ed5-4dea-b8b1-d664a36a730a,c1,DROP,1440,p1,?,
1769501015.4237516,SENT,804215e9-e980-4b64-9f6a-7ec9a3e3cf6d,8caa7eb5-905c-4879-9262-513786291765,c3,c4,1776,?,i12,
1769501015.4237921,FORWARDED,804215e9-e980-4b64-9f6a-7ec9a3e3cf6d,8caa7eb5-905c-4879-9262-513786291765,c3,c4,1776,?,i12,
1769501015.465444,RECEIVED,7091321f-8855-44c0-8491-3c29b8eff01c,0f57a343-080f-4ef9-92aa-5abf443f91ad,c4,DROP,1440,p1,?,
1769501015.5488613,RECEIVED,7d1baf7f-aa8b-4745-9eb6-1cf02687cfdd,e0937c06-f982-4f89-9a75-8b1748b7d495,c2,c1,2459,p2,?,
1769501015.6456912,SENT,7091321f-8855-44c0-8491-3c29b8eff01c,0f57a343-080f-4ef9-92aa-5abf443f91ad,c4,DROP,1007,?,i6,
1769501015.645728,FORWARDED,7091321f-8855-44c0-8491-3c29b8eff01c,0f57a343-080f-4ef9-92aa-5abf443f91ad,c4,DROP,1007,?,i6,
1769501015.8707857,SENT,b5a6256b-08fe-480e-a27c-3fdab589eaae,3c1f3cdf-5ed5-4dea-b8b1-d664a36a730a,c1,DROP,1007,?,i11,
1769501015.8708305,FORWARDED,b5a6256b-08fe-480e-a27c-3fdab589eaae,3c1f3cdf-5ed5-4dea-b8b1-d664a36a730a,c1,DROP,1007,?,i11,
1769501015.9339063,RECEIVED,d64aec58-5272-42fa-821b-cd8f20e9cec0,2c2f27bf-ba58-4180-9a7c-e0bda6f43559,c5,c2,2464,p2,?,
1769501016.213806,SENT,5af9d89c-65f7-440b-8cef-7b28cf34d9e4,26dd8ceb-e9c2-4580-8b60-a3932d35de8a,c2,DROP,1011,?,i4,
1769501016.2138486,FORWARDED,5af9d89c-65f7-440b-8cef-7b28cf34d9e4,26dd8ceb-e9c2-4580-8b60-a3932d35de8a,c2,DROP,1011,?,i4,
1769501016.2860892,SENT,7d1baf7f-aa8b-4745-9eb6-1cf02687cfdd,e0937c06-f982-4f89-9a75-8b1748b7d495,c2,c1,1771,?,i5,
1769501016.28623,FORWARDED,7d1baf7f-aa8b-4745-9eb6-1cf02687cfdd,e0937c06-f982-4f89-9a75-8b1748b7d495,c2,c1,1771,?,i5,
1769501016.4838598,SENT,d64aec58-5272-42fa-821b-cd8f20e9cec0,2c2f27bf-ba58-4180-9a7c-e0bda6f43559,c5,c2,1775,?,i12,
1769501016.4839017,FORWARDED,d64aec58-5272-42fa-821b-cd8f20e9cec0,2c2f27bf-ba58-4180-9a7c-e0bda6f43559,c5,c2,1775,?,i12,
1769501016.5083883,RECEIVED,be79dfcd-328b-4748-990f-497dd3708497,c9112c3b-25ee-43a5-9e15-552b7da25610,c2,DROP,1439,p2,?,
1769501016.5558012,RECEIVED,968b3585-50a4-4f97-8631-e5342a024fbf,9084d95e-bb50-40dd-83d6-7cc7cb6ed901,c4,DROP,1446,p1,?,
1769501016.5941608,RECEIVED,3c35956a-c885-4cda-98b1-cff668658c7b,7cf21d78-a0d2-45ee-b0f6-a66b0fd340da,c4,DROP,440,x7,?,
1769501016.6683092,RECEIVED,b1b00de0-a918-4c51-8bb7-0b25d9dc4d2b,94e7c892-eb79-4de9-beda-8b2829778646,c5,DROP,1444,p2,?,
1769501016.6822193,RECEIVED,2a9a01dd-49e7-4647-b92a-220a56a6de36,f6facfec-e332-437a-a8bf-5d3108627118,c2,DROP,1439,p2,?,
1769501016.737045,SENT,b1b00de0-a918-4c51-8bb7-0b25d9dc4d2b,94e7c892-eb79-4de9-beda-8b2829778646,c5,DROP,1011,?,i4,
1769501016.737595,FORWARDED,b1b00de0-a918-4c51-8bb7-0b25d9dc4d2b,94e7c892-eb79-4de9-beda-8b2829778646,c5,DROP,1011,?,i4,
1769501016.9260688,SENT,be79dfcd-328b-4748-990f-497dd3708497,c9112c3b-25ee-43a5-9e15-552b7da25610,c2,DROP,1007,?,i6,
1769501016.9261131,FORWARDED,be79dfcd-328b-4748-990f-497dd3708497,c9112c3b-25ee-43a5-9e15-552b7da25610,c2,DROP,1007,?,i6,
1769501016.9993138,SENT,2a9a01dd-49e7-4647-b92a-220a56a6de36,f6facfec-e332-437a-a8bf-5d3108627118,c2,DROP,1008,?,i9,
1769501016.9993556,FORWARDED,2a9a01dd-49e7-4647-b92a-220a56a6de36,f6facfec-e332-437a-a8bf-5d3108627118,c2,DROP,1008,?,i9,
1769501017.1348772,SENT,968b3585-50a4-4f97-8631-e5342a024fbf,9084d95e-bb50-40dd-83d6-7cc7cb6ed901,c4,DROP,1012,?,i1,
1769501017.1349201,FORWARDED,968b3585-50a4-4f97-8631-e5342a024fbf,9084d95e-bb50-40dd-83d6-7cc7cb6ed901,c4,DROP,1012,?,i1,
1769501017.1696725,RECEIVED,ea42e222-f23e-4d81-9d22-b75f9f27558b,2e9b4f5a-200d-432e-988c-ad17bef78313,c3,c4,2476,p3,?,
1769501017.3831363,RECEIVED,8179cff0-4a18-4b06-ae36-6ff24ae2ed91,635b1dbc-d947-4c9b-a6d8-01bdbddebfde,c1,DROP,438,x6,?,
1769501017.5975258,SENT,ea42e222-f23e-4d81-9d22-b75f9f27558b,2e9b4f5a-200d-432e-988c-ad17bef78313,c3,c4,1784,?,i10,
1769501017.597568,FORWARDED,ea42e222-f23e-4d81-9d22-b75f9f27558b,2e9b4f5a-200d-432e-988c-ad17bef78313,c3,c4,1784,?,i10,
1769501017.6275039,RECEIVED,4d5df2a3-cb38-4fc9-b72e-7c4f9a0ba7f4,1bca4a4e-1b3f-48d3-9252-8175801dc1b1,c5,c2,2459,p2,?,
1769501017.6567247,RECEIVED,5008531f-8923-4d54-a6bd-d75026e0a94d,cefb7f37-8af8-4db3-aa83-80981f90126d,c4,c3,2464,p1,?,
1769501017.7007341,SENT,5008531f-8923-4d54-a6bd-d75026e0a94d,cefb7f37-8af8-4db3-aa83-80981f90126d,c4,c3,1775,?,i7,
1769501017.7007756,FORWARDED,5008531f-8923-4d54-a6bd-d75026e0a94d,cefb7f37-8af8-4db3-aa83-80981f90126d,c4,c3,1775,?,i7,
1769501017.871396,RECEIVED,858dbac4-2cb9-43d2-a8ef-a218f54f3ed6,da93cbff-a8e3-4368-b814-4eceb1a7f6c3,c1,DROP,1457,p1,?,
1769501017.9263544,RECEIVED,3b6b99c0-8cfe-4600-8889-af09e1749ec7,285f42ac-2924-42f6-b031-b6c1599838b1,c1,DROP,1436,p1,?,
1769501018.0366662,SENT,858dbac4-2cb9-43d2-a8ef-a218f54f3ed6,da93cbff-a8e3-4368-b814-4eceb1a7f6c3,c1,DROP,1019,?,i12,
1769501018.0367186,FORWARDED,858dbac4-2cb9-43d2-a8ef-a218f54f3ed6,da93cbff-a8e3-4368-b814-4eceb1a7f6c3,c1,DROP,1019,?,i12,
1769501018.114301,RECEIVED,cd45fe9c-2594-4a49-a2c4-e99b0381a260,77b81375-d7a3-4d63-8a87-5ae917449881,c4,DROP,1443,p1,?,
1769501018.1252503,RECEIVED,55f63058-1d70-49e8-8504-33087eb90a3c,6a54d7d5-3dd8-40d9-8777-e92fdd502ddf,c4,DROP,1449,p1,?,
1769501018.1562495,SENT,55f63058-1d70-49e8-8504-33087eb90a3c,6a54d7d5-3dd8-40d9-8777-e92fdd502ddf,c4,DROP,1013,?,i8,
1769501018.1562908,FORWARDED,55f63058-1d70-49e8-8504-33087eb90a3c,6a54d7d5-3dd8-40d9-8777-e92fdd502ddf,c4,DROP,1013,?,i8,
1769501018.3472302,SENT,3b6b99c0-8cfe-4600-8889-af09e1749ec7,285f42ac-2924-42f6-b031-b6c1599838b1,c1,DROP,1004,?,i3,
1769501018.347272,FORWARDED,3b6b99c0-8cfe-4600-8889-af09e1749ec7,285f42ac-2924-42f6-b031-b6c1599838b1,c1,DROP,1004,?,i3,
1769501018.408098,RECEIVED,019514d0-d90e-44d5-995b-2681c08d0d1b,19e02c10-7595-46e5-b8ec-76c6cb7f5843,c4,DROP,1451,p1,?,
1769501018.4589715,RECEIVED,1008a02f-1d60-43ac-88fc-f14b57074b21,7f538a1f-5252-45f3-9b9f-a282b058ce93,c2,DROP,1451,p2,?,
1769501018.5192733,RECEIVED,1ea51cec-7094-4b7c-a74e-8a6e2161f6a3,6388790f-48de-4662-b3f6-d245a0482c16,c2,DROP,1448,p2,?,
1769501018.6175716,RECEIVED,bb7e63c5-9bde-4a7a-a554-8dc1e1c68eb4,26512c5c-a715-49bc-9bc1-a74f07e2276f,c5,DROP,1449,p2,?,
1769501018.7299285,SENT,bb7e63c5-9bde-4a7a-a554-8dc1e1c68eb4,26512c5c-a715-49bc-9bc1-a74f07e2276f,c5,DROP,1012,?,i12,
1769501018.729968,FORWARDED,bb7e63c5-9bde-4a7a-a554-8dc1e1c68eb4,26512c5c-a715-49bc-9bc1-a74f07e2276f,c5,DROP,1012,?,i12,
1769501018.759186,RECEIVED,17657583-1aaf-49cf-a056-6fc235065874,daed8ac8-81d2-47dc-8599-6527939c6e35,c3,DROP,1438,p3,?,
1769501018.7877986,RECEIVED,9d86f3b1-5117-4e8f-8d54-c142de243403,e470d45f-ee80-424f-b54c-f244e8ad2dcc,c3,c4,2452,p3,?,
1769501018.8004487,RECEIVED,0cd15691-5d88-4bf8-ac63-da5dd377aacf,a15b4e35-4a60-421b-a8d3-f49eee34f9bf,c4,DROP,1451,p1,?,
1769501018.8452034,SENT,cd45fe9c-2594-4a49-a2c4-e99b0381a260,77b81375-d7a3-4d63-8a87-5ae917449881,c4,DROP,1010,?,i9,
1769501018.8452446,FORWARDED,cd45fe9c-2594-4a49-a2c4-e99b0381a260,77b81375-d7a3-4d63-8a87-5ae917449881,c4,DROP,1010,?,i9,
1769501018.967232,SENT,9d86f3b1-5117-4e8f-8d54-c142de243403,e470d45f-ee80-424f-b54c-f244e8ad2dcc,c3,c4,1767,?,i8,
1769501018.9672759,FORWARDED,9d86f3b1-5117-4e8f-8d54-c142de243403,e470d45f-ee80-424f-b54c-f244e8ad2dcc,c3,c4,1767,?,i8,
1769501019.032627,SENT,1008a02f-1d60-43ac-88fc-f14b57074b21,7f538a1f-5252-45f3-9b9f-a282b058ce93,c2,DROP,1016,?,i7,
1769501019.0326734,FORWARDED,1008a02f-1d60-43ac-88fc-f14b57074b21,7f538a1f-5252-45f3-9b9f-a282b058ce93,c2,DROP,1016,?,i7,
1769501019.0672743,RECEIVED,ceada70d-4691-48fb-8ed8-09269988c861,f9681707-0507-4487-9b6e-e40269e239ad,c5,None,2235,p2,?,
1769501019.226739,SENT,1ea51cec-7094-4b7c-a74e-8a6e2161f6a3,6388790f-48de-4662-b3f6-d245a0482c16,c2,DROP,1012,?,i12,
1769501019.2267776,FORWARDED,1ea51cec-7094-4b7c-a74e-8a6e2161f6a3,6388790f-48de-4662-b3f6-d245a0482c16,c2,DROP,1012,?,i12,
1769501019.2428966,RECEIVED,c19c5b62-aa94-44c9-861f-464465bdb906,12e5d3c6-b98a-4ae0-ae69-bee79e56522f,c3,DROP,1451,p3,?,
1769501019.2476816,RECEIVED,43188b05-d450-4746-ac73-03107f7674cd,01234357-b2ed-409b-92c2-454d862d4437,c3,DROP,1439,p3,?,
1769501019.3543904,RECEIVED,0f8ffef6-9209-4297-85b7-d8acc713971e,20f82d05-f842-4742-aee0-b48939c284aa,c1,c5,2448,p1,?,
1769501019.4582636,SENT,17657583-1aaf-49cf-a056-6fc235065874,daed8ac8-81d2-47dc-8599-6527939c6e35,c3,DROP,1008,?,i5,
1769501019.4583054,FORWARDED,17657583-1aaf-49cf-a056-6fc235065874,daed8ac8-81d2-47dc-8599-6527939c6e35,c3,DROP,1008,?,i5,
1769501019.5784483,SENT,4d5df2a3-cb38-4fc9-b72e-7c4f9a0ba7f4,1bca4a4e-1b3f-48d3-9252-8175801dc1b1,c5,c2,1773,?,i2,
1769501019.5784833,FORWARDED,4d5df2a3-cb38-4fc9-b72e-7c4f9a0ba7f4,1bca4a4e-1b3f-48d3-9252-8175801dc1b1,c5,c2,1773,?,i2,
1769501019.641232,SENT,0cd15691-5d88-4bf8-ac63-da5dd377aacf,a15b4e35-4a60-421b-a8d3-f49eee34f9bf,c4,DROP,1017,?,i7,
1769501019.641278,FORWARDED,0cd15691-5d88-4bf8-ac63-da5dd377aacf,a15b4e35-4a60-421b-a8d3-f49eee34f9bf,c4,DROP,1017,?,i7,
1769501019.7207618,SENT,0f8ffef6-9209-4297-85b7-d8acc713971e,20f82d05-f842-4742-aee0-b48939c284aa,c1,c5,1764,?,i8,
1769501019.7208025,FORWARDED,0f8ffef6-9209-4297-85b7-d8acc713971e,20f82d05-f842-4742-aee0-b48939c284aa,c1,c5,1764,?,i8,
1769501019.7229874,RECEIVED,52e3641a-4994-455e-bd5b-1fefe2b816b9,0882c1f2-f7aa-4fe2-9b58-975ede97dd26,c4,DROP,1447,p1,?,
1769501019.7370057,SENT,43188b05-d450-4746-ac73-03107f7674cd,01234357-b2ed-409b-92c2-454d862d4437,c3,DROP,1008,?,i8,
1769501019.7370534,FORWARDED,43188b05-d450-4746-ac73-03107f7674cd,01234357-b2ed-409b-92c2-454d862d4437,c3,DROP,1008,?,i8,
1769501019.7973874,SENT,ceada70d-4691-48fb-8ed8-09269988c861,f9681707-0507-4487-9b6e-e40269e239ad,c5,None,1604,?,i2,
1769501019.7974296,FORWARDED,ceada70d-4691-48fb-8ed8-09269988c861,f9681707-0507-4487-9b6e-e40269e239ad,c5,None,1604,?,i2,
1769501019.872349,RECEIVED,4b0e46bb-0c40-441b-9ef1-61922d52ad91,7f652794-09d9-4038-8182-3c95338e0ae7,c3,DROP,1441,p3,?,
1769501019.9148622,SENT,4b0e46bb-0c40-441b-9ef1-61922d52ad91,7f652794-09d9-4038-8182-3c95338e0ae7,c3,DROP,1008,?,i6,
1769501019.9149075,FORWARDED,4b0e46bb-0c40-441b-9ef1-61922d52ad91,7f652794-09d9-4038-8182-3c95338e0ae7,c3,DROP,1008,?,i6,
1769501019.9390123,SENT,019514d0-d90e-44d5-995b-2681c08d0d1b,19e02c10-7595-46e5-b8ec-76c6cb7f5843,c4,DROP,1016,?,i6,
1769501019.9391456,FORWARDED,019514d0-d90e-44d5-995b-2681c08d0d1b,19e02c10-7595-46e5-b8ec-76c6cb7f5843,c4,DROP,1016,?,i6,
1769501019.9408107,RECEIVED,6d4d5f05-ba8f-4f25-bd12-5805eb72f8c3,a47356eb-3574-4e8b-b496-568f1fcf2667,c3,DROP,1440,p3,?,
1769501020.1110263,SENT,6d4d5f05-ba8f-4f25-bd12-5805eb72f8c3,a47356eb-3574-4e8b-b496-568f1fcf2667,c3,DROP,1008,?,i1,
1769501020.1118054,FORWARDED,6d4d5f05-ba8f-4f25-bd12-5805eb72f8c3,a47356eb-3574-4e8b-b496-568f1fcf2667,c3,DROP,1008,?,i1,
1769501020.1807911,SENT,c19c5b62-aa94-44c9-861f-464465bdb906,12e5d3c6-b98a-4ae0-ae69-bee79e56522f,c3,DROP,1015,?,i5,
1769501020.1808314,FORWARDED,c19c5b62-aa94-44c9-861f-464465bdb906,12e5d3c6-b98a-4ae0-ae69-bee79e56522f,c3,DROP,1015,?,i5,
1769501020.3980145,RECEIVED,c8f3fe1e-2e28-47e5-bf27-cff86a5e8b28,a379f41a-d2e7-4c75-b82d-a4bc50ee94a5,c1,c5,2464,p1,?,
1769501020.7368805,RECEIVED,4a5899ec-ad8f-4704-a629-9e23f095fabd,8db0921d-0d86-4396-9086-578c0934d515,c2,DROP,443,x4,?,
1769501020.804342,SENT,c8f3fe1e-2e28-47e5-bf27-cff86a5e8b28,a379f41a-d2e7-4c75-b82d-a4bc50ee94a5,c1,c5,1775,?,i1,
1769501020.804383,FORWARDED,c8f3fe1e-2e28-47e5-bf27-cff86a5e8b28,a379f41a-d2e7-4c75-b82d-a4bc50ee94a5,c1,c5,1775,?,i1,
1769501020.8778682,SENT,52e3641a-4994-455e-bd5b-1fefe2b816b9,0882c1f2-f7aa-4fe2-9b58-975ede97dd26,c4,DROP,1013,?,i5,
1769501020.8779116,FORWARDED,52e3641a-4994-455e-bd5b-1fefe2b816b9,0882c1f2-f7aa-4fe2-9b58-975ede97dd26,c4,DROP,1013,?,i5,
1769501020.9540064,RECEIVED,785ab56f-beff-462f-befc-78e4a04022d4,71bdd428-fce7-4c3b-b3bb-c454742df108,c3,DROP,1445,p3,?,
1769501021.010172,RECEIVED,2b8003eb-3134-484f-9a87-ba9489347b23,1f38c176-f1e8-4d84-9f56-e15f8bae815d,c3,c4,2463,p3,?,
1769501021.220028,SENT,785ab56f-beff-462f-befc-78e4a04022d4,71bdd428-fce7-4c3b-b3bb-c454742df108,c3,DROP,1009,?,i10,
1769501021.2200832,FORWARDED,785ab56f-beff-462f-befc-78e4a04022d4,71bdd428-fce7-4c3b-b3bb-c454742df108,c3,DROP,1009,?,i10,
1769501021.335582,SENT,2b8003eb-3134-484f-9a87-ba9489347b23,1f38c176-f1e8-4d84-9f56-e15f8bae815d,c3,c4,1776,?,i8,
1769501021.3356242,FORWARDED,2b8003eb-3134-484f-9a87-ba9489347b23,1f38c176-f1e8-4d84-9f56-e15f8bae815d,c3,c4,1776,?,i8,
1769501021.5226808,RECEIVED,0ab0bce8-43ce-4143-a62a-b9f45e491c85,3da82790-86c4-4f48-b0e4-2a46373e1731,c3,DROP,1440,p3,?,
1769501021.643747,SENT,0ab0bce8-43ce-4143-a62a-b9f45e491c85,3da82790-86c4-4f48-b0e4-2a46373e1731,c3,DROP,1007,?,i3,
1769501021.6437883,FORWARDED,0ab0bce8-43ce-4143-a62a-b9f45e491c85,3da82790-86c4-4f48-b0e4-2a46373e1731,c3,DROP,1007,?,i3,
1769501021.726507,RECEIVED,08e2a6e4-c8fb-48a5-95a0-80c255b8dc9e,615fea16-6da4-4924-bd7d-73978aa6978d,c1,DROP,1441,p1,?,
1769501021.7305791,RECEIVED,fd4d3901-936d-42f4-a161-4594d713b209,01e7b1b2-81e7-4b3e-a42c-2da8577997b3,c2,DROP,1448,p2,?,
1769501021.8408513,SENT,08e2a6e4-c8fb-48a5-95a0-80c255b8dc9e,615fea16-6da4-4924-bd7d-73978aa6978d,c1,DROP,1007,?,i11,
1769501021.840892,FORWARDED,08e2a6e4-c8fb-48a5-95a0-80c255b8dc9e,615fea16-6da4-4924-bd7d-73978aa6978d,c1,DROP,1007,?,i11,
1769501021.8480046,RECEIVED,5b42619c-5781-4f79-a34b-19dc62c25bf8,f8cc7b19-6ad1-48c7-9055-7fb48ab8129e,c3,DROP,441,x8,?,
1769501021.8671324,RECEIVED,31192ead-df59-4030-ac15-6197a1f6731e,a2c39873-4352-4436-b4b4-ea134b432635,c3,None,2249,p3,?,
1769501021.9566615,RECEIVED,7cd6761b-773f-41c8-9892-270d88190dda,62bac763-efcb-48ce-9e73-b8499dd9a9de,c1,DROP,1441,p1,?,
1769501022.042743,SENT,7cd6761b-773f-41c8-9892-270d88190dda,62bac763-efcb-48ce-9e73-b8499dd9a9de,c1,DROP,1007,?,i8,
1769501022.0427835,FORWARDED,7cd6761b-773f-41c8-9892-270d88190dda,62bac763-efcb-48ce-9e73-b8499dd9a9de,c1,DROP,1007,?,i8,
1769501022.1156938,RECEIVED,1d433380-5fa6-40c4-a763-b098d9ed5da3,5c45300f-3d67-46fb-9da4-f8a2e0f8eb4a,c3,DROP,1440,p3,?,
1769501022.216914,SENT,31192ead-df59-4030-ac15-6197a1f6731e,a2c39873-4352-4436-b4b4-ea134b432635,c3,None,1613,?,i11,
1769501022.2169588,FORWARDED,31192ead-df59-4030-ac15-6197a1f6731e,a2c39873-4352-4436-b4b4-ea134b432635,c3,None,1613,?,i11,
1769501022.2185168,RECEIVED,765a1bb0-0922-4c04-88c9-ceba5ff138ce,96d1f433-396c-4eae-9d58-70faeab67bba,c4,DROP,1444,p1,?,
1769501022.2382941,RECEIVED,171d2e03-d189-4a64-a123-5c052837ec5f,8bde2617-9283-410f-acae-6243f3bba62a,c2,DROP,1452,p2,?,
1769501022.2743433,RECEIVED,fcffc512-2fa3-42cd-8331-e3b742d47a5a,c4503a01-8e16-4679-aa63-4d327a1bcfc5,c3,None,2239,p3,?,
1769501022.288687,RECEIVED,4889fe7f-75d1-475e-bb2d-147e1159916c,1c9eaeb2-22cf-40e6-8e93-61caa3822e3f,c2,DROP,1443,p2,?,
1769501022.3049977,SENT,1d433380-5fa6-40c4-a763-b098d9ed5da3,5c45300f-3d67-46fb-9da4-f8a2e0f8eb4a,c3,DROP,1007,?,i4,
1769501022.3054287,FORWARDED,1d433380-5fa6-40c4-a763-b098d9ed5da3,5c45300f-3d67-46fb-9da4-f8a2e0f8eb4a,c3,DROP,1007,?,i4,
1769501022.3292854,SENT,4889fe7f-75d1-475e-bb2d-147e1159916c,1c9eaeb2-22cf-40e6-8e93-61caa3822e3f,c2,DROP,1011,?,i1,
1769501022.3293295,FORWARDED,4889fe7f-75d1-475e-bb2d-147e1159916c,1c9eaeb2-22cf-40e6-8e93-61caa3822e3f,c2,DROP,1011,?,i1,
1769501022.3613935,SENT,fd4d3901-936d-42f4-a161-4594d713b209,01e7b1b2-81e7-4b3e-a42c-2da8577997b3,c2,DROP,1012,?,i11,
1769501022.3614337,FORWARDED,fd4d3901-936d-42f4-a161-4594d713b209,01e7b1b2-81e7-4b3e-a42c-2da8577997b3,c2,DROP,1012,?,i11,
1769501022.3699565,SENT,171d2e03-d189-4a64-a123-5c052837ec5f,8bde2617-9283-410f-acae-6243f3bba62a,c2,DROP,1016,?,i9,
1769501022.3699992,FORWARDED,171d2e03-d189-4a64-a123-5c052837ec5f,8bde2617-9283-410f-acae-6243f3bba62a,c2,DROP,1016,?,i9,
1769501022.4575465,RECEIVED,10c0ac71-98e5-4f3c-975b-44fe522550c5,95921702-f432-4702-a8de-20f560051bed,c3,DROP,1445,p3,?,
1769501022.466773,RECEIVED,6b3fc223-4db6-455f-acad-638396e3d4bc,6fcd6740-b622-4a14-8788-16d1ec13e5f4,c3,c4,2468,p3,?,
1769501022.4761655,RECEIVED,ffe6239b-c9f5-4b4d-afa4-ed10da786e64,14181879-6b14-4cf7-b89b-1b0ca9326e7b,c3,c4,2448,p3,?,
1769501022.4906206,SENT,10c0ac71-98e5-4f3c-975b-44fe522550c5,95921702-f432-4702-a8de-20f560051bed,c3,DROP,1009,?,i9,
1769501022.4906614,FORWARDED,10c0ac71-98e5-4f3c-975b-44fe522550c5,95921702-f432-4702-a8de-20f560051bed,c3,DROP,1009,?,i9,
1769501022.5685115,SENT,ffe6239b-c9f5-4b4d-afa4-ed10da786e64,14181879-6b14-4cf7-b89b-1b0ca9326e7b,c3,c4,1763,?,i4,
1769501022.5685494,FORWARDED,ffe6239b-c9f5-4b4d-afa4-ed10da786e64,14181879-6b14-4cf7-b89b-1b0ca9326e7b,c3,c4,1763,?,i4,
1769501022.7245867,SENT,765a1bb0-0922-4c04-88c9-ceba5ff138ce,96d1f433-396c-4eae-9d58-70faeab67bba,c4,DROP,1011,?,i11,
1769501022.7246277,FORWARDED,765a1bb0-0922-4c04-88c9-ceba5ff138ce,96d1f433-396c-4eae-9d58-70faeab67bba,c4,DROP,1011,?,i11,
1769501022.773062,RECEIVED,39bbd35a-c059-4f44-b1ee-eb3e29a7e7c4,5061622a-512c-405d-b3af-3d2f197a70a0,c5,DROP,1445,p2,?,
1769501022.82751,SENT,39bbd35a-c059-4f44-b1ee-eb3e29a7e7c4,5061622a-512c-405d-b3af-3d2f197a70a0,c5,DROP,1009,?,i7,
1769501022.8275533,FORWARDED,39bbd35a-c059-4f44-b1ee-eb3e29a7e7c4,5061622a-512c-405d-b3af-3d2f197a70a0,c5,DROP,1009,?,i7,
1769501023.0330076,RECEIVED,0bfe1cc7-70a7-4dbd-b3ab-41438b3f7394,68cb2957-a235-46b8-9df8-5d490f78ce02,c3,DROP,1448,p3,?,
1769501023.0873852,SENT,6b3fc223-4db6-455f-acad-638396e3d4bc,6fcd6740-b622-4a14-8788-16d1ec13e5f4,c3,c4,1779,?,i11,
1769501023.0874255,FORWARDED,6b3fc223-4db6-455f-acad-638396e3d4bc,6fcd6740-b622-4a14-8788-16d1ec13e5f4,c3,c4,1779,?,i11,
1769501023.2352152,RECEIVED,48b050d3-31d4-4ede-9608-43e8c53bbbe2,0ed33076-82dd-4f2d-9a86-0466b4f27338,c5,DROP,1431,p2,?,
1769501023.466277,SENT,fcffc512-2fa3-42cd-8331-e3b742d47a5a,c4503a01-8e16-4679-aa63-4d327a1bcfc5,c3,None,1608,?,i2,
1769501023.46632,FORWARDED,fcffc512-2fa3-42cd-8331-e3b742d47a5a,c4503a01-8e16-4679-aa63-4d327a1bcfc5,c3,None,1608,?,i2,
1769501023.468326,RECEIVED,a2e849f0-98a8-41b7-a5fe-337d13b23205,b43db173-366f-4769-b6cf-d63f03277fcd,c2,None,2222,p2,?,
1769501023.468986,SENT,0bfe1cc7-70a7-4dbd-b3ab-41438b3f7394,68cb2957-a235-46b8-9df8-5d490f78ce02,c3,DROP,1012,?,i3,
1769501023.4690218,FORWARDED,0bfe1cc7-70a7-4dbd-b3ab-41438b3f7394,68cb2957-a235-46b8-9df8-5d490f78ce02,c3,DROP,1012,?,i3,
1769501023.518928,RECEIVED,4fa20386-8ade-4d54-9151-52a69ca407ca,ed11ffa6-65e5-4064-b675-4682ea7d2946,c3,None,2235,p3,?,
1769501023.5653157,RECEIVED,b50551d2-7bc8-42a4-beb6-ffd2bd912e87,7dca96de-624f-4249-9fe8-f5109e43db40,c5,DROP,441,x12,?,
1769501023.589666,RECEIVED,2828738b-4ad3-4717-8463-4c6389d0fa5c,8c9b4b53-4d91-42d3-8540-1f3f0895d1c1,c1,DROP,442,x12,?,
1769501023.6345026,RECEIVED,13e5e668-a402-453b-8405-fa35d3c4a623,c386d936-4af4-468c-b557-fb62ce8f43a1,c2,DROP,1447,p2,?,
1769501023.6909497,RECEIVED,ab028928-bba7-45ca-be97-84e66767b576,d8129cef-1196-4dab-aae1-692bfda9da1e,c1,c5,2469,p1,?,
1769501023.6937554,RECEIVED,dd3f8646-046b-4e5a-bfc8-2ad570c12bdf,e5c78072-e6f9-4407-a45d-c98b7787da07,c5,DROP,1440,p2,?,
1769501023.6990218,RECEIVED,ede1adc6-216e-40d9-b26c-ff7fb473e0c5,01567001-0c3a-477b-9797-a4c7ffde51cb,c3,DROP,442,x7,?,
1769501023.7200396,RECEIVED,f36167e6-cbf6-4301-83ef-b6b3bcf993fc,2486e342-c671-40e4-bdd3-4e30d16ace94,c4,c3,2449,p1,?,
1769501023.759127,RECEIVED,8b814e40-0b88-4c4c-bc72-67faef183672,e41bc1a8-13f5-4b6d-9eaa-c8234bb93873,c2,DROP,1440,p2,?,
1769501023.7850404,SENT,f36167e6-cbf6-4301-83ef-b6b3bcf993fc,2486e342-c671-40e4-bdd3-4e30d16ace94,c4,c3,1763,?,i9,
1769501023.7850912,FORWARDED,f36167e6-cbf6-4301-83ef-b6b3bcf993fc,2486e342-c671-40e4-bdd3-4e30d16ace94,c4,c3,1763,?,i9,
1769501023.8347073,SENT,8b814e40-0b88-4c4c-bc72-67faef183672,e41bc1a8-13f5-4b6d-9eaa-c8234bb93873,c2,DROP,1007,?,i4,
1769501023.8347464,FORWARDED,8b814e40-0b88-4c4c-bc72-67faef183672,e41bc1a8-13f5-4b6d-9eaa-c8234bb93873,c2,DROP,1007,?,i4,
1769501023.8465395,RECEIVED,7b4b26d7-0c92-49ee-b737-7fe02ddf8c3e,106901f1-ebad-45d0-badb-06115d58c429,c4,DROP,438,x6,?,
1769501023.852219,RECEIVED,bfb165b8-7142-4072-a763-a11556f53da3,4fee6524-a753-4e59-a277-08755daf4f01,c1,None,2242,p1,?,
1769501023.916114,SENT,bfb165b8-7142-4072-a763-a11556f53da3,4fee6524-a753-4e59-a277-08755daf4f01,c1,None,1607,?,i10,
1769501023.9161587,FORWARDED,bfb165b8-7142-4072-a763-a11556f53da3,4fee6524-a753-4e59-a277-08755daf4f01,c1,None,1607,?,i10,
1769501023.9242256,SENT,4fa20386-8ade-4d54-9151-52a69ca407ca,ed11ffa6-65e5-4064-b675-4682ea7d2946,c3,None,1604,?,i3,
1769501023.9242709,FORWARDED,4fa20386-8ade-4d54-9151-52a69ca407ca,ed11ffa6-65e5-4064-b675-4682ea7d2946,c3,None,1604,?,i3,
1769501023.9506357,SENT,dd3f8646-046b-4e5a-bfc8-2ad570c12bdf,e5c78072-e6f9-4407-a45d-c98b7787da07,c5,DROP,1007,?,i8,
1769501023.950678,FORWARDED,dd3f8646-046b-4e5a-bfc8-2ad570c12bdf,e5c78072-e6f9-4407-a45d-c98b7787da07,c5,DROP,1007,?,i8,
1769501023.9737246,SENT,ab028928-bba7-45ca-be97-84e66767b576,d8129cef-1196-4dab-aae1-692bfda9da1e,c1,c5,1777,?,i10,
1769501023.9737687,FORWARDED,ab028928-bba7-45ca-be97-84e66767b576,d8129cef-1196-4dab-aae1-692bfda9da1e,c1,c5,1777,?,i10,
1769501024.149833,SENT,48b050d3-31d4-4ede-9608-43e8c53bbbe2,0ed33076-82dd-4f2d-9a86-0466b4f27338,c5,DROP,1002,?,i7,
1769501024.1498768,FORWARDED,48b050d3-31d4-4ede-9608-43e8c53bbbe2,0ed33076-82dd-4f2d-9a86-0466b4f27338,c5,DROP,1002,?,i7,
1769501024.1642146,RECEIVED,d04df6af-9688-4539-9397-250c26552fa1,a79ebfbd-b53c-4f07-affb-fcb1588fa8eb,c3,DROP,1439,p3,?,
1769501024.3795648,SENT,13e5e668-a402-453b-8405-fa35d3c4a623,c386d936-4af4-468c-b557-fb62ce8f43a1,c2,DROP,1012,?,i1,
1769501024.3796184,FORWARDED,13e5e668-a402-453b-8405-fa35d3c4a623,c386d936-4af4-468c-b557-fb62ce8f43a1,c2,DROP,1012,?,i1,
1769501024.4041986,RECEIVED,f511da9a-0095-4769-9f4d-8b8c194d0c6b,ebc29074-5fbe-4cb5-bbd1-c9502f32a9e3,c5,DROP,1440,p2,?,
1769501024.528004,SENT,d04df6af-9688-4539-9397-250c26552fa1,a79ebfbd-b53c-4f07-affb-fcb1588fa8eb,c3,DROP,1007,?,i3,
1769501024.5280597,FORWARDED,d04df6af-9688-4539-9397-250c26552fa1,a79ebfbd-b53c-4f07-affb-fcb1588fa8eb,c3,DROP,1007,?,i3,
1769501024.5990305,RECEIVED,b6ed5c7f-fff7-4e66-b440-a754183c7468,1efe77fc-3495-453b-b06c-b52c8d2ad44e,c1,DROP,1439,p1,?,
1769501024.6954136,RECEIVED,c29989be-79e3-411e-af2c-61d0e0f6c11a,34011988-59b2-4324-9df7-47bde9611754,c3,DROP,1441,p3,?,
1769501024.7603045,SENT,f511da9a-0095-4769-9f4d-8b8c194d0c6b,ebc29074-5fbe-4cb5-bbd1-c9502f32a9e3,c5,DROP,1007,?,i11,
1769501024.7603467,FORWARDED,f511da9a-0095-4769-9f4d-8b8c194d0c6b,ebc29074-5fbe-4cb5-bbd1-c9502f32a9e3,c5,DROP,1007,?,i11,
1769501024.7894459,RECEIVED,cf298206-9de5-4378-86ee-25e328930101,90e7311a-e4a7-4a12-9ec2-f26c41fda0cc,c3,c4,2463,p3,?,
1769501024.8447232,SENT,c29989be-79e3-411e-af2c-61d0e0f6c11a,34011988-59b2-4324-9df7-47bde9611754,c3,DROP,1007,?,i10,
1769501024.8447645,FORWARDED,c29989be-79e3-411e-af2c-61d0e0f6c11a,34011988-59b2-4324-9df7-47bde9611754,c3,DROP,1007,?,i10,
1769501024.9710422,RECEIVED,6d432556-64ac-42c4-ad29-d7a86e2e0b66,850e3096-fe00-4270-b3fe-d7bac79a982b,c3,DROP,1440,p3,?,
1769501025.0504072,SENT,6d432556-64ac-42c4-ad29-d7a86e2e0b66,850e3096-fe00-4270-b3fe-d7bac79a982b,c3,DROP,1007,?,i3,
1769501025.0504487,FORWARDED,6d432556-64ac-42c4-ad29-d7a86e2e0b66,850e3096-fe00-4270-b3fe-d7bac79a982b,c3,DROP,1007,?,i3,
1769501025.0856016,SENT,b6ed5c7f-fff7-4e66-b440-a754183c7468,1efe77fc-3495-453b-b06c-b52c8d2ad44e,c1,DROP,1008,?,i8,
1769501025.085644,FORWARDED,b6ed5c7f-fff7-4e66-b440-a754183c7468,1efe77fc-3495-453b-b06c-b52c8d2ad44e,c1,DROP,1008,?,i8,
1769501025.1544375,RECEIVED,f7e773eb-542b-459c-8d9a-efbb88dc8e87,5ed6124f-3370-48dc-ba2f-23b5f93833d0,c2,c1,2447,p2,?,
1769501025.1612124,RECEIVED,32e486d7-1830-4802-a6eb-9e11dfcf8852,3016e57f-80c5-4e93-abf6-bbaa71f93530,c2,DROP,442,x4,?,
1769501025.2309399,RECEIVED,0fbfd6fe-074f-45f9-b110-a58ad4494b21,e2bc1846-7f79-42b5-bbdc-d670f253b6ef,c5,c2,2463,p2,?,
1769501025.2403286,SENT,cf298206-9de5-4378-86ee-25e328930101,90e7311a-e4a7-4a12-9ec2-f26c41fda0cc,c3,c4,1775,?,i2,
1769501025.2403736,FORWARDED,cf298206-9de5-4378-86ee-25e328930101,90e7311a-e4a7-4a12-9ec2-f26c41fda0cc,c3,c4,1775,?,i2,
1769501025.4010894,RECEIVED,e9498677-a300-4c3e-ac5d-63277b8c552f,03222291-3845-4209-b46f-3d6bed27dac0,c1,DROP,1451,p1,?,
1769501025.501226,RECEIVED,af934b58-26a4-4013-829f-65fe273fae38,09926d89-8ef2-47e7-a6af-453a05823321,c3,DROP,442,x9,?,
1769501025.7510128,RECEIVED,376414fb-91ba-4662-8568-89e5b5d5eb2a,6b2b09e9-e5cd-4816-bd15-7e2983979d04,c3,DROP,1452,p3,?,
1769501025.8396025,RECEIVED,5a9a3cca-ea8a-45f2-8109-9d8ade031594,c96ac221-b5d4-40be-9393-5761b075b0a7,c3,DROP,1440,p3,?,
1769501025.8611877,RECEIVED,cbe600c7-9130-4391-bc12-5725f18a7247,d8377dd9-25c4-4cb1-b213-20db51cddce0,c5,DROP,1439,p2,?,
1769501026.130947,SENT,a2e849f0-98a8-41b7-a5fe-337d13b23205,b43db173-366f-4769-b6cf-d63f03277fcd,c2,None,1596,?,i7,
1769501026.1309905,FORWARDED,a2e849f0-98a8-41b7-a5fe-337d13b23205,b43db173-366f-4769-b6cf-d63f03277fcd,c2,None,1596,?,i7,
1769501026.1548116,SENT,e9498677-a300-4c3e-ac5d-63277b8c552f,03222291-3845-4209-b46f-3d6bed27dac0,c1,DROP,1015,?,i3,
1769501026.1548498,FORWARDED,e9498677-a300-4c3e-ac5d-63277b8c552f,03222291-3845-4209-b46f-3d6bed27dac0,c1,DROP,1015,?,i3,
1769501026.2290816,SENT,0fbfd6fe-074f-45f9-b110-a58ad4494b21,e2bc1846-7f79-42b5-bbdc-d670f253b6ef,c5,c2,1775,?,i2,
1769501026.2291245,FORWARDED,0fbfd6fe-074f-45f9-b110-a58ad4494b21,e2bc1846-7f79-42b5-bbdc-d670f253b6ef,c5,c2,1775,?,i2,
1769501026.3546424,RECEIVED,1239022a-6101-466f-aaa9-2ac09d4f0951,2221cd0c-299c-4e83-bbcc-1314bd936b83,c4,c3,2472,p1,?,
1769501026.402812,SENT,cbe600c7-9130-4391-bc12-5725f18a7247,d8377dd9-25c4-4cb1-b213-20db51cddce0,c5,DROP,1007,?,i6,
1769501026.4028554,FORWARDED,cbe600c7-9130-4391-bc12-5725f18a7247,d8377dd9-25c4-4cb1-b213-20db51cddce0,c5,DROP,1007,?,i6,
1769501026.4322274,SENT,5a9a3cca-ea8a-45f2-8109-9d8ade031594,c96ac221-b5d4-40be-9393-5761b075b0a7,c3,DROP,1007,?,i12,
1769501026.4322674,FORWARDED,5a9a3cca-ea8a-45f2-8109-9d8ade031594,c96ac221-b5d4-40be-9393-5761b075b0a7,c3,DROP,1007,?,i12,
1769501026.451704,SENT,1239022a-6101-466f-aaa9-2ac09d4f0951,2221cd0c-299c-4e83-bbcc-1314bd936b83,c4,c3,1780,?,i3,
1769501026.4517417,FORWARDED,1239022a-6101-466f-aaa9-2ac09d4f0951,2221cd0c-299c-4e83-bbcc-1314bd936b83,c4,c3,1780,?,i3,
1769501026.5325072,RECEIVED,bd150cf1-d4bf-45c3-8a13-261e599ac75e,fddcc02a-1505-4267-8a21-692ef1bf375e,c1,DROP,1448,p1,?,
1769501026.61713,SENT,f7e773eb-542b-459c-8d9a-efbb88dc8e87,5ed6124f-3370-48dc-ba2f-23b5f93833d0,c2,c1,1763,?,i9,
1769501026.6171715,FORWARDED,f7e773eb-542b-459c-8d9a-efbb88dc8e87,5ed6124f-3370-48dc-ba2f-23b5f93833d0,c2,c1,1763,?,i9,
1769501026.7077734,RECEIVED,d3aaf8ff-b0bc-487d-bbe6-21d66f27cd99,c286ee15-99c3-4ce8-a421-78e9cea2965f,c4,None,2231,p1,?,
1769501026.7707853,RECEIVED,1936a32b-0b79-4413-8032-27f001c6c200,790195d9-37ad-46d8-97bc-001dff7e1289,c1,DROP,1453,p1,?,
1769501026.7923887,RECEIVED,8bfc3ac1-7cd5-41db-ba75-2f98207a90c2,dd966660-b127-4e9c-9f19-3c8d25451a6f,c3,c4,2450,p3,?,
1769501026.8220994,SENT,8bfc3ac1-7cd5-41db-ba75-2f98207a90c2,dd966660-b127-4e9c-9f19-3c8d25451a6f,c3,c4,1762,?,i7,
1769501026.8221426,FORWARDED,8bfc3ac1-7cd5-41db-ba75-2f98207a90c2,dd966660-b127-4e9c-9f19-3c8d25451a6f,c3,c4,1762,?,i7,
1769501026.8737252,SENT,1936a32b-0b79-4413-8032-27f001c6c200,790195d9-37ad-46d8-97bc-001dff7e1289,c1,DROP,1016,?,i12,
1769501026.873767,FORWARDED,1936a32b-0b79-4413-8032-27f001c6c200,790195d9-37ad-46d8-97bc-001dff7e1289,c1,DROP,1016,?,i12,
1769501026.9635313,SENT,376414fb-91ba-4662-8568-89e5b5d5eb2a,6b2b09e9-e5cd-4816-bd15-7e2983979d04,c3,DROP,1015,?,i11,
1769501026.9635758,FORWARDED,376414fb-91ba-4662-8568-89e5b5d5eb2a,6b2b09e9-e5cd-4816-bd15-7e2983979d04,c3,DROP,1015,?,i11,
1769501026.9931264,RECEIVED,c14a1bb1-da3b-495e-b51a-150f607c33e1,0485ed36-95e4-4b70-a2ed-a581ef33b6aa,c5,None,2228,p2,?,
1769501027.019251,SENT,bd150cf1-d4bf-45c3-8a13-261e599ac75e,fddcc02a-1505-4267-8a21-692ef1bf375e,c1,DROP,1014,?,i6,
1769501027.0192916,FORWARDED,bd150cf1-d4bf-45c3-8a13-261e599ac75e,fddcc02a-1505-4267-8a21-692ef1bf375e,c1,DROP,1014,?,i6,
1769501027.211599,SENT,c14a1bb1-da3b-495e-b51a-150f607c33e1,0485ed36-95e4-4b70-a2ed-a581ef33b6aa,c5,None,1598,?,i6,
1769501027.2116559,FORWARDED,c14a1bb1-da3b-495e-b51a-150f607c33e1,0485ed36-95e4-4b70-a2ed-a581ef33b6aa,c5,None,1598,?,i6,
1769501027.2282088,RECEIVED,86a9be43-2bf1-40f5-b360-6ff720dcc223,4a7371b6-3d4e-4e62-8e23-83db6b51d0eb,c2,None,2231,p2,?,
1769501027.2807434,SENT,d3aaf8ff-b0bc-487d-bbe6-21d66f27cd99,c286ee15-99c3-4ce8-a421-78e9cea2965f,c4,None,1600,?,i5,
1769501027.2807984,FORWARDED,d3aaf8ff-b0bc-487d-bbe6-21d66f27cd99,c286ee15-99c3-4ce8-a421-78e9cea2965f,c4,None,1600,?,i5,
1769501027.3410704,RECEIVED,b1b82766-d3f1-49a7-b16f-539efc8b41ee,ff4c6a3e-c4a9-4122-8f95-2b481ea90e52,c1,DROP,1465,p1,?,
1769501027.4317317,RECEIVED,12311c08-69af-4857-bc62-b2ef68a547e6,38bc55d6-70b0-4caa-b8e8-4d9938661831,c4,c3,2463,p1,?,
1769501027.4776073,SENT,b1b82766-d3f1-49a7-b16f-539efc8b41ee,ff4c6a3e-c4a9-4122-8f95-2b481ea90e52,c1,DROP,1024,?,i10,
1769501027.4776502,FORWARDED,b1b82766-d3f1-49a7-b16f-539efc8b41ee,ff4c6a3e-c4a9-4122-8f95-2b481ea90e52,c1,DROP,1024,?,i10,
1769501027.5166986,RECEIVED,89ba4605-d468-46c0-94e1-9df26453a69d,cc305089-96b2-44bb-87bb-e7c0b715fb88,c4,DROP,1439,p1,?,
1769501027.536732,SENT,86a9be43-2bf1-40f5-b360-6ff720dcc223,4a7371b6-3d4e-4e62-8e23-83db6b51d0eb,c2,None,1600,?,i5,
1769501027.536774,FORWARDED,86a9be43-2bf1-40f5-b360-6ff720dcc223,4a7371b6-3d4e-4e62-8e23-83db6b51d0eb,c2,None,1600,?,i5,
1769501027.6451542,RECEIVED,7831a91f-72c8-49e4-82ba-87ed7579dbd0,bc4fc960-4464-46f1-995b-993258acbb83,c1,None,2235,p1,?,
1769501027.685759,RECEIVED,6d276325-e9b1-4c4c-a7e2-b0501ae91b6d,f160f220-99f1-4a80-8338-11fb63c7209e,c3,DROP,1451,p3,?,
1769501027.7028427,RECEIVED,6d9c3669-6bf2-41a3-abbd-c623b29b8bef,e3dc4b9c-633d-4800-bf0d-6a13c9c4469c,c1,DROP,1441,p1,?,
1769501027.7168965,RECEIVED,1f05c479-2c34-4aaf-83cb-a866374c8b3b,197cc861-d5ab-42d5-9c48-20e19d80afc4,c5,c2,2477,p2,?,
1769501027.753137,SENT,1f05c479-2c34-4aaf-83cb-a866374c8b3b,197cc861-d5ab-42d5-9c48-20e19d80afc4,c5,c2,1784,?,i11,
1769501027.7531788,FORWARDED,1f05c479-2c34-4aaf-83cb-a866374c8b3b,197cc861-d5ab-42d5-9c48-20e19d80afc4,c5,c2,1784,?,i11,
1769501027.8400161,RECEIVED,1b705d79-e972-4671-b64a-7f4d0e6e36ea,0ccc859f-f3a4-4a07-8ca0-f86fdfd3320d,c3,None,2235,p3,?,
1769501027.85386,SENT,6d276325-e9b1-4c4c-a7e2-b0501ae91b6d,f160f220-99f1-4a80-8338-11fb63c7209e,c3,DROP,1015,?,i5,
1769501027.8538992,FORWARDED,6d276325-e9b1-4c4c-a7e2-b0501ae91b6d,f160f220-99f1-4a80-8338-11fb63c7209e,c3,DROP,1015,?,i5,
1769501028.0445974,RECEIVED,62db37ea-c12b-4053-b64f-16bb1c41dde6,13ab0301-a563-4c28-a26c-05bf92836bb9,c4,None,2227,p1,?,
1769501028.0496762,RECEIVED,a6084f72-1a67-45ad-ad7c-3cea0fbaa3e8,b7f4765b-8fed-45f4-8e61-33bb097f81b6,c1,DROP,1451,p1,?,
1769501028.0745373,SENT,1b705d79-e972-4671-b64a-7f4d0e6e36ea,0ccc859f-f3a4-4a07-8ca0-f86fdfd3320d,c3,None,1604,?,i7,
1769501028.074575,FORWARDED,1b705d79-e972-4671-b64a-7f4d0e6e36ea,0ccc859f-f3a4-4a07-8ca0-f86fdfd3320d,c3,None,1604,?,i7,
1769501028.0764363,RECEIVED,5d69c3b7-a6d9-4999-b62a-f928bc031fda,eab9e81b-a599-40ff-a285-5e9bbc1fe497,c3,DROP,1452,p3,?,
1769501028.1176457,SENT,6d9c3669-6bf2-41a3-abbd-c623b29b8bef,e3dc4b9c-633d-4800-bf0d-6a13c9c4469c,c1,DROP,1007,?,i11,
1769501028.1176898,FORWARDED,6d9c3669-6bf2-41a3-abbd-c623b29b8bef,e3dc4b9c-633d-4800-bf0d-6a13c9c4469c,c1,DROP,1007,?,i11,
1769501028.1376185,SENT,12311c08-69af-4857-bc62-b2ef68a547e6,38bc55d6-70b0-4caa-b8e8-4d9938661831,c4,c3,1775,?,i2,
1769501028.137662,FORWARDED,12311c08-69af-4857-bc62-b2ef68a547e6,38bc55d6-70b0-4caa-b8e8-4d9938661831,c4,c3,1775,?,i2,
1769501028.1885016,RECEIVED,5dea40af-9ac7-4ec6-b959-0f3468585d85,be7159ad-3649-431a-9558-9a5bcb9bd497,c3,DROP,1461,p3,?,
1769501028.2018807,SENT,5d69c3b7-a6d9-4999-b62a-f928bc031fda,eab9e81b-a599-40ff-a285-5e9bbc1fe497,c3,DROP,1015,?,i9,
1769501028.2019236,FORWARDED,5d69c3b7-a6d9-4999-b62a-f928bc031fda,eab9e81b-a599-40ff-a285-5e9bbc1fe497,c3,DROP,1015,?,i9,
1769501028.3048162,RECEIVED,5c41add2-6fc4-48c5-b414-8040a3e2f8b1,75713ae3-04e1-4038-a2b4-b976181345e5,c5,DROP,1455,p2,?,
1769501028.307063,RECEIVED,18b55c91-88d9-44ee-b98f-e7ec5af1f7b5,4f4e7e1f-713b-466d-bbeb-42535f90a9be,c2,None,2239,p2,?,
1769501028.3342474,SENT,89ba4605-d468-46c0-94e1-9df26453a69d,cc305089-96b2-44bb-87bb-e7c0b715fb88,c4,DROP,1006,?,i5,
1769501028.3342917,FORWARDED,89ba4605-d468-46c0-94e1-9df26453a69d,cc305089-96b2-44bb-87bb-e7c0b715fb88,c4,DROP,1006,?,i5,
1769501028.3383267,RECEIVED,2ba51fb6-86ae-4e55-825f-f4b563d97d03,f0cab798-2061-4b87-a424-4ce22acb0d49,c1,DROP,1442,p1,?,
1769501028.4384813,SENT,2ba51fb6-86ae-4e55-825f-f4b563d97d03,f0cab798-2061-4b87-a424-4ce22acb0d49,c1,DROP,1007,?,i12,
1769501028.4385166,FORWARDED,2ba51fb6-86ae-4e55-825f-f4b563d97d03,f0cab798-2061-4b87-a424-4ce22acb0d49,c1,DROP,1007,?,i12,
1769501028.5209055,RECEIVED,c2f8e0f9-a6e3-4b06-93e9-b9c7876fd796,595c2514-2e2e-46ed-91bb-b05e1d6153e7,c1,c5,2447,p1,?,
1769501028.5924075,RECEIVED,924aa46b-c506-4177-954d-c270f2a5a4a7,fd3a6163-d0b4-4604-b9c2-935c53d307b1,c2,DROP,1456,p2,?,
1769501028.5930176,SENT,a6084f72-1a67-45ad-ad7c-3cea0fbaa3e8,b7f4765b-8fed-45f4-8e61-33bb097f81b6,c1,DROP,1016,?,i2,
1769501028.5932083,FORWARDED,a6084f72-1a67-45ad-ad7c-3cea0fbaa3e8,b7f4765b-8fed-45f4-8e61-33bb097f81b6,c1,DROP,1016,?,i2,
1769501028.6204267,SENT,5dea40af-9ac7-4ec6-b959-0f3468585d85,be7159ad-3649-431a-9558-9a5bcb9bd497,c3,DROP,1023,?,i11,
1769501028.620474,FORWARDED,5dea40af-9ac7-4ec6-b959-0f3468585d85,be7159ad-3649-431a-9558-9a5bcb9bd497,c3,DROP,1023,?,i11,
1769501028.6618087,SENT,62db37ea-c12b-4053-b64f-16bb1c41dde6,13ab0301-a563-4c28-a26c-05bf92836bb9,c4,None,1599,?,i6,
1769501028.6618495,FORWARDED,62db37ea-c12b-4053-b64f-16bb1c41dde6,13ab0301-a563-4c28-a26c-05bf92836bb9,c4,None,1599,?,i6,
1769501028.7542777,RECEIVED,b74339bd-04ef-4344-a7db-04567f067c58,f65ee2c9-9e82-4d13-af15-53f616fefd05,c4,DROP,1453,p1,?,
1769501028.8272753,RECEIVED,d9f00da9-0d4c-471e-9f15-879b8278d200,5cfda72f-b871-4674-92ee-a37ad6b586e0,c4,c3,2452,p1,?,
1769501028.8762949,SENT,b74339bd-04ef-4344-a7db-04567f067c58,f65ee2c9-9e82-4d13-af15-53f616fefd05,c4,DROP,1015,?,i11,
1769501028.8763347,FORWARDED,b74339bd-04ef-4344-a7db-04567f067c58,f65ee2c9-9e82-4d13-af15-53f616fefd05,c4,DROP,1015,?,i11,
1769501028.8935242,RECEIVED,4dccc9f5-df28-491e-9e43-b495df73b9d2,6c0ef479-651d-4cce-a448-9cf5ab28d908,c4,None,2232,p1,?,
1769501028.9127536,SENT,d9f00da9-0d4c-471e-9f15-879b8278d200,5cfda72f-b871-4674-92ee-a37ad6b586e0,c4,c3,1767,?,i12,
1769501028.9127948,FORWARDED,d9f00da9-0d4c-471e-9f15-879b8278d200,5cfda72f-b871-4674-92ee-a37ad6b586e0,c4,c3,1767,?,i12,
1769501028.9367929,SENT,4dccc9f5-df28-491e-9e43-b495df73b9d2,6c0ef479-651d-4cce-a448-9cf5ab28d908,c4,None,1601,?,i7,
1769501028.936838,FORWARDED,4dccc9f5-df28-491e-9e43-b495df73b9d2,6c0ef479-651d-4cce-a448-9cf5ab28d908,c4,None,1601,?,i7,
1769501028.987078,SENT,5c41add2-6fc4-48c5-b414-8040a3e2f8b1,75713ae3-04e1-4038-a2b4-b976181345e5,c5,DROP,1020,?,i7,
1769501028.9871173,FORWARDED,5c41add2-6fc4-48c5-b414-8040a3e2f8b1,75713ae3-04e1-4038-a2b4-b976181345e5,c5,DROP,1020,?,i7,
1769501029.2835846,RECEIVED,21c90cda-ee7f-4bcd-b1f6-b5aaa39e6214,aa252594-d26e-41e4-88ee-82e08f3158ea,c1,DROP,1454,p1,?,
1769501029.285688,SENT,18b55c91-88d9-44ee-b98f-e7ec5af1f7b5,4f4e7e1f-713b-466d-bbeb-42535f90a9be,c2,None,1608,?,i3,
1769501029.2857316,FORWARDED,18b55c91-88d9-44ee-b98f-e7ec5af1f7b5,4f4e7e1f-713b-466d-bbeb-42535f90a9be,c2,None,1608,?,i3,
1769501029.2958663,SENT,c2f8e0f9-a6e3-4b06-93e9-b9c7876fd796,595c2514-2e2e-46ed-91bb-b05e1d6153e7,c1,c5,1763,?,i3,
1769501029.2959077,FORWARDED,c2f8e0f9-a6e3-4b06-93e9-b9c7876fd796,595c2514-2e2e-46ed-91bb-b05e1d6153e7,c1,c5,1763,?,i3,
1769501029.3174329,SENT,7831a91f-72c8-49e4-82ba-87ed7579dbd0,bc4fc960-4464-46f1-995b-993258acbb83,c1,None,1603,?,i1,
1769501029.3174753,FORWARDED,7831a91f-72c8-49e4-82ba-87ed7579dbd0,bc4fc960-4464-46f1-995b-993258acbb83,c1,None,1603,?,i1,
1769501029.3440042,SENT,21c90cda-ee7f-4bcd-b1f6-b5aaa39e6214,aa252594-d26e-41e4-88ee-82e08f3158ea,c1,DROP,1017,?,i10,
1769501029.34406,FORWARDED,21c90cda-ee7f-4bcd-b1f6-b5aaa39e6214,aa252594-d26e-41e4-88ee-82e08f3158ea,c1,DROP,1017,?,i10,
1769501029.4487462,SENT,924aa46b-c506-4177-954d-c270f2a5a4a7,fd3a6163-d0b4-4604-b9c2-935c53d307b1,c2,DROP,1020,?,i11,
1769501029.448789,FORWARDED,924aa46b-c506-4177-954d-c270f2a5a4a7,fd3a6163-d0b4-4604-b9c2-935c53d307b1,c2,DROP,1020,?,i11,
1769501029.4671109,RECEIVED,f1cfc16f-7e90-442a-9c9b-1b13f4f751e9,8d466b96-6422-4214-8d70-10cef04c7098,c1,DROP,1452,p1,?,
1769501029.4744685,RECEIVED,19f54ec6-fe31-48a7-81a7-59049f8b2a8b,ff13cd10-09f3-49f8-98dd-f634bca72383,c4,DROP,1452,p1,?,
1769501029.4997475,SENT,f1cfc16f-7e90-442a-9c9b-1b13f4f751e9,8d466b96-6422-4214-8d70-10cef04c7098,c1,DROP,1016,?,i4,
1769501029.4997988,FORWARDED,f1cfc16f-7e90-442a-9c9b-1b13f4f751e9,8d466b96-6422-4214-8d70-10cef04c7098,c1,DROP,1016,?,i4,
1769501029.5341115,RECEIVED,faeab6f2-b09f-478c-a68e-577dff61ae92,d46731b2-baca-42c6-8d36-6cfa39b5caf8,c5,c2,2464,p2,?,
1769501029.6498342,SENT,19f54ec6-fe31-48a7-81a7-59049f8b2a8b,ff13cd10-09f3-49f8-98dd-f634bca72383,c4,DROP,1015,?,i9,
1769501029.6498704,FORWARDED,19f54ec6-fe31-48a7-81a7-59049f8b2a8b,ff13cd10-09f3-49f8-98dd-f634bca72383,c4,DROP,1015,?,i9,
1769501029.6565986,SENT,faeab6f2-b09f-478c-a68e-577dff61ae92,d46731b2-baca-42c6-8d36-6cfa39b5caf8,c5,c2,1775,?,i5,
1769501029.6566408,FORWARDED,faeab6f2-b09f-478c-a68e-577dff61ae92,d46731b2-baca-42c6-8d36-6cfa39b5caf8,c5,c2,1775,?,i5,
1769501029.7487762,RECEIVED,2b6a7902-dce2-496a-a6b8-a1539dab6685,fc750207-058f-4af5-b27a-e914014006e8,c5,c2,2476,p2,?,
1769501029.8809154,RECEIVED,144221a6-412e-4b89-bcd9-cf50aeaccd50,ed83fb21-c3d0-4d83-ab38-2c0be98411c0,c5,c2,2476,p2,?,
1769501029.8976622,RECEIVED,52f2d745-a1b9-4302-86c0-5f08beb655de,1174e5a8-84f9-4df1-bfda-1aa674b72181,c1,DROP,1445,p1,?,
1769501029.959366,SENT,52f2d745-a1b9-4302-86c0-5f08beb655de,1174e5a8-84f9-4df1-bfda-1aa674b72181,c1,DROP,1010,?,i4,
1769501029.9594085,FORWARDED,52f2d745-a1b9-4302-86c0-5f08beb655de,1174e5a8-84f9-4df1-bfda-1aa674b72181,c1,DROP,1010,?,i4,
1769501030.097226,SENT,144221a6-412e-4b89-bcd9-cf50aeaccd50,ed83fb21-c3d0-4d83-ab38-2c0be98411c0,c5,c2,1785,?,i9,
1769501030.0972688,FORWARDED,144221a6-412e-4b89-bcd9-cf50aeaccd50,ed83fb21-c3d0-4d83-ab38-2c0be98411c0,c5,c2,1785,?,i9,
1769501030.210453,RECEIVED,1a15e437-7ad6-4b31-83e2-fef79e7b802e,50691cb7-131b-4867-a15d-da91a74bd702,c5,DROP,1438,p2,?,
1769501030.3592403,RECEIVED,a05688a6-d8a6-408d-a452-41f51d0a118c,84d58610-8617-4cad-99f4-e0ed9a79d0ce,c3,c4,2447,p3,?,
1769501030.374438,SENT,2b6a7902-dce2-496a-a6b8-a1539dab6685,fc750207-058f-4af5-b27a-e914014006e8,c5,c2,1784,?,i12,
1769501030.3744762,FORWARDED,2b6a7902-dce2-496a-a6b8-a1539dab6685,fc750207-058f-4af5-b27a-e914014006e8,c5,c2,1784,?,i12,
1769501030.4485297,RECEIVED,367e3f31-3d23-4bde-8964-7d5632ee47a2,15026794-dd4d-46c6-835e-a4bb96b87db1,c2,DROP,1440,p2,?,
1769501030.6181526,RECEIVED,2277ea15-af1b-4106-ab8d-cbebab79bbb9,00bb3b4b-f294-4812-b3e8-0e0950751a48,c5,DROP,1449,p2,?,
1769501030.7939527,RECEIVED,37778153-7e41-40f5-9050-607e8928d294,ad526a01-e490-4814-a254-87be1f6d7900,c1,DROP,1451,p1,?,
1769501031.0254836,RECEIVED,1eef6cb9-e6ea-468c-af2c-2680132b0863,b38b5bd8-b123-4a55-a169-a80e003c580f,c4,DROP,1448,p1,?,
1769501031.0370026,SENT,2277ea15-af1b-4106-ab8d-cbebab79bbb9,00bb3b4b-f294-4812-b3e8-0e0950751a48,c5,DROP,1012,?,i10,
1769501031.0370739,FORWARDED,2277ea15-af1b-4106-ab8d-cbebab79bbb9,00bb3b4b-f294-4812-b3e8-0e0950751a48,c5,DROP,1012,?,i10,
1769501031.0910952,SENT,1eef6cb9-e6ea-468c-af2c-2680132b0863,b38b5bd8-b123-4a55-a169-a80e003c580f,c4,DROP,1012,?,i1,
1769501031.0911405,FORWARDED,1eef6cb9-e6ea-468c-af2c-2680132b0863,b38b5bd8-b123-4a55-a169-a80e003c580f,c4,DROP,1012,?,i1,
1769501031.267425,RECEIVED,60041465-f67f-4f43-adc6-6378cce02083,ab446faf-3f32-48d7-8996-57d3fd7fa6ea,c4,DROP,1455,p1,?,
1769501031.3446174,RECEIVED,d8519f99-d96f-49f0-b359-fe6d7819df61,ece63166-7127-4774-bc05-c2a163c89bd9,c4,DROP,1447,p1,?,
1769501031.44329,RECEIVED,b2c34844-01cc-4fb6-b51f-309d9ceaf742,34b2337c-1578-4e53-abfd-49f6ba266e2c,c1,DROP,443,x5,?,
1769501031.4899156,SENT,a05688a6-d8a6-408d-a452-41f51d0a118c,84d58610-8617-4cad-99f4-e0ed9a79d0ce,c3,c4,1764,?,i3,
1769501031.4899583,FORWARDED,a05688a6-d8a6-408d-a452-41f51d0a118c,84d58610-8617-4cad-99f4-e0ed9a79d0ce,c3,c4,1764,?,i3,
1769501031.5887759,RECEIVED,4ec4d070-bf69-4554-90ca-1c2c766d6eca,6fbdbf98-2b16-46aa-8959-a3f85395ba80,c1,DROP,1438,p1,?,
1769501031.706849,SENT,367e3f31-3d23-4bde-8964-7d5632ee47a2,15026794-dd4d-46c6-835e-a4bb96b87db1,c2,DROP,1008,?,i11,
1769501031.7068973,FORWARDED,367e3f31-3d23-4bde-8964-7d5632ee47a2,15026794-dd4d-46c6-835e-a4bb96b87db1,c2,DROP,1008,?,i11,
1769501031.7657835,RECEIVED,923ae1f2-1ef7-4561-8908-9d2df073cc5a,5f1ea23d-de8a-4d3a-b00b-85979695c84c,c1,DROP,1445,p1,?,
1769501031.784017,SENT,37778153-7e41-40f5-9050-607e8928d294,ad526a01-e490-4814-a254-87be1f6d7900,c1,DROP,1016,?,i4,
1769501031.7840674,FORWARDED,37778153-7e41-40f5-9050-607e8928d294,ad526a01-e490-4814-a254-87be1f6d7900,c1,DROP,1016,?,i4,
1769501031.7866287,RECEIVED,8fa5d4bc-08c8-4ae7-8f6c-fbb01b0e4eec,d0bf9947-2d09-4f43-a88e-76108f5c527f,c3,DROP,1447,p3,?,
1769501031.8093724,RECEIVED,463ba6ce-35bc-4338-aa16-7ea543a35558,c0afa95a-3935-472c-9037-d05cbf057b34,c4,DROP,442,x7,?,
1769501031.9242184,SENT,d8519f99-d96f-49f0-b359-fe6d7819df61,ece63166-7127-4774-bc05-c2a163c89bd9,c4,DROP,1012,?,i6,
1769501031.9242592,FORWARDED,d8519f99-d96f-49f0-b359-fe6d7819df61,ece63166-7127-4774-bc05-c2a163c89bd9,c4,DROP,1012,?,i6,
1769501031.941149,RECEIVED,a780db64-7da8-4116-9368-2197ca91e266,15b8dc44-78bb-4919-a2cb-94be56e7deb2,c3,DROP,442,x1,?,
1769501031.9841058,RECEIVED,485847ee-df76-4e66-bee0-e7444a33a29e,fa72cb44-2c00-4863-a7a8-704de29d52b2,c4,c3,2463,p1,?,
1769501032.019355,RECEIVED,234c7025-6d2a-4e39-b601-528d7912ace7,2ad4e161-536c-43d4-b83a-ba50328673c7,c1,DROP,1439,p1,?,
1769501032.162533,SENT,923ae1f2-1ef7-4561-8908-9d2df073cc5a,5f1ea23d-de8a-4d3a-b00b-85979695c84c,c1,DROP,1009,?,i12,
1769501032.1625717,FORWARDED,923ae1f2-1ef7-4561-8908-9d2df073cc5a,5f1ea23d-de8a-4d3a-b00b-85979695c84c,c1,DROP,1009,?,i12,
1769501032.18601,SENT,485847ee-df76-4e66-bee0-e7444a33a29e,fa72cb44-2c00-4863-a7a8-704de29d52b2,c4,c3,1775,?,i1,
1769501032.1860619,FORWARDED,485847ee-df76-4e66-bee0-e7444a33a29e,fa72cb44-2c00-4863-a7a8-704de29d52b2,c4,c3,1775,?,i1,
1769501032.2957962,SENT,234c7025-6d2a-4e39-b601-528d7912ace7,2ad4e161-536c-43d4-b83a-ba50328673c7,c1,DROP,1007,?,i12,
1769501032.2958393,FORWARDED,234c7025-6d2a-4e39-b601-528d7912ace7,2ad4e161-536c-43d4-b83a-ba50328673c7,c1,DROP,1007,?,i12,
1769501032.3089767,RECEIVED,7624df5f-121b-4ccf-930e-82ad089517be,200d02b2-c18e-42a6-906d-da9ab5c9c422,c3,DROP,1449,p3,?,
1769501032.32699,SENT,7624df5f-121b-4ccf-930e-82ad089517be,200d02b2-c18e-42a6-906d-da9ab5c9c422,c3,DROP,1013,?,i2,
1769501032.327033,FORWARDED,7624df5f-121b-4ccf-930e-82ad089517be,200d02b2-c18e-42a6-906d-da9ab5c9c422,c3,DROP,1013,?,i2,
1769501032.4172304,SENT,1a15e437-7ad6-4b31-83e2-fef79e7b802e,50691cb7-131b-4867-a15d-da91a74bd702,c5,DROP,1007,?,i11,
1769501032.417273,FORWARDED,1a15e437-7ad6-4b31-83e2-fef79e7b802e,50691cb7-131b-4867-a15d-da91a74bd702,c5,DROP,1007,?,i11,
1769501032.4496698,SENT,4ec4d070-bf69-4554-90ca-1c2c766d6eca,6fbdbf98-2b16-46aa-8959-a3f85395ba80,c1,DROP,1007,?,i6,
1769501032.4497118,FORWARDED,4ec4d070-bf69-4554-90ca-1c2c766d6eca,6fbdbf98-2b16-46aa-8959-a3f85395ba80,c1,DROP,1007,?,i6,
1769501032.4673293,RECEIVED,5ca1255d-995c-49a1-b2b1-c16e0014a368,e5d276d8-8e85-43f9-8360-951ba3ebf4b2,c5,c2,2459,p2,?,
1769501032.509501,RECEIVED,b0816f3d-d146-4463-89eb-a38121fa79b1,658c5ba0-87e9-4b35-a04f-6c0203764724,c5,DROP,1440,p2,?,
1769501032.617507,SENT,60041465-f67f-4f43-adc6-6378cce02083,ab446faf-3f32-48d7-8996-57d3fd7fa6ea,c4,DROP,1020,?,i3,
1769501032.6175478,FORWARDED,60041465-f67f-4f43-adc6-6378cce02083,ab446faf-3f32-48d7-8996-57d3fd7fa6ea,c4,DROP,1020,?,i3,
1769501032.659325,RECEIVED,d343f9e4-cf38-4dbc-a051-05a9cb87e372,177c5d3a-646e-4228-bca6-671b5a26c084,c1,DROP,1446,p1,?,
1769501032.6764865,SENT,8fa5d4bc-08c8-4ae7-8f6c-fbb01b0e4eec,d0bf9947-2d09-4f43-a88e-76108f5c527f,c3,DROP,1014,?,i3,
1769501032.6765232,FORWARDED,8fa5d4bc-08c8-4ae7-8f6c-fbb01b0e4eec,d0bf9947-2d09-4f43-a88e-76108f5c527f,c3,DROP,1014,?,i3,
1769501032.705839,SENT,d343f9e4-cf38-4dbc-a051-05a9cb87e372,177c5d3a-646e-4228-bca6-671b5a26c084,c1,DROP,1012,?,i4,
1769501032.7058818,FORWARDED,d343f9e4-cf38-4dbc-a051-05a9cb87e372,177c5d3a-646e-4228-bca6-671b5a26c084,c1,DROP,1012,?,i4,
1769501032.7382185,RECEIVED,64ba7709-cb51-48de-a9c4-59ebb8c7a3dc,553a4b14-3b43-4d92-a4f6-a01277ca2908,c4,c3,2451,p1,?,
1769501032.7395668,RECEIVED,9c326a48-d797-4a81-b190-2b45d270b7ba,7cdfab6c-6a5b-4a59-80a0-adf94d3f588a,c5,c2,2464,p2,?,
1769501032.7708838,RECEIVED,5bc5b63c-0370-454b-8e2f-de5c4d8b5778,5a1e26c5-c6f5-4e31-aa1c-b9949705714e,c3,DROP,1443,p3,?,
1769501032.8079062,SENT,9c326a48-d797-4a81-b190-2b45d270b7ba,7cdfab6c-6a5b-4a59-80a0-adf94d3f588a,c5,c2,1776,?,i4,
1769501032.8079476,FORWARDED,9c326a48-d797-4a81-b190-2b45d270b7ba,7cdfab6c-6a5b-4a59-80a0-adf94d3f588a,c5,c2,1776,?,i4,
1769501033.031967,RECEIVED,9c0ee4c2-c581-4ea5-addd-402863dd4b35,2aac6117-da26-44b4-a0d7-b428395896bd,c4,DROP,1439,p1,?,
1769501033.0425904,SENT,64ba7709-cb51-48de-a9c4-59ebb8c7a3dc,553a4b14-3b43-4d92-a4f6-a01277ca2908,c4,c3,1767,?,i1,
1769501033.042627,FORWARDED,64ba7709-cb51-48de-a9c4-59ebb8c7a3dc,553a4b14-3b43-4d92-a4f6-a01277ca2908,c4,c3,1767,?,i1,
1769501033.0609064,SENT,b0816f3d-d146-4463-89eb-a38121fa79b1,658c5ba0-87e9-4b35-a04f-6c0203764724,c5,DROP,1008,?,i11,
1769501033.0609474,FORWARDED,b0816f3d-d146-4463-89eb-a38121fa79b1,658c5ba0-87e9-4b35-a04f-6c0203764724,c5,DROP,1008,?,i11,
1769501033.0736017,RECEIVED,b2a59e6f-1a81-4130-a6d0-6c15d8708695,663d0452-918f-4ac6-a6e7-839fee8da4d9,c2,DROP,437,x5,?,
1769501033.1058338,RECEIVED,cd1f8c02-2829-4a29-ac2c-ec737819c00f,d254ba99-5eed-41b1-924f-76e67373da1b,c2,DROP,1448,p2,?,
1769501033.1453097,RECEIVED,d8bd2224-18fd-434b-96c5-1ce2dcc27c50,185a8f87-e625-44e6-bd86-acf09f2feaee,c3,DROP,441,x2,?,
1769501033.1475544,RECEIVED,11034604-12bb-45fa-b84d-eccd10f3eecd,bbfb2727-e9cf-4f44-ac82-94955f672f87,c5,DROP,1445,p2,?,
1769501033.1633203,RECEIVED,f7e9b9aa-a892-49ed-bb51-48254fff4ccd,ce085314-57de-4870-a575-7b283dae7a8e,c4,DROP,1443,p1,?,
1769501033.1753669,RECEIVED,e3777e01-f96d-4080-a33b-688e6344e347,247c66f8-94f7-4afc-ac07-596e14b13336,c5,DROP,1456,p2,?,
1769501033.193849,RECEIVED,5d767925-591d-46e9-b341-b068b4e225ab,1a8418e6-67e4-4881-98b1-3e9bc58f1bbe,c3,DROP,1451,p3,?,
1769501033.198064,SENT,11034604-12bb-45fa-b84d-eccd10f3eecd,bbfb2727-e9cf-4f44-ac82-94955f672f87,c5,DROP,1011,?,i10,
1769501033.1981065,FORWARDED,11034604-12bb-45fa-b84d-eccd10f3eecd,bbfb2727-e9cf-4f44-ac82-94955f672f87,c5,DROP,1011,?,i10,
1769501033.2663083,RECEIVED,be7d2b6d-7c27-47d5-9992-ec6b9e2e9e08,4dcf1001-c655-4f00-ba5e-5c42004d14c5,c4,DROP,1443,p1,?,
1769501033.3056252,RECEIVED,7aefba2c-2df9-4c09-9181-62e316d84a4d,6ab9d622-5193-4daf-a186-e2ef5b476f6e,c2,DROP,1448,p2,?,
1769501033.3332303,SENT,9c0ee4c2-c581-4ea5-addd-402863dd4b35,2aac6117-da26-44b4-a0d7-b428395896bd,c4,DROP,1007,?,i6,
1769501033.3332756,FORWARDED,9c0ee4c2-c581-4ea5-addd-402863dd4b35,2aac6117-da26-44b4-a0d7-b428395896bd,c4,DROP,1007,?,i6,
1769501033.3478627,SENT,f7e9b9aa-a892-49ed-bb51-48254fff4ccd,ce085314-57de-4870-a575-7b283dae7a8e,c4,DROP,1011,?,i9,
1769501033.3479068,FORWARDED,f7e9b9aa-a892-49ed-bb51-48254fff4ccd,ce085314-57de-4870-a575-7b283dae7a8e,c4,DROP,1011,?,i9,
1769501033.3703883,RECEIVED,d7aeb6c0-5576-4717-91d4-3974ef5626ad,756ee994-189d-4834-b424-8cfa0fbfaf22,c1,DROP,1439,p1,?,
1769501033.3710012,SENT,5ca1255d-995c-49a1-b2b1-c16e0014a368,e5d276d8-8e85-43f9-8360-951ba3ebf4b2,c5,c2,1771,?,i9,
1769501033.371037,FORWARDED,5ca1255d-995c-49a1-b2b1-c16e0014a368,e5d276d8-8e85-43f9-8360-951ba3ebf4b2,c5,c2,1771,?,i9,
1769501033.379363,RECEIVED,12238945-7d8b-450d-85c5-b742cfa0bda9,d2c81092-2f1a-480e-ba5e-10c03a284b45,c2,DROP,1445,p2,?,
1769501033.472115,SENT,12238945-7d8b-450d-85c5-b742cfa0bda9,d2c81092-2f1a-480e-ba5e-10c03a284b45,c2,DROP,1010,?,i7,
1769501033.4721594,FORWARDED,12238945-7d8b-450d-85c5-b742cfa0bda9,d2c81092-2f1a-480e-ba5e-10c03a284b45,c2,DROP,1010,?,i7,
1769501033.4758582,SENT,cd1f8c02-2829-4a29-ac2c-ec737819c00f,d254ba99-5eed-41b1-924f-76e67373da1b,c2,DROP,1013,?,i4,
1769501033.4759,FORWARDED,cd1f8c02-2829-4a29-ac2c-ec737819c00f,d254ba99-5eed-41b1-924f-76e67373da1b,c2,DROP,1013,?,i4,
1769501033.5138764,SENT,5bc5b63c-0370-454b-8e2f-de5c4d8b5778,5a1e26c5-c6f5-4e31-aa1c-b9949705714e,c3,DROP,1011,?,i5,
1769501033.5139177,FORWARDED,5bc5b63c-0370-454b-8e2f-de5c4d8b5778,5a1e26c5-c6f5-4e31-aa1c-b9949705714e,c3,DROP,1011,?,i5,
1769501033.6806712,SENT,7aefba2c-2df9-4c09-9181-62e316d84a4d,6ab9d622-5193-4daf-a186-e2ef5b476f6e,c2,DROP,1012,?,i4,
1769501033.680712,FORWARDED,7aefba2c-2df9-4c09-9181-62e316d84a4d,6ab9d622-5193-4daf-a186-e2ef5b476f6e,c2,DROP,1012,?,i4,
1769501033.7414908,SENT,5d767925-591d-46e9-b341-b068b4e225ab,1a8418e6-67e4-4881-98b1-3e9bc58f1bbe,c3,DROP,1015,?,i9,
1769501033.7415438,FORWARDED,5d767925-591d-46e9-b341-b068b4e225ab,1a8418e6-67e4-4881-98b1-3e9bc58f1bbe,c3,DROP,1015,?,i9,
1769501033.7543664,SENT,d7aeb6c0-5576-4717-91d4-3974ef5626ad,756ee994-189d-4834-b424-8cfa0fbfaf22,c1,DROP,1006,?,i2,
1769501033.7544038,FORWARDED,d7aeb6c0-5576-4717-91d4-3974ef5626ad,756ee994-189d-4834-b424-8cfa0fbfaf22,c1,DROP,1006,?,i2,
1769501033.9604564,RECEIVED,13512dcf-267f-4a7c-a594-a2fb58f25555,1267805e-a3fa-4355-b5d0-4e8754c9ab86,c5,DROP,1451,p2,?,
1769501034.0488195,RECEIVED,b36ac408-f898-4881-81e2-03c11643f6a0,0fae8e94-e2a6-4124-82c7-12652469cfd2,c2,c1,2481,p2,?,
1769501034.094148,SENT,e3777e01-f96d-4080-a33b-688e6344e347,247c66f8-94f7-4afc-ac07-596e14b13336,c5,DROP,1019,?,i12,
1769501034.0941837,FORWARDED,e3777e01-f96d-4080-a33b-688e6344e347,247c66f8-94f7-4afc-ac07-596e14b13336,c5,DROP,1019,?,i12,
1769501034.105403,RECEIVED,04df99dc-e881-4e84-bb7e-cf0b4ae99d60,cb5c8e0b-6ed6-46cd-8bf0-0a3ecee996b1,c2,DROP,1441,p2,?,
1769501034.1107526,SENT,13512dcf-267f-4a7c-a594-a2fb58f25555,1267805e-a3fa-4355-b5d0-4e8754c9ab86,c5,DROP,1015,?,i2,
1769501034.1108227,FORWARDED,13512dcf-267f-4a7c-a594-a2fb58f25555,1267805e-a3fa-4355-b5d0-4e8754c9ab86,c5,DROP,1015,?,i2,
1769501034.126873,RECEIVED,bccab21b-1780-4e0e-8507-f2d81b3f128c,19a70d82-d2b4-41a5-a4fa-49b3c17f2047,c5,c2,2452,p2,?,
1769501034.1736434,SENT,bccab21b-1780-4e0e-8507-f2d81b3f128c,19a70d82-d2b4-41a5-a4fa-49b3c17f2047,c5,c2,1767,?,i4,
1769501034.1736846,FORWARDED,bccab21b-1780-4e0e-8507-f2d81b3f128c,19a70d82-d2b4-41a5-a4fa-49b3c17f2047,c5,c2,1767,?,i4,
1769501034.176659,SENT,b36ac408-f898-4881-81e2-03c11643f6a0,0fae8e94-e2a6-4124-82c7-12652469cfd2,c2,c1,1788,?,i12,
1769501034.1766973,FORWARDED,b36ac408-f898-4881-81e2-03c11643f6a0,0fae8e94-e2a6-4124-82c7-12652469cfd2,c2,c1,1788,?,i12,
1769501034.1847427,RECEIVED,c155abf9-758c-4a6c-b0fd-b6c83d1ea451,38a0c84a-69d6-47e4-b073-359a33f4e87e,c4,DROP,1439,p1,?,
1769501034.278212,SENT,04df99dc-e881-4e84-bb7e-cf0b4ae99d60,cb5c8e0b-6ed6-46cd-8bf0-0a3ecee996b1,c2,DROP,1008,?,i11,
1769501034.2782595,FORWARDED,04df99dc-e881-4e84-bb7e-cf0b4ae99d60,cb5c8e0b-6ed6-46cd-8bf0-0a3ecee996b1,c2,DROP,1008,?,i11,
1769501034.2944343,RECEIVED,6dd5a8f9-ce8e-4cf3-9efe-72ab47169aa7,25e571a4-50a0-493b-9df3-3c9ee0619236,c3,DROP,1443,p3,?,
1769501034.343709,RECEIVED,b9446689-ec55-44b8-a10c-5dde8648ce7d,ef69abf8-5cb1-46ea-a0b1-c98afae9c3f5,c1,c5,2471,p1,?,
1769501034.4289207,RECEIVED,e677e770-936d-4a35-8cca-e6c3d633c031,efcf4149-6c08-461f-a263-36f15b079ab9,c4,DROP,1460,p1,?,
1769501034.6875234,SENT,be7d2b6d-7c27-47d5-9992-ec6b9e2e9e08,4dcf1001-c655-4f00-ba5e-5c42004d14c5,c4,DROP,1011,?,i4,
1769501034.687566,FORWARDED,be7d2b6d-7c27-47d5-9992-ec6b9e2e9e08,4dcf1001-c655-4f00-ba5e-5c42004d14c5,c4,DROP,1011,?,i4,
1769501034.7613335,RECEIVED,fb6d6b1e-b7cb-4cfc-9a90-201abf8f406e,ae824839-7e7e-479c-946e-87d34792e1db,c2,DROP,440,x7,?,
1769501034.8571546,RECEIVED,2564df48-72c9-4f8d-a4b0-55a78ed79849,3ae38253-a2e4-4bb3-bee2-642e60e17af1,c4,DROP,441,x11,?,
1769501035.0065036,RECEIVED,49b363a3-0f51-4a62-a260-a23c8afb1f82,81a07492-552c-4346-aa39-e47041daedac,c4,None,2232,p1,?,
1769501035.008394,RECEIVED,4ee88c7e-34ab-41bd-a87e-474dde3ea457,2839e7a2-371a-4c11-9e3d-d27c0bfab097,c3,DROP,1452,p3,?,
1769501035.1929805,RECEIVED,7d03155c-f275-470f-929e-4997a9f5e3c1,33e6ff3e-b3c8-48c8-83ad-eee4258b30a9,c3,DROP,440,x8,?,
1769501035.309004,SENT,4ee88c7e-34ab-41bd-a87e-474dde3ea457,2839e7a2-371a-4c11-9e3d-d27c0bfab097,c3,DROP,1016,?,i1,
1769501035.3090668,FORWARDED,4ee88c7e-34ab-41bd-a87e-474dde3ea457,2839e7a2-371a-4c11-9e3d-d27c0bfab097,c3,DROP,1016,?,i1,
1769501035.3543787,SENT,6dd5a8f9-ce8e-4cf3-9efe-72ab47169aa7,25e571a4-50a0-493b-9df3-3c9ee0619236,c3,DROP,1009,?,i9,
1769501035.354419,FORWARDED,6dd5a8f9-ce8e-4cf3-9efe-72ab47169aa7,25e571a4-50a0-493b-9df3-3c9ee0619236,c3,DROP,1009,?,i9,
1769501035.416001,RECEIVED,61feed14-6037-4150-83e6-0db1cb633034,ed2e6f88-f985-422b-8e9d-168212b7cec3,c1,DROP,1442,p1,?,
1769501035.4570303,SENT,61feed14-6037-4150-83e6-0db1cb633034,ed2e6f88-f985-422b-8e9d-168212b7cec3,c1,DROP,1011,?,i2,
1769501035.4570968,FORWARDED,61feed14-6037-4150-83e6-0db1cb633034,ed2e6f88-f985-422b-8e9d-168212b7cec3,c1,DROP,1011,?,i2,
1769501035.5018892,RECEIVED,86db25c9-10b6-4a96-ac00-28af56e38a38,b5d8966f-3739-4cd7-9126-8ac08b27dbd7,c1,DROP,1440,p1,?,
1769501035.5334995,RECEIVED,83b1468b-783d-4135-a90c-dfcea3518cc1,e8fae0fa-c4b4-4f6c-b0b3-0b5cfb971dcc,c3,None,2228,p3,?,
1769501035.5359387,RECEIVED,3b374a22-c96e-442d-8ed7-3ed2e740b419,b168ce0a-f425-4388-8913-d5c7f0df99e0,c1,DROP,1439,p1,?,
1769501035.6391551,SENT,86db25c9-10b6-4a96-ac00-28af56e38a38,b5d8966f-3739-4cd7-9126-8ac08b27dbd7,c1,DROP,1007,?,i4,
1769501035.639197,FORWARDED,86db25c9-10b6-4a96-ac00-28af56e38a38,b5d8966f-3739-4cd7-9126-8ac08b27dbd7,c1,DROP,1007,?,i4,
1769501035.6809037,RECEIVED,234d6dfa-bf8f-4899-8874-a91b5999d147,042b3e71-2be7-44b4-bad8-e8043b211320,c3,None,2237,p3,?,
1769501035.723399,RECEIVED,19f51f01-9e28-477b-9bbc-df45fb431d46,d63e56fb-46b6-4de6-9af5-318dde2c1ef5,c3,DROP,441,x7,?,
1769501035.891749,SENT,234d6dfa-bf8f-4899-8874-a91b5999d147,042b3e71-2be7-44b4-bad8-e8043b211320,c3,None,1603,?,i12,
1769501035.8917906,FORWARDED,234d6dfa-bf8f-4899-8874-a91b5999d147,042b3e71-2be7-44b4-bad8-e8043b211320,c3,None,1603,?,i12,
1769501035.8964832,SENT,e677e770-936d-4a35-8cca-e6c3d633c031,efcf4149-6c08-461f-a263-36f15b079ab9,c4,DROP,1021,?,i10,
1769501035.8965218,FORWARDED,e677e770-936d-4a35-8cca-e6c3d633c031,efcf4149-6c08-461f-a263-36f15b079ab9,c4,DROP,1021,?,i10,
1769501035.916515,RECEIVED,450d35f8-cfd4-4188-a6ca-19eaccdc9c84,6adc7b4f-db62-498a-b210-98022f83af62,c5,DROP,1447,p2,?,
1769501035.9186063,SENT,83b1468b-783d-4135-a90c-dfcea3518cc1,e8fae0fa-c4b4-4f6c-b0b3-0b5cfb971dcc,c3,None,1599,?,i3,
1769501035.9186459,FORWARDED,83b1468b-783d-4135-a90c-dfcea3518cc1,e8fae0fa-c4b4-4f6c-b0b3-0b5cfb971dcc,c3,None,1599,?,i3,
1769501035.9813857,SENT,49b363a3-0f51-4a62-a260-a23c8afb1f82,81a07492-552c-4346-aa39-e47041daedac,c4,None,1601,?,i10,
1769501035.9814303,FORWARDED,49b363a3-0f51-4a62-a260-a23c8afb1f82,81a07492-552c-4346-aa39-e47041daedac,c4,None,1601,?,i10,
1769501036.0719666,SENT,3b374a22-c96e-442d-8ed7-3ed2e740b419,b168ce0a-f425-4388-8913-d5c7f0df99e0,c1,DROP,1008,?,i6,
1769501036.072008,FORWARDED,3b374a22-c96e-442d-8ed7-3ed2e740b419,b168ce0a-f425-4388-8913-d5c7f0df99e0,c1,DROP,1008,?,i6,
1769501036.2003105,RECEIVED,732a74c8-f080-40b5-a997-e65060854f88,e334bdcd-a434-40e4-8837-9f832093fb63,c4,None,2246,p1,?,
1769501036.2151217,SENT,450d35f8-cfd4-4188-a6ca-19eaccdc9c84,6adc7b4f-db62-498a-b210-98022f83af62,c5,DROP,1013,?,i3,
1769501036.2151613,FORWARDED,450d35f8-cfd4-4188-a6ca-19eaccdc9c84,6adc7b4f-db62-498a-b210-98022f83af62,c5,DROP,1013,?,i3,
1769501036.225731,SENT,c155abf9-758c-4a6c-b0fd-b6c83d1ea451,38a0c84a-69d6-47e4-b073-359a33f4e87e,c4,DROP,1008,?,i8,
1769501036.2257712,FORWARDED,c155abf9-758c-4a6c-b0fd-b6c83d1ea451,38a0c84a-69d6-47e4-b073-359a33f4e87e,c4,DROP,1008,?,i8,
1769501036.2411637,SENT,732a74c8-f080-40b5-a997-e65060854f88,e334bdcd-a434-40e4-8837-9f832093fb63,c4,None,1609,?,i11,
1769501036.2412078,FORWARDED,732a74c8-f080-40b5-a997-e65060854f88,e334bdcd-a434-40e4-8837-9f832093fb63,c4,None,1609,?,i11,
1769501036.293733,RECEIVED,ce3e32ce-03ce-4885-bf4b-6109cb3fe065,9b4685b9-7a35-480d-9014-ec66d08f2501,c1,c5,2462,p1,?,
1769501036.4385118,RECEIVED,ef596c3a-37cf-45f9-8890-703d619a59e2,1a18e9e7-7555-4b29-b55e-3ffb819d2566,c5,DROP,1444,p2,?,
1769501036.544618,RECEIVED,b77bb432-4b28-4882-94a1-bf0304a329d8,c3f043fe-ae4e-4034-8e54-7bc02b4688e3,c3,DROP,1448,p3,?,
1769501036.644766,RECEIVED,cca0c372-dc12-4f4c-b71d-145fc840899f,4ffa2bac-a320-403d-96c7-f4a25b9e1ea3,c4,None,2223,p1,?,
1769501036.658279,SENT,ef596c3a-37cf-45f9-8890-703d619a59e2,1a18e9e7-7555-4b29-b55e-3ffb819d2566,c5,DROP,1009,?,i1,
1769501036.658325,FORWARDED,ef596c3a-37cf-45f9-8890-703d619a59e2,1a18e9e7-7555-4b29-b55e-3ffb819d2566,c5,DROP,1009,?,i1,
1769501036.9051323,SENT,b77bb432-4b28-4882-94a1-bf0304a329d8,c3f043fe-ae4e-4034-8e54-7bc02b4688e3,c3,DROP,1012,?,i8,
1769501036.9051719,FORWARDED,b77bb432-4b28-4882-94a1-bf0304a329d8,c3f043fe-ae4e-4034-8e54-7bc02b4688e3,c3,DROP,1012,?,i8,
1769501036.9125297,SENT,cca0c372-dc12-4f4c-b71d-145fc840899f,4ffa2bac-a320-403d-96c7-f4a25b9e1ea3,c4,None,1594,?,i4,
1769501036.9125748,FORWARDED,cca0c372-dc12-4f4c-b71d-145fc840899f,4ffa2bac-a320-403d-96c7-f4a25b9e1ea3,c4,None,1594,?,i4,
1769501036.9455056,SENT,b9446689-ec55-44b8-a10c-5dde8648ce7d,ef69abf8-5cb1-46ea-a0b1-c98afae9c3f5,c1,c5,1780,?,i10,
1769501036.9455488,FORWARDED,b9446689-ec55-44b8-a10c-5dde8648ce7d,ef69abf8-5cb1-46ea-a0b1-c98afae9c3f5,c1,c5,1780,?,i10,
1769501037.154186,SENT,ce3e32ce-03ce-4885-bf4b-6109cb3fe065,9b4685b9-7a35-480d-9014-ec66d08f2501,c1,c5,1775,?,i2,
1769501037.1542284,FORWARDED,ce3e32ce-03ce-4885-bf4b-6109cb3fe065,9b4685b9-7a35-480d-9014-ec66d08f2501,c1,c5,1775,?,i2,
1769501037.2315342,RECEIVED,62cbeb87-997a-4046-b643-c46c91825cbf,af142eb0-d684-4a23-9a92-8dd171d1f33a,c3,DROP,1439,p3,?,
1769501037.4008067,RECEIVED,33361b37-454c-4768-bda6-65604e92595b,d892711b-f43f-4978-a58b-156db9d379b3,c5,DROP,1452,p2,?,
1769501037.4344804,SENT,62cbeb87-997a-4046-b643-c46c91825cbf,af142eb0-d684-4a23-9a92-8dd171d1f33a,c3,DROP,1007,?,i6,
1769501037.4345236,FORWARDED,62cbeb87-997a-4046-b643-c46c91825cbf,af142eb0-d684-4a23-9a92-8dd171d1f33a,c3,DROP,1007,?,i6,
1769501037.4781504,RECEIVED,00cf1931-e921-42c9-9289-043fdd61d18b,7d78ae42-bb79-4ed7-b6b6-ae0a06e900f9,c5,DROP,441,x7,?,
1769501037.5873842,RECEIVED,c283f1cf-3769-46de-905b-dc844eea315d,e035e9f7-ec2d-47b3-95ce-4100b5d5fce3,c4,c3,2459,p1,?,
1769501037.62536,RECEIVED,d6b30583-a132-4486-8013-de8e3e1d7960,8ed22ae5-9ee2-441f-8708-807378ef3ce3,c1,DROP,1440,p1,?,
1769501037.6347585,RECEIVED,0347af7a-190b-4f09-b70e-8a81b967502b,b88e19ee-28b7-4ece-af47-6235b3bf016a,c1,DROP,1441,p1,?,
1769501037.6646163,RECEIVED,eb278584-fea8-42d3-8855-be31e3348d55,00af8e7a-2ec5-440f-ba31-54d23868e01e,c2,c1,2463,p2,?,
1769501037.7276206,RECEIVED,db1e560f-3069-4072-bdde-b0e5e538c659,cdf2974e-9a81-44d6-8ff6-db15051587c6,c1,DROP,1452,p1,?,
1769501037.764496,RECEIVED,2d7f458c-79fd-4aaa-9fde-7cfdee8772ff,d2ba1197-462a-4ac5-b589-96fb07e5a573,c4,DROP,1435,p1,?,
1769501037.7896917,RECEIVED,4be82199-7604-49bb-bb94-c4265dbecb02,0f3cf9e1-8cb8-49ee-83a9-d21a8e9ad061,c2,DROP,1443,p2,?,
1769501037.8634315,SENT,33361b37-454c-4768-bda6-65604e92595b,d892711b-f43f-4978-a58b-156db9d379b3,c5,DROP,1015,?,i6,
1769501037.863478,FORWARDED,33361b37-454c-4768-bda6-65604e92595b,d892711b-f43f-4978-a58b-156db9d379b3,c5,DROP,1015,?,i6,
1769501038.049291,SENT,0347af7a-190b-4f09-b70e-8a81b967502b,b88e19ee-28b7-4ece-af47-6235b3bf016a,c1,DROP,1008,?,i10,
1769501038.0493367,FORWARDED,0347af7a-190b-4f09-b70e-8a81b967502b,b88e19ee-28b7-4ece-af47-6235b3bf016a,c1,DROP,1008,?,i10,
1769501038.1007667,RECEIVED,02baf0d1-be79-4d13-9aaa-398ec670a31f,43036a3f-d680-470e-82a3-7dc7aa23f972,c5,DROP,1448,p2,?,
1769501038.114371,SENT,c283f1cf-3769-46de-905b-dc844eea315d,e035e9f7-ec2d-47b3-95ce-4100b5d5fce3,c4,c3,1772,?,i5,
1769501038.114407,FORWARDED,c283f1cf-3769-46de-905b-dc844eea315d,e035e9f7-ec2d-47b3-95ce-4100b5d5fce3,c4,c3,1772,?,i5,
1769501038.34014,SENT,d6b30583-a132-4486-8013-de8e3e1d7960,8ed22ae5-9ee2-441f-8708-807378ef3ce3,c1,DROP,1008,?,i10,
1769501038.3401787,FORWARDED,d6b30583-a132-4486-8013-de8e3e1d7960,8ed22ae5-9ee2-441f-8708-807378ef3ce3,c1,DROP,1008,?,i10,
1769501038.3475785,RECEIVED,9e74c905-7839-4e0e-8245-2512a86021c5,c3ba9b7d-7164-4823-af99-ff40331159f9,c2,None,2240,p2,?,
1769501038.3546522,SENT,02baf0d1-be79-4d13-9aaa-398ec670a31f,43036a3f-d680-470e-82a3-7dc7aa23f972,c5,DROP,1012,?,i10,
1769501038.3546917,FORWARDED,02baf0d1-be79-4d13-9aaa-398ec670a31f,43036a3f-d680-470e-82a3-7dc7aa23f972,c5,DROP,1012,?,i10,
1769501038.3795066,SENT,4be82199-7604-49bb-bb94-c4265dbecb02,0f3cf9e1-8cb8-49ee-83a9-d21a8e9ad061,c2,DROP,1009,?,i2,
1769501038.3795516,FORWARDED,4be82199-7604-49bb-bb94-c4265dbecb02,0f3cf9e1-8cb8-49ee-83a9-d21a8e9ad061,c2,DROP,1009,?,i2,
1769501038.458243,SENT,eb278584-fea8-42d3-8855-be31e3348d55,00af8e7a-2ec5-440f-ba31-54d23868e01e,c2,c1,1774,?,i4,
1769501038.4582858,FORWARDED,eb278584-fea8-42d3-8855-be31e3348d55,00af8e7a-2ec5-440f-ba31-54d23868e01e,c2,c1,1774,?,i4,
1769501038.492475,SENT,db1e560f-3069-4072-bdde-b0e5e538c659,cdf2974e-9a81-44d6-8ff6-db15051587c6,c1,DROP,1015,?,i11,
1769501038.4925163,FORWARDED,db1e560f-3069-4072-bdde-b0e5e538c659,cdf2974e-9a81-44d6-8ff6-db15051587c6,c1,DROP,1015,?,i11,
1769501038.5109513,RECEIVED,3f48571e-2cc3-4bd1-a548-0e215fd4e876,af8794e1-e1cb-47a3-89a2-844781aa4e89,c5,DROP,1439,p2,?,
1769501038.5149736,SENT,9e74c905-7839-4e0e-8245-2512a86021c5,c3ba9b7d-7164-4823-af99-ff40331159f9,c2,None,1608,?,i2,
1769501038.5150158,FORWARDED,9e74c905-7839-4e0e-8245-2512a86021c5,c3ba9b7d-7164-4823-af99-ff40331159f9,c2,None,1608,?,i2,
1769501038.5360162,SENT,2d7f458c-79fd-4aaa-9fde-7cfdee8772ff,d2ba1197-462a-4ac5-b589-96fb07e5a573,c4,DROP,1004,?,i6,
1769501038.536072,FORWARDED,2d7f458c-79fd-4aaa-9fde-7cfdee8772ff,d2ba1197-462a-4ac5-b589-96fb07e5a573,c4,DROP,1004,?,i6,
1769501038.6447155,RECEIVED,07778f75-2876-4d8c-853a-0fe532e4ffb0,5e84e20d-54a5-45b0-893c-47e999f735bf,c5,c2,2475,p2,?,
1769501038.6733284,RECEIVED,46615d99-5c7b-4339-9aff-98312240fba5,ec987992-c0a7-4f11-9217-b3709ba82e47,c3,None,2229,p3,?,
1769501038.7469497,SENT,46615d99-5c7b-4339-9aff-98312240fba5,ec987992-c0a7-4f11-9217-b3709ba82e47,c3,None,1599,?,i11,
1769501038.746993,FORWARDED,46615d99-5c7b-4339-9aff-98312240fba5,ec987992-c0a7-4f11-9217-b3709ba82e47,c3,None,1599,?,i11,
1769501038.7716372,RECEIVED,6b954b87-c9a2-4ec4-a45c-4bf34137232c,7a88c6fc-3dfb-4cd8-add0-0815b0e63ba6,c2,DROP,1451,p2,?,
1769501038.9715996,RECEIVED,532f1248-9e29-42c7-8594-5a8484ca774b,1a07f5c5-52bb-4fd7-ab3d-9f9e84d7062a,c1,None,2229,p1,?,
1769501039.0020177,RECEIVED,e13df34f-b7ca-4234-8217-2a9e5ef07bf5,fc3b51a6-a7c9-44ca-a2ed-c36bc3263656,c5,None,2220,p2,?,
1769501039.0533967,SENT,532f1248-9e29-42c7-8594-5a8484ca774b,1a07f5c5-52bb-4fd7-ab3d-9f9e84d7062a,c1,None,1599,?,i2,
1769501039.0534358,FORWARDED,532f1248-9e29-42c7-8594-5a8484ca774b,1a07f5c5-52bb-4fd7-ab3d-9f9e84d7062a,c1,None,1599,?,i2,
1769501039.214131,RECEIVED,80f195ca-b53a-481b-a08a-cb4bd4509d4c,7053940f-581f-4e58-8419-0d34612e05cd,c1,c5,2457,p1,?,
1769501039.2373776,SENT,3f48571e-2cc3-4bd1-a548-0e215fd4e876,af8794e1-e1cb-47a3-89a2-844781aa4e89,c5,DROP,1008,?,i8,
1769501039.237419,FORWARDED,3f48571e-2cc3-4bd1-a548-0e215fd4e876,af8794e1-e1cb-47a3-89a2-844781aa4e89,c5,DROP,1008,?,i8,
1769501039.2518208,SENT,80f195ca-b53a-481b-a08a-cb4bd4509d4c,7053940f-581f-4e58-8419-0d34612e05cd,c1,c5,1768,?,i4,
1769501039.2518635,FORWARDED,80f195ca-b53a-481b-a08a-cb4bd4509d4c,7053940f-581f-4e58-8419-0d34612e05cd,c1,c5,1768,?,i4,
1769501039.3431585,SENT,e13df34f-b7ca-4234-8217-2a9e5ef07bf5,fc3b51a6-a7c9-44ca-a2ed-c36bc3263656,c5,None,1591,?,i8,
1769501039.3431997,FORWARDED,e13df34f-b7ca-4234-8217-2a9e5ef07bf5,fc3b51a6-a7c9-44ca-a2ed-c36bc3263656,c5,None,1591,?,i8,
1769501039.370759,SENT,6b954b87-c9a2-4ec4-a45c-4bf34137232c,7a88c6fc-3dfb-4cd8-add0-0815b0e63ba6,c2,DROP,1015,?,i6,
1769501039.3707983,FORWARDED,6b954b87-c9a2-4ec4-a45c-4bf34137232c,7a88c6fc-3dfb-4cd8-add0-0815b0e63ba6,c2,DROP,1015,?,i6,
1769501039.624195,RECEIVED,5a159bac-fd33-47f8-8693-4caeff371a0d,6be81d78-955d-4d33-a2f0-bf8380590761,c5,DROP,442,x4,?,
1769501039.629659,SENT,07778f75-2876-4d8c-853a-0fe532e4ffb0,5e84e20d-54a5-45b0-893c-47e999f735bf,c5,c2,1785,?,i4,
1769501039.6296988,FORWARDED,07778f75-2876-4d8c-853a-0fe532e4ffb0,5e84e20d-54a5-45b0-893c-47e999f735bf,c5,c2,1785,?,i4,
1769501039.6413171,RECEIVED,d8c19373-4460-4b58-be7b-7f954148f808,edd6553f-78c2-44f6-8b56-7d9e00c700cc,c1,DROP,441,x1,?,
1769501039.6677506,RECEIVED,4ae3e393-c185-4990-9e7a-9954d4949bd3,0092b782-6573-4e48-8d6f-61d2d748c0b4,c2,None,2239,p2,?,
1769501039.8702874,RECEIVED,807265cc-7282-4315-aa28-996deb5f9536,d10e099e-4c08-474c-b8ef-4aa37c5cef05,c1,None,2224,p1,?,
1769501040.1939235,RECEIVED,cb2f2cc0-3626-4fd3-b162-2c7500aa592f,562474f7-ae3f-4141-9190-c7d311a7da81,c3,c4,2448,p3,?,
1769501040.259682,RECEIVED,8a0bdd63-5da6-4ea0-a004-d0aa1be3c83d,052003cd-2849-42af-a9f5-8a16df092387,c4,DROP,1440,p1,?,
1769501040.2988074,RECEIVED,6f4bfa4c-998a-4404-85e5-2a6675398836,ead0b9c2-b9d5-4796-8460-a51bf6def0c3,c3,DROP,1440,p3,?,
1769501040.3326278,SENT,807265cc-7282-4315-aa28-996deb5f9536,d10e099e-4c08-474c-b8ef-4aa37c5cef05,c1,None,1596,?,i3,
1769501040.332673,FORWARDED,807265cc-7282-4315-aa28-996deb5f9536,d10e099e-4c08-474c-b8ef-4aa37c5cef05,c1,None,1596,?,i3,
1769501040.3963952,RECEIVED,b06a8f6c-7099-4b4b-b223-cb6473e3b3f4,41d16d2e-6459-4bcb-92d1-6397004123ef,c1,DROP,1443,p1,?,
1769501040.405915,SENT,6f4bfa4c-998a-4404-85e5-2a6675398836,ead0b9c2-b9d5-4796-8460-a51bf6def0c3,c3,DROP,1007,?,i2,
1769501040.4059582,FORWARDED,6f4bfa4c-998a-4404-85e5-2a6675398836,ead0b9c2-b9d5-4796-8460-a51bf6def0c3,c3,DROP,1007,?,i2,
1769501040.4786518,RECEIVED,e28f2354-366d-4bed-9438-aaaa7c62b010,cdf93986-1f37-48de-9b9d-126a930b8e82,c5,DROP,1441,p2,?,
1769501040.4965029,RECEIVED,ec04884d-3e81-4cb6-b02c-45ae13e9a3d4,b94c8467-a9dd-4219-b458-8be07a3c39aa,c3,DROP,1440,p3,?,
1769501040.5093708,SENT,cb2f2cc0-3626-4fd3-b162-2c7500aa592f,562474f7-ae3f-4141-9190-c7d311a7da81,c3,c4,1763,?,i2,
1769501040.509414,FORWARDED,cb2f2cc0-3626-4fd3-b162-2c7500aa592f,562474f7-ae3f-4141-9190-c7d311a7da81,c3,c4,1763,?,i2,
1769501040.5260298,SENT,b06a8f6c-7099-4b4b-b223-cb6473e3b3f4,41d16d2e-6459-4bcb-92d1-6397004123ef,c1,DROP,1011,?,i7,
1769501040.5261004,FORWARDED,b06a8f6c-7099-4b4b-b223-cb6473e3b3f4,41d16d2e-6459-4bcb-92d1-6397004123ef,c1,DROP,1011,?,i7,
1769501040.5431411,RECEIVED,af7e9ee4-8ea2-4af0-b678-44bfdeb763a3,2ffe2ecc-f46c-4c53-aeae-0b9bfd6b8d5d,c1,DROP,1448,p1,?,
1769501040.5574815,RECEIVED,7e555c7d-ef29-4ab0-b609-68758d01ed08,c4d49677-af26-4673-b93f-16ccebb84dae,c5,DROP,1439,p2,?,
1769501040.6199453,SENT,4ae3e393-c185-4990-9e7a-9954d4949bd3,0092b782-6573-4e48-8d6f-61d2d748c0b4,c2,None,1608,?,i6,
1769501040.6199868,FORWARDED,4ae3e393-c185-4990-9e7a-9954d4949bd3,0092b782-6573-4e48-8d6f-61d2d748c0b4,c2,None,1608,?,i6,
1769501040.6209621,RECEIVED,96ffaf13-5684-43af-a322-8c23671a83fa,756886b2-8a66-4544-a0c4-aa7258c9fb07,c3,DROP,441,x11,?,
1769501040.7222984,SENT,e28f2354-366d-4bed-9438-aaaa7c62b010,cdf93986-1f37-48de-9b9d-126a930b8e82,c5,DROP,1008,?,i10,
1769501040.7223406,FORWARDED,e28f2354-366d-4bed-9438-aaaa7c62b010,cdf93986-1f37-48de-9b9d-126a930b8e82,c5,DROP,1008,?,i10,
1769501040.7366867,SENT,af7e9ee4-8ea2-4af0-b678-44bfdeb763a3,2ffe2ecc-f46c-4c53-aeae-0b9bfd6b8d5d,c1,DROP,1012,?,i3,
1769501040.7367299,FORWARDED,af7e9ee4-8ea2-4af0-b678-44bfdeb763a3,2ffe2ecc-f46c-4c53-aeae-0b9bfd6b8d5d,c1,DROP,1012,?,i3,
1769501040.8434296,SENT,8a0bdd63-5da6-4ea0-a004-d0aa1be3c83d,052003cd-2849-42af-a9f5-8a16df092387,c4,DROP,1006,?,i10,
1769501040.8434696,FORWARDED,8a0bdd63-5da6-4ea0-a004-d0aa1be3c83d,052003cd-2849-42af-a9f5-8a16df092387,c4,DROP,1006,?,i10,
1769501040.90459,SENT,ec04884d-3e81-4cb6-b02c-45ae13e9a3d4,b94c8467-a9dd-4219-b458-8be07a3c39aa,c3,DROP,1006,?,i1,
1769501040.9046314,FORWARDED,ec04884d-3e81-4cb6-b02c-45ae13e9a3d4,b94c8467-a9dd-4219-b458-8be07a3c39aa,c3,DROP,1006,?,i1,
1769501040.9072604,RECEIVED,8eaca07d-804e-4eed-a221-4d9dba55844a,a23aad6f-63e1-4463-be2f-75cb40bb6fd9,c2,None,2225,p2,?,
1769501040.9856625,RECEIVED,a7edf2f8-bab0-42b2-93aa-7aece967bd6e,308dc894-cdb2-40a9-842b-2074cba51144,c1,DROP,442,x1,?,
1769501041.0417037,SENT,8eaca07d-804e-4eed-a221-4d9dba55844a,a23aad6f-63e1-4463-be2f-75cb40bb6fd9,c2,None,1595,?,i11,
1769501041.041746,FORWARDED,8eaca07d-804e-4eed-a221-4d9dba55844a,a23aad6f-63e1-4463-be2f-75cb40bb6fd9,c2,None,1595,?,i11,
1769501041.0605855,RECEIVED,d094c48a-fd93-4d61-90cf-2a617587ed21,45179e7c-0bc1-4323-a37b-c84537f9e20f,c4,DROP,1452,p1,?,
1769501041.1391497,RECEIVED,93a5b15b-11dc-447a-976e-e219391a99cd,3f33413f-2e6f-40ea-bf6b-1b1c1a014a27,c1,DROP,1447,p1,?,
1769501041.2720997,RECEIVED,546bbc37-e2bf-4ba5-bb9f-170aafa67809,c467de80-871c-4c61-b74d-6cea32fcd0b2,c3,DROP,1439,p3,?,
1769501041.2897992,SENT,d094c48a-fd93-4d61-90cf-2a617587ed21,45179e7c-0bc1-4323-a37b-c84537f9e20f,c4,DROP,1016,?,i11,
1769501041.28984,FORWARDED,d094c48a-fd93-4d61-90cf-2a617587ed21,45179e7c-0bc1-4323-a37b-c84537f9e20f,c4,DROP,1016,?,i11,
1769501041.3272495,SENT,7e555c7d-ef29-4ab0-b609-68758d01ed08,c4d49677-af26-4673-b93f-16ccebb84dae,c5,DROP,1008,?,i5,
1769501041.3272922,FORWARDED,7e555c7d-ef29-4ab0-b609-68758d01ed08,c4d49677-af26-4673-b93f-16ccebb84dae,c5,DROP,1008,?,i5,
1769501041.3568301,RECEIVED,4581829e-f292-4bdc-b1c4-97aee99f39f1,596cdac4-77d1-4ea1-9e34-3b11a3376df4,c3,DROP,1439,p3,?,
1769501041.4332912,SENT,93a5b15b-11dc-447a-976e-e219391a99cd,3f33413f-2e6f-40ea-bf6b-1b1c1a014a27,c1,DROP,1013,?,i8,
1769501041.4333413,FORWARDED,93a5b15b-11dc-447a-976e-e219391a99cd,3f33413f-2e6f-40ea-bf6b-1b1c1a014a27,c1,DROP,1013,?,i8,
1769501041.4938946,RECEIVED,2f4d4aed-1397-4c1f-8925-28a82e47f5a5,988e439d-d001-4468-bea6-23d12fc2bd51,c3,None,2223,p3,?,
1769501041.821246,RECEIVED,8f0f4089-394e-4ae7-90e4-4cfdd9521295,c49eabee-8bf3-41f3-81ff-6ab83a4111ad,c5,c2,2468,p2,?,
1769501041.9709423,RECEIVED,7e4bce27-c9db-4969-bf76-ff9b7f0f8b4c,726b4b6e-0385-48ad-99cb-3d071ee93c4c,c5,DROP,1439,p2,?,
1769501042.007753,RECEIVED,d294a52e-9019-41af-8fc0-37e96a76d81b,aaf4907e-e7e2-4824-ad9f-f76a65ee3b84,c5,DROP,1445,p2,?,
1769501042.013508,SENT,546bbc37-e2bf-4ba5-bb9f-170aafa67809,c467de80-871c-4c61-b74d-6cea32fcd0b2,c3,DROP,1007,?,i9,
1769501042.0135486,FORWARDED,546bbc37-e2bf-4ba5-bb9f-170aafa67809,c467de80-871c-4c61-b74d-6cea32fcd0b2,c3,DROP,1007,?,i9,
1769501042.1485248,SENT,d294a52e-9019-41af-8fc0-37e96a76d81b,aaf4907e-e7e2-4824-ad9f-f76a65ee3b84,c5,DROP,1009,?,i11,
1769501042.148567,FORWARDED,d294a52e-9019-41af-8fc0-37e96a76d81b,aaf4907e-e7e2-4824-ad9f-f76a65ee3b84,c5,DROP,1009,?,i11,
1769501042.1788194,SENT,8f0f4089-394e-4ae7-90e4-4cfdd9521295,c49eabee-8bf3-41f3-81ff-6ab83a4111ad,c5,c2,1777,?,i3,
1769501042.178862,FORWARDED,8f0f4089-394e-4ae7-90e4-4cfdd9521295,c49eabee-8bf3-41f3-81ff-6ab83a4111ad,c5,c2,1777,?,i3,
1769501042.1954288,RECEIVED,3224d6c7-9e30-4fb4-960e-1c71d4f96b23,6190a284-19ac-45bc-b61f-248ad1b8da49,c5,DROP,441,x8,?,
1769501042.2603643,RECEIVED,77bd75f3-851f-4ddb-97cf-3d1f986987ed,e8b8758d-ded1-4658-89c3-791eead2444d,c4,DROP,1440,p1,?,
1769501042.330803,RECEIVED,a93ba2d8-b6e3-4dd2-a212-3c029a82cae6,57aa0cac-f93b-4b50-ac0b-82957f0a64a7,c5,DROP,1440,p2,?,
1769501042.3364327,SENT,7e4bce27-c9db-4969-bf76-ff9b7f0f8b4c,726b4b6e-0385-48ad-99cb-3d071ee93c4c,c5,DROP,1007,?,i1,
1769501042.3364723,FORWARDED,7e4bce27-c9db-4969-bf76-ff9b7f0f8b4c,726b4b6e-0385-48ad-99cb-3d071ee93c4c,c5,DROP,1007,?,i1,
1769501042.3510334,SENT,77bd75f3-851f-4ddb-97cf-3d1f986987ed,e8b8758d-ded1-4658-89c3-791eead2444d,c4,DROP,1008,?,i1,
1769501042.3510857,FORWARDED,77bd75f3-851f-4ddb-97cf-3d1f986987ed,e8b8758d-ded1-4658-89c3-791eead2444d,c4,DROP,1008,?,i1,
1769501042.4755857,RECEIVED,db492198-9624-465b-9a4d-48b58bbc721f,bbde8612-dcd6-4304-bafb-db3c713b1c23,c4,c3,2468,p1,?,
1769501042.4789617,RECEIVED,63400944-9ab3-4073-ab76-5f1c0e48d62f,7091797a-afb9-4a20-9c1e-5db63cb5746b,c1,DROP,1449,p1,?,
1769501042.5541847,RECEIVED,b0bc6bc5-188d-4490-8520-611b234b183d,5030db32-e0ef-4f31-9711-86b57f28e94d,c3,DROP,441,x10,?,
1769501042.5578427,RECEIVED,9022cecc-1d64-445d-9f92-cbdddc630780,6f1468b8-6fc1-4119-8533-6f419c756591,c2,DROP,441,x12,?,
1769501042.5656657,SENT,63400944-9ab3-4073-ab76-5f1c0e48d62f,7091797a-afb9-4a20-9c1e-5db63cb5746b,c1,DROP,1014,?,i4,
1769501042.5657904,FORWARDED,63400944-9ab3-4073-ab76-5f1c0e48d62f,7091797a-afb9-4a20-9c1e-5db63cb5746b,c1,DROP,1014,?,i4,
1769501042.6284301,RECEIVED,7fdac587-1940-435f-9bae-16319c0e3bda,53665c4c-8f0c-4189-998c-e55e37553d05,c3,DROP,1443,p3,?,
1769501042.7461555,SENT,a93ba2d8-b6e3-4dd2-a212-3c029a82cae6,57aa0cac-f93b-4b50-ac0b-82957f0a64a7,c5,DROP,1007,?,i1,
1769501042.746198,FORWARDED,a93ba2d8-b6e3-4dd2-a212-3c029a82cae6,57aa0cac-f93b-4b50-ac0b-82957f0a64a7,c5,DROP,1007,?,i1,
1769501042.8792555,RECEIVED,58a42c39-545e-4e57-a9f5-cd349f8d0996,680541b3-9ca8-48c4-8871-19baed048488,c3,DROP,1441,p3,?,
1769501043.000308,SENT,58a42c39-545e-4e57-a9f5-cd349f8d0996,680541b3-9ca8-48c4-8871-19baed048488,c3,DROP,1007,?,i12,
1769501043.0003521,FORWARDED,58a42c39-545e-4e57-a9f5-cd349f8d0996,680541b3-9ca8-48c4-8871-19baed048488,c3,DROP,1007,?,i12,
1769501043.038427,SENT,2f4d4aed-1397-4c1f-8925-28a82e47f5a5,988e439d-d001-4468-bea6-23d12fc2bd51,c3,None,1596,?,i7,
1769501043.0384648,FORWARDED,2f4d4aed-1397-4c1f-8925-28a82e47f5a5,988e439d-d001-4468-bea6-23d12fc2bd51,c3,None,1596,?,i7,
1769501043.090032,RECEIVED,8c3b341d-6bc2-4eb6-a001-3e99fd50ec45,84fe3faa-3b83-4c04-9727-3bbff588db70,c1,DROP,1439,p1,?,
1769501043.1764534,RECEIVED,845130ca-5c2a-4f25-af66-194771ecf2d4,ce70db23-34ed-4f8c-a64c-ed7b045730e0,c5,DROP,1445,p2,?,
1769501043.2914288,SENT,845130ca-5c2a-4f25-af66-194771ecf2d4,ce70db23-34ed-4f8c-a64c-ed7b045730e0,c5,DROP,1009,?,i10,
1769501043.2914705,FORWARDED,845130ca-5c2a-4f25-af66-194771ecf2d4,ce70db23-34ed-4f8c-a64c-ed7b045730e0,c5,DROP,1009,?,i10,
1769501043.3008506,RECEIVED,243df110-9a8c-4bfd-b84c-8137970ff74f,32659909-b1ec-4d56-86b3-98bf76948959,c3,c4,2459,p3,?,
1769501043.3369377,RECEIVED,89f2fdb1-6ba2-46ea-a7ee-ca42b1295ecc,87dc0a40-73c5-4a9d-a87d-35692d77a4d1,c3,DROP,1440,p3,?,
1769501043.3965304,SENT,89f2fdb1-6ba2-46ea-a7ee-ca42b1295ecc,87dc0a40-73c5-4a9d-a87d-35692d77a4d1,c3,DROP,1006,?,i2,
1769501043.3965714,FORWARDED,89f2fdb1-6ba2-46ea-a7ee-ca42b1295ecc,87dc0a40-73c5-4a9d-a87d-35692d77a4d1,c3,DROP,1006,?,i2,
1769501043.5692728,SENT,4581829e-f292-4bdc-b1c4-97aee99f39f1,596cdac4-77d1-4ea1-9e34-3b11a3376df4,c3,DROP,1008,?,i11,
1769501043.5693161,FORWARDED,4581829e-f292-4bdc-b1c4-97aee99f39f1,596cdac4-77d1-4ea1-9e34-3b11a3376df4,c3,DROP,1008,?,i11,
1769501043.6171691,RECEIVED,e3606f28-b93f-49d0-b2b3-b6592940e472,8e3c4e7e-33f2-47f2-8b19-1ae80de93581,c2,DROP,1443,p2,?,
1769501043.7925394,RECEIVED,4df94c6f-4cd1-4b35-b19b-be31bdf42734,f095d53f-90c3-45f2-b648-58c6b8c7b8ab,c1,DROP,437,x7,?,
1769501043.8347614,SENT,8c3b341d-6bc2-4eb6-a001-3e99fd50ec45,84fe3faa-3b83-4c04-9727-3bbff588db70,c1,DROP,1008,?,i5,
1769501043.8348024,FORWARDED,8c3b341d-6bc2-4eb6-a001-3e99fd50ec45,84fe3faa-3b83-4c04-9727-3bbff588db70,c1,DROP,1008,?,i5,
1769501043.837222,RECEIVED,033df525-dbc8-413b-b98c-29f2e392407b,7a46af6d-cd7f-44dc-a93f-5a49dfcaef32,c2,None,2223,p2,?,
1769501043.8629365,SENT,e3606f28-b93f-49d0-b2b3-b6592940e472,8e3c4e7e-33f2-47f2-8b19-1ae80de93581,c2,DROP,1010,?,i9,
1769501043.8629785,FORWARDED,e3606f28-b93f-49d0-b2b3-b6592940e472,8e3c4e7e-33f2-47f2-8b19-1ae80de93581,c2,DROP,1010,?,i9,
1769501043.8876972,RECEIVED,78059680-6f55-41e1-8fb6-7bf491f485d3,fe44edc9-8547-4468-a214-fdc28ef6af2a,c1,DROP,1452,p1,?,
1769501043.9107351,RECEIVED,3c0c83f4-1b0f-430d-b5c2-744349227473,d568dab0-bd55-4b21-bf5a-fc50c662ba0c,c5,DROP,442,x6,?,
1769501043.9276211,SENT,db492198-9624-465b-9a4d-48b58bbc721f,bbde8612-dcd6-4304-bafb-db3c713b1c23,c4,c3,1779,?,i11,
1769501043.9276597,FORWARDED,db492198-9624-465b-9a4d-48b58bbc721f,bbde8612-dcd6-4304-bafb-db3c713b1c23,c4,c3,1779,?,i11,
1769501043.9535844,SENT,78059680-6f55-41e1-8fb6-7bf491f485d3,fe44edc9-8547-4468-a214-fdc28ef6af2a,c1,DROP,1016,?,i4,
1769501043.95363,FORWARDED,78059680-6f55-41e1-8fb6-7bf491f485d3,fe44edc9-8547-4468-a214-fdc28ef6af2a,c1,DROP,1016,?,i4,
1769501043.9746008,RECEIVED,9b14f8ae-4bcf-45c6-a14b-02607a4246a5,5ffa9ec1-3b96-46a9-aa8d-f4af9247a61a,c3,DROP,442,x9,?,
1769501043.988644,RECEIVED,06f4f91a-101a-4aa8-8758-eb9cea1f5054,be89b832-4c0a-497b-b9af-f186b1457120,c4,DROP,1451,p1,?,
1769501044.0473313,RECEIVED,84929f22-d902-4607-8e18-ab2b6ebf988d,000a02ee-61e3-4404-a3a2-e8208c7cbce0,c3,DROP,1440,p3,?,
1769501044.0766923,SENT,7fdac587-1940-435f-9bae-16319c0e3bda,53665c4c-8f0c-4189-998c-e55e37553d05,c3,DROP,1009,?,i3,
1769501044.076736,FORWARDED,7fdac587-1940-435f-9bae-16319c0e3bda,53665c4c-8f0c-4189-998c-e55e37553d05,c3,DROP,1009,?,i3,
1769501044.138468,SENT,84929f22-d902-4607-8e18-ab2b6ebf988d,000a02ee-61e3-4404-a3a2-e8208c7cbce0,c3,DROP,1007,?,i8,
1769501044.1385124,FORWARDED,84929f22-d902-4607-8e18-ab2b6ebf988d,000a02ee-61e3-4404-a3a2-e8208c7cbce0,c3,DROP,1007,?,i8,
1769501044.1986008,RECEIVED,083b70b0-e33e-4dd4-bc35-21d1765d8e2d,d2281dd6-0802-4b76-807c-bbc8631079be,c5,c2,2449,p2,?,
1769501044.2137163,RECEIVED,4519b5da-7259-44c6-aa9f-b047582b37f5,e794fb31-b29c-47af-afe9-8f294a23085f,c2,c1,2468,p2,?,
1769501044.2399101,SENT,243df110-9a8c-4bfd-b84c-8137970ff74f,32659909-b1ec-4d56-86b3-98bf76948959,c3,c4,1771,?,i5,
1769501044.2399526,FORWARDED,243df110-9a8c-4bfd-b84c-8137970ff74f,32659909-b1ec-4d56-86b3-98bf76948959,c3,c4,1771,?,i5,
1769501044.2536497,SENT,083b70b0-e33e-4dd4-bc35-21d1765d8e2d,d2281dd6-0802-4b76-807c-bbc8631079be,c5,c2,1764,?,i1,
1769501044.2536907,FORWARDED,083b70b0-e33e-4dd4-bc35-21d1765d8e2d,d2281dd6-0802-4b76-807c-bbc8631079be,c5,c2,1764,?,i1,
1769501044.303763,RECEIVED,e684a79c-55d5-4eb1-9040-0e561a20aaed,68bfa2d1-9d5a-41c1-97d6-914d9e30b895,c1,DROP,441,x5,?,
1769501044.6126554,SENT,06f4f91a-101a-4aa8-8758-eb9cea1f5054,be89b832-4c0a-497b-b9af-f186b1457120,c4,DROP,1015,?,i8,
1769501044.6126976,FORWARDED,06f4f91a-101a-4aa8-8758-eb9cea1f5054,be89b832-4c0a-497b-b9af-f186b1457120,c4,DROP,1015,?,i8,
1769501044.8711765,SENT,4519b5da-7259-44c6-aa9f-b047582b37f5,e794fb31-b29c-47af-afe9-8f294a23085f,c2,c1,1779,?,i12,
1769501044.871219,FORWARDED,4519b5da-7259-44c6-aa9f-b047582b37f5,e794fb31-b29c-47af-afe9-8f294a23085f,c2,c1,1779,?,i12,
1769501044.8889928,SENT,033df525-dbc8-413b-b98c-29f2e392407b,7a46af6d-cd7f-44dc-a93f-5a49dfcaef32,c2,None,1595,?,i7,
1769501044.8890352,FORWARDED,033df525-dbc8-413b-b98c-29f2e392407b,7a46af6d-cd7f-44dc-a93f-5a49dfcaef32,c2,None,1595,?,i7,
1769501045.0552797,RECEIVED,2f6e03aa-3001-4dc1-9583-6f331dc9cae7,a9fc59c8-8d0a-4d47-9e75-09e2f642f97a,c4,None,2243,p1,?,
1769501045.0615199,RECEIVED,1f59d726-6acc-402a-a40b-78459b1173c2,d9b33958-bc44-48a0-88bd-b14eed30a33b,c5,c2,2459,p2,?,
1769501045.0988367,RECEIVED,1986701e-64f3-42e5-8ca1-c6ac6ef218bb,eea6a4d6-18fc-4e91-8ec7-b4def7b3dd98,c3,DROP,1440,p3,?,
1769501045.1530817,RECEIVED,614e9050-4fd1-40fb-9c44-e05ce99cd69d,046ec5ee-bfea-4a8d-a66f-510263b09c2d,c4,DROP,1440,p1,?,
1769501045.1824434,RECEIVED,7e1453f9-0cea-4f73-b4a7-7a00e6093d35,f8b3aec7-e551-4958-8531-9ee61a1f3571,c2,None,2237,p2,?,
1769501045.2129295,SENT,614e9050-4fd1-40fb-9c44-e05ce99cd69d,046ec5ee-bfea-4a8d-a66f-510263b09c2d,c4,DROP,1007,?,i8,
1769501045.2129717,FORWARDED,614e9050-4fd1-40fb-9c44-e05ce99cd69d,046ec5ee-bfea-4a8d-a66f-510263b09c2d,c4,DROP,1007,?,i8,
1769501045.2779636,SENT,1986701e-64f3-42e5-8ca1-c6ac6ef218bb,eea6a4d6-18fc-4e91-8ec7-b4def7b3dd98,c3,DROP,1008,?,i6,
1769501045.2780106,FORWARDED,1986701e-64f3-42e5-8ca1-c6ac6ef218bb,eea6a4d6-18fc-4e91-8ec7-b4def7b3dd98,c3,DROP,1008,?,i6,
1769501045.3650978,SENT,7e1453f9-0cea-4f73-b4a7-7a00e6093d35,f8b3aec7-e551-4958-8531-9ee61a1f3571,c2,None,1604,?,i12,
1769501045.3651423,FORWARDED,7e1453f9-0cea-4f73-b4a7-7a00e6093d35,f8b3aec7-e551-4958-8531-9ee61a1f3571,c2,None,1604,?,i12,
1769501045.4624338,RECEIVED,22d228fb-1734-427f-8821-60dea013b7e0,de0c3917-8f4e-4518-aba7-8a5428347e07,c3,DROP,1448,p3,?,
1769501045.5547788,RECEIVED,09c08119-4524-43d9-b99d-404334933591,3719bebd-56de-4bb7-8ef9-f6f5b01595b2,c5,DROP,1449,p2,?,
1769501045.5943062,SENT,2f6e03aa-3001-4dc1-9583-6f331dc9cae7,a9fc59c8-8d0a-4d47-9e75-09e2f642f97a,c4,None,1609,?,i9,
1769501045.5943506,FORWARDED,2f6e03aa-3001-4dc1-9583-6f331dc9cae7,a9fc59c8-8d0a-4d47-9e75-09e2f642f97a,c4,None,1609,?,i9,
1769501045.7841315,SENT,09c08119-4524-43d9-b99d-404334933591,3719bebd-56de-4bb7-8ef9-f6f5b01595b2,c5,DROP,1014,?,i11,
1769501045.784165,FORWARDED,09c08119-4524-43d9-b99d-404334933591,3719bebd-56de-4bb7-8ef9-f6f5b01595b2,c5,DROP,1014,?,i11,
1769501045.7897542,RECEIVED,42676b95-c161-4d59-869b-416387f1e758,f002e006-7314-4d31-8f9d-c6173f7f634f,c2,DROP,1447,p2,?,
1769501045.9115887,RECEIVED,bdf79502-5d58-4c7f-846b-8f74ca55c8dd,ede33d29-0e52-40b2-a43a-e709cab1ffc7,c5,DROP,1439,p2,?,
1769501045.9166648,RECEIVED,84d7a439-457f-4367-89ed-97352c93162e,48e72aa5-3400-4ae5-92be-264f3bcbdf8e,c1,c5,2464,p1,?,
1769501045.9451504,RECEIVED,3e74566b-fcbc-40d5-ae0a-f32214e5eb1b,c11d68c1-f5fc-40a6-a485-cc65dad9c175,c5,DROP,1445,p2,?,
1769501045.9522452,SENT,1f59d726-6acc-402a-a40b-78459b1173c2,d9b33958-bc44-48a0-88bd-b14eed30a33b,c5,c2,1773,?,i4,
1769501045.9522858,FORWARDED,1f59d726-6acc-402a-a40b-78459b1173c2,d9b33958-bc44-48a0-88bd-b14eed30a33b,c5,c2,1773,?,i4,
1769501045.9809809,RECEIVED,e95dd8c3-4c6f-4123-b224-227c3a11cc3d,9683ed42-1ae7-40b5-bba1-b716f013caf0,c2,DROP,443,x7,?,
1769501046.1124105,RECEIVED,91273f6a-549b-4a09-9d24-f53a35e9ee5d,36e0b2fa-c50f-4f6b-a50e-167fff1041eb,c5,None,2223,p2,?,
1769501046.119622,SENT,84d7a439-457f-4367-89ed-97352c93162e,48e72aa5-3400-4ae5-92be-264f3bcbdf8e,c1,c5,1776,?,i5,
1769501046.1196735,FORWARDED,84d7a439-457f-4367-89ed-97352c93162e,48e72aa5-3400-4ae5-92be-264f3bcbdf8e,c1,c5,1776,?,i5,
1769501046.1362424,SENT,3e74566b-fcbc-40d5-ae0a-f32214e5eb1b,c11d68c1-f5fc-40a6-a485-cc65dad9c175,c5,DROP,1011,?,i10,
1769501046.1362865,FORWARDED,3e74566b-fcbc-40d5-ae0a-f32214e5eb1b,c11d68c1-f5fc-40a6-a485-cc65dad9c175,c5,DROP,1011,?,i10,
1769501046.169775,RECEIVED,bb2532f1-2eaf-40d5-a774-69c0ac58f776,ffdae969-5ec5-4dd7-bb20-462e154eabc8,c2,c1,2447,p2,?,
1769501046.2300987,SENT,91273f6a-549b-4a09-9d24-f53a35e9ee5d,36e0b2fa-c50f-4f6b-a50e-167fff1041eb,c5,None,1596,?,i1,
1769501046.2301424,FORWARDED,91273f6a-549b-4a09-9d24-f53a35e9ee5d,36e0b2fa-c50f-4f6b-a50e-167fff1041eb,c5,None,1596,?,i1,
1769501046.2728946,RECEIVED,bc80e3ed-491f-4f26-8eda-4949151f43d3,fb088216-f958-43c8-8417-84b72af0fcca,c1,DROP,1463,p1,?,
1769501046.284368,SENT,bdf79502-5d58-4c7f-846b-8f74ca55c8dd,ede33d29-0e52-40b2-a43a-e709cab1ffc7,c5,DROP,1007,?,i8,
1769501046.2844083,FORWARDED,bdf79502-5d58-4c7f-846b-8f74ca55c8dd,ede33d29-0e52-40b2-a43a-e709cab1ffc7,c5,DROP,1007,?,i8,
1769501046.4898643,SENT,42676b95-c161-4d59-869b-416387f1e758,f002e006-7314-4d31-8f9d-c6173f7f634f,c2,DROP,1014,?,i5,
1769501046.4899035,FORWARDED,42676b95-c161-4d59-869b-416387f1e758,f002e006-7314-4d31-8f9d-c6173f7f634f,c2,DROP,1014,?,i5,
1769501046.558134,SENT,bc80e3ed-491f-4f26-8eda-4949151f43d3,fb088216-f958-43c8-8417-84b72af0fcca,c1,DROP,1024,?,i4,
1769501046.5581763,FORWARDED,bc80e3ed-491f-4f26-8eda-4949151f43d3,fb088216-f958-43c8-8417-84b72af0fcca,c1,DROP,1024,?,i4,
1769501046.7376122,SENT,bb2532f1-2eaf-40d5-a774-69c0ac58f776,ffdae969-5ec5-4dd7-bb20-462e154eabc8,c2,c1,1764,?,i3,
1769501046.737652,FORWARDED,bb2532f1-2eaf-40d5-a774-69c0ac58f776,ffdae969-5ec5-4dd7-bb20-462e154eabc8,c2,c1,1764,?,i3,
1769501046.828976,RECEIVED,b73bd57c-f390-4818-9091-8328864074e3,2b498fc8-ec46-4aab-97f8-0926a93970e7,c2,DROP,1459,p2,?,
1769501046.8438432,RECEIVED,af5ab05d-04c1-429c-a3d7-bd807b2c6adc,48bb5a47-c3cd-4716-97b6-f5480c0fb176,c5,DROP,1443,p2,?,
1769501047.1200228,RECEIVED,98bcac03-7bcb-43a6-8e3a-ff7fe0635a8e,080fa683-7b8f-47d2-9fcd-636c665ccc79,c5,DROP,1457,p2,?,
1769501047.1644976,RECEIVED,6912a7c3-1a3d-49eb-9085-8f4699e2db51,ec3a830b-2f6f-4edd-be19-ad1dcbd2153b,c4,DROP,1448,p1,?,
1769501047.1678941,SENT,98bcac03-7bcb-43a6-8e3a-ff7fe0635a8e,080fa683-7b8f-47d2-9fcd-636c665ccc79,c5,DROP,1019,?,i11,
1769501047.1679344,FORWARDED,98bcac03-7bcb-43a6-8e3a-ff7fe0635a8e,080fa683-7b8f-47d2-9fcd-636c665ccc79,c5,DROP,1019,?,i11,
1769501047.1958048,RECEIVED,bfaa3b0b-692b-489a-92a4-3fd27ec81cde,b29ee138-8ccf-4097-85b8-6711a4cb7a07,c2,DROP,441,x11,?,
1769501047.19699,SENT,22d228fb-1734-427f-8821-60dea013b7e0,de0c3917-8f4e-4518-aba7-8a5428347e07,c3,DROP,1012,?,i12,
1769501047.1970327,FORWARDED,22d228fb-1734-427f-8821-60dea013b7e0,de0c3917-8f4e-4518-aba7-8a5428347e07,c3,DROP,1012,?,i12,
1769501047.3610575,RECEIVED,942ac3f9-40c9-4024-a320-50a2a7edd960,23dfb2ba-83eb-486d-a3a0-f6f1ecd0f421,c1,DROP,1443,p1,?,
1769501047.3701627,SENT,6912a7c3-1a3d-49eb-9085-8f4699e2db51,ec3a830b-2f6f-4edd-be19-ad1dcbd2153b,c4,DROP,1012,?,i8,
1769501047.3702006,FORWARDED,6912a7c3-1a3d-49eb-9085-8f4699e2db51,ec3a830b-2f6f-4edd-be19-ad1dcbd2153b,c4,DROP,1012,?,i8,
1769501047.509246,SENT,942ac3f9-40c9-4024-a320-50a2a7edd960,23dfb2ba-83eb-486d-a3a0-f6f1ecd0f421,c1,DROP,1009,?,i4,
1769501047.5092885,FORWARDED,942ac3f9-40c9-4024-a320-50a2a7edd960,23dfb2ba-83eb-486d-a3a0-f6f1ecd0f421,c1,DROP,1009,?,i4,
1769501047.5226,RECEIVED,b5c4c29d-7a4a-4f79-b9ab-1fb09d2b6b97,257cfcfd-d945-4e32-b017-e653f60924d4,c2,c1,2445,p2,?,
1769501047.5921943,SENT,b5c4c29d-7a4a-4f79-b9ab-1fb09d2b6b97,257cfcfd-d945-4e32-b017-e653f60924d4,c2,c1,1760,?,i4,
1769501047.5922358,FORWARDED,b5c4c29d-7a4a-4f79-b9ab-1fb09d2b6b97,257cfcfd-d945-4e32-b017-e653f60924d4,c2,c1,1760,?,i4,
1769501047.5954766,SENT,b73bd57c-f390-4818-9091-8328864074e3,2b498fc8-ec46-4aab-97f8-0926a93970e7,c2,DROP,1022,?,i6,
1769501047.5955162,FORWARDED,b73bd57c-f390-4818-9091-8328864074e3,2b498fc8-ec46-4aab-97f8-0926a93970e7,c2,DROP,1022,?,i6,
1769501047.6810565,RECEIVED,e3b6b5d7-f957-4cc7-a5a3-563ff36d1599,366a983f-4e2e-445e-915c-c6580bc36ddd,c2,DROP,1455,p2,?,
1769501047.914459,RECEIVED,c53c4f0c-a49b-48be-ace0-a1311894a94f,7712882f-dab4-495e-b0ab-23e16e834f21,c4,DROP,1456,p1,?,
1769501048.0010183,SENT,c53c4f0c-a49b-48be-ace0-a1311894a94f,7712882f-dab4-495e-b0ab-23e16e834f21,c4,DROP,1020,?,i8,
1769501048.0010803,FORWARDED,c53c4f0c-a49b-48be-ace0-a1311894a94f,7712882f-dab4-495e-b0ab-23e16e834f21,c4,DROP,1020,?,i8,
1769501048.0420957,RECEIVED,16843af1-8f78-4eba-9459-cf7556ad6384,9b3df60f-794b-48b3-a2cc-682e85820dde,c5,DROP,1444,p2,?,
1769501048.1027043,SENT,16843af1-8f78-4eba-9459-cf7556ad6384,9b3df60f-794b-48b3-a2cc-682e85820dde,c5,DROP,1009,?,i8,
1769501048.102748,FORWARDED,16843af1-8f78-4eba-9459-cf7556ad6384,9b3df60f-794b-48b3-a2cc-682e85820dde,c5,DROP,1009,?,i8,
1769501048.144673,SENT,e3b6b5d7-f957-4cc7-a5a3-563ff36d1599,366a983f-4e2e-445e-915c-c6580bc36ddd,c2,DROP,1020,?,i6,
1769501048.144717,FORWARDED,e3b6b5d7-f957-4cc7-a5a3-563ff36d1599,366a983f-4e2e-445e-915c-c6580bc36ddd,c2,DROP,1020,?,i6,
1769501048.263882,RECEIVED,2e9cf164-a815-427a-aa9a-0c65ae219d31,7e6d281d-a60f-44b6-adda-fe96a3aa2d40,c1,DROP,1440,p1,?,
1769501048.3036091,RECEIVED,b4390395-44f1-4ba4-9226-39cf4bb1480e,5389bb74-125d-4db2-99ad-318d5f7b2695,c5,None,2237,p2,?,
1769501048.3201244,RECEIVED,389c2226-3772-4857-a2c6-256ec01b2885,98b07947-e04d-4d19-b1bb-c77441320510,c5,c2,2473,p2,?,
1769501048.3470712,SENT,389c2226-3772-4857-a2c6-256ec01b2885,98b07947-e04d-4d19-b1bb-c77441320510,c5,c2,1780,?,i3,
1769501048.347115,FORWARDED,389c2226-3772-4857-a2c6-256ec01b2885,98b07947-e04d-4d19-b1bb-c77441320510,c5,c2,1780,?,i3,
1769501048.3887944,SENT,2e9cf164-a815-427a-aa9a-0c65ae219d31,7e6d281d-a60f-44b6-adda-fe96a3aa2d40,c1,DROP,1007,?,i2,
1769501048.388837,FORWARDED,2e9cf164-a815-427a-aa9a-0c65ae219d31,7e6d281d-a60f-44b6-adda-fe96a3aa2d40,c1,DROP,1007,?,i2,
1769501048.563426,RECEIVED,19f5bee6-1704-46fb-b52d-6ed79c13f006,f687b979-fcc2-4232-8d37-0e45cfe66601,c1,DROP,1447,p1,?,
1769501048.6040766,SENT,b4390395-44f1-4ba4-9226-39cf4bb1480e,5389bb74-125d-4db2-99ad-318d5f7b2695,c5,None,1603,?,i11,
1769501048.6041193,FORWARDED,b4390395-44f1-4ba4-9226-39cf4bb1480e,5389bb74-125d-4db2-99ad-318d5f7b2695,c5,None,1603,?,i11,
1769501048.6628408,RECEIVED,064f501e-729f-4efd-9ad2-3fd3134c4edc,dfe934e6-1d51-43f3-a49a-777d8f7988a2,c2,c1,2448,p2,?,
1769501048.867361,SENT,064f501e-729f-4efd-9ad2-3fd3134c4edc,dfe934e6-1d51-43f3-a49a-777d8f7988a2,c2,c1,1763,?,i12,
1769501048.8674033,FORWARDED,064f501e-729f-4efd-9ad2-3fd3134c4edc,dfe934e6-1d51-43f3-a49a-777d8f7988a2,c2,c1,1763,?,i12,
1769501048.909892,RECEIVED,04f558f3-778b-4dfe-9aac-3f6379ff27c5,b4229d3c-3bdc-44bb-bae9-0cc0da60d002,c4,DROP,1452,p1,?,
1769501048.9735904,SENT,04f558f3-778b-4dfe-9aac-3f6379ff27c5,b4229d3c-3bdc-44bb-bae9-0cc0da60d002,c4,DROP,1015,?,i8,
1769501048.973634,FORWARDED,04f558f3-778b-4dfe-9aac-3f6379ff27c5,b4229d3c-3bdc-44bb-bae9-0cc0da60d002,c4,DROP,1015,?,i8,
1769501048.9898164,SENT,19f5bee6-1704-46fb-b52d-6ed79c13f006,f687b979-fcc2-4232-8d37-0e45cfe66601,c1,DROP,1012,?,i7,
1769501048.989852,FORWARDED,19f5bee6-1704-46fb-b52d-6ed79c13f006,f687b979-fcc2-4232-8d37-0e45cfe66601,c1,DROP,1012,?,i7,
1769501049.0833976,SENT,af5ab05d-04c1-429c-a3d7-bd807b2c6adc,48bb5a47-c3cd-4716-97b6-f5480c0fb176,c5,DROP,1009,?,i4,
1769501049.0834353,FORWARDED,af5ab05d-04c1-429c-a3d7-bd807b2c6adc,48bb5a47-c3cd-4716-97b6-f5480c0fb176,c5,DROP,1009,?,i4,
1769501049.2559261,RECEIVED,7e517e67-7437-4dda-9289-41c86a52c7a3,0b4a1d54-1608-429f-a9e2-8ee78a4e1364,c4,c3,2447,p1,?,
1769501049.3714595,RECEIVED,a2bf8b7c-fdba-4637-bf02-4e987da507ce,6d8c6f99-50ce-4065-beed-c587f1d1f236,c3,DROP,1439,p3,?,
1769501049.3853173,RECEIVED,35679414-a9bc-4d26-8212-541e990aefdc,157e27f5-f1dc-47ab-a2bf-72f98349f765,c1,None,2233,p1,?,
1769501049.4256604,RECEIVED,594cc513-8095-44a7-878e-19bc967eb714,7e690fb3-aa72-48a0-a681-6179acbed877,c1,DROP,1435,p1,?,
1769501049.5059257,SENT,35679414-a9bc-4d26-8212-541e990aefdc,157e27f5-f1dc-47ab-a2bf-72f98349f765,c1,None,1600,?,i12,
1769501049.505979,FORWARDED,35679414-a9bc-4d26-8212-541e990aefdc,157e27f5-f1dc-47ab-a2bf-72f98349f765,c1,None,1600,?,i12,
1769501049.5267696,RECEIVED,9b13e6f6-148b-462a-9b72-4942bc0b6cf9,490b43b3-2f2c-416c-9c48-528b9b74ffec,c3,DROP,443,x6,?,
1769501049.6014667,RECEIVED,8c7f0b42-2970-44b7-83b8-00e6c7962f8e,e3d2d7e4-1030-45a4-94b1-364f4cf9702d,c1,DROP,440,x10,?,
1769501049.643969,RECEIVED,b897cad4-b05e-472e-9062-8bf23a780255,7f8a4e92-92ab-4197-8f6c-5c32e9b38207,c5,DROP,442,x5,?,
1769501049.7234676,RECEIVED,67e5fb83-938b-4833-8079-ffd06ae8610a,bd77c225-8d45-4923-aa5c-7deca4e30a95,c2,DROP,1436,p2,?,
1769501049.852851,SENT,67e5fb83-938b-4833-8079-ffd06ae8610a,bd77c225-8d45-4923-aa5c-7deca4e30a95,c2,DROP,1005,?,i9,
1769501049.8528872,FORWARDED,67e5fb83-938b-4833-8079-ffd06ae8610a,bd77c225-8d45-4923-aa5c-7deca4e30a95,c2,DROP,1005,?,i9,
1769501049.8653574,RECEIVED,e1077017-8adf-4352-90f3-fe32e2f58cf3,93cb49b4-d944-42e3-b8c0-1c6ae5544f48,c1,DROP,1447,p1,?,
1769501049.8913004,RECEIVED,a618b7f6-b55c-42b2-b864-e9059e3c87d2,3b751762-81b3-41ce-9307-0b079ea9812f,c3,DROP,1445,p3,?,
1769501049.9307146,RECEIVED,23d5c05f-62f4-459e-8139-e5a566c22224,426da491-92b7-4f18-8663-f10af9d3103f,c5,None,2220,p2,?,
1769501049.9932735,SENT,a2bf8b7c-fdba-4637-bf02-4e987da507ce,6d8c6f99-50ce-4065-beed-c587f1d1f236,c3,DROP,1008,?,i9,
1769501049.9933157,FORWARDED,a2bf8b7c-fdba-4637-bf02-4e987da507ce,6d8c6f99-50ce-4065-beed-c587f1d1f236,c3,DROP,1008,?,i9,
1769501050.2522414,SENT,594cc513-8095-44a7-878e-19bc967eb714,7e690fb3-aa72-48a0-a681-6179acbed877,c1,DROP,1004,?,i4,
1769501050.2522788,FORWARDED,594cc513-8095-44a7-878e-19bc967eb714,7e690fb3-aa72-48a0-a681-6179acbed877,c1,DROP,1004,?,i4,
1769501050.2587314,SENT,23d5c05f-62f4-459e-8139-e5a566c22224,426da491-92b7-4f18-8663-f10af9d3103f,c5,None,1592,?,i7,
1769501050.2587757,FORWARDED,23d5c05f-62f4-459e-8139-e5a566c22224,426da491-92b7-4f18-8663-f10af9d3103f,c5,None,1592,?,i7,
1769501050.290563,RECEIVED,8d75b16c-04a0-43ef-b211-3eb4a3b3e073,7f4c50f8-fa06-45ba-98b3-f52d077dcc24,c2,DROP,1452,p2,?,
1769501050.3276305,SENT,a618b7f6-b55c-42b2-b864-e9059e3c87d2,3b751762-81b3-41ce-9307-0b079ea9812f,c3,DROP,1009,?,i10,
1769501050.3276722,FORWARDED,a618b7f6-b55c-42b2-b864-e9059e3c87d2,3b751762-81b3-41ce-9307-0b079ea9812f,c3,DROP,1009,?,i10,
1769501050.5044901,SENT,e1077017-8adf-4352-90f3-fe32e2f58cf3,93cb49b4-d944-42e3-b8c0-1c6ae5544f48,c1,DROP,1013,?,i9,
1769501050.504525,FORWARDED,e1077017-8adf-4352-90f3-fe32e2f58cf3,93cb49b4-d944-42e3-b8c0-1c6ae5544f48,c1,DROP,1013,?,i9,
1769501050.5629737,RECEIVED,5cd64d81-cd16-499b-a7d9-a37053335160,500c7ad3-0271-46d8-92a5-379f985e2128,c1,c5,2463,p1,?,
1769501050.745388,RECEIVED,f292c0d6-cb86-4ff7-aaf7-267c58ef15f7,ed21cdcd-04d6-4400-aee7-3b31ac294aa2,c1,c5,2464,p1,?,
1769501050.8117774,SENT,8d75b16c-04a0-43ef-b211-3eb4a3b3e073,7f4c50f8-fa06-45ba-98b3-f52d077dcc24,c2,DROP,1015,?,i11,
1769501050.811813,FORWARDED,8d75b16c-04a0-43ef-b211-3eb4a3b3e073,7f4c50f8-fa06-45ba-98b3-f52d077dcc24,c2,DROP,1015,?,i11,
1769501050.8284755,RECEIVED,37763882-e84c-4809-a5e7-1fae15b8ea72,7c9def95-510a-4e32-92fb-b9248406658f,c1,c5,2463,p1,?,
1769501050.840353,RECEIVED,4dc97d1d-365a-49c5-8064-ff315805cf16,cfbc35c8-eb6b-421d-ae6f-9e781fec53a0,c4,DROP,1437,p1,?,
1769501050.9144948,SENT,4dc97d1d-365a-49c5-8064-ff315805cf16,cfbc35c8-eb6b-421d-ae6f-9e781fec53a0,c4,DROP,1005,?,i7,
1769501050.9145355,FORWARDED,4dc97d1d-365a-49c5-8064-ff315805cf16,cfbc35c8-eb6b-421d-ae6f-9e781fec53a0,c4,DROP,1005,?,i7,
1769501050.9564316,RECEIVED,ea7f448a-da20-4dea-bea9-7f4c0e96ba02,cd889412-b7b6-4e25-a5a9-5a4a7da8a7dd,c4,DROP,1453,p1,?,
1769501050.9787009,RECEIVED,1654cd73-8a91-410b-901b-eebde890ad71,44441376-c800-4871-8df4-da4d6c7b8716,c5,DROP,1444,p2,?,
1769501050.9909592,RECEIVED,6feb2f70-bc70-4330-b470-7986cfe53c0a,53a48c0a-79d8-4ac6-9c1f-785e90099b3a,c4,DROP,442,x5,?,
1769501051.0138676,RECEIVED,1b249ed8-2616-4805-bf5c-d9bf2e3e8c6a,865f6c18-696a-4979-8555-4e225e2b097e,c3,c4,2463,p3,?,
1769501051.0231774,RECEIVED,fd4d3c9f-ab42-4a73-95fe-f593e3679364,bcfed636-532b-4f42-b219-6d56300e58f3,c1,DROP,1438,p1,?,
1769501051.0928679,SENT,f292c0d6-cb86-4ff7-aaf7-267c58ef15f7,ed21cdcd-04d6-4400-aee7-3b31ac294aa2,c1,c5,1776,?,i3,
1769501051.0929916,FORWARDED,f292c0d6-cb86-4ff7-aaf7-267c58ef15f7,ed21cdcd-04d6-4400-aee7-3b31ac294aa2,c1,c5,1776,?,i3,
1769501051.1083684,SENT,37763882-e84c-4809-a5e7-1fae15b8ea72,7c9def95-510a-4e32-92fb-b9248406658f,c1,c5,1776,?,i1,
1769501051.1084077,FORWARDED,37763882-e84c-4809-a5e7-1fae15b8ea72,7c9def95-510a-4e32-92fb-b9248406658f,c1,c5,1776,?,i1,
1769501051.136896,RECEIVED,aebcda0c-ea8e-4baa-bc21-37e4f39a99f5,c81cc1b2-ef97-40ea-a0e4-85114c50300f,c4,DROP,1445,p1,?,
1769501051.142891,RECEIVED,472988c1-f4eb-41bb-8a8c-2eed2c7b4eb5,f04fdcc0-28b2-49fd-ae84-f1afaa7f410e,c1,DROP,442,x7,?,
1769501051.1835382,SENT,aebcda0c-ea8e-4baa-bc21-37e4f39a99f5,c81cc1b2-ef97-40ea-a0e4-85114c50300f,c4,DROP,1009,?,i11,
1769501051.1835816,FORWARDED,aebcda0c-ea8e-4baa-bc21-37e4f39a99f5,c81cc1b2-ef97-40ea-a0e4-85114c50300f,c4,DROP,1009,?,i11,
1769501051.186378,SENT,ea7f448a-da20-4dea-bea9-7f4c0e96ba02,cd889412-b7b6-4e25-a5a9-5a4a7da8a7dd,c4,DROP,1016,?,i12,
1769501051.1864192,FORWARDED,ea7f448a-da20-4dea-bea9-7f4c0e96ba02,cd889412-b7b6-4e25-a5a9-5a4a7da8a7dd,c4,DROP,1016,?,i12,
1769501051.2368236,RECEIVED,0dc20d93-8855-4a56-a7d6-cedf04b3d5ec,8fdb771f-fa5b-4fc9-bb4c-72cda404299d,c3,c4,2460,p3,?,
1769501051.2442558,RECEIVED,17878e81-46d0-4f76-81ce-2476dbfea049,8f70b85a-1f28-42cb-8dcd-48026f0c235a,c4,DROP,1440,p1,?,
1769501051.2571907,SENT,fd4d3c9f-ab42-4a73-95fe-f593e3679364,bcfed636-532b-4f42-b219-6d56300e58f3,c1,DROP,1008,?,i5,
1769501051.2572303,FORWARDED,fd4d3c9f-ab42-4a73-95fe-f593e3679364,bcfed636-532b-4f42-b219-6d56300e58f3,c1,DROP,1008,?,i5,
1769501051.2738252,SENT,0dc20d93-8855-4a56-a7d6-cedf04b3d5ec,8fdb771f-fa5b-4fc9-bb4c-72cda404299d,c3,c4,1771,?,i8,
1769501051.2738633,FORWARDED,0dc20d93-8855-4a56-a7d6-cedf04b3d5ec,8fdb771f-fa5b-4fc9-bb4c-72cda404299d,c3,c4,1771,?,i8,
1769501051.5793006,RECEIVED,2695997a-5443-4683-897a-b0fc0b2fa24c,85d8e8d3-f5cb-4a30-a857-0efc2376676d,c4,DROP,1443,p1,?,
1769501051.6949966,RECEIVED,5a388731-7d25-4833-855e-fe05e7fc285b,244446ef-4ed8-41c6-b11f-8fe43846318f,c3,c4,2445,p3,?,
1769501051.7293935,SENT,17878e81-46d0-4f76-81ce-2476dbfea049,8f70b85a-1f28-42cb-8dcd-48026f0c235a,c4,DROP,1008,?,i7,
1769501051.7294326,FORWARDED,17878e81-46d0-4f76-81ce-2476dbfea049,8f70b85a-1f28-42cb-8dcd-48026f0c235a,c4,DROP,1008,?,i7,
1769501051.7453628,SENT,5cd64d81-cd16-499b-a7d9-a37053335160,500c7ad3-0271-46d8-92a5-379f985e2128,c1,c5,1776,?,i2,
1769501051.7455554,FORWARDED,5cd64d81-cd16-499b-a7d9-a37053335160,500c7ad3-0271-46d8-92a5-379f985e2128,c1,c5,1776,?,i2,
1769501051.8248286,RECEIVED,d47d5e59-1598-4d30-8ccc-4ea3165fcf33,08d3c51b-df19-49bd-bb9e-93e8cfb7561c,c1,DROP,1459,p1,?,
1769501051.8319237,RECEIVED,0ec4e7fe-91b8-4a46-a2af-fe30ef2e7e67,cad39a31-3aba-4dc2-99d8-849b93bb47c4,c5,DROP,1440,p2,?,
1769501051.88853,SENT,1654cd73-8a91-410b-901b-eebde890ad71,44441376-c800-4871-8df4-da4d6c7b8716,c5,DROP,1011,?,i11,
1769501051.8885722,FORWARDED,1654cd73-8a91-410b-901b-eebde890ad71,44441376-c800-4871-8df4-da4d6c7b8716,c5,DROP,1011,?,i11,
1769501051.893527,SENT,0ec4e7fe-91b8-4a46-a2af-fe30ef2e7e67,cad39a31-3aba-4dc2-99d8-849b93bb47c4,c5,DROP,1007,?,i6,
1769501051.893567,FORWARDED,0ec4e7fe-91b8-4a46-a2af-fe30ef2e7e67,cad39a31-3aba-4dc2-99d8-849b93bb47c4,c5,DROP,1007,?,i6,
1769501051.939655,RECEIVED,8573e860-c4e5-41e3-8319-47349e3e6a9b,6819c943-c5c3-4daf-8e94-937a9a9982ad,c3,c4,2471,p3,?,
1769501051.966514,RECEIVED,0685dca4-b7db-4374-84fb-cc7d760ae335,93febec6-991f-4b59-aa16-96835b7a425e,c5,DROP,1447,p2,?,
1769501051.9845433,RECEIVED,e1fcbdc8-cdd5-437a-96a4-852cd2e129a2,1d116c12-6fd7-4f79-8f81-3c4c4db80c03,c2,DROP,1452,p2,?,
1769501052.0078347,RECEIVED,f4d6fc48-8e6a-41c8-a6d3-d45c72d1fe15,de2f7580-766f-4e70-825e-52e1edbfef66,c3,DROP,442,x9,?,
1769501052.0216985,SENT,8573e860-c4e5-41e3-8319-47349e3e6a9b,6819c943-c5c3-4daf-8e94-937a9a9982ad,c3,c4,1780,?,i8,
1769501052.0217412,FORWARDED,8573e860-c4e5-41e3-8319-47349e3e6a9b,6819c943-c5c3-4daf-8e94-937a9a9982ad,c3,c4,1780,?,i8,
1769501052.0374074,SENT,5a388731-7d25-4833-855e-fe05e7fc285b,244446ef-4ed8-41c6-b11f-8fe43846318f,c3,c4,1763,?,i8,
1769501052.0374653,FORWARDED,5a388731-7d25-4833-855e-fe05e7fc285b,244446ef-4ed8-41c6-b11f-8fe43846318f,c3,c4,1763,?,i8,
1769501052.1970139,RECEIVED,74ad0ecc-8153-495b-b44b-405550b96020,d0b754e8-4da0-4440-b1d5-24962e294d54,c1,DROP,1439,p1,?,
1769501052.4098995,SENT,e1fcbdc8-cdd5-437a-96a4-852cd2e129a2,1d116c12-6fd7-4f79-8f81-3c4c4db80c03,c2,DROP,1015,?,i11,
1769501052.409942,FORWARDED,e1fcbdc8-cdd5-437a-96a4-852cd2e129a2,1d116c12-6fd7-4f79-8f81-3c4c4db80c03,c2,DROP,1015,?,i11,
1769501052.4538648,RECEIVED,4c2de7d0-1374-4966-89d8-335a742e2f7c,9db90ea1-b0ed-4de3-ab55-2d08e0c2539f,c4,c3,2451,p1,?,
1769501052.616682,RECEIVED,d68d31ce-0613-4c0b-8888-2b73d0b720d4,adec5db0-ef50-4e7d-a81f-6bc8ff883bf4,c5,DROP,1452,p2,?,
1769501052.6712506,RECEIVED,8e289194-01a9-4f46-9859-4205e65d42b4,48ad245b-dc2f-4a1c-b7cd-d38f8fea58d5,c4,DROP,1439,p1,?,
1769501052.7562833,SENT,74ad0ecc-8153-495b-b44b-405550b96020,d0b754e8-4da0-4440-b1d5-24962e294d54,c1,DROP,1008,?,i6,
1769501052.7563248,FORWARDED,74ad0ecc-8153-495b-b44b-405550b96020,d0b754e8-4da0-4440-b1d5-24962e294d54,c1,DROP,1008,?,i6,
1769501052.7948706,SENT,4c2de7d0-1374-4966-89d8-335a742e2f7c,9db90ea1-b0ed-4de3-ab55-2d08e0c2539f,c4,c3,1765,?,i5,
1769501052.794908,FORWARDED,4c2de7d0-1374-4966-89d8-335a742e2f7c,9db90ea1-b0ed-4de3-ab55-2d08e0c2539f,c4,c3,1765,?,i5,
1769501052.8219535,SENT,7e517e67-7437-4dda-9289-41c86a52c7a3,0b4a1d54-1608-429f-a9e2-8ee78a4e1364,c4,c3,1764,?,i5,
1769501052.821996,FORWARDED,7e517e67-7437-4dda-9289-41c86a52c7a3,0b4a1d54-1608-429f-a9e2-8ee78a4e1364,c4,c3,1764,?,i5,
1769501052.8256018,SENT,d47d5e59-1598-4d30-8ccc-4ea3165fcf33,08d3c51b-df19-49bd-bb9e-93e8cfb7561c,c1,DROP,1021,?,i1,
1769501052.8256433,FORWARDED,d47d5e59-1598-4d30-8ccc-4ea3165fcf33,08d3c51b-df19-49bd-bb9e-93e8cfb7561c,c1,DROP,1021,?,i1,
1769501052.8262246,RECEIVED,d097fba9-7b36-4f64-bc93-b2d4c769da89,5e0b9d1c-d892-4ce0-ac46-8db441c343a7,c2,None,2236,p2,?,
1769501052.8369033,SENT,2695997a-5443-4683-897a-b0fc0b2fa24c,85d8e8d3-f5cb-4a30-a857-0efc2376676d,c4,DROP,1011,?,i5,
1769501052.836943,FORWARDED,2695997a-5443-4683-897a-b0fc0b2fa24c,85d8e8d3-f5cb-4a30-a857-0efc2376676d,c4,DROP,1011,?,i5,
1769501052.8741992,RECEIVED,ac1d89b1-c545-4771-a4dd-f3b2bafea31c,13883b2e-8fd2-4ea8-9556-f84eb8b44217,c4,DROP,1436,p1,?,
1769501052.9865956,SENT,d68d31ce-0613-4c0b-8888-2b73d0b720d4,adec5db0-ef50-4e7d-a81f-6bc8ff883bf4,c5,DROP,1015,?,i9,
1769501052.9866312,FORWARDED,d68d31ce-0613-4c0b-8888-2b73d0b720d4,adec5db0-ef50-4e7d-a81f-6bc8ff883bf4,c5,DROP,1015,?,i9,
1769501053.0333233,SENT,0685dca4-b7db-4374-84fb-cc7d760ae335,93febec6-991f-4b59-aa16-96835b7a425e,c5,DROP,1012,?,i4,
1769501053.0333648,FORWARDED,0685dca4-b7db-4374-84fb-cc7d760ae335,93febec6-991f-4b59-aa16-96835b7a425e,c5,DROP,1012,?,i4,
1769501053.1656864,SENT,ac1d89b1-c545-4771-a4dd-f3b2bafea31c,13883b2e-8fd2-4ea8-9556-f84eb8b44217,c4,DROP,1003,?,i1,
1769501053.1657286,FORWARDED,ac1d89b1-c545-4771-a4dd-f3b2bafea31c,13883b2e-8fd2-4ea8-9556-f84eb8b44217,c4,DROP,1003,?,i1,
1769501053.1711187,RECEIVED,15e59a33-e298-41d3-bea5-b15a9deb7592,ce9835ba-7add-4ec9-bf9d-119e7d20ddc2,c5,c2,2464,p2,?,
1769501053.181226,RECEIVED,35f67bb5-bc8d-4700-8530-ac7ea86e97f2,2ae8462e-9603-46ec-abd1-f956ead6153d,c1,DROP,1447,p1,?,
1769501053.2697773,SENT,15e59a33-e298-41d3-bea5-b15a9deb7592,ce9835ba-7add-4ec9-bf9d-119e7d20ddc2,c5,c2,1775,?,i9,
1769501053.269817,FORWARDED,15e59a33-e298-41d3-bea5-b15a9deb7592,ce9835ba-7add-4ec9-bf9d-119e7d20ddc2,c5,c2,1775,?,i9,
1769501053.2718248,RECEIVED,eaf8d5e7-2f85-4f52-bfe2-20a0b96d45ac,b94b34a1-4d38-4b93-a455-5ea1b8720d85,c5,None,2245,p2,?,
1769501053.3051448,SENT,eaf8d5e7-2f85-4f52-bfe2-20a0b96d45ac,b94b34a1-4d38-4b93-a455-5ea1b8720d85,c5,None,1610,?,i9,
1769501053.3051872,FORWARDED,eaf8d5e7-2f85-4f52-bfe2-20a0b96d45ac,b94b34a1-4d38-4b93-a455-5ea1b8720d85,c5,None,1610,?,i9,
1769501053.3108897,SENT,d097fba9-7b36-4f64-bc93-b2d4c769da89,5e0b9d1c-d892-4ce0-ac46-8db441c343a7,c2,None,1604,?,i12,
1769501053.3109314,FORWARDED,d097fba9-7b36-4f64-bc93-b2d4c769da89,5e0b9d1c-d892-4ce0-ac46-8db441c343a7,c2,None,1604,?,i12,
1769501053.4444869,RECEIVED,a449a82e-3a4f-402d-a21d-697e08347479,fe359c4b-ce61-4db2-84ea-e85b78f6b1a6,c5,DROP,1436,p2,?,
1769501053.4619942,RECEIVED,97404c9d-a280-4831-98f3-c07a123ed027,8120239b-c152-4c75-91b8-3c8aa0e5bb4f,c2,DROP,441,x5,?,
1769501053.6502817,SENT,8e289194-01a9-4f46-9859-4205e65d42b4,48ad245b-dc2f-4a1c-b7cd-d38f8fea58d5,c4,DROP,1007,?,i3,
1769501053.6503222,FORWARDED,8e289194-01a9-4f46-9859-4205e65d42b4,48ad245b-dc2f-4a1c-b7cd-d38f8fea58d5,c4,DROP,1007,?,i3,
1769501053.6918623,SENT,a449a82e-3a4f-402d-a21d-697e08347479,fe359c4b-ce61-4db2-84ea-e85b78f6b1a6,c5,DROP,1003,?,i3,
1769501053.6919043,FORWARDED,a449a82e-3a4f-402d-a21d-697e08347479,fe359c4b-ce61-4db2-84ea-e85b78f6b1a6,c5,DROP,1003,?,i3,
1769501053.7487495,RECEIVED,6db660b3-6659-49ed-8c9d-c0f634c89264,a3c8abb0-6997-4d7b-91f4-22218886b0e3,c1,DROP,1440,p1,?,
1769501053.7782023,RECEIVED,19b1fa0a-eeba-4a44-b4be-09a089885283,70dcb48b-d1ef-4c65-a735-4e73eb408fdb,c3,c4,2466,p3,?,
1769501053.7952678,SENT,19b1fa0a-eeba-4a44-b4be-09a089885283,70dcb48b-d1ef-4c65-a735-4e73eb408fdb,c3,c4,1775,?,i3,
1769501053.795303,FORWARDED,19b1fa0a-eeba-4a44-b4be-09a089885283,70dcb48b-d1ef-4c65-a735-4e73eb408fdb,c3,c4,1775,?,i3,
1769501053.815954,SENT,6db660b3-6659-49ed-8c9d-c0f634c89264,a3c8abb0-6997-4d7b-91f4-22218886b0e3,c1,DROP,1006,?,i9,
1769501053.8159943,FORWARDED,6db660b3-6659-49ed-8c9d-c0f634c89264,a3c8abb0-6997-4d7b-91f4-22218886b0e3,c1,DROP,1006,?,i9,
1769501053.8248172,RECEIVED,80dbfedc-9966-4b11-ab5a-a018e873e61f,4cb1bdb5-f01a-4028-aa49-2c68173f0402,c5,DROP,1452,p2,?,
1769501053.826262,RECEIVED,151f0a6d-98b6-4204-bc19-b5daf551076e,a0ac5971-3875-4b6e-b02c-e567b0203a61,c4,DROP,1448,p1,?,
1769501053.8824975,SENT,35f67bb5-bc8d-4700-8530-ac7ea86e97f2,2ae8462e-9603-46ec-abd1-f956ead6153d,c1,DROP,1013,?,i5,
1769501053.8833046,FORWARDED,35f67bb5-bc8d-4700-8530-ac7ea86e97f2,2ae8462e-9603-46ec-abd1-f956ead6153d,c1,DROP,1013,?,i5,
1769501053.8856072,RECEIVED,942abec9-9434-499a-b25f-bec5c0d02b01,24defadb-a563-4858-a919-634ac2998082,c2,c1,2465,p2,?,
1769501054.0450296,SENT,1b249ed8-2616-4805-bf5c-d9bf2e3e8c6a,865f6c18-696a-4979-8555-4e225e2b097e,c3,c4,1776,?,i1,
1769501054.0450845,FORWARDED,1b249ed8-2616-4805-bf5c-d9bf2e3e8c6a,865f6c18-696a-4979-8555-4e225e2b097e,c3,c4,1776,?,i1,
1769501054.0529158,SENT,80dbfedc-9966-4b11-ab5a-a018e873e61f,4cb1bdb5-f01a-4028-aa49-2c68173f0402,c5,DROP,1016,?,i4,
1769501054.0529587,FORWARDED,80dbfedc-9966-4b11-ab5a-a018e873e61f,4cb1bdb5-f01a-4028-aa49-2c68173f0402,c5,DROP,1016,?,i4,
1769501054.216702,SENT,942abec9-9434-499a-b25f-bec5c0d02b01,24defadb-a563-4858-a919-634ac2998082,c2,c1,1776,?,i11,
1769501054.2167413,FORWARDED,942abec9-9434-499a-b25f-bec5c0d02b01,24defadb-a563-4858-a919-634ac2998082,c2,c1,1776,?,i11,
1769501054.2661712,RECEIVED,acc2d32c-50a9-4a2f-83f5-8893722bf619,9fe2f100-8dff-45b9-afaf-5c1befdce554,c2,DROP,1443,p2,?,
1769501054.3400698,RECEIVED,d9090400-575a-45d6-a378-e2aac99ba648,9d69ee16-dbbd-4279-82c4-3b9cf807c523,c5,DROP,442,x1,?,
1769501054.352928,RECEIVED,cb2b87ad-6ca9-47c3-9cb9-95e90139268c,45b00d9e-202f-4c48-ab9e-86163fc26920,c4,DROP,442,x3,?,
1769501054.6189234,RECEIVED,b2b67441-d3d8-413b-bd61-e9578c53ef1c,363c9d05-23dc-40c9-b9b9-b37fb249b0c6,c4,DROP,441,x2,?,
1769501054.6543632,RECEIVED,9a851274-6cbc-4ebb-ae26-c34a9a17016a,b08e39f3-37f8-49e4-98b9-15706a231ae5,c1,DROP,442,x8,?,
1769501054.8123949,RECEIVED,94f2908e-8f94-47c5-945a-ac4459788857,0c4bc8dd-d5a3-4f82-a154-fe6766db584c,c4,DROP,442,x4,?,
1769501054.8393192,SENT,acc2d32c-50a9-4a2f-83f5-8893722bf619,9fe2f100-8dff-45b9-afaf-5c1befdce554,c2,DROP,1011,?,i8,
1769501054.8393693,FORWARDED,acc2d32c-50a9-4a2f-83f5-8893722bf619,9fe2f100-8dff-45b9-afaf-5c1befdce554,c2,DROP,1011,?,i8,
1769501054.8924236,RECEIVED,cee09ca3-dc0d-41b1-84e2-8f6a32f9c413,6aa4ed47-9de7-4599-90da-f70980c569c6,c2,c1,2464,p2,?,
1769501054.9608705,RECEIVED,71b1c07b-015b-4ae5-bc0b-5b2c3224526a,6d22d45b-5c24-4660-af74-9bfa00ccf13d,c2,DROP,1447,p2,?,
1769501055.1483357,SENT,151f0a6d-98b6-4204-bc19-b5daf551076e,a0ac5971-3875-4b6e-b02c-e567b0203a61,c4,DROP,1014,?,i11,
1769501055.1483877,FORWARDED,151f0a6d-98b6-4204-bc19-b5daf551076e,a0ac5971-3875-4b6e-b02c-e567b0203a61,c4,DROP,1014,?,i11,
1769501055.1766887,SENT,cee09ca3-dc0d-41b1-84e2-8f6a32f9c413,6aa4ed47-9de7-4599-90da-f70980c569c6,c2,c1,1775,?,i4,
1769501055.176733,FORWARDED,cee09ca3-dc0d-41b1-84e2-8f6a32f9c413,6aa4ed47-9de7-4599-90da-f70980c569c6,c2,c1,1775,?,i4,
1769501055.2440202,RECEIVED,de2b3eac-f638-48c2-b359-4df38b400e8e,08d14f6d-aba0-42db-9007-f1b01fdc9c16,c1,DROP,1440,p1,?,
1769501055.3622515,RECEIVED,8d0d6942-da53-486b-afa0-0ca466dfa569,2068cd8e-37d2-4387-8dfa-3d0746081802,c3,None,2231,p3,?,
1769501055.372947,RECEIVED,dd1286a1-e96c-4fd4-8e58-aecf5037011c,0f2969ef-206d-4f9b-ba41-e53a7a7c8a80,c3,DROP,1461,p3,?,
1769501055.4551215,SENT,dd1286a1-e96c-4fd4-8e58-aecf5037011c,0f2969ef-206d-4f9b-ba41-e53a7a7c8a80,c3,DROP,1021,?,i11,
1769501055.4551592,FORWARDED,dd1286a1-e96c-4fd4-8e58-aecf5037011c,0f2969ef-206d-4f9b-ba41-e53a7a7c8a80,c3,DROP,1021,?,i11,
1769501055.4557385,RECEIVED,766a9dfa-95b7-4b72-9aff-872e70b72bf5,3d34aca0-dc7c-4c00-9351-131ab0689ad2,c3,DROP,442,x2,?,
1769501055.4675512,SENT,71b1c07b-015b-4ae5-bc0b-5b2c3224526a,6d22d45b-5c24-4660-af74-9bfa00ccf13d,c2,DROP,1014,?,i5,
1769501055.467595,FORWARDED,71b1c07b-015b-4ae5-bc0b-5b2c3224526a,6d22d45b-5c24-4660-af74-9bfa00ccf13d,c2,DROP,1014,?,i5,
1769501055.5299785,RECEIVED,9a0e544b-7c86-429a-ac26-a69bd8071063,31e5ec18-cc52-4d1f-b326-19876f5e88eb,c2,None,2238,p2,?,
1769501055.6177282,SENT,de2b3eac-f638-48c2-b359-4df38b400e8e,08d14f6d-aba0-42db-9007-f1b01fdc9c16,c1,DROP,1008,?,i6,
1769501055.617764,FORWARDED,de2b3eac-f638-48c2-b359-4df38b400e8e,08d14f6d-aba0-42db-9007-f1b01fdc9c16,c1,DROP,1008,?,i6,
1769501055.6309261,RECEIVED,35872564-5c11-48e6-82ae-d443dcc08495,489b829a-b9fd-4b8f-ae5a-d57605a19d20,c1,DROP,1456,p1,?,
1769501055.9899817,RECEIVED,9d4dc8cb-9e65-45df-ba43-bdfca75a5020,5d9dfb8f-5f05-4c66-82bd-427a2c5de023,c2,DROP,1451,p2,?,
1769501056.0082526,RECEIVED,822c0976-f66d-422f-9d76-fb4d1ec39816,d2ddae48-02f7-494d-b285-2a8809285e47,c5,c2,2447,p2,?,
1769501056.03663,RECEIVED,786e4672-8853-4a8e-8f5a-bd005e549cef,19038ed5-7349-4e71-8260-73a1c413276c,c2,DROP,1439,p2,?,
1769501056.069826,RECEIVED,e94e67e9-950c-4e98-af28-88f7db5fc57e,4d438d9b-7194-491a-9f73-0c6a0e9bc1e2,c3,DROP,1440,p3,?,
1769501056.1030204,SENT,8d0d6942-da53-486b-afa0-0ca466dfa569,2068cd8e-37d2-4387-8dfa-3d0746081802,c3,None,1600,?,i7,
1769501056.1030717,FORWARDED,8d0d6942-da53-486b-afa0-0ca466dfa569,2068cd8e-37d2-4387-8dfa-3d0746081802,c3,None,1600,?,i7,
1769501056.106701,RECEIVED,646519eb-c774-442c-babf-c827ea8bac0b,d62439a7-0864-4883-90c2-fdd3845b2367,c5,DROP,1439,p2,?,
1769501056.1596932,SENT,35872564-5c11-48e6-82ae-d443dcc08495,489b829a-b9fd-4b8f-ae5a-d57605a19d20,c1,DROP,1020,?,i10,
1769501056.1597311,FORWARDED,35872564-5c11-48e6-82ae-d443dcc08495,489b829a-b9fd-4b8f-ae5a-d57605a19d20,c1,DROP,1020,?,i10,
1769501056.2051935,RECEIVED,d9035a2d-9cf9-4cce-ab09-854fdb4f175e,62dac8eb-8dc9-4132-82c5-a8784c6b7932,c4,None,2232,p1,?,
1769501056.2707412,SENT,e94e67e9-950c-4e98-af28-88f7db5fc57e,4d438d9b-7194-491a-9f73-0c6a0e9bc1e2,c3,DROP,1008,?,i7,
1769501056.2707818,FORWARDED,e94e67e9-950c-4e98-af28-88f7db5fc57e,4d438d9b-7194-491a-9f73-0c6a0e9bc1e2,c3,DROP,1008,?,i7,
1769501056.280657,RECEIVED,6596fff8-e34b-40da-ad01-5693c8bcaefb,e29b64de-76f3-4c76-99db-eda8fe4ef941,c5,DROP,446,x12,?,
1769501056.2825215,SENT,d9035a2d-9cf9-4cce-ab09-854fdb4f175e,62dac8eb-8dc9-4132-82c5-a8784c6b7932,c4,None,1600,?,i3,
1769501056.2825663,FORWARDED,d9035a2d-9cf9-4cce-ab09-854fdb4f175e,62dac8eb-8dc9-4132-82c5-a8784c6b7932,c4,None,1600,?,i3,
1769501056.366969,RECEIVED,6ca8af1e-5fd4-4be3-8ca1-83c12e304b0b,0dfb75f1-f9e2-4073-b732-7cf427fe4e28,c5,c2,2463,p2,?,
1769501056.3763301,SENT,9a0e544b-7c86-429a-ac26-a69bd8071063,31e5ec18-cc52-4d1f-b326-19876f5e88eb,c2,None,1608,?,i2,
1769501056.3763733,FORWARDED,9a0e544b-7c86-429a-ac26-a69bd8071063,31e5ec18-cc52-4d1f-b326-19876f5e88eb,c2,None,1608,?,i2,
1769501056.4853528,RECEIVED,2726a1bf-83f2-49f5-85d8-f6d3d1e03fac,9d210599-4b91-445c-92b3-c2f4b6516260,c2,DROP,1452,p2,?,
1769501056.4867208,RECEIVED,d0cf98f8-8bd1-43e0-ab3b-f3e313c482f8,4c017bc0-22e7-4aef-932b-6b08a4eb7aa5,c5,None,2220,p2,?,
1769501056.5109675,RECEIVED,463c7ed7-82e9-48c8-a0b9-7f898c0cc2fd,dcd8fa57-aa7e-4762-9d4a-07e7aacdf406,c2,DROP,1440,p2,?,
1769501056.5395384,RECEIVED,5bd9ffcf-5a04-4502-8bab-102dd5abffd0,23a9edff-e58a-4cbb-b767-0372163362af,c3,DROP,1456,p3,?,
1769501056.6322365,RECEIVED,d8708718-cd2f-475e-bbce-8855d6dd11aa,3060b071-d838-4cb3-8005-f51ba1f0566e,c2,DROP,1441,p2,?,
1769501056.6439292,SENT,d0cf98f8-8bd1-43e0-ab3b-f3e313c482f8,4c017bc0-22e7-4aef-932b-6b08a4eb7aa5,c5,None,1593,?,i7,
1769501056.643973,FORWARDED,d0cf98f8-8bd1-43e0-ab3b-f3e313c482f8,4c017bc0-22e7-4aef-932b-6b08a4eb7aa5,c5,None,1593,?,i7,
1769501056.6453853,RECEIVED,2a9e39b4-d16a-4a09-bf7e-74976e8a6a50,ee4a2556-e427-4e83-90fc-9053f2b280f1,c3,DROP,1446,p3,?,
1769501056.6759086,SENT,2a9e39b4-d16a-4a09-bf7e-74976e8a6a50,ee4a2556-e427-4e83-90fc-9053f2b280f1,c3,DROP,1011,?,i2,
1769501056.6759503,FORWARDED,2a9e39b4-d16a-4a09-bf7e-74976e8a6a50,ee4a2556-e427-4e83-90fc-9053f2b280f1,c3,DROP,1011,?,i2,
1769501056.6790686,SENT,2726a1bf-83f2-49f5-85d8-f6d3d1e03fac,9d210599-4b91-445c-92b3-c2f4b6516260,c2,DROP,1017,?,i4,
1769501056.6791131,FORWARDED,2726a1bf-83f2-49f5-85d8-f6d3d1e03fac,9d210599-4b91-445c-92b3-c2f4b6516260,c2,DROP,1017,?,i4,
1769501056.7229648,SENT,d8708718-cd2f-475e-bbce-8855d6dd11aa,3060b071-d838-4cb3-8005-f51ba1f0566e,c2,DROP,1008,?,i12,
1769501056.7230024,FORWARDED,d8708718-cd2f-475e-bbce-8855d6dd11aa,3060b071-d838-4cb3-8005-f51ba1f0566e,c2,DROP,1008,?,i12,
1769501056.734802,SENT,6ca8af1e-5fd4-4be3-8ca1-83c12e304b0b,0dfb75f1-f9e2-4073-b732-7cf427fe4e28,c5,c2,1775,?,i8,
1769501056.7348452,FORWARDED,6ca8af1e-5fd4-4be3-8ca1-83c12e304b0b,0dfb75f1-f9e2-4073-b732-7cf427fe4e28,c5,c2,1775,?,i8,
1769501056.743323,SENT,463c7ed7-82e9-48c8-a0b9-7f898c0cc2fd,dcd8fa57-aa7e-4762-9d4a-07e7aacdf406,c2,DROP,1008,?,i3,
1769501056.7433665,FORWARDED,463c7ed7-82e9-48c8-a0b9-7f898c0cc2fd,dcd8fa57-aa7e-4762-9d4a-07e7aacdf406,c2,DROP,1008,?,i3,
1769501056.9357183,RECEIVED,9095735e-aa4e-4038-9bd1-4b93ed5d1208,9106e20f-d583-445f-a856-6c6de5968205,c1,c5,2459,p1,?,
1769501057.0316129,SENT,646519eb-c774-442c-babf-c827ea8bac0b,d62439a7-0864-4883-90c2-fdd3845b2367,c5,DROP,1007,?,i3,
1769501057.0316527,FORWARDED,646519eb-c774-442c-babf-c827ea8bac0b,d62439a7-0864-4883-90c2-fdd3845b2367,c5,DROP,1007,?,i3,
1769501057.0408936,SENT,786e4672-8853-4a8e-8f5a-bd005e549cef,19038ed5-7349-4e71-8260-73a1c413276c,c2,DROP,1007,?,i5,
1769501057.0413356,FORWARDED,786e4672-8853-4a8e-8f5a-bd005e549cef,19038ed5-7349-4e71-8260-73a1c413276c,c2,DROP,1007,?,i5,
1769501057.0714552,RECEIVED,c353204e-f5f1-4c61-ad32-88b6157eb82b,def523b7-cf45-4202-82d4-09283c7d6057,c4,DROP,1444,p1,?,
1769501057.1116014,RECEIVED,9b40ea7c-e63a-493b-971e-ba3ad92077ff,c7e4a7fc-d84a-428d-9d83-5ca02151f204,c4,DROP,1444,p1,?,
1769501057.1259499,SENT,c353204e-f5f1-4c61-ad32-88b6157eb82b,def523b7-cf45-4202-82d4-09283c7d6057,c4,DROP,1011,?,i4,
1769501057.125993,FORWARDED,c353204e-f5f1-4c61-ad32-88b6157eb82b,def523b7-cf45-4202-82d4-09283c7d6057,c4,DROP,1011,?,i4,
1769501057.1317956,SENT,5bd9ffcf-5a04-4502-8bab-102dd5abffd0,23a9edff-e58a-4cbb-b767-0372163362af,c3,DROP,1019,?,i10,
1769501057.1318374,FORWARDED,5bd9ffcf-5a04-4502-8bab-102dd5abffd0,23a9edff-e58a-4cbb-b767-0372163362af,c3,DROP,1019,?,i10,
1769501057.1507878,SENT,9b40ea7c-e63a-493b-971e-ba3ad92077ff,c7e4a7fc-d84a-428d-9d83-5ca02151f204,c4,DROP,1009,?,i2,
1769501057.1511202,FORWARDED,9b40ea7c-e63a-493b-971e-ba3ad92077ff,c7e4a7fc-d84a-428d-9d83-5ca02151f204,c4,DROP,1009,?,i2,
1769501057.2584875,SENT,9095735e-aa4e-4038-9bd1-4b93ed5d1208,9106e20f-d583-445f-a856-6c6de5968205,c1,c5,1771,?,i6,
1769501057.258522,FORWARDED,9095735e-aa4e-4038-9bd1-4b93ed5d1208,9106e20f-d583-445f-a856-6c6de5968205,c1,c5,1771,?,i6,
1769501057.2724504,SENT,9d4dc8cb-9e65-45df-ba43-bdfca75a5020,5d9dfb8f-5f05-4c66-82bd-427a2c5de023,c2,DROP,1015,?,i6,
1769501057.2724934,FORWARDED,9d4dc8cb-9e65-45df-ba43-bdfca75a5020,5d9dfb8f-5f05-4c66-82bd-427a2c5de023,c2,DROP,1015,?,i6,
1769501057.4210224,RECEIVED,627ed09c-7602-4c16-8621-56c7a65f51f0,0614dfc9-c032-498b-a948-76bb75eeb62e,c1,DROP,1440,p1,?,
1769501057.4983003,RECEIVED,21282098-f6ba-40a1-8182-7fb93e83c7d8,3235a260-02a0-4c99-9c56-25764ba2a68e,c4,None,2235,p1,?,
1769501057.5892744,RECEIVED,2f4b20d7-1482-4886-9f36-8833ff75d01e,0aa15bdd-d458-4aa5-b8da-098be11773a3,c5,None,2234,p2,?,
1769501057.6538196,RECEIVED,67e62623-0b6f-4492-94a8-21467353e96d,14490105-f732-47e9-b03d-b3e13785297a,c5,DROP,1439,p2,?,
1769501057.6707528,RECEIVED,67c4bbdb-5c75-4566-a84d-cc0eb370c953,0ff42945-2069-4559-b38a-1548580f9d1a,c1,DROP,1452,p1,?,
1769501057.7114577,SENT,67c4bbdb-5c75-4566-a84d-cc0eb370c953,0ff42945-2069-4559-b38a-1548580f9d1a,c1,DROP,1016,?,i2,
1769501057.711504,FORWARDED,67c4bbdb-5c75-4566-a84d-cc0eb370c953,0ff42945-2069-4559-b38a-1548580f9d1a,c1,DROP,1016,?,i2,
1769501057.7313619,RECEIVED,0d086dea-0502-4e5f-a49d-4163e385f4d9,5cf3e9bf-6ce7-4e34-9cc8-076f96e5a992,c4,None,2228,p1,?,
1769501057.7665355,SENT,0d086dea-0502-4e5f-a49d-4163e385f4d9,5cf3e9bf-6ce7-4e34-9cc8-076f96e5a992,c4,None,1599,?,i3,
1769501057.7665775,FORWARDED,0d086dea-0502-4e5f-a49d-4163e385f4d9,5cf3e9bf-6ce7-4e34-9cc8-076f96e5a992,c4,None,1599,?,i3,
1769501057.7682924,SENT,627ed09c-7602-4c16-8621-56c7a65f51f0,0614dfc9-c032-498b-a948-76bb75eeb62e,c1,DROP,1007,?,i8,
1769501057.7683313,FORWARDED,627ed09c-7602-4c16-8621-56c7a65f51f0,0614dfc9-c032-498b-a948-76bb75eeb62e,c1,DROP,1007,?,i8,
1769501057.8444188,RECEIVED,912ef74c-d565-4be5-b937-d4a67daf2564,4e88aedb-d7ac-4b1e-b8b0-aa0f4160d261,c4,DROP,441,x4,?,
1769501057.8873785,RECEIVED,bed59022-c54a-43be-ae95-5d01297f63d1,2b87cb24-5687-47fc-a86c-dd8b3a21170c,c4,DROP,441,x1,?,
1769501057.9704854,SENT,21282098-f6ba-40a1-8182-7fb93e83c7d8,3235a260-02a0-4c99-9c56-25764ba2a68e,c4,None,1604,?,i7,
1769501057.97053,FORWARDED,21282098-f6ba-40a1-8182-7fb93e83c7d8,3235a260-02a0-4c99-9c56-25764ba2a68e,c4,None,1604,?,i7,
1769501057.987822,RECEIVED,d04ce634-e885-48cc-a6dd-fbe61e1aaca4,a0ac178f-d0ef-43c8-8b69-2ee5e589eeab,c2,DROP,1456,p2,?,
1769501058.0024846,RECEIVED,6d7bdd8a-502c-4e75-b21c-27d575eb35a2,4c547d33-ac8c-485b-9317-3528ba7e44b9,c2,DROP,1439,p2,?,
1769501058.0039096,SENT,67e62623-0b6f-4492-94a8-21467353e96d,14490105-f732-47e9-b03d-b3e13785297a,c5,DROP,1008,?,i3,
1769501058.0039499,FORWARDED,67e62623-0b6f-4492-94a8-21467353e96d,14490105-f732-47e9-b03d-b3e13785297a,c5,DROP,1008,?,i3,
1769501058.010336,RECEIVED,89735578-4469-4832-bc3f-a553d8198ba0,4c7b8cb8-0fe9-4917-a9c0-a6097382a92a,c2,c1,2456,p2,?,
1769501058.1270213,RECEIVED,210fb8f8-d1ec-421b-975f-27c237f1475a,335d3650-5d08-4cf0-b272-322abbd6481c,c5,DROP,1445,p2,?,
1769501058.2061281,SENT,210fb8f8-d1ec-421b-975f-27c237f1475a,335d3650-5d08-4cf0-b272-322abbd6481c,c5,DROP,1010,?,i2,
1769501058.2061658,FORWARDED,210fb8f8-d1ec-421b-975f-27c237f1475a,335d3650-5d08-4cf0-b272-322abbd6481c,c5,DROP,1010,?,i2,
1769501058.2308984,SENT,822c0976-f66d-422f-9d76-fb4d1ec39816,d2ddae48-02f7-494d-b285-2a8809285e47,c5,c2,1763,?,i11,
1769501058.2309406,FORWARDED,822c0976-f66d-422f-9d76-fb4d1ec39816,d2ddae48-02f7-494d-b285-2a8809285e47,c5,c2,1763,?,i11,
1769501058.2372704,SENT,89735578-4469-4832-bc3f-a553d8198ba0,4c7b8cb8-0fe9-4917-a9c0-a6097382a92a,c2,c1,1768,?,i5,
1769501058.2373126,FORWARDED,89735578-4469-4832-bc3f-a553d8198ba0,4c7b8cb8-0fe9-4917-a9c0-a6097382a92a,c2,c1,1768,?,i5,
1769501058.2931044,RECEIVED,42d0171c-3e81-417d-b56d-57fbf5f71750,2a1c376a-0310-4fca-9a76-91511e2bab8c,c3,DROP,1446,p3,?,
1769501058.3414457,SENT,42d0171c-3e81-417d-b56d-57fbf5f71750,2a1c376a-0310-4fca-9a76-91511e2bab8c,c3,DROP,1012,?,i3,
1769501058.341487,FORWARDED,42d0171c-3e81-417d-b56d-57fbf5f71750,2a1c376a-0310-4fca-9a76-91511e2bab8c,c3,DROP,1012,?,i3,
1769501058.3969133,SENT,2f4b20d7-1482-4886-9f36-8833ff75d01e,0aa15bdd-d458-4aa5-b8da-098be11773a3,c5,None,1604,?,i5,
1769501058.396957,FORWARDED,2f4b20d7-1482-4886-9f36-8833ff75d01e,0aa15bdd-d458-4aa5-b8da-098be11773a3,c5,None,1604,?,i5,
1769501058.4113681,SENT,d04ce634-e885-48cc-a6dd-fbe61e1aaca4,a0ac178f-d0ef-43c8-8b69-2ee5e589eeab,c2,DROP,1020,?,i10,
1769501058.4114113,FORWARDED,d04ce634-e885-48cc-a6dd-fbe61e1aaca4,a0ac178f-d0ef-43c8-8b69-2ee5e589eeab,c2,DROP,1020,?,i10,
1769501058.5683553,RECEIVED,a1738cec-0b8c-409c-b0ec-49023fa2772e,21f7b9db-71c0-4889-9cc5-51d756a08f86,c3,DROP,446,x6,?,
1769501058.7042942,RECEIVED,a0532eb8-de08-4d8b-a513-9bea81f2b8e4,73142ba6-e3f0-4c25-83cc-7cb2ae35e60b,c1,DROP,1447,p1,?,
1769501058.7983732,RECEIVED,2d84e7ad-3ec0-41dd-9122-f9493ac514a3,82664df1-64d8-4022-a038-f9ad437561f7,c5,DROP,1444,p2,?,
1769501058.803231,RECEIVED,4f585bd6-1864-4173-92f1-13bde0d5fab2,9f4997d9-84c2-4ff5-9c78-a33f2074ddbd,c4,None,2236,p1,?,
1769501058.8187897,RECEIVED,d70eb061-dd9d-42f5-a9a1-c8dc01bf7253,9cd079e9-19dc-457a-b58b-1da54d277f27,c1,DROP,1435,p1,?,
1769501058.839757,RECEIVED,78bfa445-18ac-4f43-b55b-e3660694dc3f,b49f3bf1-d53d-4e2a-ab4f-19faf8fe8c95,c2,DROP,1441,p2,?,
1769501058.8620453,SENT,78bfa445-18ac-4f43-b55b-e3660694dc3f,b49f3bf1-d53d-4e2a-ab4f-19faf8fe8c95,c2,DROP,1007,?,i4,
1769501058.8620987,FORWARDED,78bfa445-18ac-4f43-b55b-e3660694dc3f,b49f3bf1-d53d-4e2a-ab4f-19faf8fe8c95,c2,DROP,1007,?,i4,
1769501058.9588974,RECEIVED,efcc0621-6887-4e33-894a-f3d087aa6b34,8c559582-2568-4cc9-bf97-bbb8e1aa1dff,c5,None,2231,p2,?,
1769501059.06725,SENT,6d7bdd8a-502c-4e75-b21c-27d575eb35a2,4c547d33-ac8c-485b-9317-3528ba7e44b9,c2,DROP,1007,?,i8,
1769501059.067292,FORWARDED,6d7bdd8a-502c-4e75-b21c-27d575eb35a2,4c547d33-ac8c-485b-9317-3528ba7e44b9,c2,DROP,1007,?,i8,
1769501059.1459448,SENT,4f585bd6-1864-4173-92f1-13bde0d5fab2,9f4997d9-84c2-4ff5-9c78-a33f2074ddbd,c4,None,1605,?,i7,
1769501059.145986,FORWARDED,4f585bd6-1864-4173-92f1-13bde0d5fab2,9f4997d9-84c2-4ff5-9c78-a33f2074ddbd,c4,None,1605,?,i7,
1769501059.1932683,RECEIVED,ed1b22e0-4caf-4deb-bc22-e32c593363bf,cc48509a-994d-47ea-9444-4b8dc3f67652,c4,DROP,1438,p1,?,
1769501059.2377908,RECEIVED,df5f0d3e-1ed3-4b10-8ba5-b5baf7f90d1a,477d45b6-afc4-4860-bdf0-367c97940d1d,c4,DROP,1440,p1,?,
1769501059.302894,SENT,df5f0d3e-1ed3-4b10-8ba5-b5baf7f90d1a,477d45b6-afc4-4860-bdf0-367c97940d1d,c4,DROP,1007,?,i1,
1769501059.3029313,FORWARDED,df5f0d3e-1ed3-4b10-8ba5-b5baf7f90d1a,477d45b6-afc4-4860-bdf0-367c97940d1d,c4,DROP,1007,?,i1,
1769501059.3146932,SENT,efcc0621-6887-4e33-894a-f3d087aa6b34,8c559582-2568-4cc9-bf97-bbb8e1aa1dff,c5,None,1600,?,i2,
1769501059.3147364,FORWARDED,efcc0621-6887-4e33-894a-f3d087aa6b34,8c559582-2568-4cc9-bf97-bbb8e1aa1dff,c5,None,1600,?,i2,
1769501059.3962348,RECEIVED,b49f2d1a-886f-4da7-bac5-0669c7a065b4,4ad9db4e-8e42-4cf3-b154-59b49079ef7b,c4,DROP,438,x4,?,
1769501059.4596908,SENT,a0532eb8-de08-4d8b-a513-9bea81f2b8e4,73142ba6-e3f0-4c25-83cc-7cb2ae35e60b,c1,DROP,1012,?,i4,
1769501059.4597309,FORWARDED,a0532eb8-de08-4d8b-a513-9bea81f2b8e4,73142ba6-e3f0-4c25-83cc-7cb2ae35e60b,c1,DROP,1012,?,i4,
1769501059.4697175,SENT,d70eb061-dd9d-42f5-a9a1-c8dc01bf7253,9cd079e9-19dc-457a-b58b-1da54d277f27,c1,DROP,1003,?,i6,
1769501059.4697611,FORWARDED,d70eb061-dd9d-42f5-a9a1-c8dc01bf7253,9cd079e9-19dc-457a-b58b-1da54d277f27,c1,DROP,1003,?,i6,
1769501059.5162477,RECEIVED,139c0cda-86a7-4c1c-a803-a893d303208d,d08a7ac6-6ccc-4ba0-a345-aa35d8787997,c1,DROP,441,x12,?,
1769501059.5503352,RECEIVED,d4a8be63-8c72-426b-a167-e6bc16aca590,bac32f32-94fb-4507-b1a3-a98ea2b7a1b2,c2,DROP,441,x9,?,
1769501059.6385586,RECEIVED,7d484004-5317-4815-8047-e2e5cdd46dad,bf96b38f-4f22-46f0-b928-f9005f96f2b2,c2,DROP,1451,p2,?,
1769501059.6668088,RECEIVED,eb8b465b-c42a-4ad0-9871-6e6d193a05f3,4ae6790e-ac9c-4424-96d7-a352e788f988,c2,DROP,440,x8,?,
1769501059.6992347,RECEIVED,16f7470e-12b4-400b-8578-4b566d6968ee,b164c458-b7d5-4322-8273-5847e9daec3d,c1,DROP,1440,p1,?,
1769501059.7762864,SENT,16f7470e-12b4-400b-8578-4b566d6968ee,b164c458-b7d5-4322-8273-5847e9daec3d,c1,DROP,1008,?,i9,
1769501059.7763298,FORWARDED,16f7470e-12b4-400b-8578-4b566d6968ee,b164c458-b7d5-4322-8273-5847e9daec3d,c1,DROP,1008,?,i9,
1769501059.9491916,RECEIVED,9acd21b0-eea7-444a-8cec-66e348cccd1e,d8c76307-7264-43c1-9aa7-7c93db1cce18,c3,DROP,1438,p3,?,
1769501059.959777,RECEIVED,bbe0c27f-5900-4b92-8042-5c7f6bd7f1bb,a518a579-f6c4-4349-a740-fb0d0ca82222,c1,DROP,438,x1,?,
1769501059.9806516,RECEIVED,12ffd108-95d1-4da7-ad32-4af67fa06d41,920d541e-944d-4b21-953d-be4d3acf5039,c5,DROP,1448,p2,?,
1769501060.1341348,SENT,12ffd108-95d1-4da7-ad32-4af67fa06d41,920d541e-944d-4b21-953d-be4d3acf5039,c5,DROP,1012,?,i8,
1769501060.134177,FORWARDED,12ffd108-95d1-4da7-ad32-4af67fa06d41,920d541e-944d-4b21-953d-be4d3acf5039,c5,DROP,1012,?,i8,
1769501060.160473,RECEIVED,bf9e9800-4321-4446-a4f9-a7aa35ffc160,e4523287-6cdb-4196-9231-0e654385b5d9,c2,DROP,442,x7,?,
1769501060.1636095,SENT,7d484004-5317-4815-8047-e2e5cdd46dad,bf96b38f-4f22-46f0-b928-f9005f96f2b2,c2,DROP,1016,?,i7,
1769501060.1636465,FORWARDED,7d484004-5317-4815-8047-e2e5cdd46dad,bf96b38f-4f22-46f0-b928-f9005f96f2b2,c2,DROP,1016,?,i7,
1769501060.2283058,RECEIVED,2fbca8f6-8006-44d6-a5ee-a4bbde06965a,98298d5f-d4d6-47a9-81ea-d1e7d605ad7e,c4,DROP,442,x5,?,
1769501060.2862618,SENT,2d84e7ad-3ec0-41dd-9122-f9493ac514a3,82664df1-64d8-4022-a038-f9ad437561f7,c5,DROP,1009,?,i10,
1769501060.2863035,FORWARDED,2d84e7ad-3ec0-41dd-9122-f9493ac514a3,82664df1-64d8-4022-a038-f9ad437561f7,c5,DROP,1009,?,i10,
1769501060.4458163,SENT,9acd21b0-eea7-444a-8cec-66e348cccd1e,d8c76307-7264-43c1-9aa7-7c93db1cce18,c3,DROP,1006,?,i5,
1769501060.4458573,FORWARDED,9acd21b0-eea7-444a-8cec-66e348cccd1e,d8c76307-7264-43c1-9aa7-7c93db1cce18,c3,DROP,1006,?,i5,
1769501060.558467,RECEIVED,14d07ba0-966d-4481-b9fb-8f9d5c58a12d,3e6212f8-6a70-4ef2-8e6a-0ef43e2c14e9,c2,None,2222,p2,?,
1769501060.5845494,RECEIVED,6760a3a2-120a-4dc6-8223-fc10a56a5061,33453ca9-9eed-4df0-8ff7-4fa6b1bc0eff,c5,c2,2450,p2,?,
1769501060.7226202,RECEIVED,aefa805c-7ad8-4908-9f6b-a0727e4d8c22,a7e007d2-4ef0-4acd-b555-2208d92280f0,c2,c1,2453,p2,?,
1769501060.7492545,SENT,aefa805c-7ad8-4908-9f6b-a0727e4d8c22,a7e007d2-4ef0-4acd-b555-2208d92280f0,c2,c1,1765,?,i6,
1769501060.7492924,FORWARDED,aefa805c-7ad8-4908-9f6b-a0727e4d8c22,a7e007d2-4ef0-4acd-b555-2208d92280f0,c2,c1,1765,?,i6,
1769501060.9610932,SENT,ed1b22e0-4caf-4deb-bc22-e32c593363bf,cc48509a-994d-47ea-9444-4b8dc3f67652,c4,DROP,1007,?,i6,
1769501060.9611368,FORWARDED,ed1b22e0-4caf-4deb-bc22-e32c593363bf,cc48509a-994d-47ea-9444-4b8dc3f67652,c4,DROP,1007,?,i6,
1769501061.0085287,RECEIVED,52a2f9a2-2c64-4ce7-b72e-55a1de06ecde,c0eac433-2827-45b9-8be2-b4d9eb71c9e8,c1,DROP,1460,p1,?,
1769501061.0724478,RECEIVED,1f0f26bd-ac3e-448f-bcf0-ab83ac5467dc,c1fd8a96-45ef-4152-bcbc-7016d727d2cb,c1,DROP,438,x1,?,
1769501061.1255045,SENT,14d07ba0-966d-4481-b9fb-8f9d5c58a12d,3e6212f8-6a70-4ef2-8e6a-0ef43e2c14e9,c2,None,1595,?,i9,
1769501061.125548,FORWARDED,14d07ba0-966d-4481-b9fb-8f9d5c58a12d,3e6212f8-6a70-4ef2-8e6a-0ef43e2c14e9,c2,None,1595,?,i9,
1769501061.153181,RECEIVED,b28ebbcf-5a71-41ad-af23-62a4aebbc0e1,b9a9d288-a05a-45cc-acf1-c0fd0c3f3daf,c2,c1,2464,p2,?,
1769501061.221243,RECEIVED,53f6c659-2640-4c52-98a8-3aa36435dc3a,a05e768c-0e5d-4818-81b2-eeb37ffa1b05,c3,DROP,1436,p3,?,
1769501061.2910914,SENT,52a2f9a2-2c64-4ce7-b72e-55a1de06ecde,c0eac433-2827-45b9-8be2-b4d9eb71c9e8,c1,DROP,1021,?,i8,
1769501061.2911348,FORWARDED,52a2f9a2-2c64-4ce7-b72e-55a1de06ecde,c0eac433-2827-45b9-8be2-b4d9eb71c9e8,c1,DROP,1021,?,i8,
1769501061.3098948,SENT,53f6c659-2640-4c52-98a8-3aa36435dc3a,a05e768c-0e5d-4818-81b2-eeb37ffa1b05,c3,DROP,1004,?,i8,
1769501061.3099375,FORWARDED,53f6c659-2640-4c52-98a8-3aa36435dc3a,a05e768c-0e5d-4818-81b2-eeb37ffa1b05,c3,DROP,1004,?,i8,
1769501061.4260316,RECEIVED,14688deb-092b-43ae-9807-9223224152ee,db53327d-5e21-4cee-8a15-632302ac57e2,c4,DROP,445,x12,?,
1769501061.6066463,SENT,b28ebbcf-5a71-41ad-af23-62a4aebbc0e1,b9a9d288-a05a-45cc-acf1-c0fd0c3f3daf,c2,c1,1776,?,i6,
1769501061.6066875,FORWARDED,b28ebbcf-5a71-41ad-af23-62a4aebbc0e1,b9a9d288-a05a-45cc-acf1-c0fd0c3f3daf,c2,c1,1776,?,i6,
1769501061.705649,RECEIVED,ce202bcb-439d-49bc-96c0-1f0fe9305ac9,88f89e50-3969-4c34-bf04-ccbf5175908b,c4,c3,2468,p1,?,
1769501061.9437273,RECEIVED,22deea74-f649-447c-867d-fb6e682388ee,f0af2f78-9924-4d18-8e0f-ca716b50a604,c4,c3,2463,p1,?,
1769501062.0683358,RECEIVED,0b87f562-16fa-4939-8d8b-61c0055fc0c7,28748652-cbff-4319-94ba-ca76dfc9ed6a,c5,DROP,1440,p2,?,
1769501062.1815934,RECEIVED,41f59eb3-44a6-4d36-9657-b1c3e31a633c,fd20682f-6da8-43ef-b2ad-d3c2469c8239,c1,c5,2476,p1,?,
1769501062.227464,RECEIVED,e781e56f-8708-44da-9eca-99bb5db9389b,16c497c0-1d67-4d9b-aebe-5261bdb9a933,c2,DROP,1453,p2,?,
1769501062.2571325,RECEIVED,85ca3669-0e64-4b6e-a104-9babb5693b6f,4d58b52b-cb37-47a7-a13c-c4736c155ec6,c4,DROP,1440,p1,?,
1769501062.2590306,SENT,41f59eb3-44a6-4d36-9657-b1c3e31a633c,fd20682f-6da8-43ef-b2ad-d3c2469c8239,c1,c5,1784,?,i6,
1769501062.2590823,FORWARDED,41f59eb3-44a6-4d36-9657-b1c3e31a633c,fd20682f-6da8-43ef-b2ad-d3c2469c8239,c1,c5,1784,?,i6,
1769501062.3642566,SENT,e781e56f-8708-44da-9eca-99bb5db9389b,16c497c0-1d67-4d9b-aebe-5261bdb9a933,c2,DROP,1017,?,i11,
1769501062.3643022,FORWARDED,e781e56f-8708-44da-9eca-99bb5db9389b,16c497c0-1d67-4d9b-aebe-5261bdb9a933,c2,DROP,1017,?,i11,
1769501062.4247622,SENT,0b87f562-16fa-4939-8d8b-61c0055fc0c7,28748652-cbff-4319-94ba-ca76dfc9ed6a,c5,DROP,1007,?,i12,
1769501062.4248068,FORWARDED,0b87f562-16fa-4939-8d8b-61c0055fc0c7,28748652-cbff-4319-94ba-ca76dfc9ed6a,c5,DROP,1007,?,i12,
1769501062.4472556,SENT,ce202bcb-439d-49bc-96c0-1f0fe9305ac9,88f89e50-3969-4c34-bf04-ccbf5175908b,c4,c3,1779,?,i12,
1769501062.4472978,FORWARDED,ce202bcb-439d-49bc-96c0-1f0fe9305ac9,88f89e50-3969-4c34-bf04-ccbf5175908b,c4,c3,1779,?,i12,
1769501062.552394,RECEIVED,f56c3033-a404-4d70-a0eb-213576db3213,4256cdbc-b261-4ee0-acc2-c01aacf7583c,c4,DROP,1440,p1,?,
1769501062.596842,RECEIVED,c9bc7ef4-f067-4e47-be47-5a5bb5daefdc,efc8a2e1-76e0-41ac-9868-2515f770bbfa,c2,DROP,441,x4,?,
1769501062.6581774,SENT,f56c3033-a404-4d70-a0eb-213576db3213,4256cdbc-b261-4ee0-acc2-c01aacf7583c,c4,DROP,1008,?,i4,
1769501062.658213,FORWARDED,f56c3033-a404-4d70-a0eb-213576db3213,4256cdbc-b261-4ee0-acc2-c01aacf7583c,c4,DROP,1008,?,i4,
1769501062.6726818,SENT,85ca3669-0e64-4b6e-a104-9babb5693b6f,4d58b52b-cb37-47a7-a13c-c4736c155ec6,c4,DROP,1007,?,i7,
1769501062.6727262,FORWARDED,85ca3669-0e64-4b6e-a104-9babb5693b6f,4d58b52b-cb37-47a7-a13c-c4736c155ec6,c4,DROP,1007,?,i7,
1769501062.8378055,SENT,6760a3a2-120a-4dc6-8223-fc10a56a5061,33453ca9-9eed-4df0-8ff7-4fa6b1bc0eff,c5,c2,1767,?,i5,
1769501062.8378494,FORWARDED,6760a3a2-120a-4dc6-8223-fc10a56a5061,33453ca9-9eed-4df0-8ff7-4fa6b1bc0eff,c5,c2,1767,?,i5,
1769501062.9416623,RECEIVED,1c4bc2a2-9aa7-4fb2-a5fc-d7f4e5a060ae,9fc0b678-bf0c-4c04-8017-e950cbe61779,c3,c4,2448,p3,?,
1769501062.9942858,RECEIVED,eaa257c8-1b1e-4006-b8f5-bce4e53e1231,aa3a8a55-668f-4de1-8940-b7b343e8750c,c2,DROP,1440,p2,?,
1769501063.0490997,RECEIVED,79911a4c-7235-4608-8905-789eeb35de5d,ddd5afa3-93f4-46b6-b361-8f350a203128,c5,DROP,1452,p2,?,
1769501063.1115744,RECEIVED,de9d1d21-3fd1-494b-a43d-2e8fc9899e0e,4738071b-11ff-4d71-8670-40848eb56375,c5,DROP,441,x3,?,
1769501063.1560397,SENT,1c4bc2a2-9aa7-4fb2-a5fc-d7f4e5a060ae,9fc0b678-bf0c-4c04-8017-e950cbe61779,c3,c4,1764,?,i8,
1769501063.1560934,FORWARDED,1c4bc2a2-9aa7-4fb2-a5fc-d7f4e5a060ae,9fc0b678-bf0c-4c04-8017-e950cbe61779,c3,c4,1764,?,i8,
1769501063.2260742,RECEIVED,90ef786f-4c52-4936-b227-510cbb177c7d,6992db48-ae2a-462d-a867-f9dc1a3b9736,c1,c5,2476,p1,?,
1769501063.231508,SENT,eaa257c8-1b1e-4006-b8f5-bce4e53e1231,aa3a8a55-668f-4de1-8940-b7b343e8750c,c2,DROP,1008,?,i6,
1769501063.2315502,FORWARDED,eaa257c8-1b1e-4006-b8f5-bce4e53e1231,aa3a8a55-668f-4de1-8940-b7b343e8750c,c2,DROP,1008,?,i6,
1769501063.2973604,SENT,22deea74-f649-447c-867d-fb6e682388ee,f0af2f78-9924-4d18-8e0f-ca716b50a604,c4,c3,1776,?,i1,
1769501063.2973971,FORWARDED,22deea74-f649-447c-867d-fb6e682388ee,f0af2f78-9924-4d18-8e0f-ca716b50a604,c4,c3,1776,?,i1,
1769501063.298969,RECEIVED,00e8f79f-f7e0-4cb3-8a05-3f631c6d7d26,ceed2c01-8513-4b2d-afea-c0d1ab2cf904,c4,c3,2461,p1,?,
1769501063.3548093,SENT,90ef786f-4c52-4936-b227-510cbb177c7d,6992db48-ae2a-462d-a867-f9dc1a3b9736,c1,c5,1785,?,i4,
1769501063.3548508,FORWARDED,90ef786f-4c52-4936-b227-510cbb177c7d,6992db48-ae2a-462d-a867-f9dc1a3b9736,c1,c5,1785,?,i4,
1769501063.366502,RECEIVED,630a3d8a-cb89-43cd-acbd-4638045dbb68,4ed254eb-b105-4e5d-8f6b-284befce0bc5,c3,DROP,441,x4,?,
1769501063.4479876,RECEIVED,ae3bda99-82d3-4af1-9082-d3960e45145a,17c563c3-8cb1-41a7-b157-cc2a99617249,c1,DROP,1447,p1,?,
1769501063.4630775,SENT,79911a4c-7235-4608-8905-789eeb35de5d,ddd5afa3-93f4-46b6-b361-8f350a203128,c5,DROP,1016,?,i3,
1769501063.4631286,FORWARDED,79911a4c-7235-4608-8905-789eeb35de5d,ddd5afa3-93f4-46b6-b361-8f350a203128,c5,DROP,1016,?,i3,
1769501063.4741585,RECEIVED,766c985d-4ba0-43ed-acd8-6c89be62514e,2c85691c-12f6-43a7-92ed-3ef751a604ed,c2,DROP,1460,p2,?,
1769501063.5553854,RECEIVED,3c173d37-8e95-49d1-bb85-2cfb3b3ef683,3371d82d-416b-4cfd-b0e8-5e2929c3883d,c3,DROP,1444,p3,?,
1769501063.5748768,RECEIVED,aa3d8155-7b41-4004-8f91-3de4740d8499,3a2098df-9271-4722-9708-c35676d607e0,c3,DROP,1451,p3,?,
1769501063.6015565,SENT,00e8f79f-f7e0-4cb3-8a05-3f631c6d7d26,ceed2c01-8513-4b2d-afea-c0d1ab2cf904,c4,c3,1771,?,i11,
1769501063.6015916,FORWARDED,00e8f79f-f7e0-4cb3-8a05-3f631c6d7d26,ceed2c01-8513-4b2d-afea-c0d1ab2cf904,c4,c3,1771,?,i11,
1769501063.6302702,SENT,ae3bda99-82d3-4af1-9082-d3960e45145a,17c563c3-8cb1-41a7-b157-cc2a99617249,c1,DROP,1012,?,i6,
1769501063.6303115,FORWARDED,ae3bda99-82d3-4af1-9082-d3960e45145a,17c563c3-8cb1-41a7-b157-cc2a99617249,c1,DROP,1012,?,i6,
1769501063.71522,SENT,3c173d37-8e95-49d1-bb85-2cfb3b3ef683,3371d82d-416b-4cfd-b0e8-5e2929c3883d,c3,DROP,1011,?,i5,
1769501063.7152631,FORWARDED,3c173d37-8e95-49d1-bb85-2cfb3b3ef683,3371d82d-416b-4cfd-b0e8-5e2929c3883d,c3,DROP,1011,?,i5,
1769501063.7293,RECEIVED,07261fe2-c3b4-4635-ac7e-9193a2825efa,02d9660f-3702-4f71-bd3b-4ef4c36aa100,c5,DROP,1440,p2,?,
1769501063.7673943,SENT,07261fe2-c3b4-4635-ac7e-9193a2825efa,02d9660f-3702-4f71-bd3b-4ef4c36aa100,c5,DROP,1008,?,i7,
1769501063.7674334,FORWARDED,07261fe2-c3b4-4635-ac7e-9193a2825efa,02d9660f-3702-4f71-bd3b-4ef4c36aa100,c5,DROP,1008,?,i7,
1769501063.8744752,RECEIVED,eb7131ea-271f-4fa0-958a-5bdf6ec94893,32bdec2f-830f-4539-a6fa-5608371b2415,c3,DROP,1443,p3,?,
1769501063.9052832,RECEIVED,c6406932-2f31-431a-9122-f29115acdfb9,d77f52c4-4bb8-4d25-aee5-23fe5e8d9a92,c2,None,2231,p2,?,
1769501063.9667797,RECEIVED,9abe9b76-295d-4010-80a4-2d17a56ed06b,1a591d64-cdbd-4586-b012-0c923634ce3d,c3,DROP,1457,p3,?,
1769501064.0158825,RECEIVED,de31f13c-de1c-437e-9839-56e2aa344347,ff4da090-2529-4147-9327-1832ecf36554,c3,None,2223,p3,?,
1769501064.0349424,SENT,9abe9b76-295d-4010-80a4-2d17a56ed06b,1a591d64-cdbd-4586-b012-0c923634ce3d,c3,DROP,1019,?,i12,
1769501064.034984,FORWARDED,9abe9b76-295d-4010-80a4-2d17a56ed06b,1a591d64-cdbd-4586-b012-0c923634ce3d,c3,DROP,1019,?,i12,
1769501064.0370128,SENT,aa3d8155-7b41-4004-8f91-3de4740d8499,3a2098df-9271-4722-9708-c35676d607e0,c3,DROP,1015,?,i9,
1769501064.0370593,FORWARDED,aa3d8155-7b41-4004-8f91-3de4740d8499,3a2098df-9271-4722-9708-c35676d607e0,c3,DROP,1015,?,i9,
1769501064.0950189,RECEIVED,67b80329-b91c-41f3-95fa-a6f5fd24e230,f067da36-b033-42fc-817c-b9130d89f5c3,c1,DROP,1436,p1,?,
1769501064.155217,RECEIVED,e5bbb355-2303-485f-a7bb-21022c370c30,a2e6cd84-bdff-4e6d-83ec-7d3146f906d1,c5,c2,2464,p2,?,
1769501064.2964,SENT,e5bbb355-2303-485f-a7bb-21022c370c30,a2e6cd84-bdff-4e6d-83ec-7d3146f906d1,c5,c2,1776,?,i3,
1769501064.2964418,FORWARDED,e5bbb355-2303-485f-a7bb-21022c370c30,a2e6cd84-bdff-4e6d-83ec-7d3146f906d1,c5,c2,1776,?,i3,
1769501064.3112307,SENT,67b80329-b91c-41f3-95fa-a6f5fd24e230,f067da36-b033-42fc-817c-b9130d89f5c3,c1,DROP,1003,?,i5,
1769501064.3112745,FORWARDED,67b80329-b91c-41f3-95fa-a6f5fd24e230,f067da36-b033-42fc-817c-b9130d89f5c3,c1,DROP,1003,?,i5,
1769501064.3398993,RECEIVED,621c6962-3ef3-49b9-a8c0-8535d4d5f92d,e15f9d53-6dcc-4a16-b774-18c22c6a20cb,c3,DROP,1439,p3,?,
1769501064.3601468,SENT,c6406932-2f31-431a-9122-f29115acdfb9,d77f52c4-4bb8-4d25-aee5-23fe5e8d9a92,c2,None,1600,?,i5,
1769501064.3601897,FORWARDED,c6406932-2f31-431a-9122-f29115acdfb9,d77f52c4-4bb8-4d25-aee5-23fe5e8d9a92,c2,None,1600,?,i5,
1769501064.4318233,RECEIVED,cffb396b-c817-4221-967e-2d55fe667ffd,81b28bb8-3554-45d1-a4a4-500e00be4756,c3,None,2224,p3,?,
1769501064.4802558,SENT,766c985d-4ba0-43ed-acd8-6c89be62514e,2c85691c-12f6-43a7-92ed-3ef751a604ed,c2,DROP,1021,?,i12,
1769501064.480295,FORWARDED,766c985d-4ba0-43ed-acd8-6c89be62514e,2c85691c-12f6-43a7-92ed-3ef751a604ed,c2,DROP,1021,?,i12,
1769501064.5416417,SENT,eb7131ea-271f-4fa0-958a-5bdf6ec94893,32bdec2f-830f-4539-a6fa-5608371b2415,c3,DROP,1011,?,i8,
1769501064.541692,FORWARDED,eb7131ea-271f-4fa0-958a-5bdf6ec94893,32bdec2f-830f-4539-a6fa-5608371b2415,c3,DROP,1011,?,i8,
1769501064.570818,SENT,621c6962-3ef3-49b9-a8c0-8535d4d5f92d,e15f9d53-6dcc-4a16-b774-18c22c6a20cb,c3,DROP,1007,?,i8,
1769501064.5708594,FORWARDED,621c6962-3ef3-49b9-a8c0-8535d4d5f92d,e15f9d53-6dcc-4a16-b774-18c22c6a20cb,c3,DROP,1007,?,i8,
1769501064.662873,RECEIVED,3316c7d6-f2cc-4342-991d-27a646627056,39fdc69c-2e4b-4bd8-860e-c9e12b2de649,c2,DROP,445,x3,?,
1769501064.6989949,RECEIVED,eb6cbfbb-bf0a-43c6-ae23-019a315570e6,a95b4dc8-c07e-49ee-ab25-5fb5402025c8,c1,DROP,1448,p1,?,
1769501064.716201,RECEIVED,f4b3def3-6268-4300-a7f5-e346675f0ee5,ee6b7ab1-ad7b-4a14-b578-f5de5e92a5e8,c5,DROP,1450,p2,?,
1769501064.733086,RECEIVED,260e3d63-c012-4d94-9cff-84be5e1f1d84,a7b905fd-a69b-4d4f-8a2a-f5a272d4be5a,c1,DROP,1435,p1,?,
1769501064.7713385,RECEIVED,eda19ed4-2b32-49c4-8b4d-0f34dd98d084,e281fe99-c57c-4e84-9af3-e384a2fa4e0a,c2,DROP,1448,p2,?,
1769501064.8165026,SENT,de31f13c-de1c-437e-9839-56e2aa344347,ff4da090-2529-4147-9327-1832ecf36554,c3,None,1595,?,i1,
1769501064.8165467,FORWARDED,de31f13c-de1c-437e-9839-56e2aa344347,ff4da090-2529-4147-9327-1832ecf36554,c3,None,1595,?,i1,
1769501064.834679,SENT,cffb396b-c817-4221-967e-2d55fe667ffd,81b28bb8-3554-45d1-a4a4-500e00be4756,c3,None,1596,?,i5,
1769501064.8347208,FORWARDED,cffb396b-c817-4221-967e-2d55fe667ffd,81b28bb8-3554-45d1-a4a4-500e00be4756,c3,None,1596,?,i5,
1769501064.8799088,RECEIVED,f16fb8c1-7294-4cb4-b7c4-57ea9a4f5a0d,533b7e75-80cd-4570-9b1f-adfa499946f4,c5,DROP,1436,p2,?,
1769501064.8804913,RECEIVED,a394afc6-b311-4b95-9afa-cd40a6b8122d,e20a3b49-236a-40b6-a6ab-175328b63828,c3,DROP,1439,p3,?,
1769501064.9715583,SENT,eda19ed4-2b32-49c4-8b4d-0f34dd98d084,e281fe99-c57c-4e84-9af3-e384a2fa4e0a,c2,DROP,1012,?,i6,
1769501064.9715953,FORWARDED,eda19ed4-2b32-49c4-8b4d-0f34dd98d084,e281fe99-c57c-4e84-9af3-e384a2fa4e0a,c2,DROP,1012,?,i6,
1769501065.125379,RECEIVED,ec21a44e-57bf-4e4f-a0e7-e8c1c78eeaa3,66831df5-78b8-4f7b-aa55-86caaba1a8b0,c5,c2,2464,p2,?,
1769501065.1308167,SENT,eb6cbfbb-bf0a-43c6-ae23-019a315570e6,a95b4dc8-c07e-49ee-ab25-5fb5402025c8,c1,DROP,1012,?,i10,
1769501065.1308587,FORWARDED,eb6cbfbb-bf0a-43c6-ae23-019a315570e6,a95b4dc8-c07e-49ee-ab25-5fb5402025c8,c1,DROP,1012,?,i10,
1769501065.1722732,SENT,f16fb8c1-7294-4cb4-b7c4-57ea9a4f5a0d,533b7e75-80cd-4570-9b1f-adfa499946f4,c5,DROP,1004,?,i4,
1769501065.172317,FORWARDED,f16fb8c1-7294-4cb4-b7c4-57ea9a4f5a0d,533b7e75-80cd-4570-9b1f-adfa499946f4,c5,DROP,1004,?,i4,
1769501065.1901069,RECEIVED,7eb7f3d3-6abe-4f3a-9d27-87fab7ec499a,3fb1efb1-161c-4e75-92dc-7d91d2b831c7,c5,None,2228,p2,?,
1769501065.235288,SENT,ec21a44e-57bf-4e4f-a0e7-e8c1c78eeaa3,66831df5-78b8-4f7b-aa55-86caaba1a8b0,c5,c2,1775,?,i1,
1769501065.2355146,FORWARDED,ec21a44e-57bf-4e4f-a0e7-e8c1c78eeaa3,66831df5-78b8-4f7b-aa55-86caaba1a8b0,c5,c2,1775,?,i1,
1769501065.2812421,RECEIVED,68cc9e89-0d53-4a08-abf9-111a7c0cba06,4e04f66f-96b5-427d-abf3-52f6dcf0ae6f,c5,c2,2471,p2,?,
1769501065.2860012,RECEIVED,3e794c1c-0ce9-48dc-9446-4cb211b254d4,399dc776-4283-441c-841a-cfbfa2547121,c4,None,2223,p1,?,
1769501065.3817425,RECEIVED,4627a9d2-3ad3-4669-ac68-d40bef3a340c,0cdd900f-76fc-4f23-b8a8-46035ac24e65,c4,DROP,1448,p1,?,
1769501065.5014946,SENT,7eb7f3d3-6abe-4f3a-9d27-87fab7ec499a,3fb1efb1-161c-4e75-92dc-7d91d2b831c7,c5,None,1599,?,i8,
1769501065.5015392,FORWARDED,7eb7f3d3-6abe-4f3a-9d27-87fab7ec499a,3fb1efb1-161c-4e75-92dc-7d91d2b831c7,c5,None,1599,?,i8,
1769501065.5183508,SENT,260e3d63-c012-4d94-9cff-84be5e1f1d84,a7b905fd-a69b-4d4f-8a2a-f5a272d4be5a,c1,DROP,1003,?,i3,
1769501065.518388,FORWARDED,260e3d63-c012-4d94-9cff-84be5e1f1d84,a7b905fd-a69b-4d4f-8a2a-f5a272d4be5a,c1,DROP,1003,?,i3,
1769501065.582895,RECEIVED,01ca95bb-30df-4918-a413-c782ad269e46,b888861d-83eb-49a4-a507-1eb02a3a7a83,c4,DROP,1435,p1,?,
1769501065.7025075,RECEIVED,db363673-8943-47cd-a8bc-00d4cc4f521f,eeae400c-9b79-4c1a-95a0-55a0b154cfa5,c2,DROP,445,x12,?,
1769501065.7516325,RECEIVED,0ca01a73-38d0-442e-9ef8-c11a2ed11838,7056d9dd-9eb8-4ddf-9735-1e5e73b7faf0,c4,DROP,1441,p1,?,
1769501065.7671251,SENT,a394afc6-b311-4b95-9afa-cd40a6b8122d,e20a3b49-236a-40b6-a6ab-175328b63828,c3,DROP,1007,?,i2,
1769501065.767165,FORWARDED,a394afc6-b311-4b95-9afa-cd40a6b8122d,e20a3b49-236a-40b6-a6ab-175328b63828,c3,DROP,1007,?,i2,
1769501065.7687998,SENT,0ca01a73-38d0-442e-9ef8-c11a2ed11838,7056d9dd-9eb8-4ddf-9735-1e5e73b7faf0,c4,DROP,1006,?,i8,
1769501065.7688394,FORWARDED,0ca01a73-38d0-442e-9ef8-c11a2ed11838,7056d9dd-9eb8-4ddf-9735-1e5e73b7faf0,c4,DROP,1006,?,i8,
1769501065.8825822,SENT,4627a9d2-3ad3-4669-ac68-d40bef3a340c,0cdd900f-76fc-4f23-b8a8-46035ac24e65,c4,DROP,1014,?,i3,
1769501065.882625,FORWARDED,4627a9d2-3ad3-4669-ac68-d40bef3a340c,0cdd900f-76fc-4f23-b8a8-46035ac24e65,c4,DROP,1014,?,i3,
1769501065.8911624,RECEIVED,7403bf55-a232-4088-983f-40d1503bffcf,e676e239-243c-49a5-8a4e-69bd3506e682,c4,DROP,441,x10,?,
1769501065.968824,SENT,f4b3def3-6268-4300-a7f5-e346675f0ee5,ee6b7ab1-ad7b-4a14-b578-f5de5e92a5e8,c5,DROP,1016,?,i8,
1769501065.9688625,FORWARDED,f4b3def3-6268-4300-a7f5-e346675f0ee5,ee6b7ab1-ad7b-4a14-b578-f5de5e92a5e8,c5,DROP,1016,?,i8,
1769501065.9729917,RECEIVED,43477c37-a8fd-41ad-b5d4-3d31d35364ff,08d002aa-e860-4ffa-b86a-2592535b5e04,c1,None,2235,p1,?,
1769501065.9832158,SENT,3e794c1c-0ce9-48dc-9446-4cb211b254d4,399dc776-4283-441c-841a-cfbfa2547121,c4,None,1596,?,i2,
1769501065.9832635,FORWARDED,3e794c1c-0ce9-48dc-9446-4cb211b254d4,399dc776-4283-441c-841a-cfbfa2547121,c4,None,1596,?,i2,
1769501066.3375652,RECEIVED,beb2422e-4ef4-4467-9be2-8be70029be04,7b86c327-acf9-472e-a41e-683f852ee319,c1,DROP,1446,p1,?,
1769501066.3662887,RECEIVED,4e00e798-e5a6-432e-9e82-5df1754c3312,9fd1cf32-437f-4810-b1a9-6586ce666164,c3,c4,2476,p3,?,
1769501066.3992608,RECEIVED,9e1b39f2-ec3d-4646-bff7-ef16700baed6,5dc61cf4-3841-4e05-8408-51e915b53cc2,c5,DROP,1435,p2,?,
1769501066.509274,SENT,4e00e798-e5a6-432e-9e82-5df1754c3312,9fd1cf32-437f-4810-b1a9-6586ce666164,c3,c4,1783,?,i5,
1769501066.5093143,FORWARDED,4e00e798-e5a6-432e-9e82-5df1754c3312,9fd1cf32-437f-4810-b1a9-6586ce666164,c3,c4,1783,?,i5,
1769501066.676166,RECEIVED,2042b88e-6452-43a2-b852-5f911b227719,c6f053e0-4ff4-4cea-919b-b6a21c092bcc,c5,DROP,1453,p2,?,
1769501066.6811326,RECEIVED,d2aac69b-bf9d-487e-b41a-78486118fc6d,6be99221-e734-4663-b595-11140f4116ac,c1,DROP,441,x7,?,
1769501066.6959262,RECEIVED,cd5d9239-c362-48da-89e9-1f94440c78f9,b7b5ca63-0efd-489c-929c-0a64ce7d52c6,c3,c4,2447,p3,?,
1769501066.6981568,SENT,43477c37-a8fd-41ad-b5d4-3d31d35364ff,08d002aa-e860-4ffa-b86a-2592535b5e04,c1,None,1603,?,i1,
1769501066.6982002,FORWARDED,43477c37-a8fd-41ad-b5d4-3d31d35364ff,08d002aa-e860-4ffa-b86a-2592535b5e04,c1,None,1603,?,i1,
1769501066.824578,SENT,beb2422e-4ef4-4467-9be2-8be70029be04,7b86c327-acf9-472e-a41e-683f852ee319,c1,DROP,1012,?,i8,
1769501066.8246186,FORWARDED,beb2422e-4ef4-4467-9be2-8be70029be04,7b86c327-acf9-472e-a41e-683f852ee319,c1,DROP,1012,?,i8,
1769501066.868528,RECEIVED,93b685cd-bc6d-4bad-86d4-3dca0b09de65,4087d2eb-c193-4416-b359-e250a59ad3b1,c3,DROP,1435,p3,?,
1769501066.9056504,SENT,9e1b39f2-ec3d-4646-bff7-ef16700baed6,5dc61cf4-3841-4e05-8408-51e915b53cc2,c5,DROP,1003,?,i4,
1769501066.9056888,FORWARDED,9e1b39f2-ec3d-4646-bff7-ef16700baed6,5dc61cf4-3841-4e05-8408-51e915b53cc2,c5,DROP,1003,?,i4,
1769501066.9681537,RECEIVED,392fb7d2-ddd3-41e4-a1f8-c8f919dc2e55,cca7b8de-ec80-43ec-bbc4-e007e054e6eb,c4,DROP,1443,p1,?,
1769501067.0287662,RECEIVED,30cf28c8-eb58-4f21-925e-a894b24c228b,9f12371a-42cb-4c67-9dc4-934b920094ef,c4,DROP,1438,p1,?,
1769501067.0913703,SENT,2042b88e-6452-43a2-b852-5f911b227719,c6f053e0-4ff4-4cea-919b-b6a21c092bcc,c5,DROP,1015,?,i12,
1769501067.091411,FORWARDED,2042b88e-6452-43a2-b852-5f911b227719,c6f053e0-4ff4-4cea-919b-b6a21c092bcc,c5,DROP,1015,?,i12,
1769501067.185547,RECEIVED,f24a6444-50c4-409f-bc77-5ca33bc54f06,efa549f9-f010-4c49-aecf-a7cca4ba2ce9,c1,DROP,1451,p1,?,
1769501067.195362,RECEIVED,2dc78ede-cd45-49b7-82d4-cd6989ed3a92,8383ed34-63d7-4dd9-9fd4-fd5d937852de,c3,DROP,446,x10,?,
1769501067.3218458,RECEIVED,69a76216-43db-44bf-8f4b-932de55de333,8e3c6034-7dd6-4f5b-8a8b-a8d455ba4d47,c2,DROP,441,x6,?,
1769501067.3837225,SENT,68cc9e89-0d53-4a08-abf9-111a7c0cba06,4e04f66f-96b5-427d-abf3-52f6dcf0ae6f,c5,c2,1782,?,i11,
1769501067.3837717,FORWARDED,68cc9e89-0d53-4a08-abf9-111a7c0cba06,4e04f66f-96b5-427d-abf3-52f6dcf0ae6f,c5,c2,1782,?,i11,
1769501067.5082939,RECEIVED,38d60cb4-823d-47fa-baaa-44b4550ca455,b4bf5086-5b87-4168-8cb7-42a0dfcc1f4b,c5,DROP,1440,p2,?,
1769501067.510423,SENT,392fb7d2-ddd3-41e4-a1f8-c8f919dc2e55,cca7b8de-ec80-43ec-bbc4-e007e054e6eb,c4,DROP,1011,?,i7,
1769501067.5104632,FORWARDED,392fb7d2-ddd3-41e4-a1f8-c8f919dc2e55,cca7b8de-ec80-43ec-bbc4-e007e054e6eb,c4,DROP,1011,?,i7,
1769501067.5328026,SENT,cd5d9239-c362-48da-89e9-1f94440c78f9,b7b5ca63-0efd-489c-929c-0a64ce7d52c6,c3,c4,1764,?,i9,
1769501067.5328434,FORWARDED,cd5d9239-c362-48da-89e9-1f94440c78f9,b7b5ca63-0efd-489c-929c-0a64ce7d52c6,c3,c4,1764,?,i9,
1769501067.5780733,RECEIVED,4e1a36f6-5834-48b8-921a-8f21bfa6f716,dd539697-e404-407d-9e69-2c3a2a915385,c5,c2,2448,p2,?,
1769501067.684256,SENT,4e1a36f6-5834-48b8-921a-8f21bfa6f716,dd539697-e404-407d-9e69-2c3a2a915385,c5,c2,1763,?,i7,
1769501067.6842997,FORWARDED,4e1a36f6-5834-48b8-921a-8f21bfa6f716,dd539697-e404-407d-9e69-2c3a2a915385,c5,c2,1763,?,i7,
1769501067.7174768,SENT,f24a6444-50c4-409f-bc77-5ca33bc54f06,efa549f9-f010-4c49-aecf-a7cca4ba2ce9,c1,DROP,1017,?,i2,
1769501067.7175217,FORWARDED,f24a6444-50c4-409f-bc77-5ca33bc54f06,efa549f9-f010-4c49-aecf-a7cca4ba2ce9,c1,DROP,1017,?,i2,
1769501067.7202837,RECEIVED,f05ef79f-824e-418e-b924-ce5f5597a93b,9ecb8d83-d2ee-4bff-8ef8-bf4a539a6f98,c5,DROP,441,x3,?,
1769501067.7854176,SENT,38d60cb4-823d-47fa-baaa-44b4550ca455,b4bf5086-5b87-4168-8cb7-42a0dfcc1f4b,c5,DROP,1007,?,i1,
1769501067.7854657,FORWARDED,38d60cb4-823d-47fa-baaa-44b4550ca455,b4bf5086-5b87-4168-8cb7-42a0dfcc1f4b,c5,DROP,1007,?,i1,
1769501068.0538332,SENT,01ca95bb-30df-4918-a413-c782ad269e46,b888861d-83eb-49a4-a507-1eb02a3a7a83,c4,DROP,1003,?,i7,
1769501068.0538745,FORWARDED,01ca95bb-30df-4918-a413-c782ad269e46,b888861d-83eb-49a4-a507-1eb02a3a7a83,c4,DROP,1003,?,i7,
1769501068.3827553,RECEIVED,28e7ab4b-69d7-4b1a-8f44-d94f009d1b40,462aef52-9c73-4953-929c-818438750995,c1,DROP,1447,p1,?,
1769501068.4811144,SENT,93b685cd-bc6d-4bad-86d4-3dca0b09de65,4087d2eb-c193-4416-b359-e250a59ad3b1,c3,DROP,1003,?,i5,
1769501068.4811692,FORWARDED,93b685cd-bc6d-4bad-86d4-3dca0b09de65,4087d2eb-c193-4416-b359-e250a59ad3b1,c3,DROP,1003,?,i5,
1769501068.5532908,RECEIVED,ae9efa8e-c77b-4142-9d5f-1626d2b252b1,ccda784c-1dfa-4d2f-b2e8-bfa83ee5def8,c5,DROP,1452,p2,?,
1769501068.6914215,SENT,ae9efa8e-c77b-4142-9d5f-1626d2b252b1,ccda784c-1dfa-4d2f-b2e8-bfa83ee5def8,c5,DROP,1016,?,i3,
1769501068.691465,FORWARDED,ae9efa8e-c77b-4142-9d5f-1626d2b252b1,ccda784c-1dfa-4d2f-b2e8-bfa83ee5def8,c5,DROP,1016,?,i3,
1769501068.7356951,SENT,28e7ab4b-69d7-4b1a-8f44-d94f009d1b40,462aef52-9c73-4953-929c-818438750995,c1,DROP,1012,?,i3,
1769501068.7357385,FORWARDED,28e7ab4b-69d7-4b1a-8f44-d94f009d1b40,462aef52-9c73-4953-929c-818438750995,c1,DROP,1012,?,i3,
1769501068.7541358,RECEIVED,e8948e2b-ef45-4335-8537-a55ffcb76dc5,b13ada61-cd5b-477e-9e57-828d6fc8aeb8,c4,DROP,1448,p1,?,
1769501068.9009662,RECEIVED,b3e8295d-c5d6-4bf0-9d3e-7608dbd79294,94b9d317-c575-4366-b8e3-71e224ca8f27,c1,DROP,1440,p1,?,
1769501068.951877,RECEIVED,5ec5c693-0acc-4651-a5e2-1caf2d4e2478,f7849a21-5c8e-43c3-913f-f6e37b6d91ec,c4,DROP,1455,p1,?,
1769501068.9825947,SENT,e8948e2b-ef45-4335-8537-a55ffcb76dc5,b13ada61-cd5b-477e-9e57-828d6fc8aeb8,c4,DROP,1013,?,i6,
1769501068.982632,FORWARDED,e8948e2b-ef45-4335-8537-a55ffcb76dc5,b13ada61-cd5b-477e-9e57-828d6fc8aeb8,c4,DROP,1013,?,i6,
1769501069.0336242,SENT,30cf28c8-eb58-4f21-925e-a894b24c228b,9f12371a-42cb-4c67-9dc4-934b920094ef,c4,DROP,1007,?,i1,
1769501069.0342808,FORWARDED,30cf28c8-eb58-4f21-925e-a894b24c228b,9f12371a-42cb-4c67-9dc4-934b920094ef,c4,DROP,1007,?,i1,
1769501069.1064973,RECEIVED,77b34a3e-1052-4f62-97eb-796dbcc733bf,7f5180d3-c08f-4a56-a7cc-7e1c4a5e9fe5,c2,None,2236,p2,?,
1769501069.1556985,SENT,77b34a3e-1052-4f62-97eb-796dbcc733bf,7f5180d3-c08f-4a56-a7cc-7e1c4a5e9fe5,c2,None,1603,?,i1,
1769501069.155746,FORWARDED,77b34a3e-1052-4f62-97eb-796dbcc733bf,7f5180d3-c08f-4a56-a7cc-7e1c4a5e9fe5,c2,None,1603,?,i1,
1769501069.3947916,SENT,b3e8295d-c5d6-4bf0-9d3e-7608dbd79294,94b9d317-c575-4366-b8e3-71e224ca8f27,c1,DROP,1007,?,i3,
1769501069.394832,FORWARDED,b3e8295d-c5d6-4bf0-9d3e-7608dbd79294,94b9d317-c575-4366-b8e3-71e224ca8f27,c1,DROP,1007,?,i3,
1769501069.4455,RECEIVED,5857fcdc-ab80-4285-8355-48c4cf8fe20b,c013778b-4f3b-46d4-94ea-fb8c9a22bd3a,c2,DROP,445,x9,?,
1769501069.488472,SENT,5ec5c693-0acc-4651-a5e2-1caf2d4e2478,f7849a21-5c8e-43c3-913f-f6e37b6d91ec,c4,DROP,1020,?,i6,
1769501069.4885128,FORWARDED,5ec5c693-0acc-4651-a5e2-1caf2d4e2478,f7849a21-5c8e-43c3-913f-f6e37b6d91ec,c4,DROP,1020,?,i6,
1769501069.4970388,RECEIVED,762255ba-05ce-408b-9352-bde9a41e63e8,4917faa6-895b-4f38-afe2-85136640c62c,c5,DROP,441,x6,?,
1769501070.0972435,RECEIVED,d347f907-d93f-401f-b984-99653f814799,3ae45c7a-9c82-4d94-a51d-79b0406e7525,c1,c5,2447,p1,?,
1769501070.147782,RECEIVED,55a136ff-69d7-496a-94f8-19deba9744c5,b67d50e5-a306-4d9b-a594-d313e29c4a32,c5,DROP,1439,p2,?,
1769501070.1903925,RECEIVED,8917c9ef-2a8a-446a-800d-1ab5b405e7b3,65f9e7c1-fe70-497c-b9dc-d9887b2c3765,c3,None,2235,p3,?,
1769501070.2486484,RECEIVED,727afe42-c4c1-4715-a9af-2e29c25b5347,3571512a-00a7-4979-a82d-16a2ece513a0,c2,DROP,1451,p2,?,
1769501070.379602,RECEIVED,dd7e78af-caae-46bf-91a1-6b942db45aff,a3c7a332-a66f-4d8d-8326-3bdc34bda0b7,c5,c2,2463,p2,?,
1769501070.4977803,RECEIVED,066a2e02-8909-4393-ac76-1d20e28692fe,38eb40c9-a8a9-4dd9-95d5-eb6a7e56b98f,c4,c3,2460,p1,?,
1769501070.6077816,SENT,066a2e02-8909-4393-ac76-1d20e28692fe,38eb40c9-a8a9-4dd9-95d5-eb6a7e56b98f,c4,c3,1772,?,i6,
1769501070.6078238,FORWARDED,066a2e02-8909-4393-ac76-1d20e28692fe,38eb40c9-a8a9-4dd9-95d5-eb6a7e56b98f,c4,c3,1772,?,i6,
1769501070.902651,RECEIVED,42ad5024-bf77-47d2-8991-35cd22565b2e,e5cf729e-1898-4a59-a601-f05d9de9c5fb,c4,DROP,441,x10,?,
1769501070.9190962,RECEIVED,e8372433-30cb-4bba-9293-95ea0036070a,b7022ec1-e682-4e0e-a6b4-574ba66881fd,c4,DROP,1452,p1,?,
1769501070.9297216,SENT,55a136ff-69d7-496a-94f8-19deba9744c5,b67d50e5-a306-4d9b-a594-d313e29c4a32,c5,DROP,1007,?,i7,
1769501070.929764,FORWARDED,55a136ff-69d7-496a-94f8-19deba9744c5,b67d50e5-a306-4d9b-a594-d313e29c4a32,c5,DROP,1007,?,i7,
1769501070.9762313,SENT,dd7e78af-caae-46bf-91a1-6b942db45aff,a3c7a332-a66f-4d8d-8326-3bdc34bda0b7,c5,c2,1776,?,i2,
1769501070.9762669,FORWARDED,dd7e78af-caae-46bf-91a1-6b942db45aff,a3c7a332-a66f-4d8d-8326-3bdc34bda0b7,c5,c2,1776,?,i2,
1769501070.9806972,SENT,8917c9ef-2a8a-446a-800d-1ab5b405e7b3,65f9e7c1-fe70-497c-b9dc-d9887b2c3765,c3,None,1604,?,i6,
1769501070.98074,FORWARDED,8917c9ef-2a8a-446a-800d-1ab5b405e7b3,65f9e7c1-fe70-497c-b9dc-d9887b2c3765,c3,None,1604,?,i6,
1769501070.9967992,SENT,e8372433-30cb-4bba-9293-95ea0036070a,b7022ec1-e682-4e0e-a6b4-574ba66881fd,c4,DROP,1016,?,i7,
1769501070.9968393,FORWARDED,e8372433-30cb-4bba-9293-95ea0036070a,b7022ec1-e682-4e0e-a6b4-574ba66881fd,c4,DROP,1016,?,i7,
1769501071.1123366,SENT,727afe42-c4c1-4715-a9af-2e29c25b5347,3571512a-00a7-4979-a82d-16a2ece513a0,c2,DROP,1015,?,i9,
1769501071.1123784,FORWARDED,727afe42-c4c1-4715-a9af-2e29c25b5347,3571512a-00a7-4979-a82d-16a2ece513a0,c2,DROP,1015,?,i9,
1769501071.1545668,SENT,d347f907-d93f-401f-b984-99653f814799,3ae45c7a-9c82-4d94-a51d-79b0406e7525,c1,c5,1764,?,i8,
1769501071.1546094,FORWARDED,d347f907-d93f-401f-b984-99653f814799,3ae45c7a-9c82-4d94-a51d-79b0406e7525,c1,c5,1764,?,i8,
1769501071.1762102,RECEIVED,30bf77a1-cfb9-4881-afcd-45db7d944e0b,6e449609-c388-4e0e-88e2-703d67c6982a,c2,DROP,441,x2,?,
1769501071.2800765,RECEIVED,bbb9f210-313a-4b84-ba8a-dddb8853043e,65c8fd68-beac-46ce-83c3-b40ab734f7da,c5,c2,2458,p2,?,
1769501071.3116755,RECEIVED,9f3a7fe0-9ff3-47ee-b813-44ecfd1b5b1c,793d5c7b-066d-463b-9a1a-b47efadc9059,c2,DROP,1448,p2,?,
1769501071.455436,RECEIVED,98556c2c-0676-46b1-8ac6-ddb00bb1e70d,77c5339e-f2d5-4ebc-a923-cf2884eff9cc,c3,c4,2464,p3,?,
1769501071.5777688,SENT,98556c2c-0676-46b1-8ac6-ddb00bb1e70d,77c5339e-f2d5-4ebc-a923-cf2884eff9cc,c3,c4,1776,?,i2,
1769501071.5778096,FORWARDED,98556c2c-0676-46b1-8ac6-ddb00bb1e70d,77c5339e-f2d5-4ebc-a923-cf2884eff9cc,c3,c4,1776,?,i2,
1769501071.5854812,SENT,9f3a7fe0-9ff3-47ee-b813-44ecfd1b5b1c,793d5c7b-066d-463b-9a1a-b47efadc9059,c2,DROP,1012,?,i3,
1769501071.585533,FORWARDED,9f3a7fe0-9ff3-47ee-b813-44ecfd1b5b1c,793d5c7b-066d-463b-9a1a-b47efadc9059,c2,DROP,1012,?,i3,
1769501071.7181447,RECEIVED,4dfa8119-9614-4a55-b6c5-bebdb147aa34,87b9bfcf-10d5-4951-801c-5acd74d08c74,c1,DROP,1443,p1,?,
1769501071.742511,RECEIVED,6cff4388-1cbe-4e00-a146-6f149676b876,49cb1762-fcae-47a2-a846-b3e10ca864a3,c2,DROP,1448,p2,?,
1769501071.7580938,RECEIVED,1d5c9a12-dfe1-4127-9b19-6ae05e84e33f,8cf336d2-242d-4d40-a6e2-8247e08daf66,c4,DROP,1440,p1,?,
1769501071.7749157,RECEIVED,85cbbfdc-44de-4379-913c-5be9f103b4ca,f1f149cc-f41d-4fef-9a79-5f58189d7f91,c1,DROP,1444,p1,?,
1769501071.791516,SENT,6cff4388-1cbe-4e00-a146-6f149676b876,49cb1762-fcae-47a2-a846-b3e10ca864a3,c2,DROP,1013,?,i5,
1769501071.7915578,FORWARDED,6cff4388-1cbe-4e00-a146-6f149676b876,49cb1762-fcae-47a2-a846-b3e10ca864a3,c2,DROP,1013,?,i5,
1769501071.866937,SENT,85cbbfdc-44de-4379-913c-5be9f103b4ca,f1f149cc-f41d-4fef-9a79-5f58189d7f91,c1,DROP,1011,?,i4,
1769501071.8669772,FORWARDED,85cbbfdc-44de-4379-913c-5be9f103b4ca,f1f149cc-f41d-4fef-9a79-5f58189d7f91,c1,DROP,1011,?,i4,
1769501071.9143343,SENT,1d5c9a12-dfe1-4127-9b19-6ae05e84e33f,8cf336d2-242d-4d40-a6e2-8247e08daf66,c4,DROP,1007,?,i2,
1769501071.9143765,FORWARDED,1d5c9a12-dfe1-4127-9b19-6ae05e84e33f,8cf336d2-242d-4d40-a6e2-8247e08daf66,c4,DROP,1007,?,i2,
1769501071.9699433,RECEIVED,0d60ef8d-f801-4b52-80b9-aab0918054d2,1ab957d4-0d27-417f-8867-9328408cd871,c5,DROP,1447,p2,?,
1769501072.089889,RECEIVED,4f555fcf-4895-4f21-b9ce-b6c748a2b18e,a63d7710-1db9-42a1-a7af-2461731473ab,c2,DROP,441,x5,?,
1769501072.1172137,SENT,0d60ef8d-f801-4b52-80b9-aab0918054d2,1ab957d4-0d27-417f-8867-9328408cd871,c5,DROP,1012,?,i8,
1769501072.1172543,FORWARDED,0d60ef8d-f801-4b52-80b9-aab0918054d2,1ab957d4-0d27-417f-8867-9328408cd871,c5,DROP,1012,?,i8,
1769501072.2535512,RECEIVED,260a33cb-60db-4cf3-8e7c-fc2874f363a2,175d2fc1-3035-40b8-8846-6c36b58f4293,c3,DROP,1444,p3,?,
1769501072.3837025,SENT,260a33cb-60db-4cf3-8e7c-fc2874f363a2,175d2fc1-3035-40b8-8846-6c36b58f4293,c3,DROP,1010,?,i9,
1769501072.383743,FORWARDED,260a33cb-60db-4cf3-8e7c-fc2874f363a2,175d2fc1-3035-40b8-8846-6c36b58f4293,c3,DROP,1010,?,i9,
1769501072.4153874,RECEIVED,041cf707-75fb-4bcf-b7f1-4062fedce8c1,3b2dbeb1-b287-455d-be49-62bf3828d21c,c2,None,2219,p2,?,
1769501072.4880104,RECEIVED,cb377f9e-9a7c-4750-822f-1d4cf4f2d46a,a5553d7d-9be8-4502-804d-f0bb0bae863d,c1,DROP,1443,p1,?,
1769501072.5652115,SENT,041cf707-75fb-4bcf-b7f1-4062fedce8c1,3b2dbeb1-b287-455d-be49-62bf3828d21c,c2,None,1591,?,i6,
1769501072.5652559,FORWARDED,041cf707-75fb-4bcf-b7f1-4062fedce8c1,3b2dbeb1-b287-455d-be49-62bf3828d21c,c2,None,1591,?,i6,
1769501072.6246903,SENT,cb377f9e-9a7c-4750-822f-1d4cf4f2d46a,a5553d7d-9be8-4502-804d-f0bb0bae863d,c1,DROP,1010,?,i10,
1769501072.624731,FORWARDED,cb377f9e-9a7c-4750-822f-1d4cf4f2d46a,a5553d7d-9be8-4502-804d-f0bb0bae863d,c1,DROP,1010,?,i10,
1769501072.626384,SENT,bbb9f210-313a-4b84-ba8a-dddb8853043e,65c8fd68-beac-46ce-83c3-b40ab734f7da,c5,c2,1771,?,i5,
1769501072.6264231,FORWARDED,bbb9f210-313a-4b84-ba8a-dddb8853043e,65c8fd68-beac-46ce-83c3-b40ab734f7da,c5,c2,1771,?,i5,
1769501072.7981315,RECEIVED,3d3b0db5-53a5-4d7a-8c55-4539579d3af1,918102ee-6ae2-405e-9ebe-f10e71120d49,c3,DROP,1440,p3,?,
1769501073.1094553,RECEIVED,efa18e0e-b909-4a0e-811a-81909d0e029a,09520c57-2b6b-4b0b-bfea-e4e42e9d1ac4,c1,DROP,1456,p1,?,
1769501073.1357145,SENT,3d3b0db5-53a5-4d7a-8c55-4539579d3af1,918102ee-6ae2-405e-9ebe-f10e71120d49,c3,DROP,1008,?,i10,
1769501073.1357565,FORWARDED,3d3b0db5-53a5-4d7a-8c55-4539579d3af1,918102ee-6ae2-405e-9ebe-f10e71120d49,c3,DROP,1008,?,i10,
1769501073.2439597,RECEIVED,aba3e444-833f-4d38-bf2e-380098ab2d22,6e575933-d12f-4660-adb0-89065e4259b9,c4,DROP,1440,p1,?,
1769501073.4262326,SENT,4dfa8119-9614-4a55-b6c5-bebdb147aa34,87b9bfcf-10d5-4951-801c-5acd74d08c74,c1,DROP,1011,?,i1,
1769501073.4262757,FORWARDED,4dfa8119-9614-4a55-b6c5-bebdb147aa34,87b9bfcf-10d5-4951-801c-5acd74d08c74,c1,DROP,1011,?,i1,
1769501073.440174,SENT,aba3e444-833f-4d38-bf2e-380098ab2d22,6e575933-d12f-4660-adb0-89065e4259b9,c4,DROP,1008,?,i7,
1769501073.4402297,FORWARDED,aba3e444-833f-4d38-bf2e-380098ab2d22,6e575933-d12f-4660-adb0-89065e4259b9,c4,DROP,1008,?,i7,
1769501073.4734397,SENT,efa18e0e-b909-4a0e-811a-81909d0e029a,09520c57-2b6b-4b0b-bfea-e4e42e9d1ac4,c1,DROP,1020,?,i11,
1769501073.4736407,FORWARDED,efa18e0e-b909-4a0e-811a-81909d0e029a,09520c57-2b6b-4b0b-bfea-e4e42e9d1ac4,c1,DROP,1020,?,i11,
1769501073.6381745,RECEIVED,6dc9dd84-9786-4c14-9d4e-d031aef4ae3b,b3af21a2-dce3-4098-a078-c2fec4f89382,c1,DROP,1440,p1,?,
1769501073.7084804,RECEIVED,51b9f04b-5646-415e-a810-bafacff34f79,70d13ca0-1bd6-420c-85a2-03d4a941e15f,c2,DROP,442,x9,?,
1769501073.760431,RECEIVED,bedd515c-6c5c-4e03-854d-9ad7d8d6dedf,908b853f-9e17-4261-a93d-e75a9ace58f4,c2,None,2236,p2,?,
1769501073.7700613,RECEIVED,30226f0e-6268-4cab-aaa3-0d3fc9c12963,7610d109-38dc-4962-974f-96607caac020,c1,DROP,441,x3,?,
1769501073.9207559,RECEIVED,e4df342b-eb32-43c9-9498-7c305ac038c1,36223080-2ab1-41cf-8823-fadd95e45517,c3,c4,2473,p3,?,
1769501074.0140367,SENT,6dc9dd84-9786-4c14-9d4e-d031aef4ae3b,b3af21a2-dce3-4098-a078-c2fec4f89382,c1,DROP,1007,?,i8,
1769501074.0140896,FORWARDED,6dc9dd84-9786-4c14-9d4e-d031aef4ae3b,b3af21a2-dce3-4098-a078-c2fec4f89382,c1,DROP,1007,?,i8,
1769501074.0278149,SENT,e4df342b-eb32-43c9-9498-7c305ac038c1,36223080-2ab1-41cf-8823-fadd95e45517,c3,c4,1781,?,i11,
1769501074.0278537,FORWARDED,e4df342b-eb32-43c9-9498-7c305ac038c1,36223080-2ab1-41cf-8823-fadd95e45517,c3,c4,1781,?,i11,
1769501074.0341969,RECEIVED,6af748b6-f935-43db-9cc9-dab41bf1a2c0,44dd82b9-7f8c-4ac9-aeb2-b9a9e7c81aee,c5,DROP,1432,p2,?,
1769501074.0443,RECEIVED,dc191cdd-40b2-4e59-b81c-91098b5c3317,a4c29970-addc-44b6-b8e2-61cdd917b368,c4,DROP,1444,p1,?,
1769501074.131374,RECEIVED,5e775c55-b387-4a68-b3c6-78fc2336cdcd,210dd012-27d9-4d33-b18f-13ce061249c2,c4,DROP,1451,p1,?,
1769501074.1824877,SENT,bedd515c-6c5c-4e03-854d-9ad7d8d6dedf,908b853f-9e17-4261-a93d-e75a9ace58f4,c2,None,1605,?,i8,
1769501074.182531,FORWARDED,bedd515c-6c5c-4e03-854d-9ad7d8d6dedf,908b853f-9e17-4261-a93d-e75a9ace58f4,c2,None,1605,?,i8,
1769501074.2313232,RECEIVED,b044289c-1cf9-431f-9bf7-04fed4015613,c9de08a4-b510-4e1e-bbe5-df5500eb06e9,c5,DROP,441,x5,?,
1769501074.3181946,RECEIVED,a2b3331a-738c-4d50-a2fd-a3725d659791,9b46822b-3727-4d96-b82b-c37e11808600,c2,DROP,1460,p2,?,
1769501074.3817747,RECEIVED,0222f32c-ab44-4945-9b07-59875dba5dcf,5676a518-e6ba-43cd-a59d-6220a67f9cde,c2,DROP,441,x7,?,
1769501074.4422672,SENT,6af748b6-f935-43db-9cc9-dab41bf1a2c0,44dd82b9-7f8c-4ac9-aeb2-b9a9e7c81aee,c5,DROP,1000,?,i5,
1769501074.4423037,FORWARDED,6af748b6-f935-43db-9cc9-dab41bf1a2c0,44dd82b9-7f8c-4ac9-aeb2-b9a9e7c81aee,c5,DROP,1000,?,i5,
1769501074.4740129,SENT,dc191cdd-40b2-4e59-b81c-91098b5c3317,a4c29970-addc-44b6-b8e2-61cdd917b368,c4,DROP,1011,?,i5,
1769501074.4740663,FORWARDED,dc191cdd-40b2-4e59-b81c-91098b5c3317,a4c29970-addc-44b6-b8e2-61cdd917b368,c4,DROP,1011,?,i5,
1769501074.6298397,RECEIVED,b74071ff-6aaa-4085-b104-532ddcf83d13,e6f91cda-0891-4257-8e95-6ed602cf712f,c2,None,2223,p2,?,
1769501074.7574522,SENT,5e775c55-b387-4a68-b3c6-78fc2336cdcd,210dd012-27d9-4d33-b18f-13ce061249c2,c4,DROP,1015,?,i8,
1769501074.757492,FORWARDED,5e775c55-b387-4a68-b3c6-78fc2336cdcd,210dd012-27d9-4d33-b18f-13ce061249c2,c4,DROP,1015,?,i8,
1769501074.8098648,RECEIVED,533c224d-a745-4a45-a63a-943d19e8b24c,e80aad6f-8aca-4cce-82d1-331dd8f2f3ab,c1,c5,2452,p1,?,
1769501074.8979864,RECEIVED,95375e23-08e9-4cb1-bec3-a7ef8d67822f,0fe2b402-a693-4c08-8740-c702d71d3103,c1,DROP,1444,p1,?,
1769501074.971008,SENT,533c224d-a745-4a45-a63a-943d19e8b24c,e80aad6f-8aca-4cce-82d1-331dd8f2f3ab,c1,c5,1767,?,i1,
1769501074.971655,FORWARDED,533c224d-a745-4a45-a63a-943d19e8b24c,e80aad6f-8aca-4cce-82d1-331dd8f2f3ab,c1,c5,1767,?,i1,
1769501075.0141406,SENT,a2b3331a-738c-4d50-a2fd-a3725d659791,9b46822b-3727-4d96-b82b-c37e11808600,c2,DROP,1021,?,i10,
1769501075.0141835,FORWARDED,a2b3331a-738c-4d50-a2fd-a3725d659791,9b46822b-3727-4d96-b82b-c37e11808600,c2,DROP,1021,?,i10,
1769501075.0478814,SENT,95375e23-08e9-4cb1-bec3-a7ef8d67822f,0fe2b402-a693-4c08-8740-c702d71d3103,c1,DROP,1009,?,i7,
1769501075.0479293,FORWARDED,95375e23-08e9-4cb1-bec3-a7ef8d67822f,0fe2b402-a693-4c08-8740-c702d71d3103,c1,DROP,1009,?,i7,
1769501075.1255414,RECEIVED,6fdf7621-0ee8-467c-9dcd-7a55e81c9f4e,97d2004b-0d42-42f2-b1fb-325583d8936f,c4,DROP,1438,p1,?,
1769501075.1695275,RECEIVED,516af3fb-4af7-4a6e-8989-bd75e3de213d,7ad0f13e-328d-4d68-a7c5-31bde6585d4c,c3,c4,2448,p3,?,
1769501075.2381253,RECEIVED,db3577d3-c078-42a4-9128-abb4ba95d2f2,0c9471f2-a45e-451f-b6eb-7552a1b76eee,c1,DROP,1452,p1,?,
1769501075.2406437,RECEIVED,6ad43bbc-56b6-4d17-93bc-ce6f723d2197,020d94e6-3142-421d-a90d-d951eb570e55,c4,DROP,1443,p1,?,
1769501075.3695939,SENT,516af3fb-4af7-4a6e-8989-bd75e3de213d,7ad0f13e-328d-4d68-a7c5-31bde6585d4c,c3,c4,1764,?,i4,
1769501075.369638,FORWARDED,516af3fb-4af7-4a6e-8989-bd75e3de213d,7ad0f13e-328d-4d68-a7c5-31bde6585d4c,c3,c4,1764,?,i4,
1769501075.3821907,SENT,b74071ff-6aaa-4085-b104-532ddcf83d13,e6f91cda-0891-4257-8e95-6ed602cf712f,c2,None,1594,?,i6,
1769501075.3822339,FORWARDED,b74071ff-6aaa-4085-b104-532ddcf83d13,e6f91cda-0891-4257-8e95-6ed602cf712f,c2,None,1594,?,i6,
1769501075.3872433,RECEIVED,31be0590-ff7b-49d9-8187-17941e037bcb,eac61312-de5e-4a6f-809a-c59bfe518205,c2,c1,2447,p2,?,
1769501075.4752717,SENT,6ad43bbc-56b6-4d17-93bc-ce6f723d2197,020d94e6-3142-421d-a90d-d951eb570e55,c4,DROP,1009,?,i2,
1769501075.4753103,FORWARDED,6ad43bbc-56b6-4d17-93bc-ce6f723d2197,020d94e6-3142-421d-a90d-d951eb570e55,c4,DROP,1009,?,i2,
1769501075.51908,SENT,db3577d3-c078-42a4-9128-abb4ba95d2f2,0c9471f2-a45e-451f-b6eb-7552a1b76eee,c1,DROP,1015,?,i5,
1769501075.519122,FORWARDED,db3577d3-c078-42a4-9128-abb4ba95d2f2,0c9471f2-a45e-451f-b6eb-7552a1b76eee,c1,DROP,1015,?,i5,
1769501075.8473663,RECEIVED,7ba3daf6-50b6-42e9-9748-05b291d46a3a,7328eed4-d04f-413c-b08f-a77baf5e7169,c5,DROP,1439,p2,?,
1769501076.0553105,SENT,7ba3daf6-50b6-42e9-9748-05b291d46a3a,7328eed4-d04f-413c-b08f-a77baf5e7169,c5,DROP,1008,?,i4,
1769501076.0553496,FORWARDED,7ba3daf6-50b6-42e9-9748-05b291d46a3a,7328eed4-d04f-413c-b08f-a77baf5e7169,c5,DROP,1008,?,i4,
1769501076.2736304,SENT,31be0590-ff7b-49d9-8187-17941e037bcb,eac61312-de5e-4a6f-809a-c59bfe518205,c2,c1,1764,?,i6,
1769501076.273673,FORWARDED,31be0590-ff7b-49d9-8187-17941e037bcb,eac61312-de5e-4a6f-809a-c59bfe518205,c2,c1,1764,?,i6,
1769501076.3852415,SENT,6fdf7621-0ee8-467c-9dcd-7a55e81c9f4e,97d2004b-0d42-42f2-b1fb-325583d8936f,c4,DROP,1007,?,i7,
1769501076.3852825,FORWARDED,6fdf7621-0ee8-467c-9dcd-7a55e81c9f4e,97d2004b-0d42-42f2-b1fb-325583d8936f,c4,DROP,1007,?,i7,
1769501076.3910859,RECEIVED,8b1c6e99-0c77-450d-b3d4-1004fff6d61c,bc36de67-578c-4a13-bd68-3d9ed7c0b966,c2,c1,2463,p2,?,
1769501076.610235,RECEIVED,2c72ea9c-f68c-4a66-b354-d52f7b0d02c1,ce8ee030-2a5d-494e-b518-7cc50aa59a73,c3,DROP,1452,p3,?,
1769501076.7491775,SENT,2c72ea9c-f68c-4a66-b354-d52f7b0d02c1,ce8ee030-2a5d-494e-b518-7cc50aa59a73,c3,DROP,1015,?,i4,
1769501076.749221,FORWARDED,2c72ea9c-f68c-4a66-b354-d52f7b0d02c1,ce8ee030-2a5d-494e-b518-7cc50aa59a73,c3,DROP,1015,?,i4,
1769501076.903587,RECEIVED,df0e87c2-bdf6-410e-8f86-d008bd4271d4,8957ff82-2c16-4e73-82ae-ddb55d38c5fe,c2,DROP,441,x8,?,
1769501077.0603006,RECEIVED,9faaca22-64f0-4220-abbf-1511e07f8ad4,c6561bc8-5231-45e4-b258-bc08a265de09,c2,DROP,442,x4,?,
1769501077.1868331,RECEIVED,d4aafbc8-35a4-4bd5-8e19-92d0f385d163,8768522b-3b61-43b8-b86e-5f71db7da6c0,c5,DROP,441,x7,?,
1769501077.2201002,SENT,8b1c6e99-0c77-450d-b3d4-1004fff6d61c,bc36de67-578c-4a13-bd68-3d9ed7c0b966,c2,c1,1776,?,i4,
1769501077.2201428,FORWARDED,8b1c6e99-0c77-450d-b3d4-1004fff6d61c,bc36de67-578c-4a13-bd68-3d9ed7c0b966,c2,c1,1776,?,i4,
1769501077.3309762,RECEIVED,256b7ec6-68ff-487e-9896-759b194525d3,9dda37a3-6da6-4548-98ad-4c5d67e73fb5,c5,DROP,1451,p2,?,
1769501077.3679698,RECEIVED,9152996c-19f7-47a6-aeb7-203cf7cff7ae,d16080e0-1a2f-490e-b184-032232b76fe3,c4,DROP,441,x8,?,
1769501077.4648848,SENT,256b7ec6-68ff-487e-9896-759b194525d3,9dda37a3-6da6-4548-98ad-4c5d67e73fb5,c5,DROP,1017,?,i8,
1769501077.464927,FORWARDED,256b7ec6-68ff-487e-9896-759b194525d3,9dda37a3-6da6-4548-98ad-4c5d67e73fb5,c5,DROP,1017,?,i8,
1769501077.535551,RECEIVED,a76c8f8e-a8a6-4360-b31b-a2e117a26897,7bd9d657-cf9f-41d6-b856-08f07b6bc2ef,c3,DROP,441,x3,?,
1769501077.685317,RECEIVED,f0279eef-4295-4281-aac0-dd06086b8425,9ffa191b-556f-4794-bd45-b25f62244bec,c5,DROP,1447,p2,?,
1769501077.7655933,RECEIVED,b8af4674-a109-4312-bccb-39ef40edfc0c,08adbfda-61e7-409d-937e-113052795502,c1,DROP,441,x2,?,
1769501077.9211922,RECEIVED,67dcf946-b23b-4c9d-865e-1119d6d713d3,0cf686f2-e7e4-42a6-8b2f-ff5350319b55,c4,DROP,1461,p1,?,
1769501077.9254084,RECEIVED,555a9927-4c50-445c-a008-db883276d6f8,6eccebfa-71b0-4af8-a6e4-7737ae8dd554,c4,c3,2455,p1,?,
1769501077.9686027,RECEIVED,366843d4-b3fa-4da0-8302-26757d0357aa,006041b9-a655-4342-b546-19a2f2394113,c5,None,2224,p2,?,
1769501078.010927,RECEIVED,5298ce89-6f28-4c22-8ea4-7d60313967e2,82856787-a565-4598-b9e4-2596cde47145,c3,None,2236,p3,?,
1769501078.0946383,SENT,67dcf946-b23b-4c9d-865e-1119d6d713d3,0cf686f2-e7e4-42a6-8b2f-ff5350319b55,c4,DROP,1021,?,i11,
1769501078.0946808,FORWARDED,67dcf946-b23b-4c9d-865e-1119d6d713d3,0cf686f2-e7e4-42a6-8b2f-ff5350319b55,c4,DROP,1021,?,i11,
1769501078.2233531,SENT,f0279eef-4295-4281-aac0-dd06086b8425,9ffa191b-556f-4794-bd45-b25f62244bec,c5,DROP,1012,?,i5,
1769501078.2234516,FORWARDED,f0279eef-4295-4281-aac0-dd06086b8425,9ffa191b-556f-4794-bd45-b25f62244bec,c5,DROP,1012,?,i5,
1769501078.5891442,RECEIVED,c49db885-f1e3-4694-9a7f-e9a1337f2c31,82d466fe-f7a4-432c-ba57-8b4d35cf43f3,c4,DROP,1453,p1,?,
1769501078.5942845,RECEIVED,149fe040-ae9c-4352-89d6-5359441e42e4,166b8825-eb40-4868-874b-7ce146a95e06,c5,DROP,1448,p2,?,
1769501078.5967631,RECEIVED,3a009f01-26c3-42cc-a312-e55f022e881b,1883dcef-7aab-4685-aa9e-385dd41f22df,c3,DROP,1454,p3,?,
1769501078.614748,SENT,3a009f01-26c3-42cc-a312-e55f022e881b,1883dcef-7aab-4685-aa9e-385dd41f22df,c3,DROP,1015,?,i12,
1769501078.6147885,FORWARDED,3a009f01-26c3-42cc-a312-e55f022e881b,1883dcef-7aab-4685-aa9e-385dd41f22df,c3,DROP,1015,?,i12,
1769501078.6571832,SENT,366843d4-b3fa-4da0-8302-26757d0357aa,006041b9-a655-4342-b546-19a2f2394113,c5,None,1595,?,i10,
1769501078.6572285,FORWARDED,366843d4-b3fa-4da0-8302-26757d0357aa,006041b9-a655-4342-b546-19a2f2394113,c5,None,1595,?,i10,
1769501078.684492,SENT,149fe040-ae9c-4352-89d6-5359441e42e4,166b8825-eb40-4868-874b-7ce146a95e06,c5,DROP,1012,?,i3,
1769501078.6845348,FORWARDED,149fe040-ae9c-4352-89d6-5359441e42e4,166b8825-eb40-4868-874b-7ce146a95e06,c5,DROP,1012,?,i3,
1769501078.787125,RECEIVED,bebfce3f-ca35-421c-b78d-6bf368ce12e8,6fd41185-02a0-482b-9deb-021a2948fb85,c4,None,2244,p1,?,
1769501078.7989073,SENT,c49db885-f1e3-4694-9a7f-e9a1337f2c31,82d466fe-f7a4-432c-ba57-8b4d35cf43f3,c4,DROP,1017,?,i10,
1769501078.798949,FORWARDED,c49db885-f1e3-4694-9a7f-e9a1337f2c31,82d466fe-f7a4-432c-ba57-8b4d35cf43f3,c4,DROP,1017,?,i10,
1769501078.8150609,SENT,5298ce89-6f28-4c22-8ea4-7d60313967e2,82856787-a565-4598-b9e4-2596cde47145,c3,None,1604,?,i10,
1769501078.8151436,FORWARDED,5298ce89-6f28-4c22-8ea4-7d60313967e2,82856787-a565-4598-b9e4-2596cde47145,c3,None,1604,?,i10,
1769501078.941891,RECEIVED,a877c7a7-556e-4420-9a4e-218c5ce5a52c,38b012f7-8e57-4d95-9434-718527da65e6,c1,DROP,1451,p1,?,
1769501078.9718614,SENT,555a9927-4c50-445c-a008-db883276d6f8,6eccebfa-71b0-4af8-a6e4-7737ae8dd554,c4,c3,1770,?,i5,
1769501078.9719007,FORWARDED,555a9927-4c50-445c-a008-db883276d6f8,6eccebfa-71b0-4af8-a6e4-7737ae8dd554,c4,c3,1770,?,i5,
1769501079.023089,SENT,bebfce3f-ca35-421c-b78d-6bf368ce12e8,6fd41185-02a0-482b-9deb-021a2948fb85,c4,None,1611,?,i4,
1769501079.0231318,FORWARDED,bebfce3f-ca35-421c-b78d-6bf368ce12e8,6fd41185-02a0-482b-9deb-021a2948fb85,c4,None,1611,?,i4,
1769501079.1103823,RECEIVED,3219e566-fe92-4230-b8c3-13b6b474e102,93c91ac5-04a9-44ee-a9c2-ccf6e3d812a9,c1,DROP,1444,p1,?,
1769501079.2007492,SENT,3219e566-fe92-4230-b8c3-13b6b474e102,93c91ac5-04a9-44ee-a9c2-ccf6e3d812a9,c1,DROP,1011,?,i1,
1769501079.2007933,FORWARDED,3219e566-fe92-4230-b8c3-13b6b474e102,93c91ac5-04a9-44ee-a9c2-ccf6e3d812a9,c1,DROP,1011,?,i1,
1769501079.2703738,RECEIVED,f2725dc2-a690-41a0-b532-61c6d3cefc58,d5a0796e-6e5e-43ab-831d-ebf1a0055eb8,c2,DROP,1451,p2,?,
1769501079.3308997,RECEIVED,a0420eba-77ca-47fd-ba12-ee4af6949a1a,814adb6b-c589-4f5c-8831-9cdf6d17d7d8,c1,c5,2471,p1,?,
1769501079.5115292,SENT,a877c7a7-556e-4420-9a4e-218c5ce5a52c,38b012f7-8e57-4d95-9434-718527da65e6,c1,DROP,1016,?,i11,
1769501079.5115693,FORWARDED,a877c7a7-556e-4420-9a4e-218c5ce5a52c,38b012f7-8e57-4d95-9434-718527da65e6,c1,DROP,1016,?,i11,
1769501079.5985343,RECEIVED,3cca4770-cd89-47aa-8764-e4db2d9fc10b,7471ec5d-75b2-44ca-ae13-d546ea1e0fc8,c3,c4,2463,p3,?,
1769501079.7322206,RECEIVED,c11aca32-b382-4efd-bfe6-68cfbbe005e8,a0550d0f-2dce-4696-99ea-5478fd01c2fc,c2,DROP,1444,p2,?,
1769501079.8380232,SENT,a0420eba-77ca-47fd-ba12-ee4af6949a1a,814adb6b-c589-4f5c-8831-9cdf6d17d7d8,c1,c5,1780,?,i10,
1769501079.8380792,FORWARDED,a0420eba-77ca-47fd-ba12-ee4af6949a1a,814adb6b-c589-4f5c-8831-9cdf6d17d7d8,c1,c5,1780,?,i10,
1769501079.8502102,SENT,f2725dc2-a690-41a0-b532-61c6d3cefc58,d5a0796e-6e5e-43ab-831d-ebf1a0055eb8,c2,DROP,1017,?,i5,
1769501079.8502529,FORWARDED,f2725dc2-a690-41a0-b532-61c6d3cefc58,d5a0796e-6e5e-43ab-831d-ebf1a0055eb8,c2,DROP,1017,?,i5,
1769501080.0930207,RECEIVED,c36958aa-2cd3-4412-a94a-b0f1ba885df4,ed6a70d2-baec-4b82-8bcf-a1276f4d1eda,c3,None,2224,p3,?,
1769501080.099331,SENT,c11aca32-b382-4efd-bfe6-68cfbbe005e8,a0550d0f-2dce-4696-99ea-5478fd01c2fc,c2,DROP,1011,?,i2,
1769501080.0993726,FORWARDED,c11aca32-b382-4efd-bfe6-68cfbbe005e8,a0550d0f-2dce-4696-99ea-5478fd01c2fc,c2,DROP,1011,?,i2,
1769501080.16224,SENT,c36958aa-2cd3-4412-a94a-b0f1ba885df4,ed6a70d2-baec-4b82-8bcf-a1276f4d1eda,c3,None,1596,?,i8,
1769501080.1622818,FORWARDED,c36958aa-2cd3-4412-a94a-b0f1ba885df4,ed6a70d2-baec-4b82-8bcf-a1276f4d1eda,c3,None,1596,?,i8,
1769501080.4717028,RECEIVED,f9c79b59-2786-4572-b31a-dfe7aea102d8,533d99e1-8383-4121-b859-a014aac41088,c1,DROP,1452,p1,?,
1769501080.5678055,SENT,f9c79b59-2786-4572-b31a-dfe7aea102d8,533d99e1-8383-4121-b859-a014aac41088,c1,DROP,1017,?,i3,
1769501080.5678484,FORWARDED,f9c79b59-2786-4572-b31a-dfe7aea102d8,533d99e1-8383-4121-b859-a014aac41088,c1,DROP,1017,?,i3,
1769501080.7443016,SENT,3cca4770-cd89-47aa-8764-e4db2d9fc10b,7471ec5d-75b2-44ca-ae13-d546ea1e0fc8,c3,c4,1776,?,i1,
1769501080.7443373,FORWARDED,3cca4770-cd89-47aa-8764-e4db2d9fc10b,7471ec5d-75b2-44ca-ae13-d546ea1e0fc8,c3,c4,1776,?,i1,
1769501080.7753637,RECEIVED,1202d27d-b0a9-4997-aaaa-10484db1abb2,cb3d6534-f9a2-4c82-9959-9d9ce6a8dd4d,c3,DROP,1447,p3,?,
1769501080.947107,RECEIVED,962656f2-62e0-4489-a12d-b12aeb821079,c52b4b50-f55b-4b73-a840-bcbabad13c8c,c2,c1,2463,p2,?,
1769501081.177725,RECEIVED,f4b19a73-c770-4ce2-ae55-96d0e559053f,870613fb-a724-4f18-b5e8-e606b59473c7,c1,DROP,1447,p1,?,
1769501081.2036269,RECEIVED,5eed058c-2281-4b87-8d52-08336d06de88,ec070f2f-225e-4981-8b61-7ec347576187,c3,DROP,441,x9,?,
1769501081.2099915,RECEIVED,180d9f3f-0cf8-415c-943b-83dbdcd239ad,19936f6c-11d7-4d85-a2a3-593fb7e107a6,c3,DROP,1460,p3,?,
1769501081.3206055,SENT,f4b19a73-c770-4ce2-ae55-96d0e559053f,870613fb-a724-4f18-b5e8-e606b59473c7,c1,DROP,1012,?,i8,
1769501081.3206441,FORWARDED,f4b19a73-c770-4ce2-ae55-96d0e559053f,870613fb-a724-4f18-b5e8-e606b59473c7,c1,DROP,1012,?,i8,
1769501081.4554238,SENT,1202d27d-b0a9-4997-aaaa-10484db1abb2,cb3d6534-f9a2-4c82-9959-9d9ce6a8dd4d,c3,DROP,1012,?,i7,
1769501081.4554672,FORWARDED,1202d27d-b0a9-4997-aaaa-10484db1abb2,cb3d6534-f9a2-4c82-9959-9d9ce6a8dd4d,c3,DROP,1012,?,i7,
1769501081.5085337,RECEIVED,c74dfcbf-c1a3-4002-b580-d33aeb91ef11,9a6e9815-66b7-4c78-b86e-0f60abf208af,c5,DROP,1434,p2,?,
1769501081.8126152,RECEIVED,77ff1240-3182-46a8-ada9-873a6f12fd76,79c41933-0284-45ba-9119-cc58675e4013,c2,DROP,1440,p2,?,
1769501081.840138,SENT,962656f2-62e0-4489-a12d-b12aeb821079,c52b4b50-f55b-4b73-a840-bcbabad13c8c,c2,c1,1776,?,i2,
1769501081.8401847,FORWARDED,962656f2-62e0-4489-a12d-b12aeb821079,c52b4b50-f55b-4b73-a840-bcbabad13c8c,c2,c1,1776,?,i2,
1769501082.0241218,SENT,180d9f3f-0cf8-415c-943b-83dbdcd239ad,19936f6c-11d7-4d85-a2a3-593fb7e107a6,c3,DROP,1021,?,i11,
1769501082.024165,FORWARDED,180d9f3f-0cf8-415c-943b-83dbdcd239ad,19936f6c-11d7-4d85-a2a3-593fb7e107a6,c3,DROP,1021,?,i11,
1769501082.1293716,RECEIVED,d606f5b8-b03c-4808-8163-6f77bf7f8484,333710dd-bca2-4b06-a9d8-0b3330b10212,c4,DROP,1443,p1,?,
1769501082.2670045,SENT,c74dfcbf-c1a3-4002-b580-d33aeb91ef11,9a6e9815-66b7-4c78-b86e-0f60abf208af,c5,DROP,1003,?,i9,
1769501082.267039,FORWARDED,c74dfcbf-c1a3-4002-b580-d33aeb91ef11,9a6e9815-66b7-4c78-b86e-0f60abf208af,c5,DROP,1003,?,i9,
1769501082.4758213,RECEIVED,1f1a716d-7370-402a-b9dd-ece3da279a58,54600b21-15bd-435d-8547-df0c959103d6,c2,DROP,1452,p2,?,
1769501082.6013536,RECEIVED,2abe0615-3688-492a-99db-54a655d0d1b8,8d58e073-4392-4eea-a8af-8f2da9fb9183,c1,c5,2470,p1,?,
1769501082.6073065,RECEIVED,a5f024a1-d5ea-4b50-b914-bbd6bd4807e4,b1f14298-8c0e-410b-a59c-4392074dfb92,c5,c2,2461,p2,?,
1769501082.6334355,RECEIVED,50071e71-c447-4e48-987d-a8068f3fc0f1,b0bb16cf-ae30-43d2-ad4a-106cd125a3d6,c4,c3,2448,p1,?,
1769501082.6727235,SENT,a5f024a1-d5ea-4b50-b914-bbd6bd4807e4,b1f14298-8c0e-410b-a59c-4392074dfb92,c5,c2,1771,?,i6,
1769501082.6727653,FORWARDED,a5f024a1-d5ea-4b50-b914-bbd6bd4807e4,b1f14298-8c0e-410b-a59c-4392074dfb92,c5,c2,1771,?,i6,
1769501082.727512,SENT,d606f5b8-b03c-4808-8163-6f77bf7f8484,333710dd-bca2-4b06-a9d8-0b3330b10212,c4,DROP,1011,?,i5,
1769501082.727555,FORWARDED,d606f5b8-b03c-4808-8163-6f77bf7f8484,333710dd-bca2-4b06-a9d8-0b3330b10212,c4,DROP,1011,?,i5,
1769501082.7606413,SENT,1f1a716d-7370-402a-b9dd-ece3da279a58,54600b21-15bd-435d-8547-df0c959103d6,c2,DROP,1015,?,i4,
1769501082.760684,FORWARDED,1f1a716d-7370-402a-b9dd-ece3da279a58,54600b21-15bd-435d-8547-df0c959103d6,c2,DROP,1015,?,i4,
1769501082.8456652,RECEIVED,35c24abd-1e94-404a-9b9d-2f752dc20a03,b1b275fb-9d0c-4ddb-8b2a-76642ff26ed1,c5,DROP,1444,p2,?,
1769501082.9577305,RECEIVED,537a1fd5-e8d9-4351-b48f-5a8b6ce539ff,0ff1a3a5-ee2b-4464-9a05-15da5eef607d,c1,DROP,1445,p1,?,
1769501082.9703484,SENT,35c24abd-1e94-404a-9b9d-2f752dc20a03,b1b275fb-9d0c-4ddb-8b2a-76642ff26ed1,c5,DROP,1010,?,i1,
1769501082.9703915,FORWARDED,35c24abd-1e94-404a-9b9d-2f752dc20a03,b1b275fb-9d0c-4ddb-8b2a-76642ff26ed1,c5,DROP,1010,?,i1,
1769501082.9980803,SENT,77ff1240-3182-46a8-ada9-873a6f12fd76,79c41933-0284-45ba-9119-cc58675e4013,c2,DROP,1008,?,i11,
1769501082.9981256,FORWARDED,77ff1240-3182-46a8-ada9-873a6f12fd76,79c41933-0284-45ba-9119-cc58675e4013,c2,DROP,1008,?,i11,
1769501083.042537,SENT,50071e71-c447-4e48-987d-a8068f3fc0f1,b0bb16cf-ae30-43d2-ad4a-106cd125a3d6,c4,c3,1763,?,i3,
1769501083.0425813,FORWARDED,50071e71-c447-4e48-987d-a8068f3fc0f1,b0bb16cf-ae30-43d2-ad4a-106cd125a3d6,c4,c3,1763,?,i3,
1769501083.0570345,SENT,537a1fd5-e8d9-4351-b48f-5a8b6ce539ff,0ff1a3a5-ee2b-4464-9a05-15da5eef607d,c1,DROP,1011,?,i10,
1769501083.057099,FORWARDED,537a1fd5-e8d9-4351-b48f-5a8b6ce539ff,0ff1a3a5-ee2b-4464-9a05-15da5eef607d,c1,DROP,1011,?,i10,
1769501083.1566486,RECEIVED,bab7841d-7b95-4254-890b-7aa86e69f5c1,237102cb-2a81-4fa7-97f3-829b0e7d6afd,c3,c4,2473,p3,?,
1769501083.2211475,RECEIVED,2f3ff525-4312-49f5-bb4b-fbe79fdad866,e8f8061a-2de3-4563-87e2-b2ccca82aecf,c2,DROP,438,x1,?,
1769501083.2750409,SENT,bab7841d-7b95-4254-890b-7aa86e69f5c1,237102cb-2a81-4fa7-97f3-829b0e7d6afd,c3,c4,1780,?,i10,
1769501083.2750943,FORWARDED,bab7841d-7b95-4254-890b-7aa86e69f5c1,237102cb-2a81-4fa7-97f3-829b0e7d6afd,c3,c4,1780,?,i10,
1769501083.4786382,RECEIVED,e1afec4f-b30d-4a96-be14-a01a4a9a9cfd,706108b1-7f09-4ea5-a208-0d224657f645,c2,DROP,441,x11,?,
1769501083.6022038,RECEIVED,e5cc4a48-39be-402f-8f17-d1df71994732,44fbd19c-3b8a-41a4-8386-d961523aa352,c1,DROP,1448,p1,?,
1769501083.8497112,SENT,e5cc4a48-39be-402f-8f17-d1df71994732,44fbd19c-3b8a-41a4-8386-d961523aa352,c1,DROP,1012,?,i9,
1769501083.8497536,FORWARDED,e5cc4a48-39be-402f-8f17-d1df71994732,44fbd19c-3b8a-41a4-8386-d961523aa352,c1,DROP,1012,?,i9,
1769501083.8700368,RECEIVED,e08dd303-1d0a-49dc-9afa-5189f0a06e44,e50bb289-3a0d-4b07-9add-229f8f52f2fe,c1,c5,2478,p1,?,
1769501083.9120038,RECEIVED,5bc2d5ec-90c5-432e-9452-353e6b468532,395f3fc1-6243-4493-aba4-194f19c3ad84,c3,DROP,1460,p3,?,
1769501083.9530878,SENT,e08dd303-1d0a-49dc-9afa-5189f0a06e44,e50bb289-3a0d-4b07-9add-229f8f52f2fe,c1,c5,1783,?,i11,
1769501083.9531326,FORWARDED,e08dd303-1d0a-49dc-9afa-5189f0a06e44,e50bb289-3a0d-4b07-9add-229f8f52f2fe,c1,c5,1783,?,i11,
1769501084.2887573,RECEIVED,038407e5-0593-4ce1-bbe8-849e70c88cae,e2ea1ef4-f601-4bc5-8a40-6b5b98ab9bcf,c4,DROP,1457,p1,?,
1769501084.3310034,RECEIVED,4bbb33ee-b328-4a04-a226-585f1a2ad846,bc6eb439-618b-4ded-a609-dad62a5b7e8f,c4,None,2224,p1,?,
1769501084.4021816,SENT,038407e5-0593-4ce1-bbe8-849e70c88cae,e2ea1ef4-f601-4bc5-8a40-6b5b98ab9bcf,c4,DROP,1020,?,i11,
1769501084.4022245,FORWARDED,038407e5-0593-4ce1-bbe8-849e70c88cae,e2ea1ef4-f601-4bc5-8a40-6b5b98ab9bcf,c4,DROP,1020,?,i11,
1769501084.487436,RECEIVED,dec77384-31d9-48e2-815e-fb45057c9bd3,eb7510ab-afc5-4625-99ce-93fbc7ef2afb,c4,DROP,1451,p1,?,
1769501084.562645,RECEIVED,c9f39075-e2b8-4fbd-be43-eb536258a60a,21c85208-1f62-44f3-9467-8afea9c19cfd,c2,DROP,1444,p2,?,
1769501084.585649,SENT,4bbb33ee-b328-4a04-a226-585f1a2ad846,bc6eb439-618b-4ded-a609-dad62a5b7e8f,c4,None,1595,?,i3,
1769501084.5856855,FORWARDED,4bbb33ee-b328-4a04-a226-585f1a2ad846,bc6eb439-618b-4ded-a609-dad62a5b7e8f,c4,None,1595,?,i3,
1769501084.6536162,RECEIVED,59b6e733-0164-4607-a3ea-fb4f2aeba8af,ac5ce934-39d3-47e9-8a67-43af19f48e04,c5,DROP,1440,p2,?,
1769501084.6985087,SENT,c9f39075-e2b8-4fbd-be43-eb536258a60a,21c85208-1f62-44f3-9467-8afea9c19cfd,c2,DROP,1010,?,i1,
1769501084.6985505,FORWARDED,c9f39075-e2b8-4fbd-be43-eb536258a60a,21c85208-1f62-44f3-9467-8afea9c19cfd,c2,DROP,1010,?,i1,
1769501084.7512217,RECEIVED,df952b03-9de2-4bcc-8116-5512d6d264de,2dfdc345-218c-483a-8b6d-94a6392e4ae3,c4,DROP,1439,p1,?,
1769501084.7774203,SENT,59b6e733-0164-4607-a3ea-fb4f2aeba8af,ac5ce934-39d3-47e9-8a67-43af19f48e04,c5,DROP,1007,?,i9,
1769501084.7774634,FORWARDED,59b6e733-0164-4607-a3ea-fb4f2aeba8af,ac5ce934-39d3-47e9-8a67-43af19f48e04,c5,DROP,1007,?,i9,
1769501084.8484743,SENT,5bc2d5ec-90c5-432e-9452-353e6b468532,395f3fc1-6243-4493-aba4-194f19c3ad84,c3,DROP,1021,?,i10,
1769501084.8485112,FORWARDED,5bc2d5ec-90c5-432e-9452-353e6b468532,395f3fc1-6243-4493-aba4-194f19c3ad84,c3,DROP,1021,?,i10,
1769501084.901344,SENT,dec77384-31d9-48e2-815e-fb45057c9bd3,eb7510ab-afc5-4625-99ce-93fbc7ef2afb,c4,DROP,1015,?,i5,
1769501084.9013853,FORWARDED,dec77384-31d9-48e2-815e-fb45057c9bd3,eb7510ab-afc5-4625-99ce-93fbc7ef2afb,c4,DROP,1015,?,i5,
1769501084.916443,RECEIVED,619239a6-dc6e-4191-9ca8-1be8129115f1,6fe1ae95-0f56-4a67-9bd4-561bd5160776,c4,None,2232,p1,?,
1769501085.072563,SENT,619239a6-dc6e-4191-9ca8-1be8129115f1,6fe1ae95-0f56-4a67-9bd4-561bd5160776,c4,None,1600,?,i7,
1769501085.0726054,FORWARDED,619239a6-dc6e-4191-9ca8-1be8129115f1,6fe1ae95-0f56-4a67-9bd4-561bd5160776,c4,None,1600,?,i7,
1769501085.174484,SENT,2abe0615-3688-492a-99db-54a655d0d1b8,8d58e073-4392-4eea-a8af-8f2da9fb9183,c1,c5,1781,?,i6,
1769501085.174524,FORWARDED,2abe0615-3688-492a-99db-54a655d0d1b8,8d58e073-4392-4eea-a8af-8f2da9fb9183,c1,c5,1781,?,i6,
1769501085.466953,RECEIVED,750aeb3a-f880-480e-80a9-e80cbda59c64,d2254dde-0bb0-4c01-9748-8aebb06a5cc5,c2,DROP,1439,p2,?,
1769501085.477906,RECEIVED,5414f80d-3fca-453f-bf93-347c87bb0925,332b2dc3-179d-4be9-818e-9e38e4af0ca0,c1,c5,2455,p1,?,
1769501085.6864636,SENT,5414f80d-3fca-453f-bf93-347c87bb0925,332b2dc3-179d-4be9-818e-9e38e4af0ca0,c1,c5,1768,?,i8,
1769501085.6865003,FORWARDED,5414f80d-3fca-453f-bf93-347c87bb0925,332b2dc3-179d-4be9-818e-9e38e4af0ca0,c1,c5,1768,?,i8,
1769501085.794468,SENT,df952b03-9de2-4bcc-8116-5512d6d264de,2dfdc345-218c-483a-8b6d-94a6392e4ae3,c4,DROP,1007,?,i11,
1769501085.79451,FORWARDED,df952b03-9de2-4bcc-8116-5512d6d264de,2dfdc345-218c-483a-8b6d-94a6392e4ae3,c4,DROP,1007,?,i11,
1769501085.8942902,RECEIVED,834cd635-65c8-49cd-8969-406139447882,854a18ed-212d-469d-911c-a4ecde6a9c4e,c5,None,2235,p2,?,
1769501085.9402707,RECEIVED,21a1cbce-3f3d-469e-a1aa-227ff3fb25d8,1f98b079-8524-4acd-bc7a-457741203d47,c4,None,2224,p1,?,
1769501085.9439135,RECEIVED,5daa060e-17d9-44ad-9b45-e40acfd54156,2f8366f5-ce93-4cd1-ab3c-65a8d087f2ad,c1,None,2223,p1,?,
1769501085.9863048,RECEIVED,75c0eb84-338c-4fc4-a5eb-fefbc38df60a,ed484b3a-6175-4c89-83a5-a9bd923afec6,c1,DROP,1440,p1,?,
1769501086.0568793,RECEIVED,cf985f61-cd5d-4bab-8b35-ed7e6bf4bee5,1986538e-4a29-4955-92f5-b8353ffdb7f0,c3,DROP,1439,p3,?,
1769501086.2435231,SENT,21a1cbce-3f3d-469e-a1aa-227ff3fb25d8,1f98b079-8524-4acd-bc7a-457741203d47,c4,None,1596,?,i9,
1769501086.243568,FORWARDED,21a1cbce-3f3d-469e-a1aa-227ff3fb25d8,1f98b079-8524-4acd-bc7a-457741203d47,c4,None,1596,?,i9,
1769501086.2848282,RECEIVED,51515924-df50-4c32-b52f-d45f88fd4d0c,6f9bfbee-2010-494d-904f-9c4c1a514b33,c4,DROP,1447,p1,?,
1769501086.3061166,SENT,750aeb3a-f880-480e-80a9-e80cbda59c64,d2254dde-0bb0-4c01-9748-8aebb06a5cc5,c2,DROP,1008,?,i3,
1769501086.3061604,FORWARDED,750aeb3a-f880-480e-80a9-e80cbda59c64,d2254dde-0bb0-4c01-9748-8aebb06a5cc5,c2,DROP,1008,?,i3,
1769501086.397565,RECEIVED,f6f1d18e-8c62-4135-9a3a-342565607c38,1d3a094a-6a81-47dc-b11e-e82d01e04150,c5,c2,2459,p2,?,
1769501086.4423983,RECEIVED,e5e3f795-a221-424e-9258-cbaf7acc11e6,c9ae5ad3-f7bb-4b25-9df7-9fac2d7f926d,c3,DROP,1444,p3,?,
1769501086.4637878,SENT,75c0eb84-338c-4fc4-a5eb-fefbc38df60a,ed484b3a-6175-4c89-83a5-a9bd923afec6,c1,DROP,1006,?,i7,
1769501086.4638398,FORWARDED,75c0eb84-338c-4fc4-a5eb-fefbc38df60a,ed484b3a-6175-4c89-83a5-a9bd923afec6,c1,DROP,1006,?,i7,
1769501086.562704,RECEIVED,f7075310-503f-49d9-931a-65028d3b7fe1,da927a31-3686-4d7e-8d0e-b8dca0908c60,c4,DROP,1440,p1,?,
1769501086.6087945,SENT,5daa060e-17d9-44ad-9b45-e40acfd54156,2f8366f5-ce93-4cd1-ab3c-65a8d087f2ad,c1,None,1596,?,i1,
1769501086.608837,FORWARDED,5daa060e-17d9-44ad-9b45-e40acfd54156,2f8366f5-ce93-4cd1-ab3c-65a8d087f2ad,c1,None,1596,?,i1,
1769501086.7306228,RECEIVED,3dbf4376-7a07-4598-b760-de4381359e33,45d9a939-774a-4fc5-afc1-0327f39a08ce,c5,DROP,1456,p2,?,
1769501086.7462823,RECEIVED,dc7c09a4-8bd6-4334-8d7a-62b4f6e4f0c5,d008ff07-64eb-4ab3-8140-636c0b593824,c3,DROP,1440,p3,?,
1769501086.844346,SENT,dc7c09a4-8bd6-4334-8d7a-62b4f6e4f0c5,d008ff07-64eb-4ab3-8140-636c0b593824,c3,DROP,1007,?,i7,
1769501086.8443878,FORWARDED,dc7c09a4-8bd6-4334-8d7a-62b4f6e4f0c5,d008ff07-64eb-4ab3-8140-636c0b593824,c3,DROP,1007,?,i7,
1769501086.8607898,SENT,f7075310-503f-49d9-931a-65028d3b7fe1,da927a31-3686-4d7e-8d0e-b8dca0908c60,c4,DROP,1007,?,i5,
1769501086.8608332,FORWARDED,f7075310-503f-49d9-931a-65028d3b7fe1,da927a31-3686-4d7e-8d0e-b8dca0908c60,c4,DROP,1007,?,i5,
1769501086.9932177,RECEIVED,7452aa38-623f-47ab-8655-888892a6038f,d2181ef7-b216-4f0d-94af-dd755870c1eb,c5,DROP,446,x2,?,
1769501087.0445962,SENT,cf985f61-cd5d-4bab-8b35-ed7e6bf4bee5,1986538e-4a29-4955-92f5-b8353ffdb7f0,c3,DROP,1008,?,i6,
1769501087.0446396,FORWARDED,cf985f61-cd5d-4bab-8b35-ed7e6bf4bee5,1986538e-4a29-4955-92f5-b8353ffdb7f0,c3,DROP,1008,?,i6,
1769501087.0652885,SENT,51515924-df50-4c32-b52f-d45f88fd4d0c,6f9bfbee-2010-494d-904f-9c4c1a514b33,c4,DROP,1012,?,i6,
1769501087.0653324,FORWARDED,51515924-df50-4c32-b52f-d45f88fd4d0c,6f9bfbee-2010-494d-904f-9c4c1a514b33,c4,DROP,1012,?,i6,
1769501087.1247792,SENT,f6f1d18e-8c62-4135-9a3a-342565607c38,1d3a094a-6a81-47dc-b11e-e82d01e04150,c5,c2,1771,?,i3,
1769501087.1248233,FORWARDED,f6f1d18e-8c62-4135-9a3a-342565607c38,1d3a094a-6a81-47dc-b11e-e82d01e04150,c5,c2,1771,?,i3,
1769501087.1656876,SENT,e5e3f795-a221-424e-9258-cbaf7acc11e6,c9ae5ad3-f7bb-4b25-9df7-9fac2d7f926d,c3,DROP,1009,?,i11,
1769501087.1657243,FORWARDED,e5e3f795-a221-424e-9258-cbaf7acc11e6,c9ae5ad3-f7bb-4b25-9df7-9fac2d7f926d,c3,DROP,1009,?,i11,
1769501087.187851,RECEIVED,5d0bdd48-0363-4943-a514-29ea00498eb8,3a117f1b-9d24-44d2-9c65-2c416c907b70,c3,DROP,1448,p3,?,
1769501087.3074923,SENT,5d0bdd48-0363-4943-a514-29ea00498eb8,3a117f1b-9d24-44d2-9c65-2c416c907b70,c3,DROP,1012,?,i2,
1769501087.307537,FORWARDED,5d0bdd48-0363-4943-a514-29ea00498eb8,3a117f1b-9d24-44d2-9c65-2c416c907b70,c3,DROP,1012,?,i2,
1769501087.3480737,RECEIVED,bb697463-db62-4f4f-ab46-48eb9f412fc8,60651b3b-5cea-4725-a372-2bc85249885f,c5,DROP,441,x2,?,
1769501087.387876,RECEIVED,db9ffd9f-05c0-4e21-ac35-2b48142f6c45,b7b93af0-cf08-4179-97dd-60dcb47462dc,c4,DROP,1440,p1,?,
1769501087.5024934,SENT,db9ffd9f-05c0-4e21-ac35-2b48142f6c45,b7b93af0-cf08-4179-97dd-60dcb47462dc,c4,DROP,1007,?,i1,
1769501087.5025377,FORWARDED,db9ffd9f-05c0-4e21-ac35-2b48142f6c45,b7b93af0-cf08-4179-97dd-60dcb47462dc,c4,DROP,1007,?,i1,
1769501087.6875036,RECEIVED,1701ee08-b9ac-49c0-a6ab-dcbd5d07bb5e,422ec428-cddd-4f55-a8f0-c116ad82b738,c4,DROP,1445,p1,?,
1769501087.7140224,SENT,1701ee08-b9ac-49c0-a6ab-dcbd5d07bb5e,422ec428-cddd-4f55-a8f0-c116ad82b738,c4,DROP,1011,?,i5,
1769501087.714072,FORWARDED,1701ee08-b9ac-49c0-a6ab-dcbd5d07bb5e,422ec428-cddd-4f55-a8f0-c116ad82b738,c4,DROP,1011,?,i5,
1769501087.8047724,SENT,834cd635-65c8-49cd-8969-406139447882,854a18ed-212d-469d-911c-a4ecde6a9c4e,c5,None,1604,?,i7,
1769501087.8048158,FORWARDED,834cd635-65c8-49cd-8969-406139447882,854a18ed-212d-469d-911c-a4ecde6a9c4e,c5,None,1604,?,i7,
1769501087.8080919,RECEIVED,29c07ad8-4ae5-4398-9e85-7d7e2bbb21b2,854a53f4-1189-4da4-9ab6-d39788852c57,c1,DROP,442,x1,?,
1769501087.832694,RECEIVED,0e651792-70b0-4287-a300-d27a093ef734,46a6f9d5-e575-4dfd-b6f0-6c10e6d6136b,c1,None,2226,p1,?,
1769501087.9077404,SENT,0e651792-70b0-4287-a300-d27a093ef734,46a6f9d5-e575-4dfd-b6f0-6c10e6d6136b,c1,None,1595,?,i10,
1769501087.9077833,FORWARDED,0e651792-70b0-4287-a300-d27a093ef734,46a6f9d5-e575-4dfd-b6f0-6c10e6d6136b,c1,None,1595,?,i10,
1769501088.1401634,RECEIVED,b0c6b354-a007-4405-9bb5-b2701642752b,ddae0d9b-4ba6-4afb-8aa6-abc3fc49bf46,c2,DROP,1444,p2,?,
1769501088.4499404,SENT,b0c6b354-a007-4405-9bb5-b2701642752b,ddae0d9b-4ba6-4afb-8aa6-abc3fc49bf46,c2,DROP,1009,?,i2,
1769501088.4499836,FORWARDED,b0c6b354-a007-4405-9bb5-b2701642752b,ddae0d9b-4ba6-4afb-8aa6-abc3fc49bf46,c2,DROP,1009,?,i2,
1769501088.4756029,RECEIVED,99468fac-6b98-4292-a792-2a9886846ae7,dc23e716-2c45-415a-9a91-d858e7773bc1,c2,DROP,1449,p2,?,
1769501088.5356562,RECEIVED,9ecc0b9c-12a5-4b3d-9709-2e8b17547f01,0b1d89b3-ae8e-4731-a40c-01cfb96e46ef,c3,DROP,1452,p3,?,
1769501088.593612,RECEIVED,7119fcad-62c9-441b-a24c-163e4e13d2f8,a6fed996-2d63-4b6e-b3bb-460cc0b95bf0,c2,DROP,1443,p2,?,
1769501088.6422305,SENT,3dbf4376-7a07-4598-b760-de4381359e33,45d9a939-774a-4fc5-afc1-0327f39a08ce,c5,DROP,1020,?,i10,
1769501088.642273,FORWARDED,3dbf4376-7a07-4598-b760-de4381359e33,45d9a939-774a-4fc5-afc1-0327f39a08ce,c5,DROP,1020,?,i10,
1769501088.8121715,SENT,99468fac-6b98-4292-a792-2a9886846ae7,dc23e716-2c45-415a-9a91-d858e7773bc1,c2,DROP,1013,?,i10,
1769501088.8122199,FORWARDED,99468fac-6b98-4292-a792-2a9886846ae7,dc23e716-2c45-415a-9a91-d858e7773bc1,c2,DROP,1013,?,i10,
1769501088.826223,RECEIVED,ae71e4db-bbc8-4d2b-8d08-fa43a46ae6df,cfa94c14-bf02-43d3-ba01-98ad040e96cb,c1,DROP,1444,p1,?,
1769501088.8751833,RECEIVED,6cce4fbe-7130-4b5a-85ee-c612d9e17a5a,9b8b0254-e9c1-408a-8707-4fb5af9c0a9b,c4,DROP,1440,p1,?,
1769501088.9409914,SENT,ae71e4db-bbc8-4d2b-8d08-fa43a46ae6df,cfa94c14-bf02-43d3-ba01-98ad040e96cb,c1,DROP,1011,?,i8,
1769501088.9410334,FORWARDED,ae71e4db-bbc8-4d2b-8d08-fa43a46ae6df,cfa94c14-bf02-43d3-ba01-98ad040e96cb,c1,DROP,1011,?,i8,
1769501088.9720228,SENT,7119fcad-62c9-441b-a24c-163e4e13d2f8,a6fed996-2d63-4b6e-b3bb-460cc0b95bf0,c2,DROP,1009,?,i6,
1769501088.972075,FORWARDED,7119fcad-62c9-441b-a24c-163e4e13d2f8,a6fed996-2d63-4b6e-b3bb-460cc0b95bf0,c2,DROP,1009,?,i6,
1769501089.0555012,RECEIVED,a2f5bd69-d175-41f4-8ea6-43aa6cf2d697,5a13fc7e-44e1-48fe-8dd0-bbed3a085756,c4,None,2229,p1,?,
1769501089.0837324,SENT,a2f5bd69-d175-41f4-8ea6-43aa6cf2d697,5a13fc7e-44e1-48fe-8dd0-bbed3a085756,c4,None,1599,?,i7,
1769501089.0837739,FORWARDED,a2f5bd69-d175-41f4-8ea6-43aa6cf2d697,5a13fc7e-44e1-48fe-8dd0-bbed3a085756,c4,None,1599,?,i7,
1769501089.153634,RECEIVED,0d2bc1ce-f1aa-4abb-a37f-0490592f8d11,27f7ab2e-c241-470e-8e8e-4c7bd8aa4c79,c5,DROP,1448,p2,?,
1769501089.2899225,RECEIVED,d806f280-015a-4f1d-b462-82d79120514e,d2acb9b1-c3e2-437f-ab71-cd0bb03cd9cb,c5,DROP,1440,p2,?,
1769501089.3014183,RECEIVED,e5983bef-70a1-4241-a97d-1c100e869fe9,d0487197-b4e0-4fa4-a39e-65e423ee6b2a,c3,DROP,1451,p3,?,
1769501089.311976,SENT,6cce4fbe-7130-4b5a-85ee-c612d9e17a5a,9b8b0254-e9c1-408a-8707-4fb5af9c0a9b,c4,DROP,1007,?,i10,
1769501089.312017,FORWARDED,6cce4fbe-7130-4b5a-85ee-c612d9e17a5a,9b8b0254-e9c1-408a-8707-4fb5af9c0a9b,c4,DROP,1007,?,i10,
1769501089.3843634,SENT,0d2bc1ce-f1aa-4abb-a37f-0490592f8d11,27f7ab2e-c241-470e-8e8e-4c7bd8aa4c79,c5,DROP,1012,?,i6,
1769501089.3844051,FORWARDED,0d2bc1ce-f1aa-4abb-a37f-0490592f8d11,27f7ab2e-c241-470e-8e8e-4c7bd8aa4c79,c5,DROP,1012,?,i6,
1769501089.6116085,SENT,d806f280-015a-4f1d-b462-82d79120514e,d2acb9b1-c3e2-437f-ab71-cd0bb03cd9cb,c5,DROP,1008,?,i9,
1769501089.6116514,FORWARDED,d806f280-015a-4f1d-b462-82d79120514e,d2acb9b1-c3e2-437f-ab71-cd0bb03cd9cb,c5,DROP,1008,?,i9,
1769501089.6811855,RECEIVED,d8958886-3504-4840-a85f-704bc324d127,c4c76033-558c-4ad6-ad6e-bf78e348c17a,c3,DROP,1452,p3,?,
1769501089.6927834,SENT,9ecc0b9c-12a5-4b3d-9709-2e8b17547f01,0b1d89b3-ae8e-4731-a40c-01cfb96e46ef,c3,DROP,1015,?,i12,
1769501089.6928205,FORWARDED,9ecc0b9c-12a5-4b3d-9709-2e8b17547f01,0b1d89b3-ae8e-4731-a40c-01cfb96e46ef,c3,DROP,1015,?,i12,
1769501089.7523708,SENT,d8958886-3504-4840-a85f-704bc324d127,c4c76033-558c-4ad6-ad6e-bf78e348c17a,c3,DROP,1016,?,i4,
1769501089.752413,FORWARDED,d8958886-3504-4840-a85f-704bc324d127,c4c76033-558c-4ad6-ad6e-bf78e348c17a,c3,DROP,1016,?,i4,
1769501089.7976172,RECEIVED,fab0656b-4dc9-4acf-9e50-536c994733ab,2c7345e6-0f12-41af-a5ab-bf4913eb65eb,c4,DROP,1444,p1,?,
1769501089.853645,SENT,fab0656b-4dc9-4acf-9e50-536c994733ab,2c7345e6-0f12-41af-a5ab-bf4913eb65eb,c4,DROP,1010,?,i2,
1769501089.8536842,FORWARDED,fab0656b-4dc9-4acf-9e50-536c994733ab,2c7345e6-0f12-41af-a5ab-bf4913eb65eb,c4,DROP,1010,?,i2,
1769501089.8587534,RECEIVED,835cd666-038e-45db-ab9a-e9c8291c0720,c212f7e9-de67-4cb5-8f6b-52921f691d18,c5,DROP,1452,p2,?,
1769501089.8838873,RECEIVED,bcbe438f-dcd9-414e-818d-e45b231505b2,69bf0959-fa10-47b1-83c7-fa137531dd2a,c4,DROP,440,x10,?,
1769501090.0086646,RECEIVED,e19bfd6d-6977-4b62-9bf2-ed15ce4e028c,21a34b5f-f527-49cf-9519-a3343f1881d9,c5,DROP,1438,p2,?,
1769501090.0418541,SENT,e5983bef-70a1-4241-a97d-1c100e869fe9,d0487197-b4e0-4fa4-a39e-65e423ee6b2a,c3,DROP,1015,?,i1,
1769501090.0418975,FORWARDED,e5983bef-70a1-4241-a97d-1c100e869fe9,d0487197-b4e0-4fa4-a39e-65e423ee6b2a,c3,DROP,1015,?,i1,
1769501090.0791888,RECEIVED,85fcaf99-91b1-48ad-a7ce-75c00b8bbd3d,b41f857a-d72a-4fd0-a322-db141927ccc9,c5,DROP,1460,p2,?,
1769501090.1644607,SENT,835cd666-038e-45db-ab9a-e9c8291c0720,c212f7e9-de67-4cb5-8f6b-52921f691d18,c5,DROP,1016,?,i7,
1769501090.164515,FORWARDED,835cd666-038e-45db-ab9a-e9c8291c0720,c212f7e9-de67-4cb5-8f6b-52921f691d18,c5,DROP,1016,?,i7,
1769501090.3048916,RECEIVED,97386cad-87d4-474d-b1b7-1e89d2bcf7fb,8c16fcbc-2e3e-46fe-9ddd-57b250044aa4,c4,DROP,1440,p1,?,
1769501090.3075862,RECEIVED,9caeb4c3-3375-48db-a964-b7bf99a79e10,0ed2020a-8a7e-4ec7-869b-006e42058882,c4,DROP,1440,p1,?,
1769501090.4177094,SENT,85fcaf99-91b1-48ad-a7ce-75c00b8bbd3d,b41f857a-d72a-4fd0-a322-db141927ccc9,c5,DROP,1021,?,i12,
1769501090.4177475,FORWARDED,85fcaf99-91b1-48ad-a7ce-75c00b8bbd3d,b41f857a-d72a-4fd0-a322-db141927ccc9,c5,DROP,1021,?,i12,
1769501090.431625,SENT,9caeb4c3-3375-48db-a964-b7bf99a79e10,0ed2020a-8a7e-4ec7-869b-006e42058882,c4,DROP,1007,?,i2,
1769501090.4316702,FORWARDED,9caeb4c3-3375-48db-a964-b7bf99a79e10,0ed2020a-8a7e-4ec7-869b-006e42058882,c4,DROP,1007,?,i2,
1769501090.5235226,RECEIVED,9c37017b-7b8d-44f5-9973-7eeaa5e0c9d8,7cb8a8af-f5c7-4019-afdb-22c68f318347,c2,DROP,1444,p2,?,
1769501090.540702,RECEIVED,281dd7b3-d630-40f6-a264-7d5b314d5916,5c65c54a-5a2a-426b-8c4d-f6a6a513e721,c3,DROP,440,x4,?,
1769501090.5755303,SENT,9c37017b-7b8d-44f5-9973-7eeaa5e0c9d8,7cb8a8af-f5c7-4019-afdb-22c68f318347,c2,DROP,1011,?,i6,
1769501090.5755672,FORWARDED,9c37017b-7b8d-44f5-9973-7eeaa5e0c9d8,7cb8a8af-f5c7-4019-afdb-22c68f318347,c2,DROP,1011,?,i6,
1769501090.6495771,RECEIVED,b1a3eaf1-15c9-4886-8281-74d98d792cbd,01bf65d8-c60d-4eeb-a925-ab3aafa91cc0,c5,DROP,1443,p2,?,
1769501090.7278025,RECEIVED,60a727c1-d4a7-4a69-86f6-9d3d41c8c268,44452bb1-81f5-4316-a8f0-a6b17b7839d1,c2,DROP,1440,p2,?,
1769501090.7706785,RECEIVED,bc1d739e-9eea-4657-8052-34fcd6ad4783,8f50c55f-5c7c-46a2-b9df-2a40893dbf8f,c2,DROP,1439,p2,?,
1769501090.8479095,SENT,97386cad-87d4-474d-b1b7-1e89d2bcf7fb,8c16fcbc-2e3e-46fe-9ddd-57b250044aa4,c4,DROP,1008,?,i10,
1769501090.8479524,FORWARDED,97386cad-87d4-474d-b1b7-1e89d2bcf7fb,8c16fcbc-2e3e-46fe-9ddd-57b250044aa4,c4,DROP,1008,?,i10,
1769501090.988727,SENT,60a727c1-d4a7-4a69-86f6-9d3d41c8c268,44452bb1-81f5-4316-a8f0-a6b17b7839d1,c2,DROP,1007,?,i2,
1769501090.9887705,FORWARDED,60a727c1-d4a7-4a69-86f6-9d3d41c8c268,44452bb1-81f5-4316-a8f0-a6b17b7839d1,c2,DROP,1007,?,i2,
1769501091.0459921,RECEIVED,15e3c6be-4127-48c7-93bd-5640956fa4af,12460c77-80ae-4177-a8de-f74117f2c648,c2,DROP,446,x11,?,
1769501091.1479714,RECEIVED,b49286b9-01dc-47d9-8caa-5be0bf86ada8,de05e0cd-a0f7-421a-a187-b1057282e898,c5,DROP,1452,p2,?,
1769501091.1613588,RECEIVED,5ce672fd-7ecd-46ef-8f13-e8b00cc31945,bd9000a0-1c7c-4164-a1ab-068993b9c986,c1,DROP,446,x11,?,
1769501091.214936,RECEIVED,a2987f13-1383-4b9d-9329-140b563db3b0,04611039-5ca8-4bf6-bbb1-a5fcd7dd1a98,c3,DROP,1443,p3,?,
1769501091.2687128,SENT,b49286b9-01dc-47d9-8caa-5be0bf86ada8,de05e0cd-a0f7-421a-a187-b1057282e898,c5,DROP,1015,?,i7,
1769501091.2687557,FORWARDED,b49286b9-01dc-47d9-8caa-5be0bf86ada8,de05e0cd-a0f7-421a-a187-b1057282e898,c5,DROP,1015,?,i7,
1769501091.3461668,SENT,b1a3eaf1-15c9-4886-8281-74d98d792cbd,01bf65d8-c60d-4eeb-a925-ab3aafa91cc0,c5,DROP,1011,?,i1,
1769501091.3462427,FORWARDED,b1a3eaf1-15c9-4886-8281-74d98d792cbd,01bf65d8-c60d-4eeb-a925-ab3aafa91cc0,c5,DROP,1011,?,i1,
1769501091.3842647,SENT,bc1d739e-9eea-4657-8052-34fcd6ad4783,8f50c55f-5c7c-46a2-b9df-2a40893dbf8f,c2,DROP,1008,?,i1,
1769501091.3843071,FORWARDED,bc1d739e-9eea-4657-8052-34fcd6ad4783,8f50c55f-5c7c-46a2-b9df-2a40893dbf8f,c2,DROP,1008,?,i1,
1769501091.3949673,SENT,e19bfd6d-6977-4b62-9bf2-ed15ce4e028c,21a34b5f-f527-49cf-9519-a3343f1881d9,c5,DROP,1006,?,i3,
1769501091.3950071,FORWARDED,e19bfd6d-6977-4b62-9bf2-ed15ce4e028c,21a34b5f-f527-49cf-9519-a3343f1881d9,c5,DROP,1006,?,i3,
1769501091.8308692,RECEIVED,6c8f5d93-4cf4-4b92-9dc7-7dd7aeec969c,43654fc0-2d15-48f0-a33d-a44d9ab314e0,c5,None,2223,p2,?,
1769501091.856392,RECEIVED,b6a23c10-304c-483a-a025-2ce5c108c34e,1a5c4b1f-f20e-48f9-a5c3-ad69dd11583d,c4,None,2234,p1,?,
1769501092.0705194,SENT,a2987f13-1383-4b9d-9329-140b563db3b0,04611039-5ca8-4bf6-bbb1-a5fcd7dd1a98,c3,DROP,1009,?,i3,
1769501092.07056,FORWARDED,a2987f13-1383-4b9d-9329-140b563db3b0,04611039-5ca8-4bf6-bbb1-a5fcd7dd1a98,c3,DROP,1009,?,i3,
1769501092.1655264,RECEIVED,2243a37b-32dc-471e-9e87-70bbc4c0c6b2,c5787375-a1e4-4f3d-8605-9da5c59c75e7,c1,c5,2454,p1,?,
1769501092.21835,RECEIVED,3e25bc43-b4cd-494b-a8b7-f84dbbd9b3d1,ae60b01c-a42b-45d7-b4dc-3b024101170f,c1,DROP,441,x11,?,
1769501092.229229,RECEIVED,7603e4e3-a618-4445-8cd0-41501c44b484,0fa55968-8f57-4b82-9b66-ed196203681d,c4,DROP,441,x6,?,
1769501092.3013923,SENT,6c8f5d93-4cf4-4b92-9dc7-7dd7aeec969c,43654fc0-2d15-48f0-a33d-a44d9ab314e0,c5,None,1595,?,i3,
1769501092.3014364,FORWARDED,6c8f5d93-4cf4-4b92-9dc7-7dd7aeec969c,43654fc0-2d15-48f0-a33d-a44d9ab314e0,c5,None,1595,?,i3,
1769501092.5223305,RECEIVED,2b58ca1b-8d3a-404f-bee2-bfc28df61e0a,67d8ac1c-2f69-4865-b328-a3176f57bdf6,c3,DROP,1451,p3,?,
1769501092.5625057,RECEIVED,59a08b22-9180-4eb6-8720-1e2f38a11fe6,b7c8616c-997b-4d21-8931-5a387e6f6ec2,c5,DROP,1444,p2,?,
1769501092.604789,SENT,59a08b22-9180-4eb6-8720-1e2f38a11fe6,b7c8616c-997b-4d21-8931-5a387e6f6ec2,c5,DROP,1009,?,i2,
1769501092.604862,FORWARDED,59a08b22-9180-4eb6-8720-1e2f38a11fe6,b7c8616c-997b-4d21-8931-5a387e6f6ec2,c5,DROP,1009,?,i2,
1769501092.6922622,RECEIVED,2b4ad86c-ec24-46da-8fef-921b48ddcd45,db6c1ab5-355d-4a20-9f9d-03ca715d5e8a,c4,c3,2472,p1,?,
1769501092.7346685,RECEIVED,7e6a140f-20c9-4125-93f5-bf3816fd2d1e,b1742403-ed86-40ee-bf0f-6929fa0cbf29,c3,DROP,1439,p3,?,
1769501092.763282,SENT,2243a37b-32dc-471e-9e87-70bbc4c0c6b2,c5787375-a1e4-4f3d-8605-9da5c59c75e7,c1,c5,1768,?,i8,
1769501092.7633247,FORWARDED,2243a37b-32dc-471e-9e87-70bbc4c0c6b2,c5787375-a1e4-4f3d-8605-9da5c59c75e7,c1,c5,1768,?,i8,
1769501092.775622,SENT,2b58ca1b-8d3a-404f-bee2-bfc28df61e0a,67d8ac1c-2f69-4865-b328-a3176f57bdf6,c3,DROP,1017,?,i6,
1769501092.7756627,FORWARDED,2b58ca1b-8d3a-404f-bee2-bfc28df61e0a,67d8ac1c-2f69-4865-b328-a3176f57bdf6,c3,DROP,1017,?,i6,
1769501092.8065145,RECEIVED,7c6c1fd1-2884-443a-ab7b-e7a42d8ba592,85ff03ff-6ec1-411e-bbc1-efca581e2465,c4,DROP,1453,p1,?,
1769501093.075407,SENT,2b4ad86c-ec24-46da-8fef-921b48ddcd45,db6c1ab5-355d-4a20-9f9d-03ca715d5e8a,c4,c3,1780,?,i11,
1769501093.075457,FORWARDED,2b4ad86c-ec24-46da-8fef-921b48ddcd45,db6c1ab5-355d-4a20-9f9d-03ca715d5e8a,c4,c3,1780,?,i11,
1769501093.1201165,SENT,7c6c1fd1-2884-443a-ab7b-e7a42d8ba592,85ff03ff-6ec1-411e-bbc1-efca581e2465,c4,DROP,1016,?,i10,
1769501093.1201594,FORWARDED,7c6c1fd1-2884-443a-ab7b-e7a42d8ba592,85ff03ff-6ec1-411e-bbc1-efca581e2465,c4,DROP,1016,?,i10,
1769501093.2645488,RECEIVED,b6c6101f-66c5-42e0-80e6-3f769789cec9,023dd9ee-1fe7-42cb-834d-7a8c9b414df8,c1,c5,2463,p1,?,
1769501093.2688034,RECEIVED,28a27f9f-f222-418c-ae46-54b8f713528b,41dcfae9-3442-458f-9b87-1816254c9e7c,c2,DROP,1440,p2,?,
1769501093.2713935,SENT,7e6a140f-20c9-4125-93f5-bf3816fd2d1e,b1742403-ed86-40ee-bf0f-6929fa0cbf29,c3,DROP,1007,?,i4,
1769501093.2714348,FORWARDED,7e6a140f-20c9-4125-93f5-bf3816fd2d1e,b1742403-ed86-40ee-bf0f-6929fa0cbf29,c3,DROP,1007,?,i4,
1769501093.5942621,SENT,b6a23c10-304c-483a-a025-2ce5c108c34e,1a5c4b1f-f20e-48f9-a5c3-ad69dd11583d,c4,None,1603,?,i9,
1769501093.5943081,FORWARDED,b6a23c10-304c-483a-a025-2ce5c108c34e,1a5c4b1f-f20e-48f9-a5c3-ad69dd11583d,c4,None,1603,?,i9,
1769501093.6601043,RECEIVED,041810ec-acca-4879-b055-76986c662cc8,e6e92569-9824-4522-b964-6969c2efbdc5,c5,DROP,1451,p2,?,
1769501093.765104,RECEIVED,6a4511ae-ca98-4da3-98cf-fc84cc90abec,ee2d6378-1f51-4e1c-86da-a7fa9f90746d,c5,DROP,1456,p2,?,
1769501093.9620318,SENT,28a27f9f-f222-418c-ae46-54b8f713528b,41dcfae9-3442-458f-9b87-1816254c9e7c,c2,DROP,1008,?,i11,
1769501093.9620988,FORWARDED,28a27f9f-f222-418c-ae46-54b8f713528b,41dcfae9-3442-458f-9b87-1816254c9e7c,c2,DROP,1008,?,i11,
1769501094.0167785,RECEIVED,361ed4b6-cd66-4404-8f21-d884a516afb5,80b0be98-5fbd-468a-9871-d533e3ae87aa,c5,None,2228,p2,?,
1769501094.114599,SENT,041810ec-acca-4879-b055-76986c662cc8,e6e92569-9824-4522-b964-6969c2efbdc5,c5,DROP,1016,?,i4,
1769501094.1146379,FORWARDED,041810ec-acca-4879-b055-76986c662cc8,e6e92569-9824-4522-b964-6969c2efbdc5,c5,DROP,1016,?,i4,
1769501094.2228603,SENT,361ed4b6-cd66-4404-8f21-d884a516afb5,80b0be98-5fbd-468a-9871-d533e3ae87aa,c5,None,1597,?,i6,
1769501094.2229068,FORWARDED,361ed4b6-cd66-4404-8f21-d884a516afb5,80b0be98-5fbd-468a-9871-d533e3ae87aa,c5,None,1597,?,i6,
1769501094.2400153,SENT,6a4511ae-ca98-4da3-98cf-fc84cc90abec,ee2d6378-1f51-4e1c-86da-a7fa9f90746d,c5,DROP,1019,?,i11,
1769501094.2400646,FORWARDED,6a4511ae-ca98-4da3-98cf-fc84cc90abec,ee2d6378-1f51-4e1c-86da-a7fa9f90746d,c5,DROP,1019,?,i11,
1769501094.418887,RECEIVED,ea5836e4-b8da-4d10-ba69-aa91b1f7f21d,013e17ad-68a1-462c-8e9c-ecfc10a31386,c3,DROP,441,x4,?,
1769501094.4210129,RECEIVED,d118785f-41c4-4eb5-9597-77c911b1aa2d,6c5a7683-9878-42d2-954c-46fb2427c874,c1,DROP,1443,p1,?,
1769501094.4345658,RECEIVED,e58670dc-0648-4d9e-8050-dac2bd042fd4,cc3688ba-0b02-4396-80eb-53f405ec72a6,c3,DROP,1440,p3,?,
1769501094.5438216,RECEIVED,348e91f7-0002-44df-8684-2ff7b7db5e6c,57b93b8e-6a33-487f-870a-160c07c8c2b4,c5,DROP,1451,p2,?,
1769501094.5571537,SENT,b6c6101f-66c5-42e0-80e6-3f769789cec9,023dd9ee-1fe7-42cb-834d-7a8c9b414df8,c1,c5,1776,?,i4,
1769501094.5571995,FORWARDED,b6c6101f-66c5-42e0-80e6-3f769789cec9,023dd9ee-1fe7-42cb-834d-7a8c9b414df8,c1,c5,1776,?,i4,
1769501094.6012294,RECEIVED,bf76183e-0879-4520-8909-339cc1ac2646,5cb25fa8-172e-4d75-8419-b5e5115a2bd1,c3,DROP,1440,p3,?,
1769501094.6491034,RECEIVED,3e4bde70-b9ad-4a91-9ae0-3f3f2b35fa46,e8c07a32-a1f6-4c0d-9e0b-265640d6d33b,c4,None,2227,p1,?,
1769501094.6611953,SENT,e58670dc-0648-4d9e-8050-dac2bd042fd4,cc3688ba-0b02-4396-80eb-53f405ec72a6,c3,DROP,1008,?,i4,
1769501094.6612365,FORWARDED,e58670dc-0648-4d9e-8050-dac2bd042fd4,cc3688ba-0b02-4396-80eb-53f405ec72a6,c3,DROP,1008,?,i4,
1769501094.718088,RECEIVED,55326f92-f019-4426-9f6a-07f96afce43c,2214513e-ed2b-495d-a3ae-714f7087bf78,c5,None,2241,p2,?,
1769501094.8852797,RECEIVED,37a71f53-048e-4bb9-9a3a-8d0e2ba33407,aa10dfb8-b811-4888-ab48-c7677d09546b,c4,DROP,1444,p1,?,
1769501094.959631,SENT,3e4bde70-b9ad-4a91-9ae0-3f3f2b35fa46,e8c07a32-a1f6-4c0d-9e0b-265640d6d33b,c4,None,1599,?,i9,
1769501094.9596748,FORWARDED,3e4bde70-b9ad-4a91-9ae0-3f3f2b35fa46,e8c07a32-a1f6-4c0d-9e0b-265640d6d33b,c4,None,1599,?,i9,
1769501094.9794395,RECEIVED,75f6e54a-74a2-41be-b745-389a5694e6f0,bd10dc51-7fab-43ff-a0d7-8ffab8d471c7,c5,c2,2447,p2,?,
1769501094.9800365,SENT,55326f92-f019-4426-9f6a-07f96afce43c,2214513e-ed2b-495d-a3ae-714f7087bf78,c5,None,1607,?,i11,
1769501094.9800932,FORWARDED,55326f92-f019-4426-9f6a-07f96afce43c,2214513e-ed2b-495d-a3ae-714f7087bf78,c5,None,1607,?,i11,
1769501095.0712886,RECEIVED,2e0d8e4c-3376-4ce8-bbe2-53e2092212c3,6fc7eb48-c1fe-42b9-941e-df7d07c5ae49,c4,DROP,1452,p1,?,
1769501095.0835981,SENT,d118785f-41c4-4eb5-9597-77c911b1aa2d,6c5a7683-9878-42d2-954c-46fb2427c874,c1,DROP,1011,?,i3,
1769501095.0836477,FORWARDED,d118785f-41c4-4eb5-9597-77c911b1aa2d,6c5a7683-9878-42d2-954c-46fb2427c874,c1,DROP,1011,?,i3,
1769501095.110475,SENT,bf76183e-0879-4520-8909-339cc1ac2646,5cb25fa8-172e-4d75-8419-b5e5115a2bd1,c3,DROP,1007,?,i10,
1769501095.110517,FORWARDED,bf76183e-0879-4520-8909-339cc1ac2646,5cb25fa8-172e-4d75-8419-b5e5115a2bd1,c3,DROP,1007,?,i10,
1769501095.1231077,SENT,37a71f53-048e-4bb9-9a3a-8d0e2ba33407,aa10dfb8-b811-4888-ab48-c7677d09546b,c4,DROP,1009,?,i10,
1769501095.123152,FORWARDED,37a71f53-048e-4bb9-9a3a-8d0e2ba33407,aa10dfb8-b811-4888-ab48-c7677d09546b,c4,DROP,1009,?,i10,
1769501095.1419296,SENT,348e91f7-0002-44df-8684-2ff7b7db5e6c,57b93b8e-6a33-487f-870a-160c07c8c2b4,c5,DROP,1016,?,i8,
1769501095.141971,FORWARDED,348e91f7-0002-44df-8684-2ff7b7db5e6c,57b93b8e-6a33-487f-870a-160c07c8c2b4,c5,DROP,1016,?,i8,
1769501095.1553507,SENT,2e0d8e4c-3376-4ce8-bbe2-53e2092212c3,6fc7eb48-c1fe-42b9-941e-df7d07c5ae49,c4,DROP,1016,?,i5,
1769501095.155394,FORWARDED,2e0d8e4c-3376-4ce8-bbe2-53e2092212c3,6fc7eb48-c1fe-42b9-941e-df7d07c5ae49,c4,DROP,1016,?,i5,
1769501095.3102114,RECEIVED,b9e73f58-9938-4e30-81fe-c946764014ef,ba274e94-939c-4d1e-8914-b9031b3ab39c,c3,DROP,1450,p3,?,
1769501095.5737748,SENT,b9e73f58-9938-4e30-81fe-c946764014ef,ba274e94-939c-4d1e-8914-b9031b3ab39c,c3,DROP,1016,?,i1,
1769501095.5738194,FORWARDED,b9e73f58-9938-4e30-81fe-c946764014ef,ba274e94-939c-4d1e-8914-b9031b3ab39c,c3,DROP,1016,?,i1,
1769501095.6344247,RECEIVED,5fba854d-cd7d-45ba-a20b-a01afe227036,3215a377-c301-4e2f-ae4d-d9087423e74d,c2,DROP,446,x12,?,
1769501095.8082747,SENT,75f6e54a-74a2-41be-b745-389a5694e6f0,bd10dc51-7fab-43ff-a0d7-8ffab8d471c7,c5,c2,1763,?,i2,
1769501095.808317,FORWARDED,75f6e54a-74a2-41be-b745-389a5694e6f0,bd10dc51-7fab-43ff-a0d7-8ffab8d471c7,c5,c2,1763,?,i2,
1769501095.9920983,RECEIVED,678c7da1-23c9-42a3-9c99-13c06988d35d,a1d4fbfa-4582-4a50-80ae-c6f20029b20f,c2,c1,2460,p2,?,
1769501096.034921,RECEIVED,f5484f57-5a6b-4bff-b085-cc43c0867964,d54c73f8-09bc-48c4-a8cd-37fb28ff095f,c5,DROP,1440,p2,?,
1769501096.0563204,RECEIVED,fe147ece-6576-4cf8-96ea-460d1dc26369,6e53d32f-e83f-4546-9101-02891ff68992,c2,DROP,1443,p2,?,
1769501096.098733,SENT,f5484f57-5a6b-4bff-b085-cc43c0867964,d54c73f8-09bc-48c4-a8cd-37fb28ff095f,c5,DROP,1007,?,i2,
1769501096.0987766,FORWARDED,f5484f57-5a6b-4bff-b085-cc43c0867964,d54c73f8-09bc-48c4-a8cd-37fb28ff095f,c5,DROP,1007,?,i2,
1769501096.1439059,SENT,678c7da1-23c9-42a3-9c99-13c06988d35d,a1d4fbfa-4582-4a50-80ae-c6f20029b20f,c2,c1,1772,?,i2,
1769501096.143949,FORWARDED,678c7da1-23c9-42a3-9c99-13c06988d35d,a1d4fbfa-4582-4a50-80ae-c6f20029b20f,c2,c1,1772,?,i2,
1769501096.3894129,RECEIVED,ba67bbd2-73a5-4d2a-bd94-398f79f26301,34a558c2-8013-4702-9b78-9da48398d1cc,c5,DROP,1456,p2,?,
1769501096.6113632,SENT,fe147ece-6576-4cf8-96ea-460d1dc26369,6e53d32f-e83f-4546-9101-02891ff68992,c2,DROP,1011,?,i7,
1769501096.6114037,FORWARDED,fe147ece-6576-4cf8-96ea-460d1dc26369,6e53d32f-e83f-4546-9101-02891ff68992,c2,DROP,1011,?,i7,
1769501096.7698855,RECEIVED,4f4e5834-c40f-4609-87ef-23d05d54f6e4,9bee09fe-5214-4902-8172-d5729dfbde0f,c1,DROP,1441,p1,?,
1769501096.8049605,RECEIVED,ff01f633-49f2-4b32-8766-1106307da968,37be9fe8-16d0-429e-ad32-2cd085d1565a,c5,c2,2460,p2,?,
1769501096.8171623,SENT,4f4e5834-c40f-4609-87ef-23d05d54f6e4,9bee09fe-5214-4902-8172-d5729dfbde0f,c1,DROP,1008,?,i8,
1769501096.8172028,FORWARDED,4f4e5834-c40f-4609-87ef-23d05d54f6e4,9bee09fe-5214-4902-8172-d5729dfbde0f,c1,DROP,1008,?,i8,
1769501096.8988557,RECEIVED,551fd383-7e78-45b7-948a-54fdd0f783f6,9d07e102-9554-461b-b431-4736fb85d5cc,c4,DROP,1441,p1,?,
1769501096.91312,RECEIVED,19ed7584-2cf3-4e0a-812a-b976568dad2f,57c3a580-be42-46a3-a97d-2ebe2af3f53c,c4,DROP,1447,p1,?,
1769501097.0359805,SENT,551fd383-7e78-45b7-948a-54fdd0f783f6,9d07e102-9554-461b-b431-4736fb85d5cc,c4,DROP,1006,?,i11,
1769501097.0360248,FORWARDED,551fd383-7e78-45b7-948a-54fdd0f783f6,9d07e102-9554-461b-b431-4736fb85d5cc,c4,DROP,1006,?,i11,
1769501097.2130845,RECEIVED,25972fe8-5f3c-4382-90d7-7e4efaba9eed,90d6a8e9-de72-4892-b176-fafce189791d,c3,DROP,1441,p3,?,
1769501097.2204244,SENT,ff01f633-49f2-4b32-8766-1106307da968,37be9fe8-16d0-429e-ad32-2cd085d1565a,c5,c2,1772,?,i12,
1769501097.2204664,FORWARDED,ff01f633-49f2-4b32-8766-1106307da968,37be9fe8-16d0-429e-ad32-2cd085d1565a,c5,c2,1772,?,i12,
1769501097.2510197,RECEIVED,39d95770-2147-49a9-ab0a-86280e4d2a91,02f5421e-79e0-4a85-b1d9-c4de660c0247,c4,DROP,438,x4,?,
1769501097.3084588,RECEIVED,69a1c68e-49f8-44aa-8a0f-e360f5baf5c4,dacf1a4e-2612-4aee-9ffd-212fa041367d,c2,DROP,1441,p2,?,
1769501097.4271874,SENT,ba67bbd2-73a5-4d2a-bd94-398f79f26301,34a558c2-8013-4702-9b78-9da48398d1cc,c5,DROP,1018,?,i12,
1769501097.4272277,FORWARDED,ba67bbd2-73a5-4d2a-bd94-398f79f26301,34a558c2-8013-4702-9b78-9da48398d1cc,c5,DROP,1018,?,i12,
1769501097.4708607,SENT,69a1c68e-49f8-44aa-8a0f-e360f5baf5c4,dacf1a4e-2612-4aee-9ffd-212fa041367d,c2,DROP,1006,?,i12,
1769501097.4708993,FORWARDED,69a1c68e-49f8-44aa-8a0f-e360f5baf5c4,dacf1a4e-2612-4aee-9ffd-212fa041367d,c2,DROP,1006,?,i12,
1769501097.5380123,SENT,25972fe8-5f3c-4382-90d7-7e4efaba9eed,90d6a8e9-de72-4892-b176-fafce189791d,c3,DROP,1007,?,i10,
1769501097.53806,FORWARDED,25972fe8-5f3c-4382-90d7-7e4efaba9eed,90d6a8e9-de72-4892-b176-fafce189791d,c3,DROP,1007,?,i10,
1769501097.543913,RECEIVED,62fa0dc8-9149-479f-b3dc-5a7b8cb3f4ff,283ca9cf-2e75-49c2-a9db-a5ce34967ccc,c2,DROP,441,x2,?,
1769501097.8272576,RECEIVED,360781ba-2e58-4ad0-b4d3-dab57b5e2a9b,3f3e92d8-8190-4dbc-8362-09470699fabf,c4,DROP,1440,p1,?,
1769501098.0454395,SENT,360781ba-2e58-4ad0-b4d3-dab57b5e2a9b,3f3e92d8-8190-4dbc-8362-09470699fabf,c4,DROP,1008,?,i4,
1769501098.045483,FORWARDED,360781ba-2e58-4ad0-b4d3-dab57b5e2a9b,3f3e92d8-8190-4dbc-8362-09470699fabf,c4,DROP,1008,?,i4,
1769501098.2363691,SENT,19ed7584-2cf3-4e0a-812a-b976568dad2f,57c3a580-be42-46a3-a97d-2ebe2af3f53c,c4,DROP,1012,?,i5,
1769501098.2364163,FORWARDED,19ed7584-2cf3-4e0a-812a-b976568dad2f,57c3a580-be42-46a3-a97d-2ebe2af3f53c,c4,DROP,1012,?,i5,
1769501098.3001108,RECEIVED,480df0f4-3775-4359-b95c-3d9bae33c8f7,a0fea251-c917-4803-854e-b6ce333c3219,c4,DROP,441,x9,?,
1769501098.397575,RECEIVED,30d20404-388e-4bde-8073-4a5b4af593eb,0e07c661-c8c6-45e8-89fd-9d44088bb317,c1,DROP,1451,p1,?,
1769501098.4124854,RECEIVED,67dee974-5bbc-4154-9107-7af83220620b,a24319ad-3046-45f8-a338-1bf9d7e3b935,c1,DROP,1449,p1,?,
1769501098.516985,RECEIVED,c7e8d95b-cf6a-4de9-998f-6cf478bb0d7a,95671d85-ee65-4de7-9301-3010b576f459,c5,DROP,1453,p2,?,
1769501098.5695412,RECEIVED,370c60d0-1a13-4a57-b525-cff578589805,1cd64ce7-f5c0-44ec-95b3-7537fa9c4482,c3,DROP,1440,p3,?,
1769501098.6108253,SENT,c7e8d95b-cf6a-4de9-998f-6cf478bb0d7a,95671d85-ee65-4de7-9301-3010b576f459,c5,DROP,1017,?,i12,
1769501098.610867,FORWARDED,c7e8d95b-cf6a-4de9-998f-6cf478bb0d7a,95671d85-ee65-4de7-9301-3010b576f459,c5,DROP,1017,?,i12,
1769501098.6821477,SENT,370c60d0-1a13-4a57-b525-cff578589805,1cd64ce7-f5c0-44ec-95b3-7537fa9c4482,c3,DROP,1007,?,i9,
1769501098.68219,FORWARDED,370c60d0-1a13-4a57-b525-cff578589805,1cd64ce7-f5c0-44ec-95b3-7537fa9c4482,c3,DROP,1007,?,i9,
1769501098.6993494,RECEIVED,466e8114-3c3d-4eb7-bc8f-6fd0d17dd5f8,077d3564-0809-403d-aa42-4c37779a682a,c3,DROP,1445,p3,?,
1769501098.7859533,SENT,466e8114-3c3d-4eb7-bc8f-6fd0d17dd5f8,077d3564-0809-403d-aa42-4c37779a682a,c3,DROP,1010,?,i8,
1769501098.7859921,FORWARDED,466e8114-3c3d-4eb7-bc8f-6fd0d17dd5f8,077d3564-0809-403d-aa42-4c37779a682a,c3,DROP,1010,?,i8,
1769501098.8019614,RECEIVED,67f39e87-ab31-4a63-8bf0-168165df321a,1aeeb248-cdfe-44e5-9cf0-9796406af0f9,c5,c2,2477,p2,?,
1769501098.849315,SENT,30d20404-388e-4bde-8073-4a5b4af593eb,0e07c661-c8c6-45e8-89fd-9d44088bb317,c1,DROP,1015,?,i6,
1769501098.8493776,FORWARDED,30d20404-388e-4bde-8073-4a5b4af593eb,0e07c661-c8c6-45e8-89fd-9d44088bb317,c1,DROP,1015,?,i6,
1769501098.93503,RECEIVED,1abe1403-2ea7-4c95-b45c-7fed04e59cec,4ccad3d0-d2a5-4e0b-b1b1-d0d129fc5d03,c2,DROP,1460,p2,?,
1769501098.9902666,RECEIVED,6024ebaf-1801-4d2f-ac0d-6fc76c2fcadb,89534e82-cf69-457f-a8ed-c167bbd3b5c3,c1,None,2227,p1,?,
1769501099.0382922,RECEIVED,b8e26298-7bbe-4be9-ae78-f3e41fd7c93b,a07c1369-e1a2-410f-93ea-25661e3d8e39,c2,DROP,1447,p2,?,
1769501099.1742945,SENT,67f39e87-ab31-4a63-8bf0-168165df321a,1aeeb248-cdfe-44e5-9cf0-9796406af0f9,c5,c2,1785,?,i11,
1769501099.1743364,FORWARDED,67f39e87-ab31-4a63-8bf0-168165df321a,1aeeb248-cdfe-44e5-9cf0-9796406af0f9,c5,c2,1785,?,i11,
1769501099.3097723,RECEIVED,d0b56b68-a5c1-41ee-abd5-69fffe69b5ac,d00c8187-c1a9-4d6b-8d52-9fdb69a19790,c3,DROP,1439,p3,?,
1769501099.400147,RECEIVED,a8ccabeb-af14-44ce-84b2-ee6f53155188,3a1a77b1-ccc2-4750-ad31-18dae4d95e34,c2,DROP,1438,p2,?,
1769501099.4122891,RECEIVED,5f0d58a0-c61d-4125-99fd-15bfe7234cc4,5a1a8aaa-73a8-4c5a-83af-135f37e6c9b3,c2,DROP,1443,p2,?,
1769501099.4609654,RECEIVED,139592ff-26bb-47d1-bbba-f914829fc31b,2dad3acc-bc80-4e0b-aa05-c783245a68cb,c1,DROP,442,x1,?,
1769501099.5440383,RECEIVED,384b8c07-11d9-4d96-91a7-d368297f29a0,e39c3a42-e74a-4449-b19d-21eca8a39435,c5,DROP,441,x12,?,
1769501099.5617647,SENT,6024ebaf-1801-4d2f-ac0d-6fc76c2fcadb,89534e82-cf69-457f-a8ed-c167bbd3b5c3,c1,None,1597,?,i9,
1769501099.561806,FORWARDED,6024ebaf-1801-4d2f-ac0d-6fc76c2fcadb,89534e82-cf69-457f-a8ed-c167bbd3b5c3,c1,None,1597,?,i9,
1769501099.705697,RECEIVED,89fc5605-7471-4100-ae6f-4cd0d506ad39,2819f19b-1026-4d62-90bf-d0ca61d4bbe1,c3,DROP,1443,p3,?,
1769501099.7156208,RECEIVED,a9f268ad-c577-4b26-944d-658c8562f495,c34910db-0a74-44b4-bd46-e6ee0ce6ba02,c1,DROP,1445,p1,?,
1769501099.72827,SENT,67dee974-5bbc-4154-9107-7af83220620b,a24319ad-3046-45f8-a338-1bf9d7e3b935,c1,DROP,1015,?,i2,
1769501099.7283108,FORWARDED,67dee974-5bbc-4154-9107-7af83220620b,a24319ad-3046-45f8-a338-1bf9d7e3b935,c1,DROP,1015,?,i2,
1769501099.7456927,RECEIVED,46c30701-e63f-493d-94e0-0a0f1162cb20,4d037170-ac98-4b14-a1f1-10678a47e670,c2,None,2232,p2,?,
1769501099.8180847,SENT,46c30701-e63f-493d-94e0-0a0f1162cb20,4d037170-ac98-4b14-a1f1-10678a47e670,c2,None,1600,?,i8,
1769501099.8181303,FORWARDED,46c30701-e63f-493d-94e0-0a0f1162cb20,4d037170-ac98-4b14-a1f1-10678a47e670,c2,None,1600,?,i8,
1769501099.8312988,SENT,1abe1403-2ea7-4c95-b45c-7fed04e59cec,4ccad3d0-d2a5-4e0b-b1b1-d0d129fc5d03,c2,DROP,1023,?,i12,
1769501099.83134,FORWARDED,1abe1403-2ea7-4c95-b45c-7fed04e59cec,4ccad3d0-d2a5-4e0b-b1b1-d0d129fc5d03,c2,DROP,1023,?,i12,
1769501099.8863099,RECEIVED,16ee7433-c74f-424d-845b-38086f0d5258,bc715e09-3bfc-467b-8611-9bb2b9f18153,c3,DROP,1435,p3,?,
1769501099.9239907,SENT,5f0d58a0-c61d-4125-99fd-15bfe7234cc4,5a1a8aaa-73a8-4c5a-83af-135f37e6c9b3,c2,DROP,1009,?,i2,
1769501099.9240315,FORWARDED,5f0d58a0-c61d-4125-99fd-15bfe7234cc4,5a1a8aaa-73a8-4c5a-83af-135f37e6c9b3,c2,DROP,1009,?,i2,
1769501099.9454205,SENT,b8e26298-7bbe-4be9-ae78-f3e41fd7c93b,a07c1369-e1a2-410f-93ea-25661e3d8e39,c2,DROP,1012,?,i4,
1769501099.9454641,FORWARDED,b8e26298-7bbe-4be9-ae78-f3e41fd7c93b,a07c1369-e1a2-410f-93ea-25661e3d8e39,c2,DROP,1012,?,i4,
1769501099.969021,SENT,89fc5605-7471-4100-ae6f-4cd0d506ad39,2819f19b-1026-4d62-90bf-d0ca61d4bbe1,c3,DROP,1009,?,i5,
1769501099.9690716,FORWARDED,89fc5605-7471-4100-ae6f-4cd0d506ad39,2819f19b-1026-4d62-90bf-d0ca61d4bbe1,c3,DROP,1009,?,i5,
1769501100.0106847,RECEIVED,f366c0de-7213-421c-9151-7528a92868d4,87ea2f52-15ff-4052-a94a-6b545ac5d452,c4,DROP,441,x5,?,
1769501100.0460143,SENT,16ee7433-c74f-424d-845b-38086f0d5258,bc715e09-3bfc-467b-8611-9bb2b9f18153,c3,DROP,1003,?,i1,
1769501100.046059,FORWARDED,16ee7433-c74f-424d-845b-38086f0d5258,bc715e09-3bfc-467b-8611-9bb2b9f18153,c3,DROP,1003,?,i1,
1769501100.0467784,RECEIVED,a9a732ba-31c8-4129-946e-caae56c7e1bc,6cdb37dc-a199-4b01-a0e8-f985295ea3ff,c5,DROP,1440,p2,?,
1769501100.0571783,SENT,d0b56b68-a5c1-41ee-abd5-69fffe69b5ac,d00c8187-c1a9-4d6b-8d52-9fdb69a19790,c3,DROP,1007,?,i2,
1769501100.0572288,FORWARDED,d0b56b68-a5c1-41ee-abd5-69fffe69b5ac,d00c8187-c1a9-4d6b-8d52-9fdb69a19790,c3,DROP,1007,?,i2,
1769501100.1015108,RECEIVED,ee93d4a8-e6d1-453c-b08d-9ea413b9229d,3da4025f-afeb-4cac-864d-16be77b9f952,c2,DROP,1449,p2,?,
1769501100.1302059,RECEIVED,276ee442-9d3d-4b07-8c93-0dbfecfa35f1,58b30e6e-0fbe-4068-9921-fcd372a77b5c,c2,None,2224,p2,?,
1769501100.1333845,SENT,ee93d4a8-e6d1-453c-b08d-9ea413b9229d,3da4025f-afeb-4cac-864d-16be77b9f952,c2,DROP,1012,?,i1,
1769501100.1334276,FORWARDED,ee93d4a8-e6d1-453c-b08d-9ea413b9229d,3da4025f-afeb-4cac-864d-16be77b9f952,c2,DROP,1012,?,i1,
1769501100.135186,SENT,a9f268ad-c577-4b26-944d-658c8562f495,c34910db-0a74-44b4-bd46-e6ee0ce6ba02,c1,DROP,1010,?,i12,
1769501100.1352339,FORWARDED,a9f268ad-c577-4b26-944d-658c8562f495,c34910db-0a74-44b4-bd46-e6ee0ce6ba02,c1,DROP,1010,?,i12,
1769501100.1722665,SENT,276ee442-9d3d-4b07-8c93-0dbfecfa35f1,58b30e6e-0fbe-4068-9921-fcd372a77b5c,c2,None,1596,?,i8,
1769501100.1723092,FORWARDED,276ee442-9d3d-4b07-8c93-0dbfecfa35f1,58b30e6e-0fbe-4068-9921-fcd372a77b5c,c2,None,1596,?,i8,
1769501100.2038116,SENT,a8ccabeb-af14-44ce-84b2-ee6f53155188,3a1a77b1-ccc2-4750-ad31-18dae4d95e34,c2,DROP,1008,?,i8,
1769501100.2038531,FORWARDED,a8ccabeb-af14-44ce-84b2-ee6f53155188,3a1a77b1-ccc2-4750-ad31-18dae4d95e34,c2,DROP,1008,?,i8,
1769501100.2551618,RECEIVED,4d0d909a-d787-48a9-a33f-223aa2eac5ad,c4fe7297-55f6-4a52-8a95-c2fedc72e70c,c1,c5,2471,p1,?,
1769501100.2684512,SENT,a9a732ba-31c8-4129-946e-caae56c7e1bc,6cdb37dc-a199-4b01-a0e8-f985295ea3ff,c5,DROP,1008,?,i6,
1769501100.2684906,FORWARDED,a9a732ba-31c8-4129-946e-caae56c7e1bc,6cdb37dc-a199-4b01-a0e8-f985295ea3ff,c5,DROP,1008,?,i6,
1769501100.4467406,RECEIVED,7ab9c686-43bd-470f-8c11-8043c2de70e7,a1db5569-d7d2-4468-85fa-f2ffa574e264,c2,DROP,1441,p2,?,
1769501100.5301743,RECEIVED,b35ae4bf-6db7-4c96-af03-ad78af291d4f,c2c94d61-057b-40ab-ab43-1b8dcccf95d5,c2,DROP,1449,p2,?,
1769501100.5705152,RECEIVED,a51fb9b8-2b74-4757-ac3b-47c4eccb138e,1eaf30b8-d58e-459b-a2df-1d9eb8eb7b4e,c2,c1,2476,p2,?,
1769501100.6266818,SENT,b35ae4bf-6db7-4c96-af03-ad78af291d4f,c2c94d61-057b-40ab-ab43-1b8dcccf95d5,c2,DROP,1012,?,i10,
1769501100.6267204,FORWARDED,b35ae4bf-6db7-4c96-af03-ad78af291d4f,c2c94d61-057b-40ab-ab43-1b8dcccf95d5,c2,DROP,1012,?,i10,
1769501100.8725224,RECEIVED,48aff25c-4f9d-4d4e-9bf0-978d5462ee7f,df075b5a-bc46-4229-95bd-80e3f9ce5d3e,c3,DROP,1441,p3,?,
1769501100.8911867,SENT,7ab9c686-43bd-470f-8c11-8043c2de70e7,a1db5569-d7d2-4468-85fa-f2ffa574e264,c2,DROP,1008,?,i11,
1769501100.8912313,FORWARDED,7ab9c686-43bd-470f-8c11-8043c2de70e7,a1db5569-d7d2-4468-85fa-f2ffa574e264,c2,DROP,1008,?,i11,
1769501100.9231215,RECEIVED,db1b6181-de26-4b6c-9741-b1506b6ee0e7,01876f60-8ee7-424f-a5e9-4e7b4be6e4f5,c2,c1,2471,p2,?,
1769501100.9638014,RECEIVED,b9a3558a-a684-4026-b077-c37be45d8954,df06b80d-de7c-4852-97e1-317f7bafa378,c4,DROP,1447,p1,?,
1769501101.005494,SENT,4d0d909a-d787-48a9-a33f-223aa2eac5ad,c4fe7297-55f6-4a52-8a95-c2fedc72e70c,c1,c5,1780,?,i6,
1769501101.0055451,FORWARDED,4d0d909a-d787-48a9-a33f-223aa2eac5ad,c4fe7297-55f6-4a52-8a95-c2fedc72e70c,c1,c5,1780,?,i6,
1769501101.0626326,SENT,48aff25c-4f9d-4d4e-9bf0-978d5462ee7f,df075b5a-bc46-4229-95bd-80e3f9ce5d3e,c3,DROP,1008,?,i10,
1769501101.0626745,FORWARDED,48aff25c-4f9d-4d4e-9bf0-978d5462ee7f,df075b5a-bc46-4229-95bd-80e3f9ce5d3e,c3,DROP,1008,?,i10,
1769501101.2701097,SENT,a51fb9b8-2b74-4757-ac3b-47c4eccb138e,1eaf30b8-d58e-459b-a2df-1d9eb8eb7b4e,c2,c1,1784,?,i12,
1769501101.2701483,FORWARDED,a51fb9b8-2b74-4757-ac3b-47c4eccb138e,1eaf30b8-d58e-459b-a2df-1d9eb8eb7b4e,c2,c1,1784,?,i12,
1769501101.2886486,RECEIVED,7825e778-e140-4f82-b1be-765dd8ee30a3,58233d5e-82cf-4c6d-90b4-e0fff6fe3ec4,c1,DROP,1444,p1,?,
1769501101.4916174,RECEIVED,af92850d-d0f1-4523-8ac4-53c42206e67b,5420e99d-bf69-49fd-a380-92ac5982bca1,c2,DROP,1444,p2,?,
1769501101.5193377,RECEIVED,b59f6fe4-acad-44b5-88b5-dc2b9e52ff8f,60856eb2-0c79-479b-aaa6-450c46ad4942,c1,DROP,1464,p1,?,
1769501101.55155,SENT,b9a3558a-a684-4026-b077-c37be45d8954,df06b80d-de7c-4852-97e1-317f7bafa378,c4,DROP,1012,?,i6,
1769501101.5515912,FORWARDED,b9a3558a-a684-4026-b077-c37be45d8954,df06b80d-de7c-4852-97e1-317f7bafa378,c4,DROP,1012,?,i6,
1769501101.5523484,RECEIVED,fe56bb6b-a7ea-408f-923b-592d9918fd6e,8a0d6b22-3d13-4e6a-a333-7e2802fa9ac8,c4,DROP,1455,p1,?,
1769501101.6195977,RECEIVED,ce2bd7fb-eb92-4268-a14f-8c2b874092e3,65957b9e-8299-4607-a3b9-ba483c956b9e,c1,None,2208,p1,?,
1769501101.6224065,SENT,7825e778-e140-4f82-b1be-765dd8ee30a3,58233d5e-82cf-4c6d-90b4-e0fff6fe3ec4,c1,DROP,1011,?,i6,
1769501101.6224484,FORWARDED,7825e778-e140-4f82-b1be-765dd8ee30a3,58233d5e-82cf-4c6d-90b4-e0fff6fe3ec4,c1,DROP,1011,?,i6,
1769501101.718421,SENT,af92850d-d0f1-4523-8ac4-53c42206e67b,5420e99d-bf69-49fd-a380-92ac5982bca1,c2,DROP,1011,?,i7,
1769501101.7184637,FORWARDED,af92850d-d0f1-4523-8ac4-53c42206e67b,5420e99d-bf69-49fd-a380-92ac5982bca1,c2,DROP,1011,?,i7,
1769501101.732411,SENT,b59f6fe4-acad-44b5-88b5-dc2b9e52ff8f,60856eb2-0c79-479b-aaa6-450c46ad4942,c1,DROP,1024,?,i3,
1769501101.7324536,FORWARDED,b59f6fe4-acad-44b5-88b5-dc2b9e52ff8f,60856eb2-0c79-479b-aaa6-450c46ad4942,c1,DROP,1024,?,i3,
1769501101.7618356,SENT,ce2bd7fb-eb92-4268-a14f-8c2b874092e3,65957b9e-8299-4607-a3b9-ba483c956b9e,c1,None,1583,?,i8,
1769501101.7618787,FORWARDED,ce2bd7fb-eb92-4268-a14f-8c2b874092e3,65957b9e-8299-4607-a3b9-ba483c956b9e,c1,None,1583,?,i8,
1769501102.0844884,SENT,fe56bb6b-a7ea-408f-923b-592d9918fd6e,8a0d6b22-3d13-4e6a-a333-7e2802fa9ac8,c4,DROP,1020,?,i4,
1769501102.084528,FORWARDED,fe56bb6b-a7ea-408f-923b-592d9918fd6e,8a0d6b22-3d13-4e6a-a333-7e2802fa9ac8,c4,DROP,1020,?,i4,
1769501102.2379518,RECEIVED,6aa69640-12fc-49f0-a6c0-612e5b95a2b4,2e33732b-c951-44d4-a3b5-df6a0efa1d4a,c3,DROP,1438,p3,?,
1769501102.2559984,RECEIVED,fdea5c3d-e4a5-4534-9f01-9a47582c74a2,1a11f8b2-bee3-478e-adea-ea36254062ff,c4,DROP,1447,p1,?,
1769501102.2731278,RECEIVED,fb68cef8-1668-4554-af74-d09adb15b4fc,33404c30-f2cd-4e2a-97f0-12fc9990339f,c3,DROP,1449,p3,?,
1769501102.2954874,SENT,fb68cef8-1668-4554-af74-d09adb15b4fc,33404c30-f2cd-4e2a-97f0-12fc9990339f,c3,DROP,1012,?,i6,
1769501102.2955267,FORWARDED,fb68cef8-1668-4554-af74-d09adb15b4fc,33404c30-f2cd-4e2a-97f0-12fc9990339f,c3,DROP,1012,?,i6,
1769501102.3691945,SENT,db1b6181-de26-4b6c-9741-b1506b6ee0e7,01876f60-8ee7-424f-a5e9-4e7b4be6e4f5,c2,c1,1780,?,i1,
1769501102.3692791,FORWARDED,db1b6181-de26-4b6c-9741-b1506b6ee0e7,01876f60-8ee7-424f-a5e9-4e7b4be6e4f5,c2,c1,1780,?,i1,
1769501102.5521948,RECEIVED,a3dacced-713f-431f-b3f3-222b0bf3234b,efeb7381-c369-4db0-9aac-82f3d99b34c9,c4,c3,2447,p1,?,
1769501102.641262,RECEIVED,bbb0fd98-baf5-47ab-8011-bc251622eff4,15db3153-43ac-487f-b526-e1c73175d93e,c2,DROP,1448,p2,?,
1769501102.7393925,RECEIVED,9dc4037d-a95b-4cf1-b8ac-dc3b0ddfac0b,c857344d-a5c9-49a9-b573-e25f44228e3b,c4,c3,2471,p1,?,
1769501102.7725143,SENT,fdea5c3d-e4a5-4534-9f01-9a47582c74a2,1a11f8b2-bee3-478e-adea-ea36254062ff,c4,DROP,1014,?,i4,
1769501102.7725575,FORWARDED,fdea5c3d-e4a5-4534-9f01-9a47582c74a2,1a11f8b2-bee3-478e-adea-ea36254062ff,c4,DROP,1014,?,i4,
1769501102.8017943,RECEIVED,1aaa4a70-5c32-43c1-96f4-e0af852b82ae,f86e1304-b59d-4f92-9bec-0fa687be8115,c1,DROP,1443,p1,?,
1769501102.8265588,RECEIVED,d3881550-26b8-4131-aaf2-ea6ced8400c2,caec8bbb-731e-4a6c-b631-fdb5f5582a6e,c2,DROP,1439,p2,?,
1769501102.8476295,SENT,9dc4037d-a95b-4cf1-b8ac-dc3b0ddfac0b,c857344d-a5c9-49a9-b573-e25f44228e3b,c4,c3,1780,?,i1,
1769501102.8476741,FORWARDED,9dc4037d-a95b-4cf1-b8ac-dc3b0ddfac0b,c857344d-a5c9-49a9-b573-e25f44228e3b,c4,c3,1780,?,i1,
1769501102.9343448,SENT,bbb0fd98-baf5-47ab-8011-bc251622eff4,15db3153-43ac-487f-b526-e1c73175d93e,c2,DROP,1012,?,i7,
1769501102.9343858,FORWARDED,bbb0fd98-baf5-47ab-8011-bc251622eff4,15db3153-43ac-487f-b526-e1c73175d93e,c2,DROP,1012,?,i7,
1769501103.0773396,RECEIVED,57a1e74f-d4fa-4f62-8632-7cf6565e7c6d,63ce26b8-bb6a-40f2-86e7-0d0f432e35c8,c5,c2,2460,p2,?,
1769501103.1251767,RECEIVED,088c2dea-2408-425a-bc96-e38ddda98028,fa953ede-105c-40bc-9038-bbf199f30461,c2,None,2236,p2,?,
1769501103.2386093,RECEIVED,ae8d7d65-968c-41c3-8f08-038b5a9da428,a935e8c6-dfa6-4d21-afec-614e026ae45d,c2,None,2223,p2,?,
1769501103.3259723,SENT,57a1e74f-d4fa-4f62-8632-7cf6565e7c6d,63ce26b8-bb6a-40f2-86e7-0d0f432e35c8,c5,c2,1771,?,i3,
1769501103.3260162,FORWARDED,57a1e74f-d4fa-4f62-8632-7cf6565e7c6d,63ce26b8-bb6a-40f2-86e7-0d0f432e35c8,c5,c2,1771,?,i3,
1769501103.3817446,SENT,088c2dea-2408-425a-bc96-e38ddda98028,fa953ede-105c-40bc-9038-bbf199f30461,c2,None,1603,?,i1,
1769501103.3817875,FORWARDED,088c2dea-2408-425a-bc96-e38ddda98028,fa953ede-105c-40bc-9038-bbf199f30461,c2,None,1603,?,i1,
1769501103.426848,RECEIVED,b4c8ef22-b479-4344-ae71-9c0838280cf6,363d8717-f034-48e7-9bd5-f6d26819b254,c4,c3,2456,p1,?,
1769501103.4516907,SENT,a3dacced-713f-431f-b3f3-222b0bf3234b,efeb7381-c369-4db0-9aac-82f3d99b34c9,c4,c3,1762,?,i9,
1769501103.4517343,FORWARDED,a3dacced-713f-431f-b3f3-222b0bf3234b,efeb7381-c369-4db0-9aac-82f3d99b34c9,c4,c3,1762,?,i9,
1769501103.4942534,SENT,b4c8ef22-b479-4344-ae71-9c0838280cf6,363d8717-f034-48e7-9bd5-f6d26819b254,c4,c3,1769,?,i5,
1769501103.4942977,FORWARDED,b4c8ef22-b479-4344-ae71-9c0838280cf6,363d8717-f034-48e7-9bd5-f6d26819b254,c4,c3,1769,?,i5,
1769501103.565075,SENT,d3881550-26b8-4131-aaf2-ea6ced8400c2,caec8bbb-731e-4a6c-b631-fdb5f5582a6e,c2,DROP,1007,?,i2,
1769501103.565121,FORWARDED,d3881550-26b8-4131-aaf2-ea6ced8400c2,caec8bbb-731e-4a6c-b631-fdb5f5582a6e,c2,DROP,1007,?,i2,
1769501103.6814241,SENT,1aaa4a70-5c32-43c1-96f4-e0af852b82ae,f86e1304-b59d-4f92-9bec-0fa687be8115,c1,DROP,1011,?,i6,
1769501103.6814663,FORWARDED,1aaa4a70-5c32-43c1-96f4-e0af852b82ae,f86e1304-b59d-4f92-9bec-0fa687be8115,c1,DROP,1011,?,i6,
1769501103.8222437,RECEIVED,b8896ac1-fb8f-45f5-848c-c25021e6a30a,7f5d0762-563d-4b59-8157-8f75d78c8bf6,c5,DROP,445,x10,?,
1769501104.067426,SENT,ae8d7d65-968c-41c3-8f08-038b5a9da428,a935e8c6-dfa6-4d21-afec-614e026ae45d,c2,None,1596,?,i4,
1769501104.0674684,FORWARDED,ae8d7d65-968c-41c3-8f08-038b5a9da428,a935e8c6-dfa6-4d21-afec-614e026ae45d,c2,None,1596,?,i4,
1769501104.183547,SENT,6aa69640-12fc-49f0-a6c0-612e5b95a2b4,2e33732b-c951-44d4-a3b5-df6a0efa1d4a,c3,DROP,1006,?,i2,
1769501104.183589,FORWARDED,6aa69640-12fc-49f0-a6c0-612e5b95a2b4,2e33732b-c951-44d4-a3b5-df6a0efa1d4a,c3,DROP,1006,?,i2,
1769501104.355777,RECEIVED,1747c54e-4c55-4d6d-8683-b7f4ec2287c7,f08eb0ba-4537-4f3b-8844-2888922f23fb,c5,DROP,1448,p2,?,
1769501104.3822646,SENT,1747c54e-4c55-4d6d-8683-b7f4ec2287c7,f08eb0ba-4537-4f3b-8844-2888922f23fb,c5,DROP,1012,?,i3,
1769501104.3823063,FORWARDED,1747c54e-4c55-4d6d-8683-b7f4ec2287c7,f08eb0ba-4537-4f3b-8844-2888922f23fb,c5,DROP,1012,?,i3,
1769501104.5022876,RECEIVED,0ba6715a-8fe5-4d5a-9dd2-6201577c467d,50d4f859-8f35-4539-8899-09ce87e8fbba,c3,DROP,1446,p3,?,
1769501104.5171714,RECEIVED,8be38a3f-4d8a-4b32-a9aa-529a0401e5a2,c700d10d-e92e-40e0-ad80-0dd14719ff3c,c1,DROP,1457,p1,?,
1769501104.7369702,SENT,8be38a3f-4d8a-4b32-a9aa-529a0401e5a2,c700d10d-e92e-40e0-ad80-0dd14719ff3c,c1,DROP,1019,?,i11,
1769501104.73701,FORWARDED,8be38a3f-4d8a-4b32-a9aa-529a0401e5a2,c700d10d-e92e-40e0-ad80-0dd14719ff3c,c1,DROP,1019,?,i11,
1769501104.7457874,RECEIVED,c518d27e-d551-462d-8cde-bfc7de5df791,6d03a6a7-01ea-4d42-b998-8f15a6b67626,c2,DROP,441,x10,?,
1769501104.7921038,RECEIVED,28d70af5-4d87-4c3c-bcc3-3ed5f05377d7,cbdd5808-cee7-49bd-90d8-2a776ca88ba0,c5,DROP,1456,p2,?,
1769501104.8260243,RECEIVED,ec3c47b3-1b14-48a9-9557-3004ee32fb35,cb8ac8d0-038c-4ec6-b8c9-592e173ac920,c4,DROP,1439,p1,?,
1769501104.8516717,RECEIVED,8db96a2a-de40-4c53-9c1a-ceea12186d18,b3afeab6-07bc-4475-bceb-70b03b5826d8,c3,DROP,1439,p3,?,
1769501104.9035325,RECEIVED,46b5f0b6-a0b9-43da-82a4-d6a14b5d9565,c50ce0da-515d-4915-9a96-5dadedd00bf3,c1,None,2224,p1,?,
1769501104.96168,RECEIVED,e200b377-231d-48d0-94e3-d8e790db98f0,e85f3ed7-5b72-443a-b459-8219eeaaf93b,c1,c5,2467,p1,?,
1769501104.9651482,RECEIVED,9e5619ba-e407-4c65-954c-603a6fd2433e,9d382efd-b081-496d-a65b-c8b9ecd50343,c1,DROP,442,x3,?,
1769501105.1654942,RECEIVED,64b83014-e1ac-4037-83ac-4f04e1cdccba,c9fc381d-1dd3-48a8-8b2e-ed5d1253fd69,c4,DROP,441,x8,?,
1769501105.2818787,RECEIVED,0d1e2c3a-3a73-49e4-8465-6f7ef0e83784,06e9da2e-6636-42df-9fde-d0530b31a54a,c4,DROP,1448,p1,?,
1769501105.305292,RECEIVED,784a06ea-3beb-48e2-9487-8cb6ce0b13f9,422d83da-6933-4c17-88ff-48059ae0d17a,c5,DROP,1452,p2,?,
1769501105.3406954,SENT,0d1e2c3a-3a73-49e4-8465-6f7ef0e83784,06e9da2e-6636-42df-9fde-d0530b31a54a,c4,DROP,1012,?,i3,
1769501105.340735,FORWARDED,0d1e2c3a-3a73-49e4-8465-6f7ef0e83784,06e9da2e-6636-42df-9fde-d0530b31a54a,c4,DROP,1012,?,i3,
1769501105.3757026,RECEIVED,1ca9c7c3-0510-4d8d-a0d3-be9cce6e28dc,4c5b88d0-3712-431c-bb6b-b81f4d59ce8d,c4,DROP,1440,p1,?,
1769501105.3856187,SENT,46b5f0b6-a0b9-43da-82a4-d6a14b5d9565,c50ce0da-515d-4915-9a96-5dadedd00bf3,c1,None,1596,?,i2,
1769501105.385665,FORWARDED,46b5f0b6-a0b9-43da-82a4-d6a14b5d9565,c50ce0da-515d-4915-9a96-5dadedd00bf3,c1,None,1596,?,i2,
1769501105.4049711,SENT,8db96a2a-de40-4c53-9c1a-ceea12186d18,b3afeab6-07bc-4475-bceb-70b03b5826d8,c3,DROP,1008,?,i9,
1769501105.4050155,FORWARDED,8db96a2a-de40-4c53-9c1a-ceea12186d18,b3afeab6-07bc-4475-bceb-70b03b5826d8,c3,DROP,1008,?,i9,
1769501105.4644647,SENT,28d70af5-4d87-4c3c-bcc3-3ed5f05377d7,cbdd5808-cee7-49bd-90d8-2a776ca88ba0,c5,DROP,1018,?,i11,
1769501105.4645073,FORWARDED,28d70af5-4d87-4c3c-bcc3-3ed5f05377d7,cbdd5808-cee7-49bd-90d8-2a776ca88ba0,c5,DROP,1018,?,i11,
1769501105.473742,SENT,784a06ea-3beb-48e2-9487-8cb6ce0b13f9,422d83da-6933-4c17-88ff-48059ae0d17a,c5,DROP,1016,?,i7,
1769501105.4737837,FORWARDED,784a06ea-3beb-48e2-9487-8cb6ce0b13f9,422d83da-6933-4c17-88ff-48059ae0d17a,c5,DROP,1016,?,i7,
1769501105.5551932,SENT,ec3c47b3-1b14-48a9-9557-3004ee32fb35,cb8ac8d0-038c-4ec6-b8c9-592e173ac920,c4,DROP,1007,?,i3,
1769501105.555235,FORWARDED,ec3c47b3-1b14-48a9-9557-3004ee32fb35,cb8ac8d0-038c-4ec6-b8c9-592e173ac920,c4,DROP,1007,?,i3,
1769501105.6782105,SENT,1ca9c7c3-0510-4d8d-a0d3-be9cce6e28dc,4c5b88d0-3712-431c-bb6b-b81f4d59ce8d,c4,DROP,1008,?,i12,
1769501105.6782544,FORWARDED,1ca9c7c3-0510-4d8d-a0d3-be9cce6e28dc,4c5b88d0-3712-431c-bb6b-b81f4d59ce8d,c4,DROP,1008,?,i12,
1769501105.6847956,RECEIVED,a39f4239-8544-418d-a85b-eeedfec2a4db,5195174d-e2f3-4770-89d9-886200600562,c5,DROP,1430,p2,?,
1769501105.6941755,SENT,e200b377-231d-48d0-94e3-d8e790db98f0,e85f3ed7-5b72-443a-b459-8219eeaaf93b,c1,c5,1777,?,i6,
1769501105.694222,FORWARDED,e200b377-231d-48d0-94e3-d8e790db98f0,e85f3ed7-5b72-443a-b459-8219eeaaf93b,c1,c5,1777,?,i6,
1769501106.0178273,RECEIVED,9c83ca87-c5af-4d14-85cb-b60bd8f53b41,4d289868-29b2-4fc9-bf83-c495791c2985,c2,c1,2451,p2,?,
1769501106.0799687,RECEIVED,2f01b73a-f096-4fe6-95f9-d1bc1ebc879e,45aafc10-818e-4344-ab6e-997624b6de37,c1,DROP,1440,p1,?,
1769501106.0929177,RECEIVED,02591adb-f866-4b54-957d-8c387d5acafb,f8667d95-db7c-4227-b6aa-b870e3629204,c5,c2,2463,p2,?,
1769501106.1360416,SENT,0ba6715a-8fe5-4d5a-9dd2-6201577c467d,50d4f859-8f35-4539-8899-09ce87e8fbba,c3,DROP,1013,?,i9,
1769501106.1360996,FORWARDED,0ba6715a-8fe5-4d5a-9dd2-6201577c467d,50d4f859-8f35-4539-8899-09ce87e8fbba,c3,DROP,1013,?,i9,
1769501106.1722105,RECEIVED,405eaba1-8336-468f-8c61-4210ce134e36,1dfbdeb2-bede-410a-ad3f-bd92e0ee794f,c2,DROP,1440,p2,?,
1769501106.1828537,RECEIVED,f9ec3896-6ba1-4e1b-bae5-df763714ba3d,7037114b-9b3c-4818-9cd0-61d81118d4aa,c1,DROP,1440,p1,?,
1769501106.1856112,SENT,9c83ca87-c5af-4d14-85cb-b60bd8f53b41,4d289868-29b2-4fc9-bf83-c495791c2985,c2,c1,1767,?,i7,
1769501106.1856518,FORWARDED,9c83ca87-c5af-4d14-85cb-b60bd8f53b41,4d289868-29b2-4fc9-bf83-c495791c2985,c2,c1,1767,?,i7,
1769501106.2510908,SENT,405eaba1-8336-468f-8c61-4210ce134e36,1dfbdeb2-bede-410a-ad3f-bd92e0ee794f,c2,DROP,1007,?,i4,
1769501106.2511308,FORWARDED,405eaba1-8336-468f-8c61-4210ce134e36,1dfbdeb2-bede-410a-ad3f-bd92e0ee794f,c2,DROP,1007,?,i4,
1769501106.2714875,RECEIVED,ff1f04e4-d9e6-4f5f-b2ea-3b8d63cd2e33,e22f00ff-b04b-408e-99fe-af7beb64b733,c1,DROP,1440,p1,?,
1769501106.4529374,RECEIVED,af0087eb-2dd7-47b4-8aa3-afb9da36ea86,f3c42764-74d1-4ca5-a259-ccde537958b6,c5,DROP,445,x12,?,
1769501106.4699965,RECEIVED,7dfc6316-1ec0-4aaf-b309-c7cba16057d8,92bcf6a4-df01-45e6-8188-cba05a2c0dcb,c3,DROP,1453,p3,?,
1769501106.553626,SENT,ff1f04e4-d9e6-4f5f-b2ea-3b8d63cd2e33,e22f00ff-b04b-408e-99fe-af7beb64b733,c1,DROP,1008,?,i6,
1769501106.5536666,FORWARDED,ff1f04e4-d9e6-4f5f-b2ea-3b8d63cd2e33,e22f00ff-b04b-408e-99fe-af7beb64b733,c1,DROP,1008,?,i6,
1769501106.5791688,SENT,2f01b73a-f096-4fe6-95f9-d1bc1ebc879e,45aafc10-818e-4344-ab6e-997624b6de37,c1,DROP,1007,?,i10,
1769501106.5792098,FORWARDED,2f01b73a-f096-4fe6-95f9-d1bc1ebc879e,45aafc10-818e-4344-ab6e-997624b6de37,c1,DROP,1007,?,i10,
1769501106.671134,SENT,7dfc6316-1ec0-4aaf-b309-c7cba16057d8,92bcf6a4-df01-45e6-8188-cba05a2c0dcb,c3,DROP,1016,?,i10,
1769501106.6711771,FORWARDED,7dfc6316-1ec0-4aaf-b309-c7cba16057d8,92bcf6a4-df01-45e6-8188-cba05a2c0dcb,c3,DROP,1016,?,i10,
1769501106.6868014,SENT,a39f4239-8544-418d-a85b-eeedfec2a4db,5195174d-e2f3-4770-89d9-886200600562,c5,DROP,1001,?,i8,
1769501106.6868427,FORWARDED,a39f4239-8544-418d-a85b-eeedfec2a4db,5195174d-e2f3-4770-89d9-886200600562,c5,DROP,1001,?,i8,
1769501106.8979843,RECEIVED,8fd735b4-8fb8-46bb-b06e-92b9bf56f1a5,d3459d45-b11d-4fc8-996f-52ba64a7032d,c4,None,2248,p1,?,
1769501106.9709866,SENT,f9ec3896-6ba1-4e1b-bae5-df763714ba3d,7037114b-9b3c-4818-9cd0-61d81118d4aa,c1,DROP,1008,?,i12,
1769501106.9710274,FORWARDED,f9ec3896-6ba1-4e1b-bae5-df763714ba3d,7037114b-9b3c-4818-9cd0-61d81118d4aa,c1,DROP,1008,?,i12,
1769501106.984248,RECEIVED,7c294914-b2b7-4371-89fd-d92f1a73c503,2fb84d30-466a-4904-bac6-7e9d034add0a,c2,DROP,1440,p2,?,
1769501107.1087728,SENT,02591adb-f866-4b54-957d-8c387d5acafb,f8667d95-db7c-4227-b6aa-b870e3629204,c5,c2,1775,?,i9,
1769501107.1088123,FORWARDED,02591adb-f866-4b54-957d-8c387d5acafb,f8667d95-db7c-4227-b6aa-b870e3629204,c5,c2,1775,?,i9,
1769501107.127924,RECEIVED,0bd14325-4509-45aa-9ac2-7e58600d2b87,cf2d7604-0526-4c97-8db9-3b0cfe695830,c3,DROP,1456,p3,?,
1769501107.1407335,RECEIVED,598dcde4-e7cd-4174-b678-fea604eb2518,42021a19-7476-4f2a-b19d-0ba5a36fe09e,c5,None,2233,p2,?,
1769501107.1498554,RECEIVED,6a83a738-8ece-4d80-9da1-0e99e3f20fab,7d29bafe-b344-4365-855e-3619285e73f1,c2,None,2223,p2,?,
1769501107.2157106,RECEIVED,4164e51a-ecc2-4a18-a865-227ea5e65d62,aed98ff7-159f-49e3-ba21-55b7e49a4be3,c1,DROP,441,x6,?,
1769501107.3659663,SENT,0bd14325-4509-45aa-9ac2-7e58600d2b87,cf2d7604-0526-4c97-8db9-3b0cfe695830,c3,DROP,1018,?,i12,
1769501107.3660083,FORWARDED,0bd14325-4509-45aa-9ac2-7e58600d2b87,cf2d7604-0526-4c97-8db9-3b0cfe695830,c3,DROP,1018,?,i12,
1769501107.3693082,SENT,598dcde4-e7cd-4174-b678-fea604eb2518,42021a19-7476-4f2a-b19d-0ba5a36fe09e,c5,None,1600,?,i12,
1769501107.369351,FORWARDED,598dcde4-e7cd-4174-b678-fea604eb2518,42021a19-7476-4f2a-b19d-0ba5a36fe09e,c5,None,1600,?,i12,
1769501107.6665196,SENT,8fd735b4-8fb8-46bb-b06e-92b9bf56f1a5,d3459d45-b11d-4fc8-996f-52ba64a7032d,c4,None,1612,?,i12,
1769501107.6665623,FORWARDED,8fd735b4-8fb8-46bb-b06e-92b9bf56f1a5,d3459d45-b11d-4fc8-996f-52ba64a7032d,c4,None,1612,?,i12,
1769501107.7051427,RECEIVED,ae2e1c91-a0b8-42ee-a719-67555ddcb497,f860a276-e55b-437a-bb7d-765806e8de8f,c4,DROP,1449,p1,?,
1769501107.7291212,RECEIVED,3ca6faee-a103-4e17-9bae-538ec9ea3a2d,f7d3474a-c4cb-4a82-8592-3f9151fb48bb,c2,c1,2451,p2,?,
1769501107.7539485,SENT,ae2e1c91-a0b8-42ee-a719-67555ddcb497,f860a276-e55b-437a-bb7d-765806e8de8f,c4,DROP,1012,?,i4,
1769501107.7539892,FORWARDED,ae2e1c91-a0b8-42ee-a719-67555ddcb497,f860a276-e55b-437a-bb7d-765806e8de8f,c4,DROP,1012,?,i4,
1769501107.757574,SENT,7c294914-b2b7-4371-89fd-d92f1a73c503,2fb84d30-466a-4904-bac6-7e9d034add0a,c2,DROP,1007,?,i10,
1769501107.757615,FORWARDED,7c294914-b2b7-4371-89fd-d92f1a73c503,2fb84d30-466a-4904-bac6-7e9d034add0a,c2,DROP,1007,?,i10,
1769501107.8952498,SENT,6a83a738-8ece-4d80-9da1-0e99e3f20fab,7d29bafe-b344-4365-855e-3619285e73f1,c2,None,1596,?,i5,
1769501107.8952901,FORWARDED,6a83a738-8ece-4d80-9da1-0e99e3f20fab,7d29bafe-b344-4365-855e-3619285e73f1,c2,None,1596,?,i5,
1769501108.4624755,RECEIVED,a1b7da86-008d-4a3c-acec-3fbf71190dcc,502a2cf9-f828-49c6-b0b0-f7610b6c2f3e,c2,DROP,1445,p2,?,
1769501108.4706638,RECEIVED,0ff94a0e-aab6-4745-83ce-febe4d23b976,3b4888ff-b4f9-4362-9eb2-bd21da1e0e18,c5,c2,2447,p2,?,
1769501108.4946225,SENT,a1b7da86-008d-4a3c-acec-3fbf71190dcc,502a2cf9-f828-49c6-b0b0-f7610b6c2f3e,c2,DROP,1011,?,i6,
1769501108.4946637,FORWARDED,a1b7da86-008d-4a3c-acec-3fbf71190dcc,502a2cf9-f828-49c6-b0b0-f7610b6c2f3e,c2,DROP,1011,?,i6,
1769501108.4972162,RECEIVED,f8e5c738-15bd-4aec-95a9-719b58045acf,ccb16dae-c1cb-49a6-abc6-c4c6cdccfb71,c2,DROP,1435,p2,?,
1769501108.5288513,RECEIVED,e3431d80-f43b-4909-bd2b-0a73be2f234e,f52e7d5c-a60a-4d44-9854-65fe7acc6e8a,c1,DROP,441,x2,?,
1769501108.6661572,RECEIVED,1470c723-c8fb-4ff6-9280-e6032a60684d,747beeb7-040b-47a7-99ad-3525fc1f8ad2,c2,DROP,1452,p2,?,
1769501108.6761465,SENT,3ca6faee-a103-4e17-9bae-538ec9ea3a2d,f7d3474a-c4cb-4a82-8592-3f9151fb48bb,c2,c1,1767,?,i5,
1769501108.6761866,FORWARDED,3ca6faee-a103-4e17-9bae-538ec9ea3a2d,f7d3474a-c4cb-4a82-8592-3f9151fb48bb,c2,c1,1767,?,i5,
1769501108.7348113,SENT,1470c723-c8fb-4ff6-9280-e6032a60684d,747beeb7-040b-47a7-99ad-3525fc1f8ad2,c2,DROP,1015,?,i5,
1769501108.7348547,FORWARDED,1470c723-c8fb-4ff6-9280-e6032a60684d,747beeb7-040b-47a7-99ad-3525fc1f8ad2,c2,DROP,1015,?,i5,
1769501108.75669,RECEIVED,0beb006c-528f-4c42-959a-3f44c58384fc,7a737815-770f-49c4-9ad2-d6a162c2d1e5,c4,DROP,1443,p1,?,
1769501108.8676715,RECEIVED,ab864dd5-1c6f-4bde-a6a4-cbc0e9139a18,48add8c5-aab9-49e4-8401-e74ec6e8663f,c2,DROP,1451,p2,?,
1769501108.8846543,SENT,0ff94a0e-aab6-4745-83ce-febe4d23b976,3b4888ff-b4f9-4362-9eb2-bd21da1e0e18,c5,c2,1764,?,i1,
1769501108.8846958,FORWARDED,0ff94a0e-aab6-4745-83ce-febe4d23b976,3b4888ff-b4f9-4362-9eb2-bd21da1e0e18,c5,c2,1764,?,i1,
1769501108.9890335,SENT,0beb006c-528f-4c42-959a-3f44c58384fc,7a737815-770f-49c4-9ad2-d6a162c2d1e5,c4,DROP,1009,?,i4,
1769501108.9890857,FORWARDED,0beb006c-528f-4c42-959a-3f44c58384fc,7a737815-770f-49c4-9ad2-d6a162c2d1e5,c4,DROP,1009,?,i4,
1769501108.99067,RECEIVED,c0417398-03bd-43b2-9e88-d8f764221048,d3f19793-02d9-414a-848b-457a878958a4,c4,DROP,1451,p1,?,
1769501109.229539,SENT,f8e5c738-15bd-4aec-95a9-719b58045acf,ccb16dae-c1cb-49a6-abc6-c4c6cdccfb71,c2,DROP,1004,?,i4,
1769501109.2295806,FORWARDED,f8e5c738-15bd-4aec-95a9-719b58045acf,ccb16dae-c1cb-49a6-abc6-c4c6cdccfb71,c2,DROP,1004,?,i4,
1769501109.2760143,SENT,ab864dd5-1c6f-4bde-a6a4-cbc0e9139a18,48add8c5-aab9-49e4-8401-e74ec6e8663f,c2,DROP,1017,?,i2,
1769501109.2760675,FORWARDED,ab864dd5-1c6f-4bde-a6a4-cbc0e9139a18,48add8c5-aab9-49e4-8401-e74ec6e8663f,c2,DROP,1017,?,i2,
1769501109.4283893,RECEIVED,5c073045-4458-42f1-8a9c-d25a6ee092e7,00083162-88ed-4c46-ae33-881e05ff12b2,c5,c2,2456,p2,?,
1769501109.4556897,RECEIVED,0eb4e20f-8f6d-4139-9c32-6800c052bc28,dc4d064b-2f01-4d84-b6d7-3f6300dde296,c2,DROP,1448,p2,?,
1769501109.5467815,SENT,c0417398-03bd-43b2-9e88-d8f764221048,d3f19793-02d9-414a-848b-457a878958a4,c4,DROP,1015,?,i5,
1769501109.5468233,FORWARDED,c0417398-03bd-43b2-9e88-d8f764221048,d3f19793-02d9-414a-848b-457a878958a4,c4,DROP,1015,?,i5,
1769501109.5597618,SENT,5c073045-4458-42f1-8a9c-d25a6ee092e7,00083162-88ed-4c46-ae33-881e05ff12b2,c5,c2,1770,?,i2,
1769501109.559804,FORWARDED,5c073045-4458-42f1-8a9c-d25a6ee092e7,00083162-88ed-4c46-ae33-881e05ff12b2,c5,c2,1770,?,i2,
1769501109.6100042,RECEIVED,0937ebf7-305e-4717-ad77-773a103d0d3c,4002c443-ac57-4baa-8f2b-dc16c640d52b,c1,DROP,441,x2,?,
1769501109.6571605,SENT,0eb4e20f-8f6d-4139-9c32-6800c052bc28,dc4d064b-2f01-4d84-b6d7-3f6300dde296,c2,DROP,1012,?,i7,
1769501109.6572168,FORWARDED,0eb4e20f-8f6d-4139-9c32-6800c052bc28,dc4d064b-2f01-4d84-b6d7-3f6300dde296,c2,DROP,1012,?,i7,
1769501109.7036386,RECEIVED,1e2c0afb-8201-42b2-a8f3-95823c304920,86168ca8-5530-41a8-b35d-3e07d17987ad,c5,c2,2463,p2,?,
1769501109.760023,RECEIVED,4bcc7c7c-b811-44fb-8730-7cd6bf084d70,c8cf1130-ac17-457e-b804-0016833433ff,c2,DROP,1439,p2,?,
1769501109.8183963,RECEIVED,1d0d3512-186f-4d56-96f3-57277cb6aad3,f6e21bdf-bcc5-4b46-aeb7-112fd14f00f7,c4,DROP,445,x3,?,
1769501109.8914545,RECEIVED,e41286e8-02a2-4e4b-b1d2-9c6d0a6a40ff,3e64a3ce-0711-4172-8275-552174e35720,c2,None,2235,p2,?,
1769501110.1605425,RECEIVED,c1e22d64-3f6e-4170-9e92-6aea2cbcc057,f1d0ffb7-ba94-40f8-a74a-0fd7ff7a9cc1,c1,DROP,441,x12,?,
1769501110.169408,SENT,e41286e8-02a2-4e4b-b1d2-9c6d0a6a40ff,3e64a3ce-0711-4172-8275-552174e35720,c2,None,1603,?,i6,
1769501110.1694503,FORWARDED,e41286e8-02a2-4e4b-b1d2-9c6d0a6a40ff,3e64a3ce-0711-4172-8275-552174e35720,c2,None,1603,?,i6,
1769501110.1777189,SENT,1e2c0afb-8201-42b2-a8f3-95823c304920,86168ca8-5530-41a8-b35d-3e07d17987ad,c5,c2,1775,?,i7,
1769501110.177778,FORWARDED,1e2c0afb-8201-42b2-a8f3-95823c304920,86168ca8-5530-41a8-b35d-3e07d17987ad,c5,c2,1775,?,i7,
1769501110.2324915,RECEIVED,6c0fd06b-acc6-410d-8a75-f58ba0133b68,37497680-20d5-40d6-8a49-2d93ade64840,c3,c4,2458,p3,?,
1769501110.3410056,RECEIVED,09bee217-0ddb-4074-ad77-2952c4f9cb04,63d10bc0-9aa3-430b-bb77-64cd92eb3d6f,c1,DROP,1464,p1,?,
1769501110.5601938,SENT,6c0fd06b-acc6-410d-8a75-f58ba0133b68,37497680-20d5-40d6-8a49-2d93ade64840,c3,c4,1771,?,i4,
1769501110.5602381,FORWARDED,6c0fd06b-acc6-410d-8a75-f58ba0133b68,37497680-20d5-40d6-8a49-2d93ade64840,c3,c4,1771,?,i4,
1769501110.6775289,RECEIVED,bb59cc71-0d26-4312-9a81-2d2a3e9952f5,0950c708-0ea6-4dc0-b45a-acaa25c05abc,c2,c1,2473,p2,?,
1769501110.7083871,RECEIVED,efbd0d4d-83ac-4916-b1e6-bb6453a7a7f0,2f09a4d9-abfd-4158-9a8d-c36fddf3bbbf,c1,DROP,1441,p1,?,
1769501110.7269907,RECEIVED,56f0295d-b65c-42d3-9464-8e0e846cf8ee,219254bb-eeab-4527-b6ee-3bd09cbe9611,c4,DROP,1447,p1,?,
1769501110.7387583,RECEIVED,6eacfbf2-901a-456a-9135-694f741e8b86,9ef23952-b503-4713-b286-e4a048315d82,c1,DROP,442,x10,?,
1769501110.7918372,SENT,efbd0d4d-83ac-4916-b1e6-bb6453a7a7f0,2f09a4d9-abfd-4158-9a8d-c36fddf3bbbf,c1,DROP,1007,?,i11,
1769501110.7918801,FORWARDED,efbd0d4d-83ac-4916-b1e6-bb6453a7a7f0,2f09a4d9-abfd-4158-9a8d-c36fddf3bbbf,c1,DROP,1007,?,i11,
1769501110.8096757,RECEIVED,e2177238-fe81-4dc6-8a48-edb3b370e9f9,5678f043-762a-44a9-b58e-586dde78e73b,c3,c4,2451,p3,?,
1769501110.8476124,RECEIVED,f19880e1-3e39-4345-a2b4-1b0682d2c293,efe92357-01ee-41c8-9210-28687972f65f,c2,DROP,1450,p2,?,
1769501110.8644018,SENT,4bcc7c7c-b811-44fb-8730-7cd6bf084d70,c8cf1130-ac17-457e-b804-0016833433ff,c2,DROP,1006,?,i4,
1769501110.8644423,FORWARDED,4bcc7c7c-b811-44fb-8730-7cd6bf084d70,c8cf1130-ac17-457e-b804-0016833433ff,c2,DROP,1006,?,i4,
1769501111.0119252,SENT,56f0295d-b65c-42d3-9464-8e0e846cf8ee,219254bb-eeab-4527-b6ee-3bd09cbe9611,c4,DROP,1014,?,i6,
1769501111.0119672,FORWARDED,56f0295d-b65c-42d3-9464-8e0e846cf8ee,219254bb-eeab-4527-b6ee-3bd09cbe9611,c4,DROP,1014,?,i6,
1769501111.0211902,RECEIVED,23747db4-ff3c-49b3-8112-0cec10e4c37e,13c75f2c-6ca3-4fa1-a461-2a286daff025,c4,DROP,1448,p1,?,
1769501111.039548,RECEIVED,72259113-3dd5-43b7-924c-a377a9b266a1,8e592016-24a7-44cb-88a9-a8ab8e5a6201,c2,DROP,1441,p2,?,
1769501111.0404449,RECEIVED,f40cfae3-696f-4bb1-9bfe-01f300fa2902,5b025d0e-fefa-4cb2-841d-da121ec52b62,c5,DROP,442,x4,?,
1769501111.0967312,SENT,72259113-3dd5-43b7-924c-a377a9b266a1,8e592016-24a7-44cb-88a9-a8ab8e5a6201,c2,DROP,1008,?,i7,
1769501111.0967727,FORWARDED,72259113-3dd5-43b7-924c-a377a9b266a1,8e592016-24a7-44cb-88a9-a8ab8e5a6201,c2,DROP,1008,?,i7,
1769501111.0987072,SENT,23747db4-ff3c-49b3-8112-0cec10e4c37e,13c75f2c-6ca3-4fa1-a461-2a286daff025,c4,DROP,1013,?,i7,
1769501111.0987482,FORWARDED,23747db4-ff3c-49b3-8112-0cec10e4c37e,13c75f2c-6ca3-4fa1-a461-2a286daff025,c4,DROP,1013,?,i7,
1769501111.162241,SENT,bb59cc71-0d26-4312-9a81-2d2a3e9952f5,0950c708-0ea6-4dc0-b45a-acaa25c05abc,c2,c1,1780,?,i10,
1769501111.1622841,FORWARDED,bb59cc71-0d26-4312-9a81-2d2a3e9952f5,0950c708-0ea6-4dc0-b45a-acaa25c05abc,c2,c1,1780,?,i10,
1769501111.197359,RECEIVED,f280fa78-4ef8-4086-9afa-28a2f51bd32f,aba2780f-cfcb-4d4d-bd65-36ea54b872b4,c2,DROP,1451,p2,?,
1769501111.2218416,RECEIVED,86a6a9e4-de2a-4995-b2e7-cfbe1c9cd8a3,e8a68e47-7482-4762-b74d-a456d8e5c1f8,c3,DROP,1449,p3,?,
1769501111.2547855,SENT,f19880e1-3e39-4345-a2b4-1b0682d2c293,efe92357-01ee-41c8-9210-28687972f65f,c2,DROP,1016,?,i8,
1769501111.254828,FORWARDED,f19880e1-3e39-4345-a2b4-1b0682d2c293,efe92357-01ee-41c8-9210-28687972f65f,c2,DROP,1016,?,i8,
1769501111.3329918,RECEIVED,a28f38e8-24d8-4718-bacf-5dfcc9c74861,1612bbbe-7349-4f20-9e37-0e8dfb50c428,c2,DROP,441,x7,?,
1769501111.3489504,RECEIVED,0288cfcf-cbfb-49ba-865b-d256dfbbe311,3c486194-60d4-4ac3-9fd2-9e7b56406864,c3,DROP,1444,p3,?,
1769501111.3799164,RECEIVED,47fccbbd-f3a1-4bd9-80d4-4bea72101937,9af1fcf9-2cdb-4331-aaa3-c2faa438f8ab,c4,DROP,1441,p1,?,
1769501111.4429843,SENT,47fccbbd-f3a1-4bd9-80d4-4bea72101937,9af1fcf9-2cdb-4331-aaa3-c2faa438f8ab,c4,DROP,1008,?,i12,
1769501111.4430375,FORWARDED,47fccbbd-f3a1-4bd9-80d4-4bea72101937,9af1fcf9-2cdb-4331-aaa3-c2faa438f8ab,c4,DROP,1008,?,i12,
1769501111.4473546,SENT,e2177238-fe81-4dc6-8a48-edb3b370e9f9,5678f043-762a-44a9-b58e-586dde78e73b,c3,c4,1767,?,i7,
1769501111.447731,FORWARDED,e2177238-fe81-4dc6-8a48-edb3b370e9f9,5678f043-762a-44a9-b58e-586dde78e73b,c3,c4,1767,?,i7,
1769501111.474571,RECEIVED,fa7fa63b-afac-4a1d-b314-f9696590736d,b07139a6-71bc-49ac-81df-135d195318a6,c3,c4,2471,p3,?,
1769501111.5571876,RECEIVED,d0cb648c-528e-471c-9e02-25be674afad3,c84d5086-380b-4163-9183-362142d8fe8d,c4,None,2231,p1,?,
1769501111.578558,SENT,86a6a9e4-de2a-4995-b2e7-cfbe1c9cd8a3,e8a68e47-7482-4762-b74d-a456d8e5c1f8,c3,DROP,1015,?,i4,
1769501111.5785995,FORWARDED,86a6a9e4-de2a-4995-b2e7-cfbe1c9cd8a3,e8a68e47-7482-4762-b74d-a456d8e5c1f8,c3,DROP,1015,?,i4,
1769501111.6805704,RECEIVED,6e9d3139-c0bb-43cb-9030-c6c9d8e906f7,ad8df429-b23f-439b-8437-bbeabc90f9dd,c3,DROP,1452,p3,?,
1769501111.7918863,SENT,6e9d3139-c0bb-43cb-9030-c6c9d8e906f7,ad8df429-b23f-439b-8437-bbeabc90f9dd,c3,DROP,1017,?,i5,
1769501111.7919285,FORWARDED,6e9d3139-c0bb-43cb-9030-c6c9d8e906f7,ad8df429-b23f-439b-8437-bbeabc90f9dd,c3,DROP,1017,?,i5,
1769501111.8853667,SENT,fa7fa63b-afac-4a1d-b314-f9696590736d,b07139a6-71bc-49ac-81df-135d195318a6,c3,c4,1780,?,i12,
1769501111.8854089,FORWARDED,fa7fa63b-afac-4a1d-b314-f9696590736d,b07139a6-71bc-49ac-81df-135d195318a6,c3,c4,1780,?,i12,
1769501111.9334564,SENT,d0cb648c-528e-471c-9e02-25be674afad3,c84d5086-380b-4163-9183-362142d8fe8d,c4,None,1600,?,i1,
1769501111.9335012,FORWARDED,d0cb648c-528e-471c-9e02-25be674afad3,c84d5086-380b-4163-9183-362142d8fe8d,c4,None,1600,?,i1,
1769501112.0570168,RECEIVED,fafa29ad-af1f-4f56-8818-76c90cf2fed8,544e79ce-1dfa-4987-a5e3-95c6403d57db,c1,DROP,1439,p1,?,
1769501112.059207,RECEIVED,92d30b5e-6a28-483c-957e-67942aa759fd,dfe7e301-3d23-4c9f-a55c-cd8b900f01b1,c2,DROP,1452,p2,?,
1769501112.0731454,SENT,09bee217-0ddb-4074-ad77-2952c4f9cb04,63d10bc0-9aa3-430b-bb77-64cd92eb3d6f,c1,DROP,1025,?,i11,
1769501112.073185,FORWARDED,09bee217-0ddb-4074-ad77-2952c4f9cb04,63d10bc0-9aa3-430b-bb77-64cd92eb3d6f,c1,DROP,1025,?,i11,
1769501112.0874834,RECEIVED,c0b1a930-28ed-48fa-be6f-f12ba3222747,1cf6d549-486f-4b7e-ab14-228e253ce9f7,c2,DROP,1449,p2,?,
1769501112.0889027,RECEIVED,1d3e5481-31ec-4db6-82c8-324c4ca257be,1cd8384f-3c37-433e-902c-d15ca66f930d,c4,DROP,442,x2,?,
1769501112.153999,RECEIVED,777b3b96-9e96-4227-a115-b6f6e188d768,51e0045b-b8eb-4176-ba83-ab2f30239ffd,c5,None,2227,p2,?,
1769501112.1777012,SENT,c0b1a930-28ed-48fa-be6f-f12ba3222747,1cf6d549-486f-4b7e-ab14-228e253ce9f7,c2,DROP,1012,?,i12,
1769501112.1777434,FORWARDED,c0b1a930-28ed-48fa-be6f-f12ba3222747,1cf6d549-486f-4b7e-ab14-228e253ce9f7,c2,DROP,1012,?,i12,
1769501112.3245845,RECEIVED,30006efb-55e0-4e00-bbd9-1e0a21bfdab0,a2005f01-9ffc-4a86-90ca-0938f0e4b088,c5,DROP,1444,p2,?,
1769501112.3348086,SENT,fafa29ad-af1f-4f56-8818-76c90cf2fed8,544e79ce-1dfa-4987-a5e3-95c6403d57db,c1,DROP,1007,?,i8,
1769501112.3348477,FORWARDED,fafa29ad-af1f-4f56-8818-76c90cf2fed8,544e79ce-1dfa-4987-a5e3-95c6403d57db,c1,DROP,1007,?,i8,
1769501112.3638647,SENT,30006efb-55e0-4e00-bbd9-1e0a21bfdab0,a2005f01-9ffc-4a86-90ca-0938f0e4b088,c5,DROP,1009,?,i3,
1769501112.3639038,FORWARDED,30006efb-55e0-4e00-bbd9-1e0a21bfdab0,a2005f01-9ffc-4a86-90ca-0938f0e4b088,c5,DROP,1009,?,i3,
1769501112.484607,SENT,777b3b96-9e96-4227-a115-b6f6e188d768,51e0045b-b8eb-4176-ba83-ab2f30239ffd,c5,None,1597,?,i4,
1769501112.4846487,FORWARDED,777b3b96-9e96-4227-a115-b6f6e188d768,51e0045b-b8eb-4176-ba83-ab2f30239ffd,c5,None,1597,?,i4,
1769501112.5559719,SENT,0288cfcf-cbfb-49ba-865b-d256dfbbe311,3c486194-60d4-4ac3-9fd2-9e7b56406864,c3,DROP,1011,?,i12,
1769501112.5560145,FORWARDED,0288cfcf-cbfb-49ba-865b-d256dfbbe311,3c486194-60d4-4ac3-9fd2-9e7b56406864,c3,DROP,1011,?,i12,
1769501112.5712397,SENT,f280fa78-4ef8-4086-9afa-28a2f51bd32f,aba2780f-cfcb-4d4d-bd65-36ea54b872b4,c2,DROP,1016,?,i9,
1769501112.571281,FORWARDED,f280fa78-4ef8-4086-9afa-28a2f51bd32f,aba2780f-cfcb-4d4d-bd65-36ea54b872b4,c2,DROP,1016,?,i9,
1769501112.643473,RECEIVED,a8df2de2-e081-40c1-9f91-fe1169b1dd27,717be342-2137-490f-8a05-e5da3b4a7b5c,c2,DROP,442,x2,?,
1769501112.6441598,RECEIVED,8e67bec4-b072-49e9-bbdd-18f422c5aeaa,e27a950e-df56-461b-83a9-dcec095e9840,c5,None,2223,p2,?,
1769501112.7373145,RECEIVED,74723a27-a394-437f-a07c-d2608b29df24,5d54f864-43fb-4120-9ac4-5d8da4cdd10c,c1,c5,2463,p1,?,
1769501112.809025,SENT,74723a27-a394-437f-a07c-d2608b29df24,5d54f864-43fb-4120-9ac4-5d8da4cdd10c,c1,c5,1776,?,i8,
1769501112.809075,FORWARDED,74723a27-a394-437f-a07c-d2608b29df24,5d54f864-43fb-4120-9ac4-5d8da4cdd10c,c1,c5,1776,?,i8,
1769501112.8322785,SENT,92d30b5e-6a28-483c-957e-67942aa759fd,dfe7e301-3d23-4c9f-a55c-cd8b900f01b1,c2,DROP,1016,?,i11,
1769501112.8323202,FORWARDED,92d30b5e-6a28-483c-957e-67942aa759fd,dfe7e301-3d23-4c9f-a55c-cd8b900f01b1,c2,DROP,1016,?,i11,
1769501112.9357567,RECEIVED,b852d9e0-97c5-4212-87c5-46206cd4c1bb,148621a6-2aa4-4cee-9b9e-465ac2c79de6,c2,DROP,1448,p2,?,
1769501112.9377441,RECEIVED,99ad89d8-662f-4f95-8c38-05445e32417f,8b412fb7-9b0d-4056-ad0e-28a8dd0f38b8,c5,DROP,1440,p2,?,
1769501113.0347798,SENT,b852d9e0-97c5-4212-87c5-46206cd4c1bb,148621a6-2aa4-4cee-9b9e-465ac2c79de6,c2,DROP,1013,?,i8,
1769501113.034938,FORWARDED,b852d9e0-97c5-4212-87c5-46206cd4c1bb,148621a6-2aa4-4cee-9b9e-465ac2c79de6,c2,DROP,1013,?,i8,
1769501113.0980263,SENT,99ad89d8-662f-4f95-8c38-05445e32417f,8b412fb7-9b0d-4056-ad0e-28a8dd0f38b8,c5,DROP,1007,?,i10,
1769501113.0980785,FORWARDED,99ad89d8-662f-4f95-8c38-05445e32417f,8b412fb7-9b0d-4056-ad0e-28a8dd0f38b8,c5,DROP,1007,?,i10,
1769501113.1204388,RECEIVED,60f40870-7210-4bc6-8a20-9b2996bc0f7a,b936601c-8fef-49f5-b0d5-2a5eeb20f2bc,c3,DROP,1452,p3,?,
1769501113.1997845,SENT,60f40870-7210-4bc6-8a20-9b2996bc0f7a,b936601c-8fef-49f5-b0d5-2a5eeb20f2bc,c3,DROP,1015,?,i2,
1769501113.1998255,FORWARDED,60f40870-7210-4bc6-8a20-9b2996bc0f7a,b936601c-8fef-49f5-b0d5-2a5eeb20f2bc,c3,DROP,1015,?,i2,
1769501113.243401,SENT,8e67bec4-b072-49e9-bbdd-18f422c5aeaa,e27a950e-df56-461b-83a9-dcec095e9840,c5,None,1595,?,i8,
1769501113.2434437,FORWARDED,8e67bec4-b072-49e9-bbdd-18f422c5aeaa,e27a950e-df56-461b-83a9-dcec095e9840,c5,None,1595,?,i8,
1769501113.4147758,RECEIVED,c83ab0e3-fc05-49ae-846a-bd7c2b37b7c5,f251896f-ac54-41ae-8ac1-52b999fcc62b,c3,DROP,1443,p3,?,
1769501113.4274578,RECEIVED,c3d255fb-9f22-46a9-be0a-b9b4929f58e1,7ded8468-177d-4fbc-84af-e99848574e54,c4,None,2241,p1,?,
1769501113.5205631,SENT,c3d255fb-9f22-46a9-be0a-b9b4929f58e1,7ded8468-177d-4fbc-84af-e99848574e54,c4,None,1607,?,i6,
1769501113.5206068,FORWARDED,c3d255fb-9f22-46a9-be0a-b9b4929f58e1,7ded8468-177d-4fbc-84af-e99848574e54,c4,None,1607,?,i6,
1769501113.7005363,RECEIVED,1ed12cb7-bea5-49c0-a07b-2524aec83bcc,71cc37e2-fd2c-466c-8bf9-9f8ee129189b,c3,DROP,1451,p3,?,
1769501113.704286,RECEIVED,c0b7a896-81a2-46fc-a943-d5671a1698d7,77d4f133-317e-44b9-9820-41a2bec72fb7,c3,DROP,1439,p3,?,
1769501114.1876771,SENT,1ed12cb7-bea5-49c0-a07b-2524aec83bcc,71cc37e2-fd2c-466c-8bf9-9f8ee129189b,c3,DROP,1015,?,i8,
1769501114.1877189,FORWARDED,1ed12cb7-bea5-49c0-a07b-2524aec83bcc,71cc37e2-fd2c-466c-8bf9-9f8ee129189b,c3,DROP,1015,?,i8,
1769501114.1968005,RECEIVED,b8e03e8f-01cc-4947-a980-104cbe354f61,5b5d5baf-cbb5-4190-b5f4-ed66bf915734,c2,DROP,442,x9,?,
1769501114.2312865,RECEIVED,2bd98403-caca-43a4-801a-47c9be7399d6,a65684b1-22d8-4dc6-9c79-fbd21f2ac13a,c2,DROP,1452,p2,?,
1769501114.2909617,SENT,2bd98403-caca-43a4-801a-47c9be7399d6,a65684b1-22d8-4dc6-9c79-fbd21f2ac13a,c2,DROP,1017,?,i1,
1769501114.2910016,FORWARDED,2bd98403-caca-43a4-801a-47c9be7399d6,a65684b1-22d8-4dc6-9c79-fbd21f2ac13a,c2,DROP,1017,?,i1,
1769501114.3343117,RECEIVED,3bd66f8d-6fe7-47a8-b48c-0470b3fbbb4b,bc0be2c3-9f9f-4874-8dc1-5bac9fbaab6c,c4,DROP,1440,p1,?,
1769501114.4035819,RECEIVED,b14135b3-0579-4fe4-a1bb-c30ea8f11a05,7140126e-dad0-40fa-a8fa-48e4d2fda70b,c3,c4,2448,p3,?,
1769501114.4181201,SENT,3bd66f8d-6fe7-47a8-b48c-0470b3fbbb4b,bc0be2c3-9f9f-4874-8dc1-5bac9fbaab6c,c4,DROP,1008,?,i4,
1769501114.418162,FORWARDED,3bd66f8d-6fe7-47a8-b48c-0470b3fbbb4b,bc0be2c3-9f9f-4874-8dc1-5bac9fbaab6c,c4,DROP,1008,?,i4,
1769501114.4578085,RECEIVED,bbf4c024-1cfa-41df-be22-9bf895f61b7d,79b8d9c4-f85f-4fa7-a0b4-19e333927078,c3,DROP,1428,p3,?,
1769501114.5493178,RECEIVED,c2ddabdd-9600-4b0c-92a0-44c296bd9303,ae647e8f-e4ed-445e-acd7-cbbc5c8e7da9,c5,DROP,1440,p2,?,
1769501114.6806107,RECEIVED,7340030a-1be6-4257-bd9c-cbd0f65592a0,cdb3ece8-97f8-4638-abdd-85d305d19fa4,c3,DROP,1450,p3,?,
1769501114.7095842,RECEIVED,3a0d9f7b-f94d-45b4-b977-d3b1520653f0,856f25cc-ac9d-431b-88cc-dadaa3b74b74,c1,DROP,441,x3,?,
1769501114.7756379,RECEIVED,5931b9e8-86a7-41a4-a894-e93ba14af8e8,3dae0310-27d2-4634-800b-b61a6cb20ac6,c2,DROP,441,x9,?,
1769501114.7854798,SENT,c2ddabdd-9600-4b0c-92a0-44c296bd9303,ae647e8f-e4ed-445e-acd7-cbbc5c8e7da9,c5,DROP,1007,?,i2,
1769501114.7855194,FORWARDED,c2ddabdd-9600-4b0c-92a0-44c296bd9303,ae647e8f-e4ed-445e-acd7-cbbc5c8e7da9,c5,DROP,1007,?,i2,
1769501114.8671267,SENT,bbf4c024-1cfa-41df-be22-9bf895f61b7d,79b8d9c4-f85f-4fa7-a0b4-19e333927078,c3,DROP,999,?,i8,
1769501114.8671684,FORWARDED,bbf4c024-1cfa-41df-be22-9bf895f61b7d,79b8d9c4-f85f-4fa7-a0b4-19e333927078,c3,DROP,999,?,i8,
1769501114.960545,SENT,c0b7a896-81a2-46fc-a943-d5671a1698d7,77d4f133-317e-44b9-9820-41a2bec72fb7,c3,DROP,1008,?,i1,
1769501114.9605892,FORWARDED,c0b7a896-81a2-46fc-a943-d5671a1698d7,77d4f133-317e-44b9-9820-41a2bec72fb7,c3,DROP,1008,?,i1,
1769501114.98353,RECEIVED,42a44603-a9d3-4413-9fe7-2d55c5f42b32,c26c7a9c-23d0-4897-b973-6fa5eb17f127,c3,c4,2464,p3,?,
1769501115.0518863,SENT,b14135b3-0579-4fe4-a1bb-c30ea8f11a05,7140126e-dad0-40fa-a8fa-48e4d2fda70b,c3,c4,1764,?,i12,
1769501115.0519297,FORWARDED,b14135b3-0579-4fe4-a1bb-c30ea8f11a05,7140126e-dad0-40fa-a8fa-48e4d2fda70b,c3,c4,1764,?,i12,
1769501115.1341324,RECEIVED,590b475a-913d-448f-8799-11848c147e78,e41b1301-0378-40dd-9dd3-cba2a63bbe3c,c2,DROP,1438,p2,?,
1769501115.1572442,SENT,c83ab0e3-fc05-49ae-846a-bd7c2b37b7c5,f251896f-ac54-41ae-8ac1-52b999fcc62b,c3,DROP,1009,?,i1,
1769501115.1578968,FORWARDED,c83ab0e3-fc05-49ae-846a-bd7c2b37b7c5,f251896f-ac54-41ae-8ac1-52b999fcc62b,c3,DROP,1009,?,i1,
1769501115.1904266,RECEIVED,207315d8-26e6-4c98-9a9d-ce0c1563963e,7f15a8b2-a6cd-46a2-94af-b0d10f979b16,c1,DROP,1447,p1,?,
1769501115.37781,RECEIVED,a95f213e-61b2-40e8-b0b1-50807419e2c5,d8f54ff1-0be9-45d5-a1bf-e5092b583aa9,c5,DROP,1450,p2,?,
1769501115.4657726,SENT,42a44603-a9d3-4413-9fe7-2d55c5f42b32,c26c7a9c-23d0-4897-b973-6fa5eb17f127,c3,c4,1775,?,i10,
1769501115.4658158,FORWARDED,42a44603-a9d3-4413-9fe7-2d55c5f42b32,c26c7a9c-23d0-4897-b973-6fa5eb17f127,c3,c4,1775,?,i10,
1769501115.4900088,SENT,590b475a-913d-448f-8799-11848c147e78,e41b1301-0378-40dd-9dd3-cba2a63bbe3c,c2,DROP,1008,?,i1,
1769501115.4900603,FORWARDED,590b475a-913d-448f-8799-11848c147e78,e41b1301-0378-40dd-9dd3-cba2a63bbe3c,c2,DROP,1008,?,i1,
1769501115.4919586,RECEIVED,4066cbcb-e068-4d12-96eb-d1bf99cbb11f,a7e6d2cd-22ea-4545-88d5-47088e41489a,c1,None,2232,p1,?,
1769501115.547213,RECEIVED,121df03a-ac98-4945-ac83-c7f2d6d95b24,08f8b920-04c8-426b-8c02-75dbbf70d655,c1,DROP,1439,p1,?,
1769501115.6549475,SENT,a95f213e-61b2-40e8-b0b1-50807419e2c5,d8f54ff1-0be9-45d5-a1bf-e5092b583aa9,c5,DROP,1015,?,i7,
1769501115.6549902,FORWARDED,a95f213e-61b2-40e8-b0b1-50807419e2c5,d8f54ff1-0be9-45d5-a1bf-e5092b583aa9,c5,DROP,1015,?,i7,
1769501115.706719,RECEIVED,b9c1b908-1b80-4f17-9942-ed367706d3d7,774b721e-2904-4124-b490-4b798db2e553,c2,DROP,1443,p2,?,
1769501115.7526872,RECEIVED,be035541-2cb1-45b2-a467-ed9cbc7adbcc,5ebcf8b9-5bd6-4abc-9923-47869f5bef89,c1,DROP,1456,p1,?,
1769501115.7933962,RECEIVED,f6f93aa7-a082-4721-b15e-5f88493389a2,4e715632-7750-4ac8-abec-efdfaeb82f17,c5,DROP,1460,p2,?,
1769501115.8269486,SENT,be035541-2cb1-45b2-a467-ed9cbc7adbcc,5ebcf8b9-5bd6-4abc-9923-47869f5bef89,c1,DROP,1019,?,i10,
1769501115.8269901,FORWARDED,be035541-2cb1-45b2-a467-ed9cbc7adbcc,5ebcf8b9-5bd6-4abc-9923-47869f5bef89,c1,DROP,1019,?,i10,
1769501115.8595417,SENT,121df03a-ac98-4945-ac83-c7f2d6d95b24,08f8b920-04c8-426b-8c02-75dbbf70d655,c1,DROP,1008,?,i1,
1769501115.8595822,FORWARDED,121df03a-ac98-4945-ac83-c7f2d6d95b24,08f8b920-04c8-426b-8c02-75dbbf70d655,c1,DROP,1008,?,i1,
1769501115.9024925,SENT,f6f93aa7-a082-4721-b15e-5f88493389a2,4e715632-7750-4ac8-abec-efdfaeb82f17,c5,DROP,1021,?,i3,
1769501115.9025347,FORWARDED,f6f93aa7-a082-4721-b15e-5f88493389a2,4e715632-7750-4ac8-abec-efdfaeb82f17,c5,DROP,1021,?,i3,
1769501115.9246728,RECEIVED,42325e8a-64c0-4e67-ac75-521d49084969,08b4adf5-5f59-4bb6-84af-7e3fe6db326f,c3,c4,2472,p3,?,
1769501116.0381627,RECEIVED,4e419efd-5b7a-44a5-9e08-122741b48c25,c3a27f7a-9bb2-4751-b56d-b3e77f1b6cdb,c5,DROP,1441,p2,?,
1769501116.1284966,RECEIVED,6f45441f-5d93-4597-a0bd-57784cbf1d04,8aee2bf9-891b-4b9a-a19e-50cc3c64c589,c2,DROP,1440,p2,?,
1769501116.1892347,SENT,4e419efd-5b7a-44a5-9e08-122741b48c25,c3a27f7a-9bb2-4751-b56d-b3e77f1b6cdb,c5,DROP,1008,?,i10,
1769501116.189273,FORWARDED,4e419efd-5b7a-44a5-9e08-122741b48c25,c3a27f7a-9bb2-4751-b56d-b3e77f1b6cdb,c5,DROP,1008,?,i10,
1769501116.2059052,SENT,4066cbcb-e068-4d12-96eb-d1bf99cbb11f,a7e6d2cd-22ea-4545-88d5-47088e41489a,c1,None,1600,?,i10,
1769501116.2059484,FORWARDED,4066cbcb-e068-4d12-96eb-d1bf99cbb11f,a7e6d2cd-22ea-4545-88d5-47088e41489a,c1,None,1600,?,i10,
1769501116.206556,RECEIVED,92bfa285-722f-45b0-8c54-1288479ce522,855efbbf-3c88-4706-820f-9541abf18b7f,c3,DROP,1436,p3,?,
1769501116.267568,SENT,6f45441f-5d93-4597-a0bd-57784cbf1d04,8aee2bf9-891b-4b9a-a19e-50cc3c64c589,c2,DROP,1008,?,i4,
1769501116.2676065,FORWARDED,6f45441f-5d93-4597-a0bd-57784cbf1d04,8aee2bf9-891b-4b9a-a19e-50cc3c64c589,c2,DROP,1008,?,i4,
1769501116.2977235,SENT,92bfa285-722f-45b0-8c54-1288479ce522,855efbbf-3c88-4706-820f-9541abf18b7f,c3,DROP,1003,?,i9,
1769501116.297767,FORWARDED,92bfa285-722f-45b0-8c54-1288479ce522,855efbbf-3c88-4706-820f-9541abf18b7f,c3,DROP,1003,?,i9,
1769501116.304658,SENT,207315d8-26e6-4c98-9a9d-ce0c1563963e,7f15a8b2-a6cd-46a2-94af-b0d10f979b16,c1,DROP,1012,?,i3,
1769501116.3047006,FORWARDED,207315d8-26e6-4c98-9a9d-ce0c1563963e,7f15a8b2-a6cd-46a2-94af-b0d10f979b16,c1,DROP,1012,?,i3,
1769501116.5014539,SENT,42325e8a-64c0-4e67-ac75-521d49084969,08b4adf5-5f59-4bb6-84af-7e3fe6db326f,c3,c4,1781,?,i11,
1769501116.501493,FORWARDED,42325e8a-64c0-4e67-ac75-521d49084969,08b4adf5-5f59-4bb6-84af-7e3fe6db326f,c3,c4,1781,?,i11,
1769501116.6181939,SENT,b9c1b908-1b80-4f17-9942-ed367706d3d7,774b721e-2904-4124-b490-4b798db2e553,c2,DROP,1010,?,i9,
1769501116.6182368,FORWARDED,b9c1b908-1b80-4f17-9942-ed367706d3d7,774b721e-2904-4124-b490-4b798db2e553,c2,DROP,1010,?,i9,
1769501116.6739638,RECEIVED,c4f31c78-1df6-4f97-8075-5d4b921a36b2,b57f32e0-5fe5-41a6-b7a8-ac66e461d834,c3,DROP,1438,p3,?,
1769501116.6890225,RECEIVED,ae478fa8-e8d1-4e20-ae63-e57b04779e99,96db599d-1173-4708-aa48-acffd813c525,c5,DROP,1439,p2,?,
1769501116.7032542,RECEIVED,1b809309-884c-406e-9af0-39961a50efaf,2970c637-f11c-4dbc-bc8c-0b564f9fa29d,c2,c1,2462,p2,?,
1769501116.7207506,RECEIVED,08254fd7-4ffa-4019-87d8-07593b45d8d4,39a27b68-e199-4e81-8f1c-a35a27b7fab9,c1,None,2223,p1,?,
1769501116.7786517,RECEIVED,49cbe9ea-7050-4e6b-beb7-227b43fd72df,1b3127be-4b11-415c-80f7-763568021f9f,c5,DROP,1451,p2,?,
1769501116.8829677,SENT,7340030a-1be6-4257-bd9c-cbd0f65592a0,cdb3ece8-97f8-4638-abdd-85d305d19fa4,c3,DROP,1016,?,i6,
1769501116.8830118,FORWARDED,7340030a-1be6-4257-bd9c-cbd0f65592a0,cdb3ece8-97f8-4638-abdd-85d305d19fa4,c3,DROP,1016,?,i6,
1769501117.2389398,SENT,ae478fa8-e8d1-4e20-ae63-e57b04779e99,96db599d-1173-4708-aa48-acffd813c525,c5,DROP,1007,?,i7,
1769501117.2389798,FORWARDED,ae478fa8-e8d1-4e20-ae63-e57b04779e99,96db599d-1173-4708-aa48-acffd813c525,c5,DROP,1007,?,i7,
1769501117.4653952,RECEIVED,ec3ababd-4a4a-4f41-81e3-9ff458afa7f5,e1ef0242-7650-466e-ab8c-a3a3f0937758,c4,DROP,1455,p1,?,
1769501117.5414429,RECEIVED,e8f2aa75-4f09-40a0-924a-0607eb934ecf,a8502880-a6d1-4105-aabc-f4355293c089,c2,DROP,442,x2,?,
1769501117.8801732,SENT,49cbe9ea-7050-4e6b-beb7-227b43fd72df,1b3127be-4b11-415c-80f7-763568021f9f,c5,DROP,1016,?,i6,
1769501117.8802145,FORWARDED,49cbe9ea-7050-4e6b-beb7-227b43fd72df,1b3127be-4b11-415c-80f7-763568021f9f,c5,DROP,1016,?,i6,
1769501118.1309218,RECEIVED,019c362d-3f91-475f-9950-de061ea7e2cc,7b233b26-4ca2-456b-9a54-2e6ac6ef933d,c5,DROP,1441,p2,?,
1769501118.134381,RECEIVED,02d3451b-9b52-46b0-a846-ca1ff3d93f39,328916ff-ef65-4782-bdad-dec072ec5cb6,c1,c5,2449,p1,?,
1769501118.1472752,RECEIVED,4235c890-c37e-4581-aeed-bde0f48a889f,29080780-ec11-4e4e-b5f5-4f65a2409994,c5,None,2227,p2,?,
1769501118.220383,SENT,019c362d-3f91-475f-9950-de061ea7e2cc,7b233b26-4ca2-456b-9a54-2e6ac6ef933d,c5,DROP,1008,?,i10,
1769501118.220426,FORWARDED,019c362d-3f91-475f-9950-de061ea7e2cc,7b233b26-4ca2-456b-9a54-2e6ac6ef933d,c5,DROP,1008,?,i10,
1769501118.2536428,RECEIVED,4641e5d1-6f48-4877-866c-2aa07ac044ca,9abff2f7-52c7-4f06-b201-38c7e56181d5,c5,c2,2455,p2,?,
1769501118.2739246,RECEIVED,23d4257b-68f0-41cb-9b53-54c6fc495a13,1f0e8601-a240-4599-bd20-ab04d340adff,c2,DROP,441,x7,?,
1769501118.3052583,RECEIVED,4d1d8b97-5ac0-4812-8c72-de914fe17465,ebceecc9-cdfd-44b7-8526-1a418ac2f95f,c5,DROP,1451,p2,?,
1769501118.3753946,SENT,02d3451b-9b52-46b0-a846-ca1ff3d93f39,328916ff-ef65-4782-bdad-dec072ec5cb6,c1,c5,1764,?,i10,
1769501118.375446,FORWARDED,02d3451b-9b52-46b0-a846-ca1ff3d93f39,328916ff-ef65-4782-bdad-dec072ec5cb6,c1,c5,1764,?,i10,
1769501118.488198,SENT,4641e5d1-6f48-4877-866c-2aa07ac044ca,9abff2f7-52c7-4f06-b201-38c7e56181d5,c5,c2,1768,?,i9,
1769501118.488241,FORWARDED,4641e5d1-6f48-4877-866c-2aa07ac044ca,9abff2f7-52c7-4f06-b201-38c7e56181d5,c5,c2,1768,?,i9,
1769501118.6074991,SENT,08254fd7-4ffa-4019-87d8-07593b45d8d4,39a27b68-e199-4e81-8f1c-a35a27b7fab9,c1,None,1596,?,i3,
1769501118.6075401,FORWARDED,08254fd7-4ffa-4019-87d8-07593b45d8d4,39a27b68-e199-4e81-8f1c-a35a27b7fab9,c1,None,1596,?,i3,
1769501118.6174955,RECEIVED,f2fda194-0b72-416e-9a89-4920ef97f38a,7761076d-f80c-481e-9373-22e0172a5596,c5,DROP,1440,p2,?,
1769501118.6327183,RECEIVED,ece529d0-2052-4202-9d0a-b793ce18746f,b7812985-a255-41cf-8d55-2e1533045161,c2,None,2223,p2,?,
1769501118.6789355,SENT,c4f31c78-1df6-4f97-8075-5d4b921a36b2,b57f32e0-5fe5-41a6-b7a8-ac66e461d834,c3,DROP,1007,?,i8,
1769501118.6789753,FORWARDED,c4f31c78-1df6-4f97-8075-5d4b921a36b2,b57f32e0-5fe5-41a6-b7a8-ac66e461d834,c3,DROP,1007,?,i8,
1769501118.695195,RECEIVED,860ef8df-5c49-449d-b157-92b082f417e9,53099414-b828-4cdd-843a-6002527e1a50,c2,DROP,1440,p2,?,
1769501118.7539012,SENT,ec3ababd-4a4a-4f41-81e3-9ff458afa7f5,e1ef0242-7650-466e-ab8c-a3a3f0937758,c4,DROP,1020,?,i12,
1769501118.7539434,FORWARDED,ec3ababd-4a4a-4f41-81e3-9ff458afa7f5,e1ef0242-7650-466e-ab8c-a3a3f0937758,c4,DROP,1020,?,i12,
1769501118.761482,SENT,f2fda194-0b72-416e-9a89-4920ef97f38a,7761076d-f80c-481e-9373-22e0172a5596,c5,DROP,1008,?,i1,
1769501118.761526,FORWARDED,f2fda194-0b72-416e-9a89-4920ef97f38a,7761076d-f80c-481e-9373-22e0172a5596,c5,DROP,1008,?,i1,
1769501118.7847614,RECEIVED,711d8621-bcea-4f7f-9872-f1ea9c8158e5,0433b391-517b-4fac-b7d5-e2ff6abea48b,c2,c1,2473,p2,?,
1769501118.8228152,SENT,860ef8df-5c49-449d-b157-92b082f417e9,53099414-b828-4cdd-843a-6002527e1a50,c2,DROP,1007,?,i5,
1769501118.8228512,FORWARDED,860ef8df-5c49-449d-b157-92b082f417e9,53099414-b828-4cdd-843a-6002527e1a50,c2,DROP,1007,?,i5,
1769501118.839394,SENT,711d8621-bcea-4f7f-9872-f1ea9c8158e5,0433b391-517b-4fac-b7d5-e2ff6abea48b,c2,c1,1780,?,i12,
1769501118.8398101,FORWARDED,711d8621-bcea-4f7f-9872-f1ea9c8158e5,0433b391-517b-4fac-b7d5-e2ff6abea48b,c2,c1,1780,?,i12,
1769501118.8493059,RECEIVED,495bbeae-a9bb-4b59-899a-99994627daf9,00b6dcf5-48e6-4146-8576-f12236206e80,c2,DROP,441,x3,?,
1769501118.8840394,SENT,ece529d0-2052-4202-9d0a-b793ce18746f,b7812985-a255-41cf-8d55-2e1533045161,c2,None,1596,?,i9,
1769501118.8841054,FORWARDED,ece529d0-2052-4202-9d0a-b793ce18746f,b7812985-a255-41cf-8d55-2e1533045161,c2,None,1596,?,i9,
1769501118.9072812,RECEIVED,044d0e5d-75c9-4d91-b2a2-28c9b2d8746f,30682a4f-d32d-4c67-be9a-a9bd1aa0fc05,c4,DROP,1439,p1,?,
1769501118.9273918,SENT,4235c890-c37e-4581-aeed-bde0f48a889f,29080780-ec11-4e4e-b5f5-4f65a2409994,c5,None,1599,?,i6,
1769501118.9274335,FORWARDED,4235c890-c37e-4581-aeed-bde0f48a889f,29080780-ec11-4e4e-b5f5-4f65a2409994,c5,None,1599,?,i6,
1769501118.9604795,RECEIVED,c7089146-146c-41c0-9a6d-8458ccc47786,acaabe79-5fd7-4e8b-84b8-c163fe0e7754,c3,DROP,445,x10,?,
1769501119.0643213,RECEIVED,0d1b2c9b-94b6-4724-9d8e-49768957579b,1d00a82c-8af3-48b1-b83a-3acf5d8344a7,c1,DROP,1439,p1,?,
1769501119.285338,RECEIVED,445dcff9-5a46-4f3e-8674-cdd00a863e71,5e0e17d0-4884-48bf-8e6c-dff7bfa22ce2,c4,None,2223,p1,?,
1769501119.4420078,RECEIVED,1cdf4efb-2be7-494d-aee7-c2e78f9d279a,5028f16e-158d-40c6-9822-6108147251c3,c5,DROP,1451,p2,?,
1769501119.4799087,RECEIVED,a2bb6624-8005-4df3-8b85-92122e90a36a,383a9dad-4068-49de-892d-d17b90ee9c8c,c2,DROP,1441,p2,?,
1769501119.5687988,SENT,1b809309-884c-406e-9af0-39961a50efaf,2970c637-f11c-4dbc-bc8c-0b564f9fa29d,c2,c1,1776,?,i1,
1769501119.5688365,FORWARDED,1b809309-884c-406e-9af0-39961a50efaf,2970c637-f11c-4dbc-bc8c-0b564f9fa29d,c2,c1,1776,?,i1,
1769501119.5816743,SENT,a2bb6624-8005-4df3-8b85-92122e90a36a,383a9dad-4068-49de-892d-d17b90ee9c8c,c2,DROP,1007,?,i12,
1769501119.581716,FORWARDED,a2bb6624-8005-4df3-8b85-92122e90a36a,383a9dad-4068-49de-892d-d17b90ee9c8c,c2,DROP,1007,?,i12,
1769501119.5993593,SENT,044d0e5d-75c9-4d91-b2a2-28c9b2d8746f,30682a4f-d32d-4c67-be9a-a9bd1aa0fc05,c4,DROP,1007,?,i5,
1769501119.599401,FORWARDED,044d0e5d-75c9-4d91-b2a2-28c9b2d8746f,30682a4f-d32d-4c67-be9a-a9bd1aa0fc05,c4,DROP,1007,?,i5,
1769501119.731279,SENT,0d1b2c9b-94b6-4724-9d8e-49768957579b,1d00a82c-8af3-48b1-b83a-3acf5d8344a7,c1,DROP,1008,?,i1,
1769501119.7313213,FORWARDED,0d1b2c9b-94b6-4724-9d8e-49768957579b,1d00a82c-8af3-48b1-b83a-3acf5d8344a7,c1,DROP,1008,?,i1,
1769501119.7549732,RECEIVED,e5cb3649-d3b0-4782-b468-96bdd2e2f9a6,74dec0c6-cedd-4028-b58d-9121d8f334fa,c5,c2,2469,p2,?,
1769501119.8210342,SENT,1cdf4efb-2be7-494d-aee7-c2e78f9d279a,5028f16e-158d-40c6-9822-6108147251c3,c5,DROP,1017,?,i4,
1769501119.8210883,FORWARDED,1cdf4efb-2be7-494d-aee7-c2e78f9d279a,5028f16e-158d-40c6-9822-6108147251c3,c5,DROP,1017,?,i4,
1769501120.0066736,RECEIVED,e43020f9-c64e-4861-823b-eaf2ed9c0398,5e94e2d8-0829-4b55-a6d5-231fb314869e,c3,DROP,1461,p3,?,
1769501120.0380967,SENT,e5cb3649-d3b0-4782-b468-96bdd2e2f9a6,74dec0c6-cedd-4028-b58d-9121d8f334fa,c5,c2,1777,?,i10,
1769501120.0381343,FORWARDED,e5cb3649-d3b0-4782-b468-96bdd2e2f9a6,74dec0c6-cedd-4028-b58d-9121d8f334fa,c5,c2,1777,?,i10,
1769501120.1639836,RECEIVED,90c209d4-4e31-4bce-a889-31c1813cb31f,6033bd09-0b1d-4453-9a14-fc2e3c31e712,c4,None,2239,p1,?,
1769501120.1796222,SENT,e43020f9-c64e-4861-823b-eaf2ed9c0398,5e94e2d8-0829-4b55-a6d5-231fb314869e,c3,DROP,1021,?,i11,
1769501120.1796649,FORWARDED,e43020f9-c64e-4861-823b-eaf2ed9c0398,5e94e2d8-0829-4b55-a6d5-231fb314869e,c3,DROP,1021,?,i11,
1769501120.1800196,RECEIVED,6bf4fc6e-79c8-4504-a412-824b9d0b6778,31871c34-0f63-4acf-b04f-5273a88f13fb,c4,DROP,1451,p1,?,
1769501120.3040957,RECEIVED,e063aaf0-a498-4cf9-9f5c-dc15a023324a,74c47abe-563b-4c2d-a1db-51d15b057166,c1,DROP,441,x8,?,
1769501120.547857,RECEIVED,4e354fe9-c41f-4a58-a15a-83ca5d89a169,d22fc34c-37cf-46ff-b1a0-9234e89dd52a,c2,DROP,1450,p2,?,
1769501120.6367784,RECEIVED,ad49d1fb-6f2e-439d-a75f-4fe622151b34,be466493-f79e-4703-81dc-ac6147e5a447,c4,DROP,442,x8,?,
1769501120.7210207,SENT,90c209d4-4e31-4bce-a889-31c1813cb31f,6033bd09-0b1d-4453-9a14-fc2e3c31e712,c4,None,1607,?,i8,
1769501120.721079,FORWARDED,90c209d4-4e31-4bce-a889-31c1813cb31f,6033bd09-0b1d-4453-9a14-fc2e3c31e712,c4,None,1607,?,i8,
1769501120.734352,RECEIVED,3e9dc675-252e-4958-adc5-650c3b1c67c2,3c02868c-7f12-4789-94f4-7ac47e4a8979,c3,DROP,1439,p3,?,
1769501120.765735,RECEIVED,9a144611-ab2a-4318-aaaf-1407a26637e1,9239fc89-d5ac-46e2-9bf1-10b32dcf6edf,c1,DROP,1452,p1,?,
1769501120.7997,SENT,6bf4fc6e-79c8-4504-a412-824b9d0b6778,31871c34-0f63-4acf-b04f-5273a88f13fb,c4,DROP,1015,?,i1,
1769501120.799743,FORWARDED,6bf4fc6e-79c8-4504-a412-824b9d0b6778,31871c34-0f63-4acf-b04f-5273a88f13fb,c4,DROP,1015,?,i1,
1769501120.8389935,RECEIVED,799c7e7d-6bec-42e7-a830-002902790b54,844c7d1b-1251-4597-a252-e9bf5455dbb8,c3,DROP,1440,p3,?,
1769501120.8517919,RECEIVED,55b2babf-1f65-4ef4-a1c6-db11fdc933a2,a659c904-0b0f-4a99-b76e-ab1d58fc3d07,c1,DROP,442,x10,?,
1769501120.8542283,SENT,9a144611-ab2a-4318-aaaf-1407a26637e1,9239fc89-d5ac-46e2-9bf1-10b32dcf6edf,c1,DROP,1016,?,i4,
1769501120.854266,FORWARDED,9a144611-ab2a-4318-aaaf-1407a26637e1,9239fc89-d5ac-46e2-9bf1-10b32dcf6edf,c1,DROP,1016,?,i4,
1769501120.8863983,SENT,799c7e7d-6bec-42e7-a830-002902790b54,844c7d1b-1251-4597-a252-e9bf5455dbb8,c3,DROP,1008,?,i9,
1769501120.886442,FORWARDED,799c7e7d-6bec-42e7-a830-002902790b54,844c7d1b-1251-4597-a252-e9bf5455dbb8,c3,DROP,1008,?,i9,
1769501120.898012,RECEIVED,b564d12f-d30d-4a3c-b4e0-04056397237f,094d1b30-b77d-4915-acc4-ddb9f8655762,c5,DROP,1435,p2,?,
1769501121.0579824,RECEIVED,2231ae9a-30e3-46e4-b5dc-0cafbef43d40,e5b77ace-58d3-493e-bf83-bf5b488ae700,c5,c2,2448,p2,?,
1769501121.1031172,SENT,4e354fe9-c41f-4a58-a15a-83ca5d89a169,d22fc34c-37cf-46ff-b1a0-9234e89dd52a,c2,DROP,1015,?,i4,
1769501121.103162,FORWARDED,4e354fe9-c41f-4a58-a15a-83ca5d89a169,d22fc34c-37cf-46ff-b1a0-9234e89dd52a,c2,DROP,1015,?,i4,
1769501121.149025,RECEIVED,5fb8767c-e245-4b59-a906-b52f8362bab6,b84d4315-fdd7-4704-b479-5b865f711eb7,c2,c1,2451,p2,?,
1769501121.1685364,SENT,3e9dc675-252e-4958-adc5-650c3b1c67c2,3c02868c-7f12-4789-94f4-7ac47e4a8979,c3,DROP,1008,?,i1,
1769501121.1685798,FORWARDED,3e9dc675-252e-4958-adc5-650c3b1c67c2,3c02868c-7f12-4789-94f4-7ac47e4a8979,c3,DROP,1008,?,i1,
1769501121.1972568,SENT,445dcff9-5a46-4f3e-8674-cdd00a863e71,5e0e17d0-4884-48bf-8e6c-dff7bfa22ce2,c4,None,1595,?,i10,
1769501121.1973023,FORWARDED,445dcff9-5a46-4f3e-8674-cdd00a863e71,5e0e17d0-4884-48bf-8e6c-dff7bfa22ce2,c4,None,1595,?,i10,
1769501121.2554948,SENT,2231ae9a-30e3-46e4-b5dc-0cafbef43d40,e5b77ace-58d3-493e-bf83-bf5b488ae700,c5,c2,1763,?,i3,
1769501121.255536,FORWARDED,2231ae9a-30e3-46e4-b5dc-0cafbef43d40,e5b77ace-58d3-493e-bf83-bf5b488ae700,c5,c2,1763,?,i3,
1769501121.3079143,RECEIVED,c3b5ebe8-443c-4eb6-8943-3b683fabb37c,da49efbb-ad20-4b3a-836a-eaf5f55dd947,c3,DROP,1455,p3,?,
1769501121.327183,RECEIVED,c7fd64fb-3fcd-4310-a693-f318565ffd6a,8705282b-47f3-45dc-b9d7-742d2efdf0df,c2,DROP,1455,p2,?,
1769501121.3567243,SENT,c3b5ebe8-443c-4eb6-8943-3b683fabb37c,da49efbb-ad20-4b3a-836a-eaf5f55dd947,c3,DROP,1020,?,i8,
1769501121.356764,FORWARDED,c3b5ebe8-443c-4eb6-8943-3b683fabb37c,da49efbb-ad20-4b3a-836a-eaf5f55dd947,c3,DROP,1020,?,i8,
1769501121.3789937,SENT,5fb8767c-e245-4b59-a906-b52f8362bab6,b84d4315-fdd7-4704-b479-5b865f711eb7,c2,c1,1767,?,i5,
1769501121.3790321,FORWARDED,5fb8767c-e245-4b59-a906-b52f8362bab6,b84d4315-fdd7-4704-b479-5b865f711eb7,c2,c1,1767,?,i5,
1769501121.4694004,SENT,c7fd64fb-3fcd-4310-a693-f318565ffd6a,8705282b-47f3-45dc-b9d7-742d2efdf0df,c2,DROP,1020,?,i3,
1769501121.4694405,FORWARDED,c7fd64fb-3fcd-4310-a693-f318565ffd6a,8705282b-47f3-45dc-b9d7-742d2efdf0df,c2,DROP,1020,?,i3,
1769501121.8753843,SENT,4d1d8b97-5ac0-4812-8c72-de914fe17465,ebceecc9-cdfd-44b7-8526-1a418ac2f95f,c5,DROP,1015,?,i6,
1769501121.8754284,FORWARDED,4d1d8b97-5ac0-4812-8c72-de914fe17465,ebceecc9-cdfd-44b7-8526-1a418ac2f95f,c5,DROP,1015,?,i6,
1769501122.0553164,RECEIVED,a96ca539-d1be-4dbc-984d-8738a2bd5541,7c9c891c-f4b7-456c-9b61-8b84e3c2c08f,c3,DROP,1439,p3,?,
1769501122.1624045,RECEIVED,ea23f5fa-b126-40a2-a5ee-fdf1db099a7e,36387c2f-c74c-42dd-806f-3f83baa9620f,c2,c1,2471,p2,?,
1769501122.432514,SENT,a96ca539-d1be-4dbc-984d-8738a2bd5541,7c9c891c-f4b7-456c-9b61-8b84e3c2c08f,c3,DROP,1007,?,i2,
1769501122.4325578,FORWARDED,a96ca539-d1be-4dbc-984d-8738a2bd5541,7c9c891c-f4b7-456c-9b61-8b84e3c2c08f,c3,DROP,1007,?,i2,
1769501122.4594376,RECEIVED,ae127dd0-117f-476e-9336-2ac8505dae81,88d3efeb-6d19-4f7c-928c-314d10d1aa3a,c3,DROP,1447,p3,?,
1769501122.5454943,SENT,b564d12f-d30d-4a3c-b4e0-04056397237f,094d1b30-b77d-4915-acc4-ddb9f8655762,c5,DROP,1003,?,i2,
1769501122.5455394,FORWARDED,b564d12f-d30d-4a3c-b4e0-04056397237f,094d1b30-b77d-4915-acc4-ddb9f8655762,c5,DROP,1003,?,i2,
1769501122.658701,RECEIVED,853f71ba-2eed-44ab-98c2-8cdd3e55d9ff,2482c893-5103-44b6-acef-13b04daa1f59,c2,DROP,442,x3,?,
1769501122.8996584,RECEIVED,5bd7e1e4-a516-43a5-acd7-1cfa9c702734,f0b2f410-1430-4377-bf40-d794de164531,c2,DROP,1443,p2,?,
1769501122.9351974,RECEIVED,cbe4a96d-c77c-4958-8046-84572afc4844,cd6bea51-b4ad-4b37-8f92-3fff184fbf46,c1,DROP,1444,p1,?,
1769501122.983368,SENT,cbe4a96d-c77c-4958-8046-84572afc4844,cd6bea51-b4ad-4b37-8f92-3fff184fbf46,c1,DROP,1009,?,i5,
1769501122.9834023,FORWARDED,cbe4a96d-c77c-4958-8046-84572afc4844,cd6bea51-b4ad-4b37-8f92-3fff184fbf46,c1,DROP,1009,?,i5,
1769501122.9989207,SENT,ea23f5fa-b126-40a2-a5ee-fdf1db099a7e,36387c2f-c74c-42dd-806f-3f83baa9620f,c2,c1,1781,?,i8,
1769501122.9989653,FORWARDED,ea23f5fa-b126-40a2-a5ee-fdf1db099a7e,36387c2f-c74c-42dd-806f-3f83baa9620f,c2,c1,1781,?,i8,
1769501123.1589625,RECEIVED,c1381ccd-54ff-4f98-a1eb-11448691e657,01e960c0-62f5-4ad6-9704-3e91c9f3f8b6,c3,DROP,1457,p3,?,
1769501123.16178,SENT,5bd7e1e4-a516-43a5-acd7-1cfa9c702734,f0b2f410-1430-4377-bf40-d794de164531,c2,DROP,1009,?,i9,
1769501123.1618228,FORWARDED,5bd7e1e4-a516-43a5-acd7-1cfa9c702734,f0b2f410-1430-4377-bf40-d794de164531,c2,DROP,1009,?,i9,
1769501123.172911,RECEIVED,2545cc20-3e26-436f-bc74-33467de4cabd,762dc763-b2a5-4934-a19c-918705e921a5,c2,DROP,1445,p2,?,
1769501123.2585518,RECEIVED,04722c23-378f-4f7d-98ac-6b30105c8fbb,265cd8cf-ad82-4603-ade2-b816788198d4,c3,DROP,443,x1,?,
1769501123.3317518,SENT,2545cc20-3e26-436f-bc74-33467de4cabd,762dc763-b2a5-4934-a19c-918705e921a5,c2,DROP,1009,?,i11,
1769501123.3317957,FORWARDED,2545cc20-3e26-436f-bc74-33467de4cabd,762dc763-b2a5-4934-a19c-918705e921a5,c2,DROP,1009,?,i11,
1769501123.3615522,SENT,c1381ccd-54ff-4f98-a1eb-11448691e657,01e960c0-62f5-4ad6-9704-3e91c9f3f8b6,c3,DROP,1020,?,i10,
1769501123.3615952,FORWARDED,c1381ccd-54ff-4f98-a1eb-11448691e657,01e960c0-62f5-4ad6-9704-3e91c9f3f8b6,c3,DROP,1020,?,i10,
1769501123.389366,RECEIVED,390a368f-1da3-42eb-9786-52bb5c5b9180,4a98efb4-b800-4d50-86c1-72bdc622bf91,c2,DROP,1440,p2,?,
1769501123.507937,RECEIVED,f3fe8038-e227-4ac1-a653-ab37446c0ef1,cea2e847-63ce-4603-ac63-5172159621d0,c3,DROP,1454,p3,?,
1769501123.565257,SENT,f3fe8038-e227-4ac1-a653-ab37446c0ef1,cea2e847-63ce-4603-ac63-5172159621d0,c3,DROP,1016,?,i12,
1769501123.565299,FORWARDED,f3fe8038-e227-4ac1-a653-ab37446c0ef1,cea2e847-63ce-4603-ac63-5172159621d0,c3,DROP,1016,?,i12,
1769501123.755272,RECEIVED,88dd2c82-0ab4-4000-82b9-c361ced0d9d5,94579334-d75b-4e3e-ae5f-24b5e8a08271,c4,DROP,1448,p1,?,
1769501123.9018035,RECEIVED,8e264408-b07b-4970-a9b5-941d6e707f1a,7aa4fb58-8a40-455c-97ee-72d994caea89,c1,DROP,442,x6,?,
1769501124.017736,SENT,88dd2c82-0ab4-4000-82b9-c361ced0d9d5,94579334-d75b-4e3e-ae5f-24b5e8a08271,c4,DROP,1012,?,i7,
1769501124.0177784,FORWARDED,88dd2c82-0ab4-4000-82b9-c361ced0d9d5,94579334-d75b-4e3e-ae5f-24b5e8a08271,c4,DROP,1012,?,i7,
1769501124.2723448,RECEIVED,c1d6609d-fab3-4506-bacf-430968334a02,4c30e303-dae3-41ad-9998-4ca8d54c7dd4,c1,DROP,1439,p1,?,
1769501124.4145298,SENT,ae127dd0-117f-476e-9336-2ac8505dae81,88d3efeb-6d19-4f7c-928c-314d10d1aa3a,c3,DROP,1013,?,i6,
1769501124.4145744,FORWARDED,ae127dd0-117f-476e-9336-2ac8505dae81,88d3efeb-6d19-4f7c-928c-314d10d1aa3a,c3,DROP,1013,?,i6,
1769501124.594136,RECEIVED,23473576-90b4-4f41-8274-3c34aecb530a,8ae00231-858e-434f-b027-7f9a395867db,c2,DROP,1439,p2,?,
1769501124.6800773,RECEIVED,4957eb75-5acb-4a27-ad48-91e12501bbb1,d05feb6c-896d-4daf-8669-fde3a50e7b6b,c5,DROP,1440,p2,?,
1769501124.7058175,RECEIVED,7f51dafe-9626-4f4c-863c-576ec0fe256b,fe9457bc-02b3-4b3d-bca3-58b0504955bc,c3,DROP,441,x6,?,
1769501124.7220452,RECEIVED,1fb90745-d176-44aa-ac2f-772b4a5035c7,ca7cd9f7-60d9-431e-96c0-7963baa3b08d,c2,DROP,1440,p2,?,
1769501124.8185468,SENT,1fb90745-d176-44aa-ac2f-772b4a5035c7,ca7cd9f7-60d9-431e-96c0-7963baa3b08d,c2,DROP,1008,?,i3,
1769501124.8185904,FORWARDED,1fb90745-d176-44aa-ac2f-772b4a5035c7,ca7cd9f7-60d9-431e-96c0-7963baa3b08d,c2,DROP,1008,?,i3,
1769501124.8787487,RECEIVED,4c55945a-c08d-49d8-92bd-db9cf9503444,9574ec95-5eb3-4b58-a40d-a62576e13ffe,c5,DROP,1457,p2,?,
1769501124.9226453,SENT,4c55945a-c08d-49d8-92bd-db9cf9503444,9574ec95-5eb3-4b58-a40d-a62576e13ffe,c5,DROP,1019,?,i10,
1769501124.9226892,FORWARDED,4c55945a-c08d-49d8-92bd-db9cf9503444,9574ec95-5eb3-4b58-a40d-a62576e13ffe,c5,DROP,1019,?,i10,
1769501124.9336782,SENT,23473576-90b4-4f41-8274-3c34aecb530a,8ae00231-858e-434f-b027-7f9a395867db,c2,DROP,1008,?,i8,
1769501124.9337213,FORWARDED,23473576-90b4-4f41-8274-3c34aecb530a,8ae00231-858e-434f-b027-7f9a395867db,c2,DROP,1008,?,i8,
1769501124.9726536,SENT,4957eb75-5acb-4a27-ad48-91e12501bbb1,d05feb6c-896d-4daf-8669-fde3a50e7b6b,c5,DROP,1006,?,i4,
1769501124.9727044,FORWARDED,4957eb75-5acb-4a27-ad48-91e12501bbb1,d05feb6c-896d-4daf-8669-fde3a50e7b6b,c5,DROP,1006,?,i4,
1769501125.0556934,RECEIVED,7efbde4e-70c0-4f0d-be6d-6c92ac784c6b,08da39c3-931a-4751-8518-1abcda6d8076,c4,None,2228,p1,?,
1769501125.0717235,RECEIVED,16ba6669-a79e-4f9b-bf26-634338c77a45,85752718-46b2-47ec-82fe-153800eb5be6,c1,DROP,1445,p1,?,
1769501125.1154215,SENT,16ba6669-a79e-4f9b-bf26-634338c77a45,85752718-46b2-47ec-82fe-153800eb5be6,c1,DROP,1011,?,i10,
1769501125.1154666,FORWARDED,16ba6669-a79e-4f9b-bf26-634338c77a45,85752718-46b2-47ec-82fe-153800eb5be6,c1,DROP,1011,?,i10,
1769501125.132556,SENT,390a368f-1da3-42eb-9786-52bb5c5b9180,4a98efb4-b800-4d50-86c1-72bdc622bf91,c2,DROP,1007,?,i12,
1769501125.1325963,FORWARDED,390a368f-1da3-42eb-9786-52bb5c5b9180,4a98efb4-b800-4d50-86c1-72bdc622bf91,c2,DROP,1007,?,i12,
1769501125.503569,RECEIVED,b50da766-e8b2-46cc-b3b7-af32fe774d4f,f8cff692-104b-4ba1-9b55-191cc09a34d5,c2,DROP,1448,p2,?,
1769501125.5342414,SENT,b50da766-e8b2-46cc-b3b7-af32fe774d4f,f8cff692-104b-4ba1-9b55-191cc09a34d5,c2,DROP,1013,?,i3,
1769501125.534281,FORWARDED,b50da766-e8b2-46cc-b3b7-af32fe774d4f,f8cff692-104b-4ba1-9b55-191cc09a34d5,c2,DROP,1013,?,i3,
1769501125.6778622,SENT,7efbde4e-70c0-4f0d-be6d-6c92ac784c6b,08da39c3-931a-4751-8518-1abcda6d8076,c4,None,1599,?,i10,
1769501125.6778998,FORWARDED,7efbde4e-70c0-4f0d-be6d-6c92ac784c6b,08da39c3-931a-4751-8518-1abcda6d8076,c4,None,1599,?,i10,
1769501125.6899385,RECEIVED,fceb719c-f515-430e-bb6b-f676f17daf88,df6f9d31-a2b4-4646-af3f-590981dbf395,c5,DROP,1449,p2,?,
1769501125.7209694,RECEIVED,51fa7d67-7883-4922-bafc-6d188c9050c2,c800acf4-f3b7-4beb-a16e-d353ebecf3ae,c1,c5,2471,p1,?,
1769501125.7937877,SENT,fceb719c-f515-430e-bb6b-f676f17daf88,df6f9d31-a2b4-4646-af3f-590981dbf395,c5,DROP,1012,?,i12,
1769501125.7938297,FORWARDED,fceb719c-f515-430e-bb6b-f676f17daf88,df6f9d31-a2b4-4646-af3f-590981dbf395,c5,DROP,1012,?,i12,
1769501125.8968744,RECEIVED,63c0efdc-73ff-4759-b557-4318c848dbdb,6074378a-fc4c-4265-a906-ab7ceb18f06c,c4,DROP,441,x4,?,
1769501125.9345143,SENT,c1d6609d-fab3-4506-bacf-430968334a02,4c30e303-dae3-41ad-9998-4ca8d54c7dd4,c1,DROP,1007,?,i9,
1769501125.9345603,FORWARDED,c1d6609d-fab3-4506-bacf-430968334a02,4c30e303-dae3-41ad-9998-4ca8d54c7dd4,c1,DROP,1007,?,i9,
1769501125.9571767,RECEIVED,252d54bf-0d4c-49d5-b0e7-1f6aa29f7fba,20f5dc81-d2f4-47fc-933d-8004541d9a03,c1,None,2239,p1,?,
1769501126.0926657,SENT,51fa7d67-7883-4922-bafc-6d188c9050c2,c800acf4-f3b7-4beb-a16e-d353ebecf3ae,c1,c5,1780,?,i6,
1769501126.0927093,FORWARDED,51fa7d67-7883-4922-bafc-6d188c9050c2,c800acf4-f3b7-4beb-a16e-d353ebecf3ae,c1,c5,1780,?,i6,
1769501126.3536053,RECEIVED,7d867705-705a-46d8-a6e7-6a792f181d1b,96490902-390e-44ad-acfb-1f563e9e6bfe,c5,DROP,442,x2,?,
1769501126.4260304,RECEIVED,c33f9524-1edb-4c10-904e-5e77cfc906d8,48b9d84d-e451-44ea-b311-c6b3814f3f1a,c2,DROP,1439,p2,?,
1769501126.6170032,SENT,c33f9524-1edb-4c10-904e-5e77cfc906d8,48b9d84d-e451-44ea-b311-c6b3814f3f1a,c2,DROP,1008,?,i3,
1769501126.6170583,FORWARDED,c33f9524-1edb-4c10-904e-5e77cfc906d8,48b9d84d-e451-44ea-b311-c6b3814f3f1a,c2,DROP,1008,?,i3,
1769501126.6256156,RECEIVED,86e40ad8-c7c0-478b-923b-87799e6d1145,42acf7a7-4f2e-41c7-948c-aa44a6f7f81f,c5,c2,2447,p2,?,
1769501126.6576068,SENT,252d54bf-0d4c-49d5-b0e7-1f6aa29f7fba,20f5dc81-d2f4-47fc-933d-8004541d9a03,c1,None,1607,?,i1,
1769501126.657949,FORWARDED,252d54bf-0d4c-49d5-b0e7-1f6aa29f7fba,20f5dc81-d2f4-47fc-933d-8004541d9a03,c1,None,1607,?,i1,
1769501126.7224488,RECEIVED,02596aa2-e82e-464d-a6e8-28e5fcb00876,706004f0-b9d2-4d84-9e01-17bbe04940fc,c3,DROP,1439,p3,?,
1769501126.9159837,RECEIVED,4c6df8a1-68eb-4d76-ad56-2139935e4e58,0b5b4102-1f3a-489a-b376-b0979dd68f2a,c1,None,2224,p1,?,
1769501126.98423,SENT,4c6df8a1-68eb-4d76-ad56-2139935e4e58,0b5b4102-1f3a-489a-b376-b0979dd68f2a,c1,None,1596,?,i8,
1769501126.9842737,FORWARDED,4c6df8a1-68eb-4d76-ad56-2139935e4e58,0b5b4102-1f3a-489a-b376-b0979dd68f2a,c1,None,1596,?,i8,
1769501127.0426974,RECEIVED,c4589f2f-9bf2-4988-8b8a-d4bb6ee30307,822ae548-ac31-47f9-b37f-01b918997f65,c2,DROP,1440,p2,?,
1769501127.0582044,RECEIVED,ba459e78-781b-47c3-96a5-4d07a9c72b2e,5e880a0f-00e5-47bd-971e-fbf61fb413e4,c4,DROP,1440,p1,?,
1769501127.0738916,RECEIVED,b3acec3c-af87-4620-a9bb-fc15e526b8c1,3a7f778f-6c87-4252-861a-16996d832f2b,c4,c3,2477,p1,?,
1769501127.0854826,SENT,02596aa2-e82e-464d-a6e8-28e5fcb00876,706004f0-b9d2-4d84-9e01-17bbe04940fc,c3,DROP,1007,?,i4,
1769501127.0856266,FORWARDED,02596aa2-e82e-464d-a6e8-28e5fcb00876,706004f0-b9d2-4d84-9e01-17bbe04940fc,c3,DROP,1007,?,i4,
1769501127.1942217,SENT,b3acec3c-af87-4620-a9bb-fc15e526b8c1,3a7f778f-6c87-4252-861a-16996d832f2b,c4,c3,1784,?,i12,
1769501127.1942644,FORWARDED,b3acec3c-af87-4620-a9bb-fc15e526b8c1,3a7f778f-6c87-4252-861a-16996d832f2b,c4,c3,1784,?,i12,
1769501127.21396,RECEIVED,aac1e017-8c8d-4bd3-a965-ca23da397107,aac653e0-0e35-41b8-b8ca-9162ee3804f6,c5,DROP,1449,p2,?,
1769501127.2459495,RECEIVED,50a8bf57-92ad-4d1b-944d-46b6cdbd0e5f,71608405-ace1-4fef-a740-79d92aa17218,c4,DROP,1439,p1,?,
1769501127.2977145,SENT,aac1e017-8c8d-4bd3-a965-ca23da397107,aac653e0-0e35-41b8-b8ca-9162ee3804f6,c5,DROP,1012,?,i2,
1769501127.2977571,FORWARDED,aac1e017-8c8d-4bd3-a965-ca23da397107,aac653e0-0e35-41b8-b8ca-9162ee3804f6,c5,DROP,1012,?,i2,
1769501127.3228102,SENT,50a8bf57-92ad-4d1b-944d-46b6cdbd0e5f,71608405-ace1-4fef-a740-79d92aa17218,c4,DROP,1007,?,i3,
1769501127.3228505,FORWARDED,50a8bf57-92ad-4d1b-944d-46b6cdbd0e5f,71608405-ace1-4fef-a740-79d92aa17218,c4,DROP,1007,?,i3,
1769501127.3372889,SENT,86e40ad8-c7c0-478b-923b-87799e6d1145,42acf7a7-4f2e-41c7-948c-aa44a6f7f81f,c5,c2,1763,?,i7,
1769501127.337331,FORWARDED,86e40ad8-c7c0-478b-923b-87799e6d1145,42acf7a7-4f2e-41c7-948c-aa44a6f7f81f,c5,c2,1763,?,i7,
1769501127.3396814,RECEIVED,ce911877-d241-4595-aeb6-afb39995f6ee,a94bb065-89e7-4f9c-bd55-22748a160de5,c1,DROP,1448,p1,?,
1769501127.4512358,SENT,c4589f2f-9bf2-4988-8b8a-d4bb6ee30307,822ae548-ac31-47f9-b37f-01b918997f65,c2,DROP,1007,?,i6,
1769501127.4512768,FORWARDED,c4589f2f-9bf2-4988-8b8a-d4bb6ee30307,822ae548-ac31-47f9-b37f-01b918997f65,c2,DROP,1007,?,i6,
1769501127.4732504,RECEIVED,0f72fb61-2360-4165-9d86-55932e5b00db,8acc389f-8e7d-4141-80c6-668f385e012b,c2,DROP,1447,p2,?,
1769501127.4788637,RECEIVED,87554bd8-2319-4be1-8e0a-c952624d9d85,097a886e-fe35-46f0-b6ea-c723d4db9d9b,c5,DROP,1448,p2,?,
1769501127.506941,SENT,ba459e78-781b-47c3-96a5-4d07a9c72b2e,5e880a0f-00e5-47bd-971e-fbf61fb413e4,c4,DROP,1008,?,i7,
1769501127.5069823,FORWARDED,ba459e78-781b-47c3-96a5-4d07a9c72b2e,5e880a0f-00e5-47bd-971e-fbf61fb413e4,c4,DROP,1008,?,i7,
1769501127.5335433,SENT,ce911877-d241-4595-aeb6-afb39995f6ee,a94bb065-89e7-4f9c-bd55-22748a160de5,c1,DROP,1013,?,i3,
1769501127.5335824,FORWARDED,ce911877-d241-4595-aeb6-afb39995f6ee,a94bb065-89e7-4f9c-bd55-22748a160de5,c1,DROP,1013,?,i3,
1769501127.6531498,RECEIVED,5dad0c06-49a2-4d2c-9137-c5ca85c064e2,78c44a37-8fe8-49f2-8478-0f7d45c964aa,c4,DROP,1448,p1,?,
1769501127.725906,RECEIVED,58e06d67-7a0c-4467-bb8b-063d21b8e23f,5f8b36a3-3caf-48fa-97cb-775e60887a16,c3,DROP,1440,p3,?,
1769501127.747154,SENT,5dad0c06-49a2-4d2c-9137-c5ca85c064e2,78c44a37-8fe8-49f2-8478-0f7d45c964aa,c4,DROP,1012,?,i4,
1769501127.7471945,FORWARDED,5dad0c06-49a2-4d2c-9137-c5ca85c064e2,78c44a37-8fe8-49f2-8478-0f7d45c964aa,c4,DROP,1012,?,i4,
1769501127.8216808,RECEIVED,8c40b9b7-99d5-4b10-976a-264b9d6a513e,83cc3f2d-e159-4621-b60c-b48080c32e9a,c4,DROP,1443,p1,?,
1769501127.8667965,SENT,87554bd8-2319-4be1-8e0a-c952624d9d85,097a886e-fe35-46f0-b6ea-c723d4db9d9b,c5,DROP,1012,?,i5,
1769501127.86684,FORWARDED,87554bd8-2319-4be1-8e0a-c952624d9d85,097a886e-fe35-46f0-b6ea-c723d4db9d9b,c5,DROP,1012,?,i5,
1769501127.919794,SENT,0f72fb61-2360-4165-9d86-55932e5b00db,8acc389f-8e7d-4141-80c6-668f385e012b,c2,DROP,1012,?,i2,
1769501127.9198375,FORWARDED,0f72fb61-2360-4165-9d86-55932e5b00db,8acc389f-8e7d-4141-80c6-668f385e012b,c2,DROP,1012,?,i2,
1769501127.9397964,SENT,58e06d67-7a0c-4467-bb8b-063d21b8e23f,5f8b36a3-3caf-48fa-97cb-775e60887a16,c3,DROP,1007,?,i7,
1769501127.93984,FORWARDED,58e06d67-7a0c-4467-bb8b-063d21b8e23f,5f8b36a3-3caf-48fa-97cb-775e60887a16,c3,DROP,1007,?,i7,
1769501128.3786733,RECEIVED,e6ed37da-47cf-4b2d-bf92-5b416c6514dd,07b675d6-7242-462a-939a-23dae350f42a,c4,c3,2464,p1,?,
1769501128.4472957,SENT,e6ed37da-47cf-4b2d-bf92-5b416c6514dd,07b675d6-7242-462a-939a-23dae350f42a,c4,c3,1776,?,i3,
1769501128.4473374,FORWARDED,e6ed37da-47cf-4b2d-bf92-5b416c6514dd,07b675d6-7242-462a-939a-23dae350f42a,c4,c3,1776,?,i3,
1769501128.519978,RECEIVED,8c99d057-5738-44bd-92f2-a6b7af125097,c4e076bb-9fc3-4087-808e-5e6118dc668e,c1,None,2232,p1,?,
1769501128.57039,SENT,8c99d057-5738-44bd-92f2-a6b7af125097,c4e076bb-9fc3-4087-808e-5e6118dc668e,c1,None,1600,?,i5,
1769501128.5704353,FORWARDED,8c99d057-5738-44bd-92f2-a6b7af125097,c4e076bb-9fc3-4087-808e-5e6118dc668e,c1,None,1600,?,i5,
1769501128.7205415,SENT,8c40b9b7-99d5-4b10-976a-264b9d6a513e,83cc3f2d-e159-4621-b60c-b48080c32e9a,c4,DROP,1011,?,i9,
1769501128.7205846,FORWARDED,8c40b9b7-99d5-4b10-976a-264b9d6a513e,83cc3f2d-e159-4621-b60c-b48080c32e9a,c4,DROP,1011,?,i9,
1769501128.832354,RECEIVED,9d636f34-3715-4b0f-bf93-a2806c2d3a9a,a64fb276-f55a-4ddd-8831-f5f6118c5041,c3,DROP,1441,p3,?,
1769501128.8475125,RECEIVED,ca27bdf5-d004-4439-bbb0-db52f9a082c0,8e61aee0-508c-42b4-8591-452c33c7225c,c3,DROP,1447,p3,?,
1769501128.8506691,SENT,9d636f34-3715-4b0f-bf93-a2806c2d3a9a,a64fb276-f55a-4ddd-8831-f5f6118c5041,c3,DROP,1008,?,i9,
1769501128.8507128,FORWARDED,9d636f34-3715-4b0f-bf93-a2806c2d3a9a,a64fb276-f55a-4ddd-8831-f5f6118c5041,c3,DROP,1008,?,i9,
1769501129.005701,RECEIVED,3d0f7bda-924c-4c13-9244-c72b8f8d45f3,294e6323-6b74-45a9-b079-a9a7e43b7473,c5,None,2227,p2,?,
1769501129.023957,RECEIVED,5625a0fa-f443-4f75-a25a-62b2d927b1a6,45b2a61a-9ede-4c3d-a767-6dcafff941bb,c3,None,2223,p3,?,
1769501129.051184,RECEIVED,a61a75bb-b2f7-4a2c-8260-75244d4fe556,2ceb8c0b-b7b1-4678-82b4-daa0a8991518,c4,DROP,1439,p1,?,
1769501129.0518563,RECEIVED,bcb45f64-421e-4b40-967e-c97e119c6c78,80888602-8cce-440b-9bf9-43f9b6adfdb5,c3,None,2236,p3,?,
1769501129.1085079,RECEIVED,83803a00-e729-44d6-a2ae-c5326d0b1349,2ade922a-74e3-4445-b33b-63b0f8715286,c3,c4,2447,p3,?,
1769501129.1582599,SENT,a61a75bb-b2f7-4a2c-8260-75244d4fe556,2ceb8c0b-b7b1-4678-82b4-daa0a8991518,c4,DROP,1007,?,i6,
1769501129.1583025,FORWARDED,a61a75bb-b2f7-4a2c-8260-75244d4fe556,2ceb8c0b-b7b1-4678-82b4-daa0a8991518,c4,DROP,1007,?,i6,
1769501129.1967125,SENT,bcb45f64-421e-4b40-967e-c97e119c6c78,80888602-8cce-440b-9bf9-43f9b6adfdb5,c3,None,1603,?,i11,
1769501129.196756,FORWARDED,bcb45f64-421e-4b40-967e-c97e119c6c78,80888602-8cce-440b-9bf9-43f9b6adfdb5,c3,None,1603,?,i11,
1769501129.2319274,SENT,5625a0fa-f443-4f75-a25a-62b2d927b1a6,45b2a61a-9ede-4c3d-a767-6dcafff941bb,c3,None,1595,?,i2,
1769501129.231971,FORWARDED,5625a0fa-f443-4f75-a25a-62b2d927b1a6,45b2a61a-9ede-4c3d-a767-6dcafff941bb,c3,None,1595,?,i2,
1769501129.323724,RECEIVED,d2c425fa-e13c-4165-b358-7c36e4644b79,c3e6c093-d2fe-471c-9364-440655aed871,c4,DROP,1439,p1,?,
1769501129.5610294,RECEIVED,00f03481-f434-4bc2-a154-34cbb5a33ba6,059c630f-42a8-49cb-a7ee-cb73b1f4334f,c1,DROP,441,x8,?,
1769501129.7019653,SENT,83803a00-e729-44d6-a2ae-c5326d0b1349,2ade922a-74e3-4445-b33b-63b0f8715286,c3,c4,1763,?,i3,
1769501129.7020082,FORWARDED,83803a00-e729-44d6-a2ae-c5326d0b1349,2ade922a-74e3-4445-b33b-63b0f8715286,c3,c4,1763,?,i3,
1769501129.7982428,RECEIVED,e6a20f2e-c171-4b5d-91a8-6d02d201206e,9822f3b3-3582-4553-b1dc-9e15dbbb3bda,c3,DROP,1457,p3,?,
1769501129.8004034,RECEIVED,bda2f8a3-38b3-432c-9058-e12f693de839,52d2ae92-f5f3-423a-9b5d-4c1122308bd4,c1,DROP,1451,p1,?,
1769501129.9600785,SENT,d2c425fa-e13c-4165-b358-7c36e4644b79,c3e6c093-d2fe-471c-9364-440655aed871,c4,DROP,1007,?,i4,
1769501129.9601212,FORWARDED,d2c425fa-e13c-4165-b358-7c36e4644b79,c3e6c093-d2fe-471c-9364-440655aed871,c4,DROP,1007,?,i4,
1769501129.961953,RECEIVED,a0cf23e2-0034-42e1-9fb6-fa00ae8b9abe,b7d22f2c-615b-4b99-8f2c-65e8e329a9e9,c2,None,2240,p2,?,
1769501130.035518,RECEIVED,3a17cfa3-0b2d-408a-bc7c-f8415e36e495,9d745d69-2827-4bd3-b8bd-cb95907011dc,c5,DROP,1440,p2,?,
1769501130.0620263,RECEIVED,88df7f37-2ba0-40b8-8a15-b14184671374,aea0858b-13d1-4f4d-9148-845fd25e8adb,c5,DROP,1456,p2,?,
1769501130.0632756,SENT,a0cf23e2-0034-42e1-9fb6-fa00ae8b9abe,b7d22f2c-615b-4b99-8f2c-65e8e329a9e9,c2,None,1606,?,i6,
1769501130.0633268,FORWARDED,a0cf23e2-0034-42e1-9fb6-fa00ae8b9abe,b7d22f2c-615b-4b99-8f2c-65e8e329a9e9,c2,None,1606,?,i6,
1769501130.0885177,SENT,3a17cfa3-0b2d-408a-bc7c-f8415e36e495,9d745d69-2827-4bd3-b8bd-cb95907011dc,c5,DROP,1008,?,i3,
1769501130.0885618,FORWARDED,3a17cfa3-0b2d-408a-bc7c-f8415e36e495,9d745d69-2827-4bd3-b8bd-cb95907011dc,c5,DROP,1008,?,i3,
1769501130.1470673,RECEIVED,1fcb3d51-831c-46ad-93bf-c0be2afa4b20,bdb86a34-8992-4da8-bb54-4e84b5f0be64,c5,None,2227,p2,?,
1769501130.2486145,RECEIVED,50a887f5-58b0-4429-922c-3be325a1495f,aa2777b8-5df6-48db-803b-0b0ca34fbecb,c4,c3,2464,p1,?,
1769501130.2823396,SENT,3d0f7bda-924c-4c13-9244-c72b8f8d45f3,294e6323-6b74-45a9-b079-a9a7e43b7473,c5,None,1597,?,i2,
1769501130.282384,FORWARDED,3d0f7bda-924c-4c13-9244-c72b8f8d45f3,294e6323-6b74-45a9-b079-a9a7e43b7473,c5,None,1597,?,i2,
1769501130.2915118,SENT,e6a20f2e-c171-4b5d-91a8-6d02d201206e,9822f3b3-3582-4553-b1dc-9e15dbbb3bda,c3,DROP,1019,?,i12,
1769501130.291551,FORWARDED,e6a20f2e-c171-4b5d-91a8-6d02d201206e,9822f3b3-3582-4553-b1dc-9e15dbbb3bda,c3,DROP,1019,?,i12,
1769501130.361392,SENT,ca27bdf5-d004-4439-bbb0-db52f9a082c0,8e61aee0-508c-42b4-8591-452c33c7225c,c3,DROP,1012,?,i9,
1769501130.3614347,FORWARDED,ca27bdf5-d004-4439-bbb0-db52f9a082c0,8e61aee0-508c-42b4-8591-452c33c7225c,c3,DROP,1012,?,i9,
1769501130.3707576,SENT,50a887f5-58b0-4429-922c-3be325a1495f,aa2777b8-5df6-48db-803b-0b0ca34fbecb,c4,c3,1775,?,i9,
1769501130.3708198,FORWARDED,50a887f5-58b0-4429-922c-3be325a1495f,aa2777b8-5df6-48db-803b-0b0ca34fbecb,c4,c3,1775,?,i9,
1769501130.3925936,RECEIVED,96c2f774-755a-428f-8c07-8ef374fe44fb,77173954-7b0a-428a-a1ca-218380f20a20,c5,DROP,1435,p2,?,
1769501130.4021704,RECEIVED,660d34c8-e825-4a6c-b3f1-a6d6f9414e6b,285712b0-2625-42e0-be6e-c7fd4b4572da,c1,DROP,1453,p1,?,
1769501130.4685001,SENT,660d34c8-e825-4a6c-b3f1-a6d6f9414e6b,285712b0-2625-42e0-be6e-c7fd4b4572da,c1,DROP,1015,?,i10,
1769501130.4685442,FORWARDED,660d34c8-e825-4a6c-b3f1-a6d6f9414e6b,285712b0-2625-42e0-be6e-c7fd4b4572da,c1,DROP,1015,?,i10,
1769501130.4710171,SENT,88df7f37-2ba0-40b8-8a15-b14184671374,aea0858b-13d1-4f4d-9148-845fd25e8adb,c5,DROP,1020,?,i12,
1769501130.471075,FORWARDED,88df7f37-2ba0-40b8-8a15-b14184671374,aea0858b-13d1-4f4d-9148-845fd25e8adb,c5,DROP,1020,?,i12,
1769501130.7059689,RECEIVED,6f6e169b-7e48-4202-85ec-3688b310a478,94c39601-d7b8-488b-9efb-d13f1e02af5b,c2,DROP,1439,p2,?,
1769501130.7312098,RECEIVED,222b3aef-82e2-4f8e-9cfe-67c0a0272563,f137c835-10d1-457f-9191-adb50e81e184,c1,DROP,442,x9,?,
1769501130.9019978,RECEIVED,fd4991f8-fac1-4ab5-8bc0-ced79f250633,37ccc253-3751-478e-95e9-bc974d4a8e1e,c4,DROP,438,x3,?,
1769501130.9313772,RECEIVED,38a88d05-aed0-4c09-be00-6bf0815a8e22,3e4f69a1-736c-4124-9391-2218deed9a76,c3,DROP,441,x6,?,
1769501130.94229,RECEIVED,53186a34-6400-4d45-b95e-c72d1d48d785,f16c22b7-5366-4936-844b-ca594cdeb9c5,c2,DROP,1431,p2,?,
1769501131.035958,SENT,96c2f774-755a-428f-8c07-8ef374fe44fb,77173954-7b0a-428a-a1ca-218380f20a20,c5,DROP,1005,?,i8,
1769501131.0360034,FORWARDED,96c2f774-755a-428f-8c07-8ef374fe44fb,77173954-7b0a-428a-a1ca-218380f20a20,c5,DROP,1005,?,i8,
1769501131.0631006,RECEIVED,69aaae10-4d56-4228-be76-e97895deb5f6,603188ec-edc4-4ce6-8151-af6f85df6e52,c5,DROP,1449,p2,?,
1769501131.0820363,RECEIVED,22c36671-f18a-4320-b3c7-196c21469517,42fc73cb-11ff-4ffa-99ef-6cdd03ae77c1,c5,c2,2458,p2,?,
1769501131.1399903,SENT,22c36671-f18a-4320-b3c7-196c21469517,42fc73cb-11ff-4ffa-99ef-6cdd03ae77c1,c5,c2,1770,?,i8,
1769501131.1400332,FORWARDED,22c36671-f18a-4320-b3c7-196c21469517,42fc73cb-11ff-4ffa-99ef-6cdd03ae77c1,c5,c2,1770,?,i8,
1769501131.1496787,RECEIVED,0f4014d4-8cc2-4415-9162-5f5677cf7273,1d849131-02c8-4c5a-9d80-e00fc070feb9,c3,DROP,1440,p3,?,
1769501131.163255,SENT,bda2f8a3-38b3-432c-9058-e12f693de839,52d2ae92-f5f3-423a-9b5d-4c1122308bd4,c1,DROP,1015,?,i2,
1769501131.1632996,FORWARDED,bda2f8a3-38b3-432c-9058-e12f693de839,52d2ae92-f5f3-423a-9b5d-4c1122308bd4,c1,DROP,1015,?,i2,
1769501131.1793914,RECEIVED,70115b60-c1f5-4548-a465-1f3e8dd0bd5d,7c0a835f-6464-43af-bbc1-a7f63596d83a,c2,DROP,1444,p2,?,
1769501131.1924965,RECEIVED,3c0250d9-dd8d-4164-ae77-6e484b651b8b,e5b1741d-4ccb-40f1-b53d-3f3dc361d983,c1,DROP,1437,p1,?,
1769501131.1980352,RECEIVED,54f995d8-e5e4-40af-8da1-bfd6e2642a95,3c10fc16-6762-4941-8d05-d32f6b1cb6ec,c4,DROP,1443,p1,?,
1769501131.247015,SENT,1fcb3d51-831c-46ad-93bf-c0be2afa4b20,bdb86a34-8992-4da8-bb54-4e84b5f0be64,c5,None,1599,?,i8,
1769501131.247067,FORWARDED,1fcb3d51-831c-46ad-93bf-c0be2afa4b20,bdb86a34-8992-4da8-bb54-4e84b5f0be64,c5,None,1599,?,i8,
1769501131.3211813,RECEIVED,0a63bae4-7e91-400f-81ec-d07110ff1419,7591cf1f-663f-49e4-960f-e520bfd10f9e,c2,DROP,1439,p2,?,
1769501131.332611,SENT,69aaae10-4d56-4228-be76-e97895deb5f6,603188ec-edc4-4ce6-8151-af6f85df6e52,c5,DROP,1012,?,i10,
1769501131.3326907,FORWARDED,69aaae10-4d56-4228-be76-e97895deb5f6,603188ec-edc4-4ce6-8151-af6f85df6e52,c5,DROP,1012,?,i10,
1769501131.4025087,SENT,70115b60-c1f5-4548-a465-1f3e8dd0bd5d,7c0a835f-6464-43af-bbc1-a7f63596d83a,c2,DROP,1011,?,i1,
1769501131.4025507,FORWARDED,70115b60-c1f5-4548-a465-1f3e8dd0bd5d,7c0a835f-6464-43af-bbc1-a7f63596d83a,c2,DROP,1011,?,i1,
1769501131.4306114,SENT,0f4014d4-8cc2-4415-9162-5f5677cf7273,1d849131-02c8-4c5a-9d80-e00fc070feb9,c3,DROP,1008,?,i1,
1769501131.4306529,FORWARDED,0f4014d4-8cc2-4415-9162-5f5677cf7273,1d849131-02c8-4c5a-9d80-e00fc070feb9,c3,DROP,1008,?,i1,
1769501131.5119154,SENT,3c0250d9-dd8d-4164-ae77-6e484b651b8b,e5b1741d-4ccb-40f1-b53d-3f3dc361d983,c1,DROP,1007,?,i5,
1769501131.5119567,FORWARDED,3c0250d9-dd8d-4164-ae77-6e484b651b8b,e5b1741d-4ccb-40f1-b53d-3f3dc361d983,c1,DROP,1007,?,i5,
1769501131.5269277,SENT,53186a34-6400-4d45-b95e-c72d1d48d785,f16c22b7-5366-4936-844b-ca594cdeb9c5,c2,DROP,1002,?,i7,
1769501131.5269685,FORWARDED,53186a34-6400-4d45-b95e-c72d1d48d785,f16c22b7-5366-4936-844b-ca594cdeb9c5,c2,DROP,1002,?,i7,
1769501131.5537963,SENT,6f6e169b-7e48-4202-85ec-3688b310a478,94c39601-d7b8-488b-9efb-d13f1e02af5b,c2,DROP,1007,?,i4,
1769501131.5538342,FORWARDED,6f6e169b-7e48-4202-85ec-3688b310a478,94c39601-d7b8-488b-9efb-d13f1e02af5b,c2,DROP,1007,?,i4,
1769501131.8631876,SENT,54f995d8-e5e4-40af-8da1-bfd6e2642a95,3c10fc16-6762-4941-8d05-d32f6b1cb6ec,c4,DROP,1009,?,i1,
1769501131.863224,FORWARDED,54f995d8-e5e4-40af-8da1-bfd6e2642a95,3c10fc16-6762-4941-8d05-d32f6b1cb6ec,c4,DROP,1009,?,i1,
1769501131.9051247,SENT,0a63bae4-7e91-400f-81ec-d07110ff1419,7591cf1f-663f-49e4-960f-e520bfd10f9e,c2,DROP,1008,?,i7,
1769501131.9051652,FORWARDED,0a63bae4-7e91-400f-81ec-d07110ff1419,7591cf1f-663f-49e4-960f-e520bfd10f9e,c2,DROP,1008,?,i7,
1769501131.9408722,RECEIVED,129db94d-b575-47ff-871d-fe8922ed3f8c,81d470dc-8ed2-4357-88d3-22d07fb05705,c3,DROP,1439,p3,?,
1769501131.9629917,RECEIVED,b8975156-37a0-41b2-9776-0a1609b7b0f1,5aadf05d-d0e1-496f-856b-d34344bcf3c7,c4,DROP,1442,p1,?,
1769501132.0222013,SENT,129db94d-b575-47ff-871d-fe8922ed3f8c,81d470dc-8ed2-4357-88d3-22d07fb05705,c3,DROP,1008,?,i8,
1769501132.0222437,FORWARDED,129db94d-b575-47ff-871d-fe8922ed3f8c,81d470dc-8ed2-4357-88d3-22d07fb05705,c3,DROP,1008,?,i8,
1769501132.2629197,RECEIVED,3e01f22a-c9bd-4116-a00b-359f67c263cc,77388ba9-cc8e-448d-8f80-8b3508b845d7,c4,DROP,1438,p1,?,
1769501132.548737,RECEIVED,fc1b91d3-8f6d-4d71-acc8-920d001d6b14,80378470-cc2e-4653-a782-89a2c5b247f6,c3,DROP,1441,p3,?,
1769501132.6484306,SENT,fc1b91d3-8f6d-4d71-acc8-920d001d6b14,80378470-cc2e-4653-a782-89a2c5b247f6,c3,DROP,1008,?,i11,
1769501132.6484663,FORWARDED,fc1b91d3-8f6d-4d71-acc8-920d001d6b14,80378470-cc2e-4653-a782-89a2c5b247f6,c3,DROP,1008,?,i11,
1769501132.7138653,RECEIVED,c631445f-ca5d-4fbd-af2a-f941f00d6089,da9830da-d947-4590-a31e-47f8c089e60c,c4,DROP,1440,p1,?,
1769501132.7419887,RECEIVED,9e2c9581-da8f-4dc4-b1c8-8482acc4f9ab,d48d214b-c1c5-438b-9704-9fd86b9dd2c8,c1,c5,2459,p1,?,
1769501132.771772,SENT,3e01f22a-c9bd-4116-a00b-359f67c263cc,77388ba9-cc8e-448d-8f80-8b3508b845d7,c4,DROP,1008,?,i9,
1769501132.7718139,FORWARDED,3e01f22a-c9bd-4116-a00b-359f67c263cc,77388ba9-cc8e-448d-8f80-8b3508b845d7,c4,DROP,1008,?,i9,
1769501132.9343445,RECEIVED,c5b77ea4-393e-4136-b3b6-2449bbdd476b,812db85c-d443-42a0-91b3-49c49058c18f,c5,DROP,1448,p2,?,
1769501132.976272,SENT,c5b77ea4-393e-4136-b3b6-2449bbdd476b,812db85c-d443-42a0-91b3-49c49058c18f,c5,DROP,1012,?,i9,
1769501132.9763148,FORWARDED,c5b77ea4-393e-4136-b3b6-2449bbdd476b,812db85c-d443-42a0-91b3-49c49058c18f,c5,DROP,1012,?,i9,
1769501132.9791622,RECEIVED,db260490-c573-4ef6-abcf-87d5bb11d725,bffbb104-ae16-427e-8186-97e0e07b1a5a,c3,DROP,1441,p3,?,
1769501132.9889555,SENT,c631445f-ca5d-4fbd-af2a-f941f00d6089,da9830da-d947-4590-a31e-47f8c089e60c,c4,DROP,1008,?,i9,
1769501132.9889963,FORWARDED,c631445f-ca5d-4fbd-af2a-f941f00d6089,da9830da-d947-4590-a31e-47f8c089e60c,c4,DROP,1008,?,i9,
1769501133.0324745,SENT,9e2c9581-da8f-4dc4-b1c8-8482acc4f9ab,d48d214b-c1c5-438b-9704-9fd86b9dd2c8,c1,c5,1771,?,i1,
1769501133.0325186,FORWARDED,9e2c9581-da8f-4dc4-b1c8-8482acc4f9ab,d48d214b-c1c5-438b-9704-9fd86b9dd2c8,c1,c5,1771,?,i1,
1769501133.0359461,RECEIVED,ba20f463-ee2b-41e9-a126-2ee926b0b985,ac0ca676-ff37-4b07-af7d-d4703f7fe2e6,c2,DROP,1457,p2,?,
1769501133.0618508,RECEIVED,013bfbb4-d0af-4595-9e09-d2f76ea77498,6d315562-a7b4-4a47-bb16-41aef00fc671,c3,c4,2454,p3,?,
1769501133.0666964,RECEIVED,6ef1795a-1a79-445c-b37d-7a1bc425b9b9,6af95a2b-c320-4928-a2e4-f5b0f6d54949,c4,DROP,1440,p1,?,
1769501133.1366603,SENT,013bfbb4-d0af-4595-9e09-d2f76ea77498,6d315562-a7b4-4a47-bb16-41aef00fc671,c3,c4,1767,?,i5,
1769501133.1367006,FORWARDED,013bfbb4-d0af-4595-9e09-d2f76ea77498,6d315562-a7b4-4a47-bb16-41aef00fc671,c3,c4,1767,?,i5,
1769501133.1782463,SENT,db260490-c573-4ef6-abcf-87d5bb11d725,bffbb104-ae16-427e-8186-97e0e07b1a5a,c3,DROP,1007,?,i12,
1769501133.1782904,FORWARDED,db260490-c573-4ef6-abcf-87d5bb11d725,bffbb104-ae16-427e-8186-97e0e07b1a5a,c3,DROP,1007,?,i12,
1769501133.192332,RECEIVED,c66bab1a-0084-47c4-944b-a0a3debb4d0d,f55f5f74-b11e-40e0-9545-3e542f6d3a3f,c4,DROP,1434,p1,?,
1769501133.231457,SENT,6ef1795a-1a79-445c-b37d-7a1bc425b9b9,6af95a2b-c320-4928-a2e4-f5b0f6d54949,c4,DROP,1008,?,i3,
1769501133.2314987,FORWARDED,6ef1795a-1a79-445c-b37d-7a1bc425b9b9,6af95a2b-c320-4928-a2e4-f5b0f6d54949,c4,DROP,1008,?,i3,
1769501133.235258,SENT,b8975156-37a0-41b2-9776-0a1609b7b0f1,5aadf05d-d0e1-496f-856b-d34344bcf3c7,c4,DROP,1009,?,i4,
1769501133.2352996,FORWARDED,b8975156-37a0-41b2-9776-0a1609b7b0f1,5aadf05d-d0e1-496f-856b-d34344bcf3c7,c4,DROP,1009,?,i4,
1769501133.2462947,RECEIVED,e8bda093-a4f4-4d7f-abed-483b96114a90,ebeeb2e4-4c79-4dd6-a7b9-998b1ba6b3e7,c3,DROP,441,x5,?,
1769501133.2721713,RECEIVED,6796ad70-2c1c-45c2-ada5-bbbd25313249,eac934b5-4792-479c-ae83-088dda15f260,c1,DROP,1447,p1,?,
1769501133.4502075,RECEIVED,ece12972-bac8-4bbf-87e3-4afcf3505349,1d9b2bad-a769-4363-90ad-adab9833009e,c2,DROP,1439,p2,?,
1769501133.5112488,SENT,ba20f463-ee2b-41e9-a126-2ee926b0b985,ac0ca676-ff37-4b07-af7d-d4703f7fe2e6,c2,DROP,1020,?,i10,
1769501133.5112927,FORWARDED,ba20f463-ee2b-41e9-a126-2ee926b0b985,ac0ca676-ff37-4b07-af7d-d4703f7fe2e6,c2,DROP,1020,?,i10,
1769501133.7187135,RECEIVED,51ded355-a002-4f09-97a2-397ef95affcf,3efa3cf4-5ec4-41ff-a7d8-7dfb4c9ebee0,c3,DROP,1452,p3,?,
1769501133.814503,SENT,51ded355-a002-4f09-97a2-397ef95affcf,3efa3cf4-5ec4-41ff-a7d8-7dfb4c9ebee0,c3,DROP,1015,?,i8,
1769501133.8145452,FORWARDED,51ded355-a002-4f09-97a2-397ef95affcf,3efa3cf4-5ec4-41ff-a7d8-7dfb4c9ebee0,c3,DROP,1015,?,i8,
1769501133.858821,SENT,6796ad70-2c1c-45c2-ada5-bbbd25313249,eac934b5-4792-479c-ae83-088dda15f260,c1,DROP,1013,?,i8,
1769501133.858864,FORWARDED,6796ad70-2c1c-45c2-ada5-bbbd25313249,eac934b5-4792-479c-ae83-088dda15f260,c1,DROP,1013,?,i8,
1769501133.8711016,RECEIVED,a3d9dbdc-8f55-4aea-ab4b-43e6863d85d2,62b91140-7b63-46cc-90f6-9d8b96dac04d,c3,DROP,1440,p3,?,
1769501133.9600623,SENT,a3d9dbdc-8f55-4aea-ab4b-43e6863d85d2,62b91140-7b63-46cc-90f6-9d8b96dac04d,c3,DROP,1007,?,i6,
1769501133.960106,FORWARDED,a3d9dbdc-8f55-4aea-ab4b-43e6863d85d2,62b91140-7b63-46cc-90f6-9d8b96dac04d,c3,DROP,1007,?,i6,
1769501134.0948088,RECEIVED,5a2764d5-927c-486a-8f8c-c15ab8924a35,b69f5b2e-0310-4223-a49a-2d2ff97bc884,c4,c3,2459,p1,?,
1769501134.1441855,RECEIVED,a2bb8afd-e951-419c-b7b5-8e348f0a2faa,86cf42b7-e499-448e-8e21-3762b6a6ca4e,c5,DROP,1438,p2,?,
1769501134.2020183,SENT,ece12972-bac8-4bbf-87e3-4afcf3505349,1d9b2bad-a769-4363-90ad-adab9833009e,c2,DROP,1006,?,i9,
1769501134.202083,FORWARDED,ece12972-bac8-4bbf-87e3-4afcf3505349,1d9b2bad-a769-4363-90ad-adab9833009e,c2,DROP,1006,?,i9,
1769501134.2147217,RECEIVED,ca467faf-7cf3-42f3-bb69-21c476c25717,749e8ea4-a9e8-4bec-a604-d1aa81a53a89,c5,DROP,1452,p2,?,
1769501134.294486,RECEIVED,e7144513-f9aa-48e7-9cf1-9631631824b0,f1e05a6d-3ffe-4609-af31-17031a679319,c3,DROP,1452,p3,?,
1769501134.428224,SENT,c66bab1a-0084-47c4-944b-a0a3debb4d0d,f55f5f74-b11e-40e0-9545-3e542f6d3a3f,c4,DROP,1004,?,i8,
1769501134.4282663,FORWARDED,c66bab1a-0084-47c4-944b-a0a3debb4d0d,f55f5f74-b11e-40e0-9545-3e542f6d3a3f,c4,DROP,1004,?,i8,
1769501134.5044425,RECEIVED,c44e3d23-9f22-4ad3-baab-4fdbf37f991d,b0a717be-d0b7-4c76-9c23-a9ea13521ccb,c1,DROP,441,x9,?,
1769501134.5964086,RECEIVED,8c219790-8a3a-4b05-965b-6e3135374ea8,8c2ee084-7874-41cf-a128-04a91c7951fb,c3,None,2252,p3,?,
1769501134.7716625,RECEIVED,6bd00a6e-0c93-446b-9389-aaceaa5cc6b4,0d67bbd8-edcc-478e-9a4d-4b124b66ee21,c3,c4,2474,p3,?,
1769501134.841289,RECEIVED,d0cc4700-f410-4937-9005-888db44f8873,d79934f7-dfcd-4f9d-bd38-c0d514f3bda0,c1,c5,2473,p1,?,
1769501134.8508115,SENT,6bd00a6e-0c93-446b-9389-aaceaa5cc6b4,0d67bbd8-edcc-478e-9a4d-4b124b66ee21,c3,c4,1783,?,i12,
1769501134.8508518,FORWARDED,6bd00a6e-0c93-446b-9389-aaceaa5cc6b4,0d67bbd8-edcc-478e-9a4d-4b124b66ee21,c3,c4,1783,?,i12,
1769501134.96762,SENT,d0cc4700-f410-4937-9005-888db44f8873,d79934f7-dfcd-4f9d-bd38-c0d514f3bda0,c1,c5,1780,?,i12,
1769501134.9676614,FORWARDED,d0cc4700-f410-4937-9005-888db44f8873,d79934f7-dfcd-4f9d-bd38-c0d514f3bda0,c1,c5,1780,?,i12,
1769501135.0846214,SENT,8c219790-8a3a-4b05-965b-6e3135374ea8,8c2ee084-7874-41cf-a128-04a91c7951fb,c3,None,1617,?,i11,
1769501135.0846627,FORWARDED,8c219790-8a3a-4b05-965b-6e3135374ea8,8c2ee084-7874-41cf-a128-04a91c7951fb,c3,None,1617,?,i11,
1769501135.2456875,SENT,e7144513-f9aa-48e7-9cf1-9631631824b0,f1e05a6d-3ffe-4609-af31-17031a679319,c3,DROP,1016,?,i11,
1769501135.2457345,FORWARDED,e7144513-f9aa-48e7-9cf1-9631631824b0,f1e05a6d-3ffe-4609-af31-17031a679319,c3,DROP,1016,?,i11,
1769501135.4139729,RECEIVED,a18e8d97-5270-4ebb-ba57-12989fd8a51e,a7e3d4f1-a775-4c71-badc-53756cb9e464,c1,None,2223,p1,?,
1769501135.5173495,SENT,5a2764d5-927c-486a-8f8c-c15ab8924a35,b69f5b2e-0310-4223-a49a-2d2ff97bc884,c4,c3,1772,?,i4,
1769501135.51739,FORWARDED,5a2764d5-927c-486a-8f8c-c15ab8924a35,b69f5b2e-0310-4223-a49a-2d2ff97bc884,c4,c3,1772,?,i4,
1769501135.6473594,SENT,ca467faf-7cf3-42f3-bb69-21c476c25717,749e8ea4-a9e8-4bec-a604-d1aa81a53a89,c5,DROP,1017,?,i11,
1769501135.6474,FORWARDED,ca467faf-7cf3-42f3-bb69-21c476c25717,749e8ea4-a9e8-4bec-a604-d1aa81a53a89,c5,DROP,1017,?,i11,
1769501135.6735368,RECEIVED,84abf28f-78d9-4583-af2a-10d43155ffeb,ecec534e-bb0b-4bbd-94c9-14b3ce74ffcb,c4,DROP,1451,p1,?,
1769501135.689549,RECEIVED,d471473f-5958-4332-81e4-0972859bb1af,9923448a-d6d2-468c-a2e4-89b7d50703b5,c4,DROP,1452,p1,?,
1769501135.7162309,RECEIVED,2ab652a0-3d23-440a-9137-878ad9ce5bf2,07d051f3-2868-4f2c-a6db-42b2e5e71f20,c5,None,2229,p2,?,
1769501135.804762,SENT,2ab652a0-3d23-440a-9137-878ad9ce5bf2,07d051f3-2868-4f2c-a6db-42b2e5e71f20,c5,None,1599,?,i11,
1769501135.804805,FORWARDED,2ab652a0-3d23-440a-9137-878ad9ce5bf2,07d051f3-2868-4f2c-a6db-42b2e5e71f20,c5,None,1599,?,i11,
1769501135.809035,SENT,a2bb8afd-e951-419c-b7b5-8e348f0a2faa,86cf42b7-e499-448e-8e21-3762b6a6ca4e,c5,DROP,1008,?,i5,
1769501135.8091385,FORWARDED,a2bb8afd-e951-419c-b7b5-8e348f0a2faa,86cf42b7-e499-448e-8e21-3762b6a6ca4e,c5,DROP,1008,?,i5,
1769501135.8633347,SENT,d471473f-5958-4332-81e4-0972859bb1af,9923448a-d6d2-468c-a2e4-89b7d50703b5,c4,DROP,1016,?,i3,
1769501135.8633773,FORWARDED,d471473f-5958-4332-81e4-0972859bb1af,9923448a-d6d2-468c-a2e4-89b7d50703b5,c4,DROP,1016,?,i3,
1769501135.9221063,RECEIVED,6d4d2af3-7194-4742-a5aa-3c27a3ccaa10,2f769131-842e-4ced-82f4-e627816faa72,c2,DROP,1444,p2,?,
1769501136.0458982,RECEIVED,8e9dc402-b2a4-4a46-bc56-9cbc13fa889f,9a36e9ff-f6b2-4bdc-b941-4e2d2ed82749,c2,None,2223,p2,?,
1769501136.0654678,RECEIVED,f945d1c5-c742-4ce9-9215-d619b7aa16b7,c6ac0007-c5da-4aba-a0df-b3fa138d0b40,c2,DROP,1440,p2,?,
1769501136.179431,SENT,f945d1c5-c742-4ce9-9215-d619b7aa16b7,c6ac0007-c5da-4aba-a0df-b3fa138d0b40,c2,DROP,1008,?,i9,
1769501136.1794739,FORWARDED,f945d1c5-c742-4ce9-9215-d619b7aa16b7,c6ac0007-c5da-4aba-a0df-b3fa138d0b40,c2,DROP,1008,?,i9,
1769501136.2504482,SENT,a18e8d97-5270-4ebb-ba57-12989fd8a51e,a7e3d4f1-a775-4c71-badc-53756cb9e464,c1,None,1596,?,i7,
1769501136.250492,FORWARDED,a18e8d97-5270-4ebb-ba57-12989fd8a51e,a7e3d4f1-a775-4c71-badc-53756cb9e464,c1,None,1596,?,i7,
1769501136.3190706,SENT,6d4d2af3-7194-4742-a5aa-3c27a3ccaa10,2f769131-842e-4ced-82f4-e627816faa72,c2,DROP,1011,?,i10,
1769501136.3191118,FORWARDED,6d4d2af3-7194-4742-a5aa-3c27a3ccaa10,2f769131-842e-4ced-82f4-e627816faa72,c2,DROP,1011,?,i10,
1769501136.330211,RECEIVED,374df2d0-4bd8-40fb-9176-6bd858df3feb,54ade205-b860-49a5-9afe-6f7cd5891367,c2,DROP,1439,p2,?,
1769501136.395098,SENT,84abf28f-78d9-4583-af2a-10d43155ffeb,ecec534e-bb0b-4bbd-94c9-14b3ce74ffcb,c4,DROP,1016,?,i11,
1769501136.3951418,FORWARDED,84abf28f-78d9-4583-af2a-10d43155ffeb,ecec534e-bb0b-4bbd-94c9-14b3ce74ffcb,c4,DROP,1016,?,i11,
1769501136.4084263,RECEIVED,a5a84ee9-c50c-4a3c-9db0-789a0b211a3f,2db692f7-7b9e-44a2-95fc-5be72c84bfdd,c2,c1,2447,p2,?,
1769501136.449041,SENT,8e9dc402-b2a4-4a46-bc56-9cbc13fa889f,9a36e9ff-f6b2-4bdc-b941-4e2d2ed82749,c2,None,1595,?,i8,
1769501136.4490993,FORWARDED,8e9dc402-b2a4-4a46-bc56-9cbc13fa889f,9a36e9ff-f6b2-4bdc-b941-4e2d2ed82749,c2,None,1595,?,i8,
1769501136.591975,RECEIVED,10dd37f4-f7f7-4951-99f7-331ab722b5e2,d289f22e-291d-43be-bbce-89439ac71be8,c1,DROP,1459,p1,?,
1769501136.6703248,SENT,374df2d0-4bd8-40fb-9176-6bd858df3feb,54ade205-b860-49a5-9afe-6f7cd5891367,c2,DROP,1007,?,i8,
1769501136.6703694,FORWARDED,374df2d0-4bd8-40fb-9176-6bd858df3feb,54ade205-b860-49a5-9afe-6f7cd5891367,c2,DROP,1007,?,i8,
1769501136.8467271,RECEIVED,9a963e72-ed8f-4d34-804f-c37974fd58c1,1741d5ca-5baf-4fe4-9b1d-9d0608d08c85,c5,c2,2464,p2,?,
1769501136.8519745,SENT,a5a84ee9-c50c-4a3c-9db0-789a0b211a3f,2db692f7-7b9e-44a2-95fc-5be72c84bfdd,c2,c1,1763,?,i6,
1769501136.8520186,FORWARDED,a5a84ee9-c50c-4a3c-9db0-789a0b211a3f,2db692f7-7b9e-44a2-95fc-5be72c84bfdd,c2,c1,1763,?,i6,
1769501136.9984205,SENT,9a963e72-ed8f-4d34-804f-c37974fd58c1,1741d5ca-5baf-4fe4-9b1d-9d0608d08c85,c5,c2,1775,?,i2,
1769501136.998463,FORWARDED,9a963e72-ed8f-4d34-804f-c37974fd58c1,1741d5ca-5baf-4fe4-9b1d-9d0608d08c85,c5,c2,1775,?,i2,
1769501137.0625114,RECEIVED,7ab92d53-0440-40f6-a537-2ab8d5af1b86,b2455cde-dace-474f-bb99-c861cd46a2ee,c5,DROP,1441,p2,?,
1769501137.0981772,SENT,10dd37f4-f7f7-4951-99f7-331ab722b5e2,d289f22e-291d-43be-bbce-89439ac71be8,c1,DROP,1021,?,i1,
1769501137.0982137,FORWARDED,10dd37f4-f7f7-4951-99f7-331ab722b5e2,d289f22e-291d-43be-bbce-89439ac71be8,c1,DROP,1021,?,i1,
1769501137.1012802,RECEIVED,a02e3f9f-a3c3-45e2-8663-9f29436d167b,1bd32f6f-39e0-4124-aee5-6330e386bbae,c1,DROP,1461,p1,?,
1769501137.2652826,SENT,a02e3f9f-a3c3-45e2-8663-9f29436d167b,1bd32f6f-39e0-4124-aee5-6330e386bbae,c1,DROP,1021,?,i12,
1769501137.2653253,FORWARDED,a02e3f9f-a3c3-45e2-8663-9f29436d167b,1bd32f6f-39e0-4124-aee5-6330e386bbae,c1,DROP,1021,?,i12,
1769501137.2790868,RECEIVED,718d0f0c-1949-4ed6-89d9-03110f533a36,d5927b7c-d137-4339-a519-ef617c4d5748,c4,None,2236,p1,?,
1769501137.3221395,RECEIVED,810561fb-8974-4e0d-88ac-519baa1d0935,b00012a4-4d2c-4435-b1a1-64f564f93b18,c2,DROP,1444,p2,?,
1769501137.4132226,SENT,718d0f0c-1949-4ed6-89d9-03110f533a36,d5927b7c-d137-4339-a519-ef617c4d5748,c4,None,1604,?,i7,
1769501137.4132593,FORWARDED,718d0f0c-1949-4ed6-89d9-03110f533a36,d5927b7c-d137-4339-a519-ef617c4d5748,c4,None,1604,?,i7,
1769501137.47074,RECEIVED,a8ed59f1-eecb-4df1-bbde-f772ecd064fd,6a057cca-9320-4d1b-88d3-181e2453eb4e,c5,DROP,442,x6,?,
1769501137.5463665,SENT,7ab92d53-0440-40f6-a537-2ab8d5af1b86,b2455cde-dace-474f-bb99-c861cd46a2ee,c5,DROP,1008,?,i12,
1769501137.546409,FORWARDED,7ab92d53-0440-40f6-a537-2ab8d5af1b86,b2455cde-dace-474f-bb99-c861cd46a2ee,c5,DROP,1008,?,i12,
1769501137.5499353,RECEIVED,3e695959-c0f9-453f-9805-8cacd872175d,9188004d-5a6c-47d3-ac73-938273f5540f,c5,DROP,1440,p2,?,
1769501137.5910132,RECEIVED,d0037fad-4610-4429-858e-a54b96a82451,b672905d-d2d1-4f24-abe2-83d3a7e456f3,c3,DROP,1460,p3,?,
1769501137.955165,SENT,3e695959-c0f9-453f-9805-8cacd872175d,9188004d-5a6c-47d3-ac73-938273f5540f,c5,DROP,1007,?,i7,
1769501137.9552073,FORWARDED,3e695959-c0f9-453f-9805-8cacd872175d,9188004d-5a6c-47d3-ac73-938273f5540f,c5,DROP,1007,?,i7,
1769501138.0192497,SENT,810561fb-8974-4e0d-88ac-519baa1d0935,b00012a4-4d2c-4435-b1a1-64f564f93b18,c2,DROP,1009,?,i12,
1769501138.0192935,FORWARDED,810561fb-8974-4e0d-88ac-519baa1d0935,b00012a4-4d2c-4435-b1a1-64f564f93b18,c2,DROP,1009,?,i12,
1769501138.0390623,RECEIVED,35b161d7-198b-4273-bfd6-3c1633226026,6a8c9d01-08b6-4b11-b224-5baf4479706d,c4,DROP,1442,p1,?,
1769501138.0677292,RECEIVED,87caddba-1404-4258-839d-0074f7da15f1,ece8c807-7228-4ef5-bf6e-53ed38d525db,c2,DROP,1445,p2,?,
1769501138.1415894,SENT,87caddba-1404-4258-839d-0074f7da15f1,ece8c807-7228-4ef5-bf6e-53ed38d525db,c2,DROP,1010,?,i12,
1769501138.1416328,FORWARDED,87caddba-1404-4258-839d-0074f7da15f1,ece8c807-7228-4ef5-bf6e-53ed38d525db,c2,DROP,1010,?,i12,
1769501138.1833014,SENT,d0037fad-4610-4429-858e-a54b96a82451,b672905d-d2d1-4f24-abe2-83d3a7e456f3,c3,DROP,1021,?,i11,
1769501138.1833432,FORWARDED,d0037fad-4610-4429-858e-a54b96a82451,b672905d-d2d1-4f24-abe2-83d3a7e456f3,c3,DROP,1021,?,i11,
1769501138.2418358,RECEIVED,70682335-5775-47b9-803e-091041aaae59,8d586126-cb1f-4767-a662-8f5db4b41537,c2,DROP,1440,p2,?,
1769501138.3698115,SENT,70682335-5775-47b9-803e-091041aaae59,8d586126-cb1f-4767-a662-8f5db4b41537,c2,DROP,1008,?,i6,
1769501138.369853,FORWARDED,70682335-5775-47b9-803e-091041aaae59,8d586126-cb1f-4767-a662-8f5db4b41537,c2,DROP,1008,?,i6,
1769501138.564383,RECEIVED,c85b0a85-6b1e-4f5c-9714-8ab658f1a589,57e6c96b-709a-4de8-9fe4-33c3d0b9cee3,c4,DROP,1450,p1,?,
1769501138.8302116,SENT,35b161d7-198b-4273-bfd6-3c1633226026,6a8c9d01-08b6-4b11-b224-5baf4479706d,c4,DROP,1009,?,i1,
1769501138.8302522,FORWARDED,35b161d7-198b-4273-bfd6-3c1633226026,6a8c9d01-08b6-4b11-b224-5baf4479706d,c4,DROP,1009,?,i1,
1769501138.9828465,RECEIVED,dd21e9ef-4cb9-461a-bcca-fd66ea235c73,2e7b6606-f89d-4877-a515-03273f8dbac7,c2,DROP,1447,p2,?,
1769501139.0446784,RECEIVED,2cd00e89-3a67-43d6-baa0-642c51257f66,8380a9a1-daaa-4302-9353-0a381a4ff921,c4,DROP,1440,p1,?,
1769501139.1374116,SENT,2cd00e89-3a67-43d6-baa0-642c51257f66,8380a9a1-daaa-4302-9353-0a381a4ff921,c4,DROP,1008,?,i3,
1769501139.137447,FORWARDED,2cd00e89-3a67-43d6-baa0-642c51257f66,8380a9a1-daaa-4302-9353-0a381a4ff921,c4,DROP,1008,?,i3,
1769501139.1936243,RECEIVED,75f57316-a73f-4f7d-aebe-42fc0b537e1f,ab566d53-2bb5-4193-a1c9-91f92695b07a,c4,DROP,1439,p1,?,
1769501139.2869122,RECEIVED,a84b3fe0-a16d-4869-a633-016ab49b03b0,cdf06524-6a82-4a99-838b-858bc1b87e8d,c4,DROP,1436,p1,?,
1769501139.3833477,SENT,a84b3fe0-a16d-4869-a633-016ab49b03b0,cdf06524-6a82-4a99-838b-858bc1b87e8d,c4,DROP,1003,?,i7,
1769501139.3833907,FORWARDED,a84b3fe0-a16d-4869-a633-016ab49b03b0,cdf06524-6a82-4a99-838b-858bc1b87e8d,c4,DROP,1003,?,i7,
1769501139.4881897,RECEIVED,5e6ea2c4-bf33-4bbd-81f5-535d0a4260fd,d1510534-4754-47dc-9b71-8b44ba6c6110,c2,DROP,1440,p2,?,
1769501139.6857243,RECEIVED,42a66766-b1d7-4084-b251-4fdae011d568,dcd80396-2085-439b-a58b-e62493d7c038,c3,DROP,1452,p3,?,
1769501139.7071648,SENT,5e6ea2c4-bf33-4bbd-81f5-535d0a4260fd,d1510534-4754-47dc-9b71-8b44ba6c6110,c2,DROP,1007,?,i12,
1769501139.7072062,FORWARDED,5e6ea2c4-bf33-4bbd-81f5-535d0a4260fd,d1510534-4754-47dc-9b71-8b44ba6c6110,c2,DROP,1007,?,i12,
1769501139.71243,RECEIVED,964618b9-2ea2-4fff-81ea-933924e75278,0bfc32e4-998f-4b6d-b83e-2eb07cc006f5,c3,DROP,1439,p3,?,
1769501139.7223465,SENT,42a66766-b1d7-4084-b251-4fdae011d568,dcd80396-2085-439b-a58b-e62493d7c038,c3,DROP,1015,?,i6,
1769501139.7223911,FORWARDED,42a66766-b1d7-4084-b251-4fdae011d568,dcd80396-2085-439b-a58b-e62493d7c038,c3,DROP,1015,?,i6,
1769501139.7260969,RECEIVED,2281b93c-15f2-43c7-b757-bc650906d701,19b32ff3-dddd-4af8-b24a-c3893a610141,c1,c5,2447,p1,?,
1769501139.7554245,SENT,75f57316-a73f-4f7d-aebe-42fc0b537e1f,ab566d53-2bb5-4193-a1c9-91f92695b07a,c4,DROP,1007,?,i9,
1769501139.7554884,FORWARDED,75f57316-a73f-4f7d-aebe-42fc0b537e1f,ab566d53-2bb5-4193-a1c9-91f92695b07a,c4,DROP,1007,?,i9,
1769501139.8721628,SENT,c85b0a85-6b1e-4f5c-9714-8ab658f1a589,57e6c96b-709a-4de8-9fe4-33c3d0b9cee3,c4,DROP,1015,?,i6,
1769501139.8722055,FORWARDED,c85b0a85-6b1e-4f5c-9714-8ab658f1a589,57e6c96b-709a-4de8-9fe4-33c3d0b9cee3,c4,DROP,1015,?,i6,
1769501140.1651227,RECEIVED,5ce63a67-5a3e-4c0d-9a84-24f6a49b2ef0,1e37c28d-2e96-411a-8170-9e2e400bbb5e,c2,DROP,1450,p2,?,
1769501140.25182,RECEIVED,0cb1c05e-0337-448e-ab56-93daaf9de76b,f993845a-6067-48e7-ad92-910e04b58738,c3,DROP,1444,p3,?,
1769501140.3186047,RECEIVED,cafc9973-fe23-45a9-8458-991fa9e7e1e7,d76d047d-3192-410e-bf73-ed3113a6aabc,c2,None,2224,p2,?,
1769501140.3737307,RECEIVED,9552d071-9fdd-4298-af92-175121a2ffd0,460e924e-67f4-4aa2-aca3-5423cadd951f,c4,DROP,1452,p1,?,
1769501140.41952,RECEIVED,ebb80469-e929-4982-a1db-f5642b63bc99,100fce4d-f008-4741-b438-80718f6cd400,c4,DROP,1444,p1,?,
1769501140.484014,RECEIVED,fd83d2ee-18a4-47f3-9566-2941c81c266b,223ae81b-b126-4c05-a08f-1ee6f78c8753,c3,DROP,1446,p3,?,
1769501140.6104746,SENT,9552d071-9fdd-4298-af92-175121a2ffd0,460e924e-67f4-4aa2-aca3-5423cadd951f,c4,DROP,1016,?,i1,
1769501140.6105177,FORWARDED,9552d071-9fdd-4298-af92-175121a2ffd0,460e924e-67f4-4aa2-aca3-5423cadd951f,c4,DROP,1016,?,i1,
1769501140.616442,SENT,2281b93c-15f2-43c7-b757-bc650906d701,19b32ff3-dddd-4af8-b24a-c3893a610141,c1,c5,1764,?,i5,
1769501140.6164832,FORWARDED,2281b93c-15f2-43c7-b757-bc650906d701,19b32ff3-dddd-4af8-b24a-c3893a610141,c1,c5,1764,?,i5,
1769501140.6186204,RECEIVED,8299456e-c2c5-4b98-b332-d8eaf9608668,62bd5c44-a1aa-4df8-985a-60c0895543e5,c5,None,2243,p2,?,
1769501140.6207511,SENT,0cb1c05e-0337-448e-ab56-93daaf9de76b,f993845a-6067-48e7-ad92-910e04b58738,c3,DROP,1011,?,i9,
1769501140.6207943,FORWARDED,0cb1c05e-0337-448e-ab56-93daaf9de76b,f993845a-6067-48e7-ad92-910e04b58738,c3,DROP,1011,?,i9,
1769501140.6647813,SENT,ebb80469-e929-4982-a1db-f5642b63bc99,100fce4d-f008-4741-b438-80718f6cd400,c4,DROP,1011,?,i9,
1769501140.6648211,FORWARDED,ebb80469-e929-4982-a1db-f5642b63bc99,100fce4d-f008-4741-b438-80718f6cd400,c4,DROP,1011,?,i9,
1769501140.7014773,RECEIVED,a301b301-07f7-4019-a433-be159f02c235,0145fb7a-40d4-4f96-becb-003690eb5893,c4,c3,2463,p1,?,
1769501140.7791314,RECEIVED,875542a8-2aea-4185-b333-78574ba2573c,d8b4687e-34f1-46f4-9e7f-bedea3083407,c5,c2,2463,p2,?,
1769501140.8049984,SENT,5ce63a67-5a3e-4c0d-9a84-24f6a49b2ef0,1e37c28d-2e96-411a-8170-9e2e400bbb5e,c2,DROP,1015,?,i4,
1769501140.805043,FORWARDED,5ce63a67-5a3e-4c0d-9a84-24f6a49b2ef0,1e37c28d-2e96-411a-8170-9e2e400bbb5e,c2,DROP,1015,?,i4,
1769501140.8201468,SENT,cafc9973-fe23-45a9-8458-991fa9e7e1e7,d76d047d-3192-410e-bf73-ed3113a6aabc,c2,None,1596,?,i11,
1769501140.8201919,FORWARDED,cafc9973-fe23-45a9-8458-991fa9e7e1e7,d76d047d-3192-410e-bf73-ed3113a6aabc,c2,None,1596,?,i11,
1769501140.8995352,RECEIVED,430ca933-6ed2-4d43-a16b-72370fc14237,082a7f5a-7588-4f1e-932d-83166228a130,c2,c1,2461,p2,?,
1769501140.9416187,RECEIVED,b3b23fa9-b298-4027-93ad-11f5db603692,ac94e76d-5db6-402e-8ca4-d3c7ff33213f,c5,c2,2456,p2,?,
1769501140.9916203,SENT,964618b9-2ea2-4fff-81ea-933924e75278,0bfc32e4-998f-4b6d-b83e-2eb07cc006f5,c3,DROP,1008,?,i4,
1769501140.9916632,FORWARDED,964618b9-2ea2-4fff-81ea-933924e75278,0bfc32e4-998f-4b6d-b83e-2eb07cc006f5,c3,DROP,1008,?,i4,
1769501141.0422935,SENT,fd83d2ee-18a4-47f3-9566-2941c81c266b,223ae81b-b126-4c05-a08f-1ee6f78c8753,c3,DROP,1012,?,i5,
1769501141.0423348,FORWARDED,fd83d2ee-18a4-47f3-9566-2941c81c266b,223ae81b-b126-4c05-a08f-1ee6f78c8753,c3,DROP,1012,?,i5,
1769501141.0846684,RECEIVED,bfc65800-cf74-4d25-9fb1-05728e83d998,1b20f848-516c-4037-86cf-c47f8b767a81,c5,DROP,1452,p2,?,
1769501141.146742,SENT,dd21e9ef-4cb9-461a-bcca-fd66ea235c73,2e7b6606-f89d-4877-a515-03273f8dbac7,c2,DROP,1014,?,i1,
1769501141.146783,FORWARDED,dd21e9ef-4cb9-461a-bcca-fd66ea235c73,2e7b6606-f89d-4877-a515-03273f8dbac7,c2,DROP,1014,?,i1,
1769501141.1964002,RECEIVED,23ae05c3-d2c6-4ee7-832c-38fef67254f4,b3103c5b-053e-4604-bc56-9d01c9d82ecb,c1,c5,2459,p1,?,
1769501141.2473657,SENT,a301b301-07f7-4019-a433-be159f02c235,0145fb7a-40d4-4f96-becb-003690eb5893,c4,c3,1776,?,i7,
1769501141.2474077,FORWARDED,a301b301-07f7-4019-a433-be159f02c235,0145fb7a-40d4-4f96-becb-003690eb5893,c4,c3,1776,?,i7,
1769501141.3037674,SENT,8299456e-c2c5-4b98-b332-d8eaf9608668,62bd5c44-a1aa-4df8-985a-60c0895543e5,c5,None,1609,?,i6,
1769501141.3038101,FORWARDED,8299456e-c2c5-4b98-b332-d8eaf9608668,62bd5c44-a1aa-4df8-985a-60c0895543e5,c5,None,1609,?,i6,
1769501141.3367884,SENT,b3b23fa9-b298-4027-93ad-11f5db603692,ac94e76d-5db6-402e-8ca4-d3c7ff33213f,c5,c2,1768,?,i4,
1769501141.3368294,FORWARDED,b3b23fa9-b298-4027-93ad-11f5db603692,ac94e76d-5db6-402e-8ca4-d3c7ff33213f,c5,c2,1768,?,i4,
1769501141.4174573,SENT,875542a8-2aea-4185-b333-78574ba2573c,d8b4687e-34f1-46f4-9e7f-bedea3083407,c5,c2,1775,?,i4,
1769501141.4175,FORWARDED,875542a8-2aea-4185-b333-78574ba2573c,d8b4687e-34f1-46f4-9e7f-bedea3083407,c5,c2,1775,?,i4,
1769501141.5084736,SENT,430ca933-6ed2-4d43-a16b-72370fc14237,082a7f5a-7588-4f1e-932d-83166228a130,c2,c1,1775,?,i1,
1769501141.5085194,FORWARDED,430ca933-6ed2-4d43-a16b-72370fc14237,082a7f5a-7588-4f1e-932d-83166228a130,c2,c1,1775,?,i1,
1769501141.6591032,RECEIVED,93232690-67eb-4ef6-bac5-164a90bd9780,87c7a093-13d3-4414-bdc6-5d336be0e232,c1,DROP,1451,p1,?,
1769501141.661226,RECEIVED,b766a991-ea91-4859-a4d0-453b8c40cb26,c27c44f7-9a48-479a-a40e-53df136691a3,c1,None,2223,p1,?,
1769501141.7184906,SENT,b766a991-ea91-4859-a4d0-453b8c40cb26,c27c44f7-9a48-479a-a40e-53df136691a3,c1,None,1596,?,i6,
1769501141.7185328,FORWARDED,b766a991-ea91-4859-a4d0-453b8c40cb26,c27c44f7-9a48-479a-a40e-53df136691a3,c1,None,1596,?,i6,
1769501141.719811,RECEIVED,f69830d3-098f-4a4b-b04a-74209fbc8f0e,2b88d39c-684a-4598-ac3f-f5db52c4cb60,c1,DROP,1451,p1,?,
1769501141.8080103,SENT,bfc65800-cf74-4d25-9fb1-05728e83d998,1b20f848-516c-4037-86cf-c47f8b767a81,c5,DROP,1017,?,i10,
1769501141.8080657,FORWARDED,bfc65800-cf74-4d25-9fb1-05728e83d998,1b20f848-516c-4037-86cf-c47f8b767a81,c5,DROP,1017,?,i10,
1769501142.009722,RECEIVED,27c21f3c-3424-4b0f-aabb-d5e5e7008cfe,e495f8f1-657e-42b4-b675-d8c33c067700,c1,DROP,1453,p1,?,
1769501142.0746765,RECEIVED,f38786eb-3ca7-44f4-bb71-884e688b3abd,b850d994-3443-4283-88de-a7d548ef7573,c1,c5,2460,p1,?,
1769501142.112628,SENT,27c21f3c-3424-4b0f-aabb-d5e5e7008cfe,e495f8f1-657e-42b4-b675-d8c33c067700,c1,DROP,1017,?,i6,
1769501142.1126707,FORWARDED,27c21f3c-3424-4b0f-aabb-d5e5e7008cfe,e495f8f1-657e-42b4-b675-d8c33c067700,c1,DROP,1017,?,i6,
1769501142.216986,RECEIVED,2c2d00ba-41f8-4a32-9357-4d1cb4de72d8,5c7d1d54-4d5f-44b1-90e6-1fcdc6120155,c1,c5,2464,p1,?,
1769501142.3491526,RECEIVED,181acda7-35bb-4acc-a029-3a96d3ef01e3,f525b9d7-5a25-4da3-8959-f60c1eb0e946,c3,DROP,442,x4,?,
1769501142.4214017,RECEIVED,354cc784-4257-4dbb-9452-5d193a13918f,cc75e965-0b72-466a-9468-cd413fbbd457,c2,c1,2464,p2,?,
1769501142.441393,RECEIVED,d6bd1bcc-00ef-45fe-a734-d602035f028b,5a648685-efe9-40e9-bb54-404556d0eea8,c4,None,2240,p1,?,
1769501142.5442417,SENT,23ae05c3-d2c6-4ee7-832c-38fef67254f4,b3103c5b-053e-4604-bc56-9d01c9d82ecb,c1,c5,1772,?,i9,
1769501142.544289,FORWARDED,23ae05c3-d2c6-4ee7-832c-38fef67254f4,b3103c5b-053e-4604-bc56-9d01c9d82ecb,c1,c5,1772,?,i9,
1769501142.5959308,RECEIVED,4f0e21bd-a77e-4063-94a8-d130e8a84773,6746adf0-073e-4976-af08-a1f092c098c4,c4,DROP,1441,p1,?,
1769501142.612759,RECEIVED,e4c412c7-2c56-4c33-8c9e-9a3e5ad5ae16,8fb96354-e4af-4629-8620-f4071361dd05,c5,DROP,1436,p2,?,
1769501142.650263,SENT,4f0e21bd-a77e-4063-94a8-d130e8a84773,6746adf0-073e-4976-af08-a1f092c098c4,c4,DROP,1007,?,i6,
1769501142.6503212,FORWARDED,4f0e21bd-a77e-4063-94a8-d130e8a84773,6746adf0-073e-4976-af08-a1f092c098c4,c4,DROP,1007,?,i6,
1769501142.6652825,RECEIVED,f251a764-2f4e-4b01-aa22-6d79076d0c40,bd904487-29bd-4a77-95fb-465e94a7ca25,c2,DROP,441,x8,?,
1769501142.7296493,SENT,e4c412c7-2c56-4c33-8c9e-9a3e5ad5ae16,8fb96354-e4af-4629-8620-f4071361dd05,c5,DROP,1004,?,i8,
1769501142.729687,FORWARDED,e4c412c7-2c56-4c33-8c9e-9a3e5ad5ae16,8fb96354-e4af-4629-8620-f4071361dd05,c5,DROP,1004,?,i8,
1769501142.7689126,SENT,f38786eb-3ca7-44f4-bb71-884e688b3abd,b850d994-3443-4283-88de-a7d548ef7573,c1,c5,1771,?,i12,
1769501142.7689667,FORWARDED,f38786eb-3ca7-44f4-bb71-884e688b3abd,b850d994-3443-4283-88de-a7d548ef7573,c1,c5,1771,?,i12,
1769501142.8579168,RECEIVED,8e66f0fc-ec0d-4c29-ac01-5a53a37e5214,05a3b3dd-3f0d-4d99-80c6-f610497f6249,c5,DROP,1452,p2,?,
1769501142.9734595,SENT,93232690-67eb-4ef6-bac5-164a90bd9780,87c7a093-13d3-4414-bdc6-5d336be0e232,c1,DROP,1015,?,i5,
1769501142.973502,FORWARDED,93232690-67eb-4ef6-bac5-164a90bd9780,87c7a093-13d3-4414-bdc6-5d336be0e232,c1,DROP,1015,?,i5,
1769501143.025703,SENT,2c2d00ba-41f8-4a32-9357-4d1cb4de72d8,5c7d1d54-4d5f-44b1-90e6-1fcdc6120155,c1,c5,1776,?,i12,
1769501143.025743,FORWARDED,2c2d00ba-41f8-4a32-9357-4d1cb4de72d8,5c7d1d54-4d5f-44b1-90e6-1fcdc6120155,c1,c5,1776,?,i12,
1769501143.038744,RECEIVED,26dd6c27-e36f-4673-a7ad-e00ccf8f5ef6,36f74d52-e14b-4a17-956c-a9a2f672cc49,c5,None,2235,p2,?,
1769501143.063011,RECEIVED,afbf0f6c-5439-4827-ad4e-5b47db07bb52,cc01e47f-d8cb-42f9-8e79-4dcb92003239,c3,None,2225,p3,?,
1769501143.1331856,SENT,f69830d3-098f-4a4b-b04a-74209fbc8f0e,2b88d39c-684a-4598-ac3f-f5db52c4cb60,c1,DROP,1015,?,i5,
1769501143.1332316,FORWARDED,f69830d3-098f-4a4b-b04a-74209fbc8f0e,2b88d39c-684a-4598-ac3f-f5db52c4cb60,c1,DROP,1015,?,i5,
1769501143.1673322,SENT,afbf0f6c-5439-4827-ad4e-5b47db07bb52,cc01e47f-d8cb-42f9-8e79-4dcb92003239,c3,None,1595,?,i11,
1769501143.1673772,FORWARDED,afbf0f6c-5439-4827-ad4e-5b47db07bb52,cc01e47f-d8cb-42f9-8e79-4dcb92003239,c3,None,1595,?,i11,
1769501143.273071,SENT,354cc784-4257-4dbb-9452-5d193a13918f,cc75e965-0b72-466a-9468-cd413fbbd457,c2,c1,1775,?,i11,
1769501143.273113,FORWARDED,354cc784-4257-4dbb-9452-5d193a13918f,cc75e965-0b72-466a-9468-cd413fbbd457,c2,c1,1775,?,i11,
1769501143.3939033,RECEIVED,23589ce5-addc-46fc-8ef1-da831c40050d,d7a62f48-4b27-46bf-ab60-b0335da6ba2d,c5,c2,2448,p2,?,
1769501143.422928,SENT,26dd6c27-e36f-4673-a7ad-e00ccf8f5ef6,36f74d52-e14b-4a17-956c-a9a2f672cc49,c5,None,1603,?,i1,
1769501143.4229743,FORWARDED,26dd6c27-e36f-4673-a7ad-e00ccf8f5ef6,36f74d52-e14b-4a17-956c-a9a2f672cc49,c5,None,1603,?,i1,
1769501143.4535682,RECEIVED,9f953185-af43-4873-bada-7d2684a13d02,09460832-c712-418d-9791-877f39d5fba9,c5,DROP,1452,p2,?,
1769501143.5281749,RECEIVED,d16dbe88-c753-4fc6-8d89-433c57070c21,da5d473d-d4fc-42a9-bdf5-99191947272c,c1,DROP,1452,p1,?,
1769501143.5728064,RECEIVED,534f4e2b-6505-4906-921b-e8b61676bea2,55ea62b7-b317-4ffd-b44d-7407147c0b07,c4,DROP,1444,p1,?,
1769501143.633098,SENT,534f4e2b-6505-4906-921b-e8b61676bea2,55ea62b7-b317-4ffd-b44d-7407147c0b07,c4,DROP,1011,?,i6,
1769501143.6331356,FORWARDED,534f4e2b-6505-4906-921b-e8b61676bea2,55ea62b7-b317-4ffd-b44d-7407147c0b07,c4,DROP,1011,?,i6,
1769501143.7474957,SENT,8e66f0fc-ec0d-4c29-ac01-5a53a37e5214,05a3b3dd-3f0d-4d99-80c6-f610497f6249,c5,DROP,1016,?,i11,
1769501143.7475321,FORWARDED,8e66f0fc-ec0d-4c29-ac01-5a53a37e5214,05a3b3dd-3f0d-4d99-80c6-f610497f6249,c5,DROP,1016,?,i11,
1769501143.7501059,SENT,9f953185-af43-4873-bada-7d2684a13d02,09460832-c712-418d-9791-877f39d5fba9,c5,DROP,1015,?,i2,
1769501143.7501426,FORWARDED,9f953185-af43-4873-bada-7d2684a13d02,09460832-c712-418d-9791-877f39d5fba9,c5,DROP,1015,?,i2,
1769501143.787546,RECEIVED,06885b45-b68f-4cd5-8203-2a0430a7a4d1,802f886a-d3a1-4a67-849b-efe332adebf6,c4,None,2232,p1,?,
1769501143.8572063,SENT,d6bd1bcc-00ef-45fe-a734-d602035f028b,5a648685-efe9-40e9-bb54-404556d0eea8,c4,None,1608,?,i12,
1769501143.8572483,FORWARDED,d6bd1bcc-00ef-45fe-a734-d602035f028b,5a648685-efe9-40e9-bb54-404556d0eea8,c4,None,1608,?,i12,
1769501143.8708804,RECEIVED,b14ca0e1-a628-4216-97ef-48c3102d5658,eab7bc4a-c11d-48d9-af84-c44919ec19d2,c4,DROP,1440,p1,?,
1769501143.9272242,SENT,d16dbe88-c753-4fc6-8d89-433c57070c21,da5d473d-d4fc-42a9-bdf5-99191947272c,c1,DROP,1016,?,i12,
1769501143.9272716,FORWARDED,d16dbe88-c753-4fc6-8d89-433c57070c21,da5d473d-d4fc-42a9-bdf5-99191947272c,c1,DROP,1016,?,i12,
1769501143.9422154,SENT,b14ca0e1-a628-4216-97ef-48c3102d5658,eab7bc4a-c11d-48d9-af84-c44919ec19d2,c4,DROP,1008,?,i5,
1769501143.9422598,FORWARDED,b14ca0e1-a628-4216-97ef-48c3102d5658,eab7bc4a-c11d-48d9-af84-c44919ec19d2,c4,DROP,1008,?,i5,
1769501143.9689288,RECEIVED,28eb8fb6-09eb-43e0-983a-4ec15e55c09c,8f58d973-5310-4dfb-86e0-5339cae749cd,c4,DROP,1452,p1,?,
1769501144.0086532,RECEIVED,09f6ef3f-01c0-4859-8d96-a39ecda45631,40cb5545-7064-4cf5-976c-1a71d4092c8f,c2,None,2248,p2,?,
1769501144.0534458,SENT,23589ce5-addc-46fc-8ef1-da831c40050d,d7a62f48-4b27-46bf-ab60-b0335da6ba2d,c5,c2,1762,?,i12,
1769501144.0534873,FORWARDED,23589ce5-addc-46fc-8ef1-da831c40050d,d7a62f48-4b27-46bf-ab60-b0335da6ba2d,c5,c2,1762,?,i12,
1769501144.058539,RECEIVED,26566451-341a-4291-9773-791a713ef6a0,fcb32d7b-0df8-442a-83a3-635a0fa0d5b0,c2,None,2224,p2,?,
1769501144.059691,SENT,28eb8fb6-09eb-43e0-983a-4ec15e55c09c,8f58d973-5310-4dfb-86e0-5339cae749cd,c4,DROP,1015,?,i4,
1769501144.0599377,FORWARDED,28eb8fb6-09eb-43e0-983a-4ec15e55c09c,8f58d973-5310-4dfb-86e0-5339cae749cd,c4,DROP,1015,?,i4,
1769501144.2204974,SENT,09f6ef3f-01c0-4859-8d96-a39ecda45631,40cb5545-7064-4cf5-976c-1a71d4092c8f,c2,None,1612,?,i10,
1769501144.2205417,FORWARDED,09f6ef3f-01c0-4859-8d96-a39ecda45631,40cb5545-7064-4cf5-976c-1a71d4092c8f,c2,None,1612,?,i10,
1769501144.679874,RECEIVED,4f6e03af-b12f-4c16-a84f-13c8142ea386,54471200-8dc9-413f-8930-190d5000de08,c4,DROP,441,x1,?,
1769501144.7529066,RECEIVED,fa864c08-e978-41da-bf35-911c5d065a51,3616f111-00f5-4264-ac10-a19c6e29eac9,c2,DROP,1452,p2,?,
1769501144.7666314,RECEIVED,d8ac632a-828f-447f-9014-ed6c85fb7ac0,1a9326c2-2b91-4922-8224-b5c7c4b2058b,c1,DROP,1455,p1,?,
1769501144.7691855,RECEIVED,1769e4fa-f686-4c9f-bb5e-1022e1e80566,5de45138-4132-4e6a-9131-58a4eb3cd777,c1,c5,2473,p1,?,
1769501144.790825,RECEIVED,30bad062-91ed-4e4c-939a-2b960cc2b372,ada6c45e-5f77-46bb-a548-4d221f5fcef0,c2,DROP,1440,p2,?,
1769501144.7974803,SENT,fa864c08-e978-41da-bf35-911c5d065a51,3616f111-00f5-4264-ac10-a19c6e29eac9,c2,DROP,1015,?,i6,
1769501144.7975163,FORWARDED,fa864c08-e978-41da-bf35-911c5d065a51,3616f111-00f5-4264-ac10-a19c6e29eac9,c2,DROP,1015,?,i6,
1769501144.8004537,SENT,26566451-341a-4291-9773-791a713ef6a0,fcb32d7b-0df8-442a-83a3-635a0fa0d5b0,c2,None,1595,?,i11,
1769501144.800496,FORWARDED,26566451-341a-4291-9773-791a713ef6a0,fcb32d7b-0df8-442a-83a3-635a0fa0d5b0,c2,None,1595,?,i11,
1769501144.8879766,SENT,1769e4fa-f686-4c9f-bb5e-1022e1e80566,5de45138-4132-4e6a-9131-58a4eb3cd777,c1,c5,1782,?,i10,
1769501144.8880148,FORWARDED,1769e4fa-f686-4c9f-bb5e-1022e1e80566,5de45138-4132-4e6a-9131-58a4eb3cd777,c1,c5,1782,?,i10,
1769501144.9045675,SENT,30bad062-91ed-4e4c-939a-2b960cc2b372,ada6c45e-5f77-46bb-a548-4d221f5fcef0,c2,DROP,1008,?,i9,
1769501144.9046054,FORWARDED,30bad062-91ed-4e4c-939a-2b960cc2b372,ada6c45e-5f77-46bb-a548-4d221f5fcef0,c2,DROP,1008,?,i9,
1769501144.9705257,RECEIVED,fd9aae2b-0953-473d-b40c-52c0f17ab1fb,b684a166-93e3-45c1-b4cc-e606b8d2d9ff,c3,DROP,1440,p3,?,
1769501145.0259504,RECEIVED,8177df60-d4b7-4423-a563-1402dee31f2e,9864b190-d53c-4d5a-9688-e301a6808ed1,c2,DROP,442,x1,?,
1769501145.0626333,SENT,06885b45-b68f-4cd5-8203-2a0430a7a4d1,802f886a-d3a1-4a67-849b-efe332adebf6,c4,None,1602,?,i12,
1769501145.0626748,FORWARDED,06885b45-b68f-4cd5-8203-2a0430a7a4d1,802f886a-d3a1-4a67-849b-efe332adebf6,c4,None,1602,?,i12,
1769501145.0711737,SENT,fd9aae2b-0953-473d-b40c-52c0f17ab1fb,b684a166-93e3-45c1-b4cc-e606b8d2d9ff,c3,DROP,1007,?,i4,
1769501145.0712166,FORWARDED,fd9aae2b-0953-473d-b40c-52c0f17ab1fb,b684a166-93e3-45c1-b4cc-e606b8d2d9ff,c3,DROP,1007,?,i4,
1769501145.1611342,RECEIVED,c898fb93-e723-4e4c-8c06-1fb23d4d49ff,1d81e2a6-2850-4c20-9253-113646d8f8e2,c1,DROP,1447,p1,?,
1769501145.283292,SENT,d8ac632a-828f-447f-9014-ed6c85fb7ac0,1a9326c2-2b91-4922-8224-b5c7c4b2058b,c1,DROP,1020,?,i5,
1769501145.2833338,FORWARDED,d8ac632a-828f-447f-9014-ed6c85fb7ac0,1a9326c2-2b91-4922-8224-b5c7c4b2058b,c1,DROP,1020,?,i5,
1769501145.3285947,RECEIVED,874d7fc0-480b-4bc3-a12e-9897cb6a2e72,acd9903c-d874-47ac-85db-91d5aedd36c4,c5,DROP,1439,p2,?,
1769501145.3387635,RECEIVED,d1583137-81e9-491e-a7db-9ff13e7be17c,8aa481aa-e573-4627-82f6-2f37f6536daf,c3,DROP,442,x1,?,
1769501145.3869612,RECEIVED,1ceec89b-bef9-4a23-a2d7-a8d343e008ed,a5176dbf-3015-4eef-b135-bff16c5069bb,c3,DROP,1440,p3,?,
1769501145.4095445,RECEIVED,559096b2-712b-4f57-a398-8016ad1dfbf2,16468acd-3cdb-44ea-986a-e12fd0f224be,c3,DROP,1453,p3,?,
1769501145.427222,RECEIVED,e5bb2e66-80d8-49ba-9785-f204fd8d9f89,9bba8a0a-4fbd-4270-9a1b-eef438b97e5c,c4,DROP,1441,p1,?,
1769501145.42945,RECEIVED,db072164-87fa-4c34-98ed-82fa2c102b1c,6396482d-ceb0-4a25-962c-a8df2009c0af,c4,None,2233,p1,?,
1769501145.4891307,SENT,1ceec89b-bef9-4a23-a2d7-a8d343e008ed,a5176dbf-3015-4eef-b135-bff16c5069bb,c3,DROP,1008,?,i8,
1769501145.4891741,FORWARDED,1ceec89b-bef9-4a23-a2d7-a8d343e008ed,a5176dbf-3015-4eef-b135-bff16c5069bb,c3,DROP,1008,?,i8,
1769501145.5272465,SENT,559096b2-712b-4f57-a398-8016ad1dfbf2,16468acd-3cdb-44ea-986a-e12fd0f224be,c3,DROP,1015,?,i11,
1769501145.527288,FORWARDED,559096b2-712b-4f57-a398-8016ad1dfbf2,16468acd-3cdb-44ea-986a-e12fd0f224be,c3,DROP,1015,?,i11,
1769501145.6553872,RECEIVED,52322016-b84f-40ca-acb8-4ec033adbaf9,cc282002-12bd-448d-957e-7ff6d8aae5da,c2,DROP,1439,p2,?,
1769501145.7140968,SENT,e5bb2e66-80d8-49ba-9785-f204fd8d9f89,9bba8a0a-4fbd-4270-9a1b-eef438b97e5c,c4,DROP,1007,?,i10,
1769501145.7142751,FORWARDED,e5bb2e66-80d8-49ba-9785-f204fd8d9f89,9bba8a0a-4fbd-4270-9a1b-eef438b97e5c,c4,DROP,1007,?,i10,
1769501145.7163935,RECEIVED,36e58716-449d-4114-ba53-3d0e1675ff4d,a52932e5-149b-4980-9751-67636df77dd8,c2,None,2223,p2,?,
1769501145.7231426,RECEIVED,41c3ec62-e81e-4001-b285-0ae7b2064954,b19a241e-238e-40e0-b226-6624b1a7371d,c1,DROP,1456,p1,?,
1769501145.729389,SENT,db072164-87fa-4c34-98ed-82fa2c102b1c,6396482d-ceb0-4a25-962c-a8df2009c0af,c4,None,1600,?,i11,
1769501145.7294333,FORWARDED,db072164-87fa-4c34-98ed-82fa2c102b1c,6396482d-ceb0-4a25-962c-a8df2009c0af,c4,None,1600,?,i11,
1769501145.7362008,SENT,c898fb93-e723-4e4c-8c06-1fb23d4d49ff,1d81e2a6-2850-4c20-9253-113646d8f8e2,c1,DROP,1012,?,i3,
1769501145.736238,FORWARDED,c898fb93-e723-4e4c-8c06-1fb23d4d49ff,1d81e2a6-2850-4c20-9253-113646d8f8e2,c1,DROP,1012,?,i3,
1769501145.7593296,RECEIVED,95547f64-d821-4cd8-949f-490bf9daaf82,198d74f5-a9b8-4bd4-96b8-4314c69fb856,c3,DROP,1441,p3,?,
1769501145.8396912,SENT,95547f64-d821-4cd8-949f-490bf9daaf82,198d74f5-a9b8-4bd4-96b8-4314c69fb856,c3,DROP,1007,?,i7,
1769501145.8397348,FORWARDED,95547f64-d821-4cd8-949f-490bf9daaf82,198d74f5-a9b8-4bd4-96b8-4314c69fb856,c3,DROP,1007,?,i7,
1769501145.8962014,SENT,41c3ec62-e81e-4001-b285-0ae7b2064954,b19a241e-238e-40e0-b226-6624b1a7371d,c1,DROP,1019,?,i11,
1769501145.8962443,FORWARDED,41c3ec62-e81e-4001-b285-0ae7b2064954,b19a241e-238e-40e0-b226-6624b1a7371d,c1,DROP,1019,?,i11,
1769501145.9124255,RECEIVED,8c2fc919-26e5-4862-bd21-0889ad20132d,9d358d81-4a29-4145-9820-e8e691e526b9,c4,DROP,1447,p1,?,
1769501146.0218034,RECEIVED,b92b42fb-57ec-4ec0-9f7f-c34dd7dad735,bcc7cff8-045b-463b-ac7e-71e47547c0ed,c3,DROP,1441,p3,?,
1769501146.0717561,SENT,b92b42fb-57ec-4ec0-9f7f-c34dd7dad735,bcc7cff8-045b-463b-ac7e-71e47547c0ed,c3,DROP,1008,?,i6,
1769501146.0717933,FORWARDED,b92b42fb-57ec-4ec0-9f7f-c34dd7dad735,bcc7cff8-045b-463b-ac7e-71e47547c0ed,c3,DROP,1008,?,i6,
1769501146.0797946,SENT,36e58716-449d-4114-ba53-3d0e1675ff4d,a52932e5-149b-4980-9751-67636df77dd8,c2,None,1595,?,i5,
1769501146.0798404,FORWARDED,36e58716-449d-4114-ba53-3d0e1675ff4d,a52932e5-149b-4980-9751-67636df77dd8,c2,None,1595,?,i5,
1769501146.084946,RECEIVED,614d5474-7c36-419f-97ef-c2619e4e1901,9929d927-e060-49ad-8963-93815f4af8a4,c5,c2,2461,p2,?,
1769501146.1558943,SENT,614d5474-7c36-419f-97ef-c2619e4e1901,9929d927-e060-49ad-8963-93815f4af8a4,c5,c2,1772,?,i1,
1769501146.1559331,FORWARDED,614d5474-7c36-419f-97ef-c2619e4e1901,9929d927-e060-49ad-8963-93815f4af8a4,c5,c2,1772,?,i1,
1769501146.1576705,RECEIVED,36caf1a3-a117-4dbd-83ab-784663efb7b1,7f8d9613-9001-4076-954b-9677f4879f0c,c5,DROP,1452,p2,?,
1769501146.1595619,SENT,874d7fc0-480b-4bc3-a12e-9897cb6a2e72,acd9903c-d874-47ac-85db-91d5aedd36c4,c5,DROP,1007,?,i3,
1769501146.1596048,FORWARDED,874d7fc0-480b-4bc3-a12e-9897cb6a2e72,acd9903c-d874-47ac-85db-91d5aedd36c4,c5,DROP,1007,?,i3,
1769501146.2110758,RECEIVED,52892419-ac17-433e-8fe7-cf10285f75d7,930b52fe-d23f-419e-b3fc-999f851279f4,c3,c4,2470,p3,?,
1769501146.239136,RECEIVED,5a11af1c-7ccc-4ac1-b15d-e7bd578da0f4,09578384-3537-4cee-9f80-9226badc15b3,c2,DROP,1447,p2,?,
1769501146.3716857,SENT,36caf1a3-a117-4dbd-83ab-784663efb7b1,7f8d9613-9001-4076-954b-9677f4879f0c,c5,DROP,1015,?,i4,
1769501146.3717282,FORWARDED,36caf1a3-a117-4dbd-83ab-784663efb7b1,7f8d9613-9001-4076-954b-9677f4879f0c,c5,DROP,1015,?,i4,
1769501146.536751,RECEIVED,4718aaca-6ce7-45a7-b014-af99e030bdfd,f7c76cd1-c5f5-4cc8-a898-fd3ca05246e8,c4,c3,2464,p1,?,
1769501146.6999197,SENT,4718aaca-6ce7-45a7-b014-af99e030bdfd,f7c76cd1-c5f5-4cc8-a898-fd3ca05246e8,c4,c3,1775,?,i7,
1769501146.699962,FORWARDED,4718aaca-6ce7-45a7-b014-af99e030bdfd,f7c76cd1-c5f5-4cc8-a898-fd3ca05246e8,c4,c3,1775,?,i7,
1769501146.70701,RECEIVED,9183a15a-8662-480b-b236-687c0cd4826c,5b8aeb6d-98d4-42b1-aeee-9463b1556c5e,c4,DROP,442,x4,?,
1769501146.7163765,SENT,5a11af1c-7ccc-4ac1-b15d-e7bd578da0f4,09578384-3537-4cee-9f80-9226badc15b3,c2,DROP,1012,?,i5,
1769501146.7164156,FORWARDED,5a11af1c-7ccc-4ac1-b15d-e7bd578da0f4,09578384-3537-4cee-9f80-9226badc15b3,c2,DROP,1012,?,i5,
1769501146.7198358,RECEIVED,ce9d43a5-7023-4a49-a073-b47cab633345,c21f6022-9df0-445f-9c28-5e541d1250d5,c1,DROP,1440,p1,?,
1769501146.732776,RECEIVED,c39d11bb-2ddc-4f9b-9fe0-722b552e0429,6fb736e2-0546-4436-b868-77b0131d5249,c4,DROP,1440,p1,?,
1769501146.8065639,SENT,c39d11bb-2ddc-4f9b-9fe0-722b552e0429,6fb736e2-0546-4436-b868-77b0131d5249,c4,DROP,1007,?,i1,
1769501146.8066065,FORWARDED,c39d11bb-2ddc-4f9b-9fe0-722b552e0429,6fb736e2-0546-4436-b868-77b0131d5249,c4,DROP,1007,?,i1,
1769501146.808703,SENT,52322016-b84f-40ca-acb8-4ec033adbaf9,cc282002-12bd-448d-957e-7ff6d8aae5da,c2,DROP,1007,?,i7,
1769501146.808742,FORWARDED,52322016-b84f-40ca-acb8-4ec033adbaf9,cc282002-12bd-448d-957e-7ff6d8aae5da,c2,DROP,1007,?,i7,
1769501146.8377306,RECEIVED,92d0b0d4-8966-485d-9984-8fedc248c98a,668ec8b3-c0bd-4029-9693-81fa65b5b857,c3,DROP,1440,p3,?,
1769501146.8382585,RECEIVED,bfee4e8d-22f3-4273-b8f1-9967f8cc1743,03e66f29-fc7e-455e-b4f7-6a2018c91817,c4,DROP,1448,p1,?,
1769501146.8525233,SENT,ce9d43a5-7023-4a49-a073-b47cab633345,c21f6022-9df0-445f-9c28-5e541d1250d5,c1,DROP,1007,?,i6,
1769501146.852565,FORWARDED,ce9d43a5-7023-4a49-a073-b47cab633345,c21f6022-9df0-445f-9c28-5e541d1250d5,c1,DROP,1007,?,i6,
1769501146.9193451,RECEIVED,f2ef5682-4fa5-440c-8a8a-33371ebb09aa,16eecb64-4f7f-4781-ab08-c69282e9ef91,c4,c3,2461,p1,?,
1769501146.9645932,RECEIVED,46e368de-2d78-488a-a698-3e15f0cf2125,2997fb00-0f6f-4e26-81cf-0f55e96e13a3,c2,DROP,1442,p2,?,
1769501147.0106168,SENT,92d0b0d4-8966-485d-9984-8fedc248c98a,668ec8b3-c0bd-4029-9693-81fa65b5b857,c3,DROP,1008,?,i3,
1769501147.0106573,FORWARDED,92d0b0d4-8966-485d-9984-8fedc248c98a,668ec8b3-c0bd-4029-9693-81fa65b5b857,c3,DROP,1008,?,i3,
1769501147.0560932,RECEIVED,b4cebab7-b88c-467d-a984-28c7a70ee817,4494e800-fac9-4ad8-8eba-6a824c0c331e,c5,DROP,441,x6,?,
1769501147.1677375,SENT,f2ef5682-4fa5-440c-8a8a-33371ebb09aa,16eecb64-4f7f-4781-ab08-c69282e9ef91,c4,c3,1771,?,i11,
1769501147.1677809,FORWARDED,f2ef5682-4fa5-440c-8a8a-33371ebb09aa,16eecb64-4f7f-4781-ab08-c69282e9ef91,c4,c3,1771,?,i11,
1769501147.1877677,RECEIVED,21d5ccfe-16bd-49cb-89cc-bef29177681b,27401d0d-9655-420e-9ab1-39306d854171,c4,DROP,1452,p1,?,
1769501147.2734838,SENT,21d5ccfe-16bd-49cb-89cc-bef29177681b,27401d0d-9655-420e-9ab1-39306d854171,c4,DROP,1017,?,i4,
1769501147.273529,FORWARDED,21d5ccfe-16bd-49cb-89cc-bef29177681b,27401d0d-9655-420e-9ab1-39306d854171,c4,DROP,1017,?,i4,
1769501147.294875,SENT,bfee4e8d-22f3-4273-b8f1-9967f8cc1743,03e66f29-fc7e-455e-b4f7-6a2018c91817,c4,DROP,1012,?,i6,
1769501147.2949173,FORWARDED,bfee4e8d-22f3-4273-b8f1-9967f8cc1743,03e66f29-fc7e-455e-b4f7-6a2018c91817,c4,DROP,1012,?,i6,
1769501147.4297655,SENT,52892419-ac17-433e-8fe7-cf10285f75d7,930b52fe-d23f-419e-b3fc-999f851279f4,c3,c4,1780,?,i7,
1769501147.429809,FORWARDED,52892419-ac17-433e-8fe7-cf10285f75d7,930b52fe-d23f-419e-b3fc-999f851279f4,c3,c4,1780,?,i7,
1769501147.4369004,RECEIVED,bbfe79d3-1a64-4f04-8fa2-9ea2631eaec4,64876222-0c11-49ec-b35b-ed07c362ac0a,c4,DROP,1440,p1,?,
1769501147.5713863,RECEIVED,ddfe74c9-e497-4244-a743-4da1e6eec7eb,31027c7e-0406-49fe-a547-4ae730496659,c2,DROP,1439,p2,?,
1769501147.6034915,SENT,bbfe79d3-1a64-4f04-8fa2-9ea2631eaec4,64876222-0c11-49ec-b35b-ed07c362ac0a,c4,DROP,1008,?,i3,
1769501147.603533,FORWARDED,bbfe79d3-1a64-4f04-8fa2-9ea2631eaec4,64876222-0c11-49ec-b35b-ed07c362ac0a,c4,DROP,1008,?,i3,
1769501147.9191253,RECEIVED,ca3e3d1d-5583-439e-a36e-11b65b586a5e,0c0085fc-0228-48f0-814d-9e822cdcabed,c2,DROP,1443,p2,?,
1769501147.9607697,RECEIVED,e2a9b735-0185-4ec6-aca8-1463321b6c34,ca1d0a14-f2a7-4633-aaf1-b95ac4dd685e,c3,DROP,1442,p3,?,
1769501148.0030313,SENT,ca3e3d1d-5583-439e-a36e-11b65b586a5e,0c0085fc-0228-48f0-814d-9e822cdcabed,c2,DROP,1011,?,i9,
1769501148.003083,FORWARDED,ca3e3d1d-5583-439e-a36e-11b65b586a5e,0c0085fc-0228-48f0-814d-9e822cdcabed,c2,DROP,1011,?,i9,
1769501148.006196,SENT,ddfe74c9-e497-4244-a743-4da1e6eec7eb,31027c7e-0406-49fe-a547-4ae730496659,c2,DROP,1007,?,i7,
1769501148.0062404,FORWARDED,ddfe74c9-e497-4244-a743-4da1e6eec7eb,31027c7e-0406-49fe-a547-4ae730496659,c2,DROP,1007,?,i7,
1769501148.12882,SENT,8c2fc919-26e5-4862-bd21-0889ad20132d,9d358d81-4a29-4145-9820-e8e691e526b9,c4,DROP,1013,?,i2,
1769501148.1288593,FORWARDED,8c2fc919-26e5-4862-bd21-0889ad20132d,9d358d81-4a29-4145-9820-e8e691e526b9,c4,DROP,1013,?,i2,
1769501148.2547314,RECEIVED,7deef1cb-5608-4b4c-9558-be12c3b2ef79,20c5057d-ba5c-4b22-8afc-8e818e182c1e,c1,DROP,1459,p1,?,
1769501148.2646725,RECEIVED,ab110335-0521-462d-b9d4-1239536ae748,fcf6cc94-3f56-4394-bf96-3fad7e1bba87,c1,DROP,441,x7,?,
1769501148.3289065,RECEIVED,36687359-c07c-4916-ac1a-9e67df438d6c,dc09feea-b1c6-41be-80d7-fb4b3de9fd94,c2,DROP,1443,p2,?,
1769501148.448066,RECEIVED,ec1dcf82-838c-48d3-b75b-e4629a79b39d,586a9515-a928-4e6b-ba9b-0fbceafbc286,c3,DROP,1440,p3,?,
1769501148.5494087,RECEIVED,0177820f-66cf-42b3-ad28-a8db61bfa006,d94bc467-069f-4a9b-b2e8-ed1a13ea6fa3,c5,DROP,1451,p2,?,
1769501148.5582447,SENT,46e368de-2d78-488a-a698-3e15f0cf2125,2997fb00-0f6f-4e26-81cf-0f55e96e13a3,c2,DROP,1009,?,i4,
1769501148.5582826,FORWARDED,46e368de-2d78-488a-a698-3e15f0cf2125,2997fb00-0f6f-4e26-81cf-0f55e96e13a3,c2,DROP,1009,?,i4,
1769501148.5893,SENT,ec1dcf82-838c-48d3-b75b-e4629a79b39d,586a9515-a928-4e6b-ba9b-0fbceafbc286,c3,DROP,1007,?,i4,
1769501148.5893433,FORWARDED,ec1dcf82-838c-48d3-b75b-e4629a79b39d,586a9515-a928-4e6b-ba9b-0fbceafbc286,c3,DROP,1007,?,i4,
1769501148.742688,RECEIVED,a5d186c5-8fbe-4a27-838c-1ece4f5fe8e1,428c454e-1ce8-4c0b-b3aa-5ee27c417e09,c2,DROP,1443,p2,?,
1769501148.782099,SENT,0177820f-66cf-42b3-ad28-a8db61bfa006,d94bc467-069f-4a9b-b2e8-ed1a13ea6fa3,c5,DROP,1015,?,i4,
1769501148.7821405,FORWARDED,0177820f-66cf-42b3-ad28-a8db61bfa006,d94bc467-069f-4a9b-b2e8-ed1a13ea6fa3,c5,DROP,1015,?,i4,
1769501148.9743493,SENT,e2a9b735-0185-4ec6-aca8-1463321b6c34,ca1d0a14-f2a7-4633-aaf1-b95ac4dd685e,c3,DROP,1011,?,i2,
1769501148.9743927,FORWARDED,e2a9b735-0185-4ec6-aca8-1463321b6c34,ca1d0a14-f2a7-4633-aaf1-b95ac4dd685e,c3,DROP,1011,?,i2,
1769501149.0152667,SENT,7deef1cb-5608-4b4c-9558-be12c3b2ef79,20c5057d-ba5c-4b22-8afc-8e818e182c1e,c1,DROP,1021,?,i1,
1769501149.0153103,FORWARDED,7deef1cb-5608-4b4c-9558-be12c3b2ef79,20c5057d-ba5c-4b22-8afc-8e818e182c1e,c1,DROP,1021,?,i1,
1769501149.0936575,SENT,a5d186c5-8fbe-4a27-838c-1ece4f5fe8e1,428c454e-1ce8-4c0b-b3aa-5ee27c417e09,c2,DROP,1009,?,i1,
1769501149.0936985,FORWARDED,a5d186c5-8fbe-4a27-838c-1ece4f5fe8e1,428c454e-1ce8-4c0b-b3aa-5ee27c417e09,c2,DROP,1009,?,i1,
1769501149.152377,RECEIVED,2fe07dff-95bf-444f-8ba8-dbdbd9087a0c,4df9c81f-2dfd-4bb2-aba9-c5dd545612bd,c2,DROP,442,x2,?,
1769501149.2170637,RECEIVED,b366c44d-fad6-46ee-83bf-69a38e0877c5,ad15718c-3e8b-4027-8876-8736a0582ba5,c3,DROP,1435,p3,?,
1769501149.230497,RECEIVED,439edcd4-48bb-44b1-8f64-f88e29c6617d,ccbba02c-785f-4806-8264-6b32ae62e06f,c3,DROP,1435,p3,?,
1769501149.3249621,SENT,36687359-c07c-4916-ac1a-9e67df438d6c,dc09feea-b1c6-41be-80d7-fb4b3de9fd94,c2,DROP,1009,?,i6,
1769501149.3249993,FORWARDED,36687359-c07c-4916-ac1a-9e67df438d6c,dc09feea-b1c6-41be-80d7-fb4b3de9fd94,c2,DROP,1009,?,i6,
1769501149.347893,RECEIVED,5f74f6e5-092e-499d-833f-25a270959770,53b04013-17b1-4aa8-a5f4-ed4bda3c2952,c2,c1,2442,p2,?,
1769501149.4554937,SENT,5f74f6e5-092e-499d-833f-25a270959770,53b04013-17b1-4aa8-a5f4-ed4bda3c2952,c2,c1,1760,?,i9,
1769501149.455537,FORWARDED,5f74f6e5-092e-499d-833f-25a270959770,53b04013-17b1-4aa8-a5f4-ed4bda3c2952,c2,c1,1760,?,i9,
1769501149.5643587,RECEIVED,a451c6f1-dc9d-435f-acb3-bed57a6f08d2,38483759-d48c-4610-99ea-bce0bf099ad3,c1,c5,2476,p1,?,
1769501149.6170223,RECEIVED,389c4ba6-c2cd-4f53-8e47-3dbb6c337dd7,ae1036ef-456d-49c1-886f-218ad133a116,c3,DROP,442,x9,?,
1769501149.6570675,RECEIVED,3da50b09-e5ee-4024-8082-634e5dd6ef04,0510d481-e2e8-4ffb-9bda-fe3ab592c651,c2,DROP,1440,p2,?,
1769501149.686581,SENT,b366c44d-fad6-46ee-83bf-69a38e0877c5,ad15718c-3e8b-4027-8876-8736a0582ba5,c3,DROP,1005,?,i4,
1769501149.6866238,FORWARDED,b366c44d-fad6-46ee-83bf-69a38e0877c5,ad15718c-3e8b-4027-8876-8736a0582ba5,c3,DROP,1005,?,i4,
1769501149.7326481,SENT,3da50b09-e5ee-4024-8082-634e5dd6ef04,0510d481-e2e8-4ffb-9bda-fe3ab592c651,c2,DROP,1007,?,i6,
1769501149.7326837,FORWARDED,3da50b09-e5ee-4024-8082-634e5dd6ef04,0510d481-e2e8-4ffb-9bda-fe3ab592c651,c2,DROP,1007,?,i6,
1769501149.7674296,RECEIVED,0c5bfe15-fa44-4d12-8fb8-aaf9ce37f474,3568920b-2692-4435-9617-949c7e51ee4d,c3,None,2232,p3,?,
1769501149.7855804,RECEIVED,d16ee558-e21c-4f3a-856d-a069542d164d,dd4d3e2b-e61a-45a0-a7e6-b271a540813b,c2,DROP,1452,p2,?,
1769501149.8286998,RECEIVED,bb1a05e1-3255-46d0-b9d8-034238504b1d,4bb9a9ea-939b-4fad-8738-58549d92e5fb,c4,DROP,1445,p1,?,
1769501149.8424432,RECEIVED,f7d9d70a-6296-4cb1-9c48-92100dbf91b2,0474b87e-04fb-4c5b-a237-fd68108e52b0,c3,DROP,441,x9,?,
1769501149.8616564,SENT,bb1a05e1-3255-46d0-b9d8-034238504b1d,4bb9a9ea-939b-4fad-8738-58549d92e5fb,c4,DROP,1009,?,i8,
1769501149.8616984,FORWARDED,bb1a05e1-3255-46d0-b9d8-034238504b1d,4bb9a9ea-939b-4fad-8738-58549d92e5fb,c4,DROP,1009,?,i8,
1769501149.88722,SENT,0c5bfe15-fa44-4d12-8fb8-aaf9ce37f474,3568920b-2692-4435-9617-949c7e51ee4d,c3,None,1600,?,i2,
1769501149.8872626,FORWARDED,0c5bfe15-fa44-4d12-8fb8-aaf9ce37f474,3568920b-2692-4435-9617-949c7e51ee4d,c3,None,1600,?,i2,
1769501150.1326487,SENT,439edcd4-48bb-44b1-8f64-f88e29c6617d,ccbba02c-785f-4806-8264-6b32ae62e06f,c3,DROP,1003,?,i3,
1769501150.1326935,FORWARDED,439edcd4-48bb-44b1-8f64-f88e29c6617d,ccbba02c-785f-4806-8264-6b32ae62e06f,c3,DROP,1003,?,i3,
1769501150.2451248,SENT,d16ee558-e21c-4f3a-856d-a069542d164d,dd4d3e2b-e61a-45a0-a7e6-b271a540813b,c2,DROP,1015,?,i1,
1769501150.2451677,FORWARDED,d16ee558-e21c-4f3a-856d-a069542d164d,dd4d3e2b-e61a-45a0-a7e6-b271a540813b,c2,DROP,1015,?,i1,
1769501150.3582551,SENT,a451c6f1-dc9d-435f-acb3-bed57a6f08d2,38483759-d48c-4610-99ea-bce0bf099ad3,c1,c5,1785,?,i10,
1769501150.358297,FORWARDED,a451c6f1-dc9d-435f-acb3-bed57a6f08d2,38483759-d48c-4610-99ea-bce0bf099ad3,c1,c5,1785,?,i10,
1769501150.9561145,RECEIVED,bf74f940-0a58-4c1a-b1be-5fbaf3984457,b44a5a60-1ba7-4323-aa13-fb4270e031ae,c3,DROP,1457,p3,?,
1769501151.1272366,RECEIVED,249cc039-c68f-4039-8f33-c24e865972ec,e167e308-7555-4d3c-8832-0f1de38cc0aa,c1,None,2227,p1,?,
1769501151.159391,SENT,bf74f940-0a58-4c1a-b1be-5fbaf3984457,b44a5a60-1ba7-4323-aa13-fb4270e031ae,c3,DROP,1019,?,i10,
1769501151.1594288,FORWARDED,bf74f940-0a58-4c1a-b1be-5fbaf3984457,b44a5a60-1ba7-4323-aa13-fb4270e031ae,c3,DROP,1019,?,i10,
1769501151.4179604,RECEIVED,3f3aac65-b0c8-438a-a5fa-532df7a15fdd,2cc84548-455d-4dc2-9d62-2cc12d57e621,c3,None,2235,p3,?,
1769501151.5656278,RECEIVED,62bb1310-c21a-4524-80ce-7d566a4c2739,037adb28-02ff-46eb-9999-57be3e5b090b,c4,DROP,1443,p1,?,
1769501151.5830023,RECEIVED,c14a86d9-095c-4d9b-b19a-ff5b96f4b83a,953e7fce-e61b-40a0-b73a-c50da6b70888,c1,None,2239,p1,?,
1769501151.5961096,RECEIVED,6c6edb94-aac7-4d1a-b36d-ec7e3ffcc232,91911305-ebaa-41db-ae96-77c6a19238bc,c3,None,2240,p3,?,
1769501151.6688771,RECEIVED,54e7f88e-5c89-4333-a558-93772772518f,9c553f88-f105-47fc-81e4-0cc00d231105,c1,DROP,1440,p1,?,
1769501151.6992102,SENT,6c6edb94-aac7-4d1a-b36d-ec7e3ffcc232,91911305-ebaa-41db-ae96-77c6a19238bc,c3,None,1607,?,i12,
1769501151.6992528,FORWARDED,6c6edb94-aac7-4d1a-b36d-ec7e3ffcc232,91911305-ebaa-41db-ae96-77c6a19238bc,c3,None,1607,?,i12,
1769501151.8027995,RECEIVED,d565490e-3404-42c0-ad8d-a4130f1b45f8,840d7afe-80b2-4c9e-bed7-28a7c037b945,c3,DROP,1444,p3,?,
1769501151.9157524,SENT,249cc039-c68f-4039-8f33-c24e865972ec,e167e308-7555-4d3c-8832-0f1de38cc0aa,c1,None,1599,?,i6,
1769501151.9157958,FORWARDED,249cc039-c68f-4039-8f33-c24e865972ec,e167e308-7555-4d3c-8832-0f1de38cc0aa,c1,None,1599,?,i6,
1769501151.9532144,SENT,54e7f88e-5c89-4333-a558-93772772518f,9c553f88-f105-47fc-81e4-0cc00d231105,c1,DROP,1008,?,i9,
1769501151.9532547,FORWARDED,54e7f88e-5c89-4333-a558-93772772518f,9c553f88-f105-47fc-81e4-0cc00d231105,c1,DROP,1008,?,i9,
1769501152.0500982,RECEIVED,d7dc1b6d-5d32-4cca-821a-09798641c8df,3a7dcc4e-d4a1-44b2-8330-66951afc3d88,c1,DROP,441,x7,?,
1769501152.1488562,SENT,c14a86d9-095c-4d9b-b19a-ff5b96f4b83a,953e7fce-e61b-40a0-b73a-c50da6b70888,c1,None,1607,?,i3,
1769501152.1489005,FORWARDED,c14a86d9-095c-4d9b-b19a-ff5b96f4b83a,953e7fce-e61b-40a0-b73a-c50da6b70888,c1,None,1607,?,i3,
1769501152.1679573,SENT,62bb1310-c21a-4524-80ce-7d566a4c2739,037adb28-02ff-46eb-9999-57be3e5b090b,c4,DROP,1009,?,i5,
1769501152.1680002,FORWARDED,62bb1310-c21a-4524-80ce-7d566a4c2739,037adb28-02ff-46eb-9999-57be3e5b090b,c4,DROP,1009,?,i5,
1769501152.1814694,SENT,3f3aac65-b0c8-438a-a5fa-532df7a15fdd,2cc84548-455d-4dc2-9d62-2cc12d57e621,c3,None,1604,?,i8,
1769501152.1815126,FORWARDED,3f3aac65-b0c8-438a-a5fa-532df7a15fdd,2cc84548-455d-4dc2-9d62-2cc12d57e621,c3,None,1604,?,i8,
1769501152.320793,SENT,d565490e-3404-42c0-ad8d-a4130f1b45f8,840d7afe-80b2-4c9e-bed7-28a7c037b945,c3,DROP,1009,?,i12,
1769501152.3208346,FORWARDED,d565490e-3404-42c0-ad8d-a4130f1b45f8,840d7afe-80b2-4c9e-bed7-28a7c037b945,c3,DROP,1009,?,i12,
1769501152.454616,RECEIVED,967a20e7-8e46-45c0-b2a3-4c2f54c68a16,3bc59032-2a3c-41db-980a-7996ecdc434b,c2,c1,2452,p2,?,
1769501152.52365,SENT,967a20e7-8e46-45c0-b2a3-4c2f54c68a16,3bc59032-2a3c-41db-980a-7996ecdc434b,c2,c1,1765,?,i9,
1769501152.523694,FORWARDED,967a20e7-8e46-45c0-b2a3-4c2f54c68a16,3bc59032-2a3c-41db-980a-7996ecdc434b,c2,c1,1765,?,i9,
1769501152.6622674,RECEIVED,ac7d5604-eb17-4743-bcdb-ceb5402c0c23,2b6dbc08-ffc3-4ac8-ab02-1096e349af35,c1,DROP,441,x6,?,
1769501152.705326,RECEIVED,8ad75922-a964-42ae-88d9-09901f89d6af,6fc1d236-98b0-4345-a97c-bd89f6348751,c2,c1,2476,p2,?,
1769501152.8246157,RECEIVED,b29e27f3-a7ca-4921-b2b6-d7a0e168bebf,ebbe3efe-71a8-4c22-b9f1-3782c4fbdb14,c5,DROP,1444,p2,?,
1769501152.858834,RECEIVED,66152787-0980-4df3-af88-f7210f9326fc,7f3cf39a-02f1-45fc-9b04-f629bf9946f7,c1,DROP,441,x9,?,
1769501152.8846078,RECEIVED,306048d4-e7fa-4596-b3cf-3be158e6c66c,1c231cf5-e9ad-4c77-af49-5885c000c96c,c5,DROP,1439,p2,?,
1769501152.920833,SENT,b29e27f3-a7ca-4921-b2b6-d7a0e168bebf,ebbe3efe-71a8-4c22-b9f1-3782c4fbdb14,c5,DROP,1009,?,i5,
1769501152.9208724,FORWARDED,b29e27f3-a7ca-4921-b2b6-d7a0e168bebf,ebbe3efe-71a8-4c22-b9f1-3782c4fbdb14,c5,DROP,1009,?,i5,
1769501152.964761,RECEIVED,6277985a-3f3e-4465-855b-b9b4bb4e00f4,a5a4340a-be2d-4d5f-b6e9-f2f0354aa444,c2,None,2240,p2,?,
1769501153.0543602,RECEIVED,b7d275fd-90c7-4c8f-9782-b7f1b3b3be76,4cc53d16-e6bc-4c9a-b8f9-29053a0f8bd1,c1,DROP,1440,p1,?,
1769501153.0625834,SENT,8ad75922-a964-42ae-88d9-09901f89d6af,6fc1d236-98b0-4345-a97c-bd89f6348751,c2,c1,1784,?,i10,
1769501153.0626245,FORWARDED,8ad75922-a964-42ae-88d9-09901f89d6af,6fc1d236-98b0-4345-a97c-bd89f6348751,c2,c1,1784,?,i10,
1769501153.0695908,SENT,b7d275fd-90c7-4c8f-9782-b7f1b3b3be76,4cc53d16-e6bc-4c9a-b8f9-29053a0f8bd1,c1,DROP,1008,?,i9,
1769501153.0696313,FORWARDED,b7d275fd-90c7-4c8f-9782-b7f1b3b3be76,4cc53d16-e6bc-4c9a-b8f9-29053a0f8bd1,c1,DROP,1008,?,i9,
1769501153.1721442,RECEIVED,8dd7b08e-77a5-4727-8c6c-30eba71ae7d0,a21e1f0e-4d28-4303-aaeb-38ce7e43bda0,c1,DROP,1427,p1,?,
1769501153.1946273,RECEIVED,dff63fe0-62d2-484f-8588-c2205013ba0e,2153d3c5-94b0-40b0-998c-1e5beaf30d98,c3,DROP,1440,p3,?,
1769501153.2111785,SENT,6277985a-3f3e-4465-855b-b9b4bb4e00f4,a5a4340a-be2d-4d5f-b6e9-f2f0354aa444,c2,None,1607,?,i4,
1769501153.2112134,FORWARDED,6277985a-3f3e-4465-855b-b9b4bb4e00f4,a5a4340a-be2d-4d5f-b6e9-f2f0354aa444,c2,None,1607,?,i4,
1769501153.2538633,SENT,dff63fe0-62d2-484f-8588-c2205013ba0e,2153d3c5-94b0-40b0-998c-1e5beaf30d98,c3,DROP,1006,?,i9,
1769501153.2539048,FORWARDED,dff63fe0-62d2-484f-8588-c2205013ba0e,2153d3c5-94b0-40b0-998c-1e5beaf30d98,c3,DROP,1006,?,i9,
1769501153.2944486,RECEIVED,b9a68724-ee95-43ce-a50e-1a97042cb0b0,865ae9da-7ebc-47ec-bb19-7540b54d3950,c2,DROP,445,x5,?,
1769501153.4414783,RECEIVED,c0648d0c-f899-483d-9e5a-a6cf5bd1f82f,0840c941-8397-49b7-bc02-6c8238339b52,c3,DROP,1452,p3,?,
1769501153.6899207,SENT,8dd7b08e-77a5-4727-8c6c-30eba71ae7d0,a21e1f0e-4d28-4303-aaeb-38ce7e43bda0,c1,DROP,999,?,i2,
1769501153.689962,FORWARDED,8dd7b08e-77a5-4727-8c6c-30eba71ae7d0,a21e1f0e-4d28-4303-aaeb-38ce7e43bda0,c1,DROP,999,?,i2,
1769501153.7267394,RECEIVED,70242efd-da1b-46cf-99d0-9114fb453226,5b98029c-0651-49fc-b823-f588120cc467,c2,c1,2451,p2,?,
1769501153.7382257,RECEIVED,32a3f8b8-b23a-4e3e-b743-3eb4087698f4,a78ed0a7-758c-4ece-b7af-5b412bf96e72,c3,DROP,1444,p3,?,
1769501153.8717284,SENT,306048d4-e7fa-4596-b3cf-3be158e6c66c,1c231cf5-e9ad-4c77-af49-5885c000c96c,c5,DROP,1007,?,i1,
1769501153.8717706,FORWARDED,306048d4-e7fa-4596-b3cf-3be158e6c66c,1c231cf5-e9ad-4c77-af49-5885c000c96c,c5,DROP,1007,?,i1,
1769501153.9454584,RECEIVED,a7e8f3d7-255f-4719-ba81-84ecb41df244,4dc76092-c06d-4d26-81d7-4851947b2494,c4,DROP,1443,p1,?,
1769501153.9477332,RECEIVED,e1bd63b0-dc78-4c4a-b079-00f3467d1b62,256178d5-0b48-4ffd-a00c-2c1a6e4e627a,c3,None,2224,p3,?,
1769501153.9814754,SENT,32a3f8b8-b23a-4e3e-b743-3eb4087698f4,a78ed0a7-758c-4ece-b7af-5b412bf96e72,c3,DROP,1009,?,i7,
1769501153.981518,FORWARDED,32a3f8b8-b23a-4e3e-b743-3eb4087698f4,a78ed0a7-758c-4ece-b7af-5b412bf96e72,c3,DROP,1009,?,i7,
1769501154.0273547,RECEIVED,e36a2006-0325-4ca4-9b67-b9b2f545c503,da773173-3085-4626-87c3-e739193c776a,c5,DROP,1455,p2,?,
1769501154.2745419,SENT,c0648d0c-f899-483d-9e5a-a6cf5bd1f82f,0840c941-8397-49b7-bc02-6c8238339b52,c3,DROP,1015,?,i12,
1769501154.274586,FORWARDED,c0648d0c-f899-483d-9e5a-a6cf5bd1f82f,0840c941-8397-49b7-bc02-6c8238339b52,c3,DROP,1015,?,i12,
1769501154.28165,RECEIVED,d043dd31-9f9f-4e14-8a5f-e180b1262d3c,84050545-4bb0-470e-803a-f315a9cb9687,c1,DROP,1452,p1,?,
1769501154.3075047,RECEIVED,eea609c8-96bc-416b-bd7a-9429c1c7212a,61e089c3-a4d3-4e19-9faa-de9bfa07a9ba,c1,DROP,1459,p1,?,
1769501154.3207562,SENT,e1bd63b0-dc78-4c4a-b079-00f3467d1b62,256178d5-0b48-4ffd-a00c-2c1a6e4e627a,c3,None,1596,?,i11,
1769501154.3207984,FORWARDED,e1bd63b0-dc78-4c4a-b079-00f3467d1b62,256178d5-0b48-4ffd-a00c-2c1a6e4e627a,c3,None,1596,?,i11,
1769501154.3346262,RECEIVED,03a9cb39-7792-47ee-a647-370fa567658b,83302a41-875b-4e26-8043-9f2b4f64d632,c2,c1,2443,p2,?,
1769501154.4607687,SENT,eea609c8-96bc-416b-bd7a-9429c1c7212a,61e089c3-a4d3-4e19-9faa-de9bfa07a9ba,c1,DROP,1021,?,i9,
1769501154.460812,FORWARDED,eea609c8-96bc-416b-bd7a-9429c1c7212a,61e089c3-a4d3-4e19-9faa-de9bfa07a9ba,c1,DROP,1021,?,i9,
1769501154.4898922,SENT,03a9cb39-7792-47ee-a647-370fa567658b,83302a41-875b-4e26-8043-9f2b4f64d632,c2,c1,1763,?,i5,
1769501154.4899364,FORWARDED,03a9cb39-7792-47ee-a647-370fa567658b,83302a41-875b-4e26-8043-9f2b4f64d632,c2,c1,1763,?,i5,
1769501154.5105774,SENT,e36a2006-0325-4ca4-9b67-b9b2f545c503,da773173-3085-4626-87c3-e739193c776a,c5,DROP,1019,?,i6,
1769501154.5106184,FORWARDED,e36a2006-0325-4ca4-9b67-b9b2f545c503,da773173-3085-4626-87c3-e739193c776a,c5,DROP,1019,?,i6,
1769501154.5278661,SENT,70242efd-da1b-46cf-99d0-9114fb453226,5b98029c-0651-49fc-b823-f588120cc467,c2,c1,1767,?,i3,
1769501154.5279107,FORWARDED,70242efd-da1b-46cf-99d0-9114fb453226,5b98029c-0651-49fc-b823-f588120cc467,c2,c1,1767,?,i3,
1769501154.6111307,SENT,d043dd31-9f9f-4e14-8a5f-e180b1262d3c,84050545-4bb0-470e-803a-f315a9cb9687,c1,DROP,1016,?,i4,
1769501154.6111748,FORWARDED,d043dd31-9f9f-4e14-8a5f-e180b1262d3c,84050545-4bb0-470e-803a-f315a9cb9687,c1,DROP,1016,?,i4,
1769501154.7484112,RECEIVED,b07b7295-5dfc-4efd-b326-7c1bbe075bbb,1b4354c6-c1da-4ead-b89b-945cc35eb8f9,c4,DROP,441,x2,?,
1769501154.7866967,SENT,a7e8f3d7-255f-4719-ba81-84ecb41df244,4dc76092-c06d-4d26-81d7-4851947b2494,c4,DROP,1009,?,i4,
1769501154.7867405,FORWARDED,a7e8f3d7-255f-4719-ba81-84ecb41df244,4dc76092-c06d-4d26-81d7-4851947b2494,c4,DROP,1009,?,i4,
1769501154.8224285,RECEIVED,34d2e306-4e27-4fd4-951d-be019a032b2e,96bc16ae-cf55-48b7-8d68-6db42e2d4915,c2,DROP,442,x11,?,
1769501154.8751247,RECEIVED,a7e17056-37f1-47c7-ac1c-3fc62882a2a1,e8cda255-b7ee-4d1a-9069-a239cfb759c0,c4,DROP,441,x12,?,
1769501154.8944082,RECEIVED,551529d6-517b-4bbd-ad7f-47e6929726a3,32480d5d-4f11-4728-8d39-14887d60db36,c1,None,2230,p1,?,
1769501155.0386186,RECEIVED,e0cabf95-70d1-4647-bac5-b86763fb8a23,0652ff6f-ce4c-4329-bb03-88381ac15023,c1,DROP,1452,p1,?,
1769501155.05974,RECEIVED,19f17b7f-3b3f-4845-bd5d-f2814787f2ee,400a4d5a-7a2a-46ba-a5d1-e7af0a144ad0,c1,None,2244,p1,?,
1769501155.1274211,RECEIVED,b5325c1e-4970-418b-a107-b21abbfbdfa6,200463a6-750b-480a-9a20-c7f675acc40f,c4,None,2235,p1,?,
1769501155.2556474,RECEIVED,af7c6e75-cd5e-4316-9da6-7d9eaf85e915,b87a59d4-29a8-4af5-821f-3e3ffdce1dfa,c4,DROP,1447,p1,?,
1769501155.2986536,SENT,19f17b7f-3b3f-4845-bd5d-f2814787f2ee,400a4d5a-7a2a-46ba-a5d1-e7af0a144ad0,c1,None,1610,?,i10,
1769501155.2986948,FORWARDED,19f17b7f-3b3f-4845-bd5d-f2814787f2ee,400a4d5a-7a2a-46ba-a5d1-e7af0a144ad0,c1,None,1610,?,i10,
1769501155.4014006,RECEIVED,2efec9f7-38c6-4e80-b1dc-8929e4a6c56c,f8111b29-8bd2-455c-b943-4c1ae27b3c10,c3,DROP,1440,p3,?,
1769501155.4233382,SENT,b5325c1e-4970-418b-a107-b21abbfbdfa6,200463a6-750b-480a-9a20-c7f675acc40f,c4,None,1605,?,i7,
1769501155.4237063,FORWARDED,b5325c1e-4970-418b-a107-b21abbfbdfa6,200463a6-750b-480a-9a20-c7f675acc40f,c4,None,1605,?,i7,
1769501155.4627607,RECEIVED,0fdff7cd-96ab-4a55-87a1-e9b6292d36af,8b08c516-0182-4e83-9cf6-a3c0c6966447,c5,DROP,1451,p2,?,
1769501155.5822163,RECEIVED,4a1294a2-84ef-43d4-9696-3ff54c0d5905,0976cfe0-8606-4a8e-b747-08ed4d8074a0,c3,c4,2480,p3,?,
1769501155.5991886,SENT,af7c6e75-cd5e-4316-9da6-7d9eaf85e915,b87a59d4-29a8-4af5-821f-3e3ffdce1dfa,c4,DROP,1012,?,i6,
1769501155.5992277,FORWARDED,af7c6e75-cd5e-4316-9da6-7d9eaf85e915,b87a59d4-29a8-4af5-821f-3e3ffdce1dfa,c4,DROP,1012,?,i6,
1769501155.6118584,SENT,551529d6-517b-4bbd-ad7f-47e6929726a3,32480d5d-4f11-4728-8d39-14887d60db36,c1,None,1600,?,i3,
1769501155.6119576,FORWARDED,551529d6-517b-4bbd-ad7f-47e6929726a3,32480d5d-4f11-4728-8d39-14887d60db36,c1,None,1600,?,i3,
1769501155.6996858,SENT,e0cabf95-70d1-4647-bac5-b86763fb8a23,0652ff6f-ce4c-4329-bb03-88381ac15023,c1,DROP,1016,?,i10,
1769501155.699729,FORWARDED,e0cabf95-70d1-4647-bac5-b86763fb8a23,0652ff6f-ce4c-4329-bb03-88381ac15023,c1,DROP,1016,?,i10,
1769501155.7006001,RECEIVED,201df68f-82d6-488a-bbbb-10870154bdf9,738ef40b-029e-4b08-b083-aed4e1528f9c,c1,None,2228,p1,?,
1769501155.7559037,SENT,2efec9f7-38c6-4e80-b1dc-8929e4a6c56c,f8111b29-8bd2-455c-b943-4c1ae27b3c10,c3,DROP,1008,?,i2,
1769501155.755947,FORWARDED,2efec9f7-38c6-4e80-b1dc-8929e4a6c56c,f8111b29-8bd2-455c-b943-4c1ae27b3c10,c3,DROP,1008,?,i2,
1769501155.771891,SENT,4a1294a2-84ef-43d4-9696-3ff54c0d5905,0976cfe0-8606-4a8e-b747-08ed4d8074a0,c3,c4,1788,?,i6,
1769501155.7719343,FORWARDED,4a1294a2-84ef-43d4-9696-3ff54c0d5905,0976cfe0-8606-4a8e-b747-08ed4d8074a0,c3,c4,1788,?,i6,
1769501155.7769337,RECEIVED,182d2fe0-a9c3-4da3-824e-9d20bc4664b9,d41c3466-ce0e-4377-958d-4d33f2052adf,c5,DROP,1452,p2,?,
1769501155.7873464,SENT,0fdff7cd-96ab-4a55-87a1-e9b6292d36af,8b08c516-0182-4e83-9cf6-a3c0c6966447,c5,DROP,1015,?,i6,
1769501155.7873902,FORWARDED,0fdff7cd-96ab-4a55-87a1-e9b6292d36af,8b08c516-0182-4e83-9cf6-a3c0c6966447,c5,DROP,1015,?,i6,
1769501155.8536856,SENT,182d2fe0-a9c3-4da3-824e-9d20bc4664b9,d41c3466-ce0e-4377-958d-4d33f2052adf,c5,DROP,1017,?,i8,
1769501155.85372,FORWARDED,182d2fe0-a9c3-4da3-824e-9d20bc4664b9,d41c3466-ce0e-4377-958d-4d33f2052adf,c5,DROP,1017,?,i8,
1769501155.9291337,SENT,201df68f-82d6-488a-bbbb-10870154bdf9,738ef40b-029e-4b08-b083-aed4e1528f9c,c1,None,1597,?,i4,
1769501155.9291766,FORWARDED,201df68f-82d6-488a-bbbb-10870154bdf9,738ef40b-029e-4b08-b083-aed4e1528f9c,c1,None,1597,?,i4,
1769501156.0501385,RECEIVED,742bbea4-b51a-49f3-b8f0-caa5bd5fbc49,b2e2d4bf-c084-4d9d-a339-c727454f9eae,c4,DROP,441,x12,?,
1769501156.0572126,RECEIVED,766257b9-2ee8-466a-bd5e-a63f0f2ad6d5,f7173471-6585-49c9-8163-95f39432c2da,c5,DROP,440,x9,?,
1769501156.1045852,RECEIVED,d701ec2d-cbb8-403f-b6ea-aed00de08ec1,6a2f733c-04ba-4bb4-b39c-40ef97443272,c4,DROP,1451,p1,?,
1769501156.1174307,RECEIVED,c539be0d-29b2-4538-bcbd-072dd1f88c20,062b5e3d-eed6-45b9-a3e7-f93b698666cf,c4,DROP,1440,p1,?,
1769501156.2347195,SENT,c539be0d-29b2-4538-bcbd-072dd1f88c20,062b5e3d-eed6-45b9-a3e7-f93b698666cf,c4,DROP,1008,?,i5,
1769501156.2347753,FORWARDED,c539be0d-29b2-4538-bcbd-072dd1f88c20,062b5e3d-eed6-45b9-a3e7-f93b698666cf,c4,DROP,1008,?,i5,
1769501156.2938082,RECEIVED,3a7f9c34-edb0-45b4-9ca2-5c63d58ed47e,0e8d3bca-b01c-4d24-a82b-c2a0aaeee529,c4,DROP,1441,p1,?,
1769501156.3380344,SENT,3a7f9c34-edb0-45b4-9ca2-5c63d58ed47e,0e8d3bca-b01c-4d24-a82b-c2a0aaeee529,c4,DROP,1007,?,i1,
1769501156.3401031,FORWARDED,3a7f9c34-edb0-45b4-9ca2-5c63d58ed47e,0e8d3bca-b01c-4d24-a82b-c2a0aaeee529,c4,DROP,1007,?,i1,
1769501156.8470752,RECEIVED,8d9340b2-bdc1-4118-b913-52975ac7a12b,b0cdce45-2749-427c-930b-c2cac57a2c7d,c4,None,2224,p1,?,
1769501156.9488037,RECEIVED,c980679f-39fe-479c-ab9a-356bb9ca0bc4,584f599d-bc00-40b6-be20-7700aac5d0fc,c2,DROP,1443,p2,?,
1769501156.960365,SENT,d701ec2d-cbb8-403f-b6ea-aed00de08ec1,6a2f733c-04ba-4bb4-b39c-40ef97443272,c4,DROP,1015,?,i12,
1769501156.9604075,FORWARDED,d701ec2d-cbb8-403f-b6ea-aed00de08ec1,6a2f733c-04ba-4bb4-b39c-40ef97443272,c4,DROP,1015,?,i12,
1769501157.0207357,RECEIVED,ae0a9bc7-af3a-466a-8fcb-903e810d623e,0dbe761e-b83b-42c7-bbc7-ab474a8d6bc1,c2,None,2227,p2,?,
1769501157.0398662,SENT,8d9340b2-bdc1-4118-b913-52975ac7a12b,b0cdce45-2749-427c-930b-c2cac57a2c7d,c4,None,1596,?,i12,
1769501157.0399106,FORWARDED,8d9340b2-bdc1-4118-b913-52975ac7a12b,b0cdce45-2749-427c-930b-c2cac57a2c7d,c4,None,1596,?,i12,
1769501157.1141381,RECEIVED,9f5702ed-38cd-46f4-b384-628b1281f3ee,eb62206d-54ff-4cdd-a83f-d99195c1e3a7,c1,DROP,446,x10,?,
1769501157.1486843,RECEIVED,83cae14c-0c9a-44ff-8d88-29d4f37d89bf,877310fc-3db5-4126-ae99-9873efbb9491,c3,None,2223,p3,?,
1769501157.3286374,RECEIVED,37610e30-5733-420a-a39c-2a1aad701d42,b9141c5a-89b9-4fc3-a87f-f9f9ca0152c4,c3,DROP,1451,p3,?,
1769501157.4741237,RECEIVED,6a820d6b-6cee-424f-8714-82d78b2daca1,7d93a87a-19d4-493c-ac92-4cc244e8b237,c5,None,2223,p2,?,
1769501157.637611,SENT,c980679f-39fe-479c-ab9a-356bb9ca0bc4,584f599d-bc00-40b6-be20-7700aac5d0fc,c2,DROP,1011,?,i6,
1769501157.6376605,FORWARDED,c980679f-39fe-479c-ab9a-356bb9ca0bc4,584f599d-bc00-40b6-be20-7700aac5d0fc,c2,DROP,1011,?,i6,
1769501157.6887066,SENT,83cae14c-0c9a-44ff-8d88-29d4f37d89bf,877310fc-3db5-4126-ae99-9873efbb9491,c3,None,1596,?,i5,
1769501157.6887496,FORWARDED,83cae14c-0c9a-44ff-8d88-29d4f37d89bf,877310fc-3db5-4126-ae99-9873efbb9491,c3,None,1596,?,i5,
1769501157.7441866,RECEIVED,181f9805-12c9-42e1-a601-fe2a242bb564,b634b73a-7f68-4146-94e1-6b14234b547e,c5,DROP,1457,p2,?,
1769501157.7806275,SENT,ae0a9bc7-af3a-466a-8fcb-903e810d623e,0dbe761e-b83b-42c7-bbc7-ab474a8d6bc1,c2,None,1599,?,i1,
1769501157.7806687,FORWARDED,ae0a9bc7-af3a-466a-8fcb-903e810d623e,0dbe761e-b83b-42c7-bbc7-ab474a8d6bc1,c2,None,1599,?,i1,
1769501157.7842336,RECEIVED,ff3a8fe2-66f6-4f8d-8152-30ea874127c7,d97c7eec-98c3-432b-a689-daf4c0b6a716,c1,DROP,1442,p1,?,
1769501157.8662186,SENT,ff3a8fe2-66f6-4f8d-8152-30ea874127c7,d97c7eec-98c3-432b-a689-daf4c0b6a716,c1,DROP,1008,?,i11,
1769501157.8662624,FORWARDED,ff3a8fe2-66f6-4f8d-8152-30ea874127c7,d97c7eec-98c3-432b-a689-daf4c0b6a716,c1,DROP,1008,?,i11,
1769501157.8713882,SENT,6a820d6b-6cee-424f-8714-82d78b2daca1,7d93a87a-19d4-493c-ac92-4cc244e8b237,c5,None,1596,?,i3,
1769501157.8714309,FORWARDED,6a820d6b-6cee-424f-8714-82d78b2daca1,7d93a87a-19d4-493c-ac92-4cc244e8b237,c5,None,1596,?,i3,
1769501157.8879745,RECEIVED,cdf9b018-9c81-4219-bef0-b87977521fb4,b51f7140-5b02-4c84-86c9-19853d09556d,c5,DROP,446,x11,?,
1769501157.9022465,SENT,181f9805-12c9-42e1-a601-fe2a242bb564,b634b73a-7f68-4146-94e1-6b14234b547e,c5,DROP,1020,?,i11,
1769501157.9022913,FORWARDED,181f9805-12c9-42e1-a601-fe2a242bb564,b634b73a-7f68-4146-94e1-6b14234b547e,c5,DROP,1020,?,i11,
1769501157.928112,RECEIVED,0c5c08cb-77e1-4fbd-9a9b-75e3147c86ac,c3762f35-9836-49a7-a49e-22264b8f3edc,c4,DROP,1456,p1,?,
1769501158.182094,RECEIVED,6b11dd4f-44c4-4307-a393-af97087621ba,2a750b9f-f4c7-484e-830c-0010f5743dbc,c2,DROP,441,x3,?,
1769501158.2900398,RECEIVED,41ea5876-1a23-4e15-894f-6ed634b1e9a4,d7788761-125c-4cce-b35b-d9008abcdabf,c2,DROP,1453,p2,?,
1769501158.3703992,SENT,37610e30-5733-420a-a39c-2a1aad701d42,b9141c5a-89b9-4fc3-a87f-f9f9ca0152c4,c3,DROP,1017,?,i4,
1769501158.3704534,FORWARDED,37610e30-5733-420a-a39c-2a1aad701d42,b9141c5a-89b9-4fc3-a87f-f9f9ca0152c4,c3,DROP,1017,?,i4,
1769501158.4166412,SENT,41ea5876-1a23-4e15-894f-6ed634b1e9a4,d7788761-125c-4cce-b35b-d9008abcdabf,c2,DROP,1015,?,i10,
1769501158.4166844,FORWARDED,41ea5876-1a23-4e15-894f-6ed634b1e9a4,d7788761-125c-4cce-b35b-d9008abcdabf,c2,DROP,1015,?,i10,
1769501158.6873536,RECEIVED,adf2db89-600c-4859-9874-c1b8335ed94c,14991f49-10d8-4577-9f62-43d4d97e7c1b,c4,DROP,1447,p1,?,
1769501158.791692,RECEIVED,2921ed8f-6466-4835-9d22-6758cd6a4ffc,0cc41aae-73a5-4cf2-8940-4ee43024b49c,c4,DROP,1461,p1,?,
1769501158.90037,SENT,0c5c08cb-77e1-4fbd-9a9b-75e3147c86ac,c3762f35-9836-49a7-a49e-22264b8f3edc,c4,DROP,1019,?,i12,
1769501158.9004116,FORWARDED,0c5c08cb-77e1-4fbd-9a9b-75e3147c86ac,c3762f35-9836-49a7-a49e-22264b8f3edc,c4,DROP,1019,?,i12,
1769501158.9050384,RECEIVED,70c2d3c5-f0b0-49c0-ba38-ca58b36b517f,caa50e01-2d49-405c-850e-d259ba349629,c4,None,2225,p1,?,
1769501158.9280703,RECEIVED,2b4d2ef9-3624-42ad-abe5-e63f0b6f82e0,27c61585-bf1c-4334-b8af-06f41d096d12,c3,DROP,441,x6,?,
1769501158.9355538,RECEIVED,88e6ea29-d1be-4c34-a4c2-ec2a78e45036,7b088af3-2a1f-45c7-9876-09b6cd4703f4,c1,c5,2476,p1,?,
1769501158.9589605,RECEIVED,de1c9b7e-b604-45ce-9036-c72743fd5e03,c52ea807-e3fe-462e-b821-51e22c04e1ba,c5,DROP,1441,p2,?,
1769501159.0042338,SENT,70c2d3c5-f0b0-49c0-ba38-ca58b36b517f,caa50e01-2d49-405c-850e-d259ba349629,c4,None,1595,?,i2,
1769501159.0042765,FORWARDED,70c2d3c5-f0b0-49c0-ba38-ca58b36b517f,caa50e01-2d49-405c-850e-d259ba349629,c4,None,1595,?,i2,
1769501159.035662,RECEIVED,45561c68-b23c-4dda-882d-10667e8169e6,92668af9-7529-45cb-99ea-e9f3c6e498c9,c2,DROP,1440,p2,?,
1769501159.061683,SENT,2921ed8f-6466-4835-9d22-6758cd6a4ffc,0cc41aae-73a5-4cf2-8940-4ee43024b49c,c4,DROP,1022,?,i11,
1769501159.0617275,FORWARDED,2921ed8f-6466-4835-9d22-6758cd6a4ffc,0cc41aae-73a5-4cf2-8940-4ee43024b49c,c4,DROP,1022,?,i11,
1769501159.1453319,SENT,de1c9b7e-b604-45ce-9036-c72743fd5e03,c52ea807-e3fe-462e-b821-51e22c04e1ba,c5,DROP,1007,?,i10,
1769501159.1453736,FORWARDED,de1c9b7e-b604-45ce-9036-c72743fd5e03,c52ea807-e3fe-462e-b821-51e22c04e1ba,c5,DROP,1007,?,i10,
1769501159.2764351,SENT,45561c68-b23c-4dda-882d-10667e8169e6,92668af9-7529-45cb-99ea-e9f3c6e498c9,c2,DROP,1008,?,i2,
1769501159.2764747,FORWARDED,45561c68-b23c-4dda-882d-10667e8169e6,92668af9-7529-45cb-99ea-e9f3c6e498c9,c2,DROP,1008,?,i2,
1769501159.3041298,RECEIVED,4b88c2a5-b365-4a0d-a7f2-bad3731a7300,b6674c52-0863-4b62-ae3c-60ee28ca08b8,c2,DROP,1452,p2,?,
1769501159.3343623,RECEIVED,9b8725db-d177-4d85-a94a-ce526d1870dd,1afa9fd2-6fa5-4a7b-8b37-6372cb96ad0a,c2,DROP,1440,p2,?,
1769501159.3454971,SENT,adf2db89-600c-4859-9874-c1b8335ed94c,14991f49-10d8-4577-9f62-43d4d97e7c1b,c4,DROP,1012,?,i5,
1769501159.3455405,FORWARDED,adf2db89-600c-4859-9874-c1b8335ed94c,14991f49-10d8-4577-9f62-43d4d97e7c1b,c4,DROP,1012,?,i5,
1769501159.3933544,SENT,4b88c2a5-b365-4a0d-a7f2-bad3731a7300,b6674c52-0863-4b62-ae3c-60ee28ca08b8,c2,DROP,1016,?,i10,
1769501159.3933964,FORWARDED,4b88c2a5-b365-4a0d-a7f2-bad3731a7300,b6674c52-0863-4b62-ae3c-60ee28ca08b8,c2,DROP,1016,?,i10,
1769501159.4269872,RECEIVED,5b399014-ccc8-4956-8dc5-b33175160a37,a998b9c0-8347-496d-b203-9839e06accad,c4,DROP,1451,p1,?,
1769501159.5450406,RECEIVED,5164bc71-1bd4-4b23-8053-78625eda5e69,ca7f58a6-1cb4-4d36-8ab1-eff002396c23,c1,None,2236,p1,?,
1769501159.6168566,SENT,9b8725db-d177-4d85-a94a-ce526d1870dd,1afa9fd2-6fa5-4a7b-8b37-6372cb96ad0a,c2,DROP,1006,?,i8,
1769501159.616899,FORWARDED,9b8725db-d177-4d85-a94a-ce526d1870dd,1afa9fd2-6fa5-4a7b-8b37-6372cb96ad0a,c2,DROP,1006,?,i8,
1769501159.696743,SENT,88e6ea29-d1be-4c34-a4c2-ec2a78e45036,7b088af3-2a1f-45c7-9876-09b6cd4703f4,c1,c5,1784,?,i10,
1769501159.696793,FORWARDED,88e6ea29-d1be-4c34-a4c2-ec2a78e45036,7b088af3-2a1f-45c7-9876-09b6cd4703f4,c1,c5,1784,?,i10,
1769501159.728092,RECEIVED,f72fe362-f46c-4bd2-b050-46ce6558376f,854544d7-e074-4d4c-b3ca-9d70672c5c29,c3,DROP,1439,p3,?,
1769501159.8567908,RECEIVED,3c399f40-0740-4027-a783-0a605e3c89b8,851ab6f6-3283-4428-b6f4-35038783b33b,c2,None,2223,p2,?,
1769501159.8618631,RECEIVED,116344d7-5528-48eb-89da-60324217ed63,dc64d0bd-88d3-4a52-9259-f177439de57c,c4,DROP,1440,p1,?,
1769501159.9465272,RECEIVED,8430b591-823c-4399-8964-a7c2391b2ddf,34513319-dbe3-4eed-8aa0-d42ef4b8ad5e,c2,DROP,441,x8,?,
1769501159.9946876,SENT,f72fe362-f46c-4bd2-b050-46ce6558376f,854544d7-e074-4d4c-b3ca-9d70672c5c29,c3,DROP,1007,?,i5,
1769501159.994729,FORWARDED,f72fe362-f46c-4bd2-b050-46ce6558376f,854544d7-e074-4d4c-b3ca-9d70672c5c29,c3,DROP,1007,?,i5,
1769501160.0068216,SENT,5164bc71-1bd4-4b23-8053-78625eda5e69,ca7f58a6-1cb4-4d36-8ab1-eff002396c23,c1,None,1604,?,i10,
1769501160.0068655,FORWARDED,5164bc71-1bd4-4b23-8053-78625eda5e69,ca7f58a6-1cb4-4d36-8ab1-eff002396c23,c1,None,1604,?,i10,
1769501160.017612,SENT,116344d7-5528-48eb-89da-60324217ed63,dc64d0bd-88d3-4a52-9259-f177439de57c,c4,DROP,1007,?,i8,
1769501160.017654,FORWARDED,116344d7-5528-48eb-89da-60324217ed63,dc64d0bd-88d3-4a52-9259-f177439de57c,c4,DROP,1007,?,i8,
1769501160.1366231,RECEIVED,a5d0f03e-8f4c-48d2-bc68-22cfdf4d24d8,78f4b772-941d-4827-9d36-8248a4744c7a,c4,DROP,1439,p1,?,
1769501160.2295067,SENT,3c399f40-0740-4027-a783-0a605e3c89b8,851ab6f6-3283-4428-b6f4-35038783b33b,c2,None,1596,?,i9,
1769501160.2295485,FORWARDED,3c399f40-0740-4027-a783-0a605e3c89b8,851ab6f6-3283-4428-b6f4-35038783b33b,c2,None,1596,?,i9,
1769501160.2421198,RECEIVED,ee22a70f-4d82-432d-ba66-b0564dcc5487,f243341c-7dc7-4fdd-b6e5-55c4a1b660f1,c4,DROP,1451,p1,?,
1769501160.3068302,SENT,5b399014-ccc8-4956-8dc5-b33175160a37,a998b9c0-8347-496d-b203-9839e06accad,c4,DROP,1016,?,i5,
1769501160.3068695,FORWARDED,5b399014-ccc8-4956-8dc5-b33175160a37,a998b9c0-8347-496d-b203-9839e06accad,c4,DROP,1016,?,i5,
1769501160.372254,RECEIVED,d8fc4a75-46ef-4b19-bfa0-c3254e3260cc,3ee2f1c4-2000-4978-a49f-5e35635a4194,c2,DROP,1450,p2,?,
1769501160.4052567,RECEIVED,5fce0f41-aebd-45e5-8736-116f4aa407cd,a4a8d956-2227-4b63-9345-401e46762197,c2,DROP,1448,p2,?,
1769501160.4904249,SENT,5fce0f41-aebd-45e5-8736-116f4aa407cd,a4a8d956-2227-4b63-9345-401e46762197,c2,DROP,1013,?,i9,
1769501160.4904656,FORWARDED,5fce0f41-aebd-45e5-8736-116f4aa407cd,a4a8d956-2227-4b63-9345-401e46762197,c2,DROP,1013,?,i9,
1769501160.6058109,SENT,d8fc4a75-46ef-4b19-bfa0-c3254e3260cc,3ee2f1c4-2000-4978-a49f-5e35635a4194,c2,DROP,1017,?,i9,
1769501160.605853,FORWARDED,d8fc4a75-46ef-4b19-bfa0-c3254e3260cc,3ee2f1c4-2000-4978-a49f-5e35635a4194,c2,DROP,1017,?,i9,
1769501160.6094508,SENT,a5d0f03e-8f4c-48d2-bc68-22cfdf4d24d8,78f4b772-941d-4827-9d36-8248a4744c7a,c4,DROP,1008,?,i8,
1769501160.609491,FORWARDED,a5d0f03e-8f4c-48d2-bc68-22cfdf4d24d8,78f4b772-941d-4827-9d36-8248a4744c7a,c4,DROP,1008,?,i8,
1769501160.9186378,RECEIVED,048a4d26-c89b-4105-8861-6dcd7d4200e7,cb8c9d14-9e56-49dc-96ee-b9a0b77f04ab,c1,DROP,1449,p1,?,
1769501160.9323893,RECEIVED,0647d5a6-cfed-40bc-9484-45cf80645ebd,4f5ac71c-417e-49a6-b47f-a53c2cd9f2a5,c2,DROP,1439,p2,?,
1769501160.9735303,SENT,048a4d26-c89b-4105-8861-6dcd7d4200e7,cb8c9d14-9e56-49dc-96ee-b9a0b77f04ab,c1,DROP,1012,?,i2,
1769501160.9735694,FORWARDED,048a4d26-c89b-4105-8861-6dcd7d4200e7,cb8c9d14-9e56-49dc-96ee-b9a0b77f04ab,c1,DROP,1012,?,i2,
1769501161.220817,RECEIVED,7e9c46e2-aa3b-414c-aa62-f7b5dfec1621,7a3ba136-dea9-4170-a3a7-df290185aac4,c2,DROP,1439,p2,?,
1769501161.2491198,RECEIVED,7318e76b-692e-4bca-b231-227a0cee02a2,8cd3f340-d764-4639-beef-987ec6b0a3ef,c1,DROP,443,x1,?,
1769501161.2612324,SENT,ee22a70f-4d82-432d-ba66-b0564dcc5487,f243341c-7dc7-4fdd-b6e5-55c4a1b660f1,c4,DROP,1015,?,i7,
1769501161.2612746,FORWARDED,ee22a70f-4d82-432d-ba66-b0564dcc5487,f243341c-7dc7-4fdd-b6e5-55c4a1b660f1,c4,DROP,1015,?,i7,
1769501161.5505204,SENT,0647d5a6-cfed-40bc-9484-45cf80645ebd,4f5ac71c-417e-49a6-b47f-a53c2cd9f2a5,c2,DROP,1008,?,i5,
1769501161.550573,FORWARDED,0647d5a6-cfed-40bc-9484-45cf80645ebd,4f5ac71c-417e-49a6-b47f-a53c2cd9f2a5,c2,DROP,1008,?,i5,
1769501161.720362,RECEIVED,10bff628-57f7-45ca-bbe7-a819a6ae6d44,e9c7ff50-13c8-42a5-855a-088075dbe51a,c5,None,2232,p2,?,
1769501161.773727,RECEIVED,9a6fdada-029d-4686-85f7-545d7f0dd40b,cea4d4c2-3d88-479a-9271-63471d35d3bd,c5,DROP,1448,p2,?,
1769501161.781518,RECEIVED,cb9c52b8-ff6f-4a95-9d7e-594aa0827e9e,4c4bddd6-edc1-46c1-a575-fef5cb52c9b2,c4,DROP,440,x9,?,
1769501161.8554585,SENT,9a6fdada-029d-4686-85f7-545d7f0dd40b,cea4d4c2-3d88-479a-9271-63471d35d3bd,c5,DROP,1012,?,i6,
1769501161.855498,FORWARDED,9a6fdada-029d-4686-85f7-545d7f0dd40b,cea4d4c2-3d88-479a-9271-63471d35d3bd,c5,DROP,1012,?,i6,
1769501161.8593972,SENT,7e9c46e2-aa3b-414c-aa62-f7b5dfec1621,7a3ba136-dea9-4170-a3a7-df290185aac4,c2,DROP,1007,?,i9,
1769501161.859438,FORWARDED,7e9c46e2-aa3b-414c-aa62-f7b5dfec1621,7a3ba136-dea9-4170-a3a7-df290185aac4,c2,DROP,1007,?,i9,
1769501161.8611147,RECEIVED,74f22416-8a2c-4489-822b-4eb324ffae78,57638cba-7366-409c-aa9f-5d1ffad252b2,c1,DROP,1440,p1,?,
1769501161.8701358,RECEIVED,3acb47f5-6165-4b58-8e89-18d11b182c58,c10d2f6b-6c34-4b77-8f97-07c3b0e61f47,c2,DROP,444,x12,?,
1769501162.0119793,RECEIVED,48693e19-aa06-4452-af2e-7b76b6ed0734,37fd3e5b-26f4-4ee7-8de9-b0da53652604,c2,DROP,1439,p2,?,
1769501162.1450016,RECEIVED,d7caff62-afca-468e-b937-3144d8bf4204,c8542d87-9657-4e74-9aae-df3da82232a7,c5,DROP,1451,p2,?,
1769501162.159224,RECEIVED,7447d4b4-810e-497c-beb0-ba9895288400,53fdc84e-0b4f-4135-96b6-ed5c51b9d1b5,c1,c5,2461,p1,?,
1769501162.216623,SENT,7447d4b4-810e-497c-beb0-ba9895288400,53fdc84e-0b4f-4135-96b6-ed5c51b9d1b5,c1,c5,1772,?,i10,
1769501162.2166665,FORWARDED,7447d4b4-810e-497c-beb0-ba9895288400,53fdc84e-0b4f-4135-96b6-ed5c51b9d1b5,c1,c5,1772,?,i10,
1769501162.2799592,SENT,74f22416-8a2c-4489-822b-4eb324ffae78,57638cba-7366-409c-aa9f-5d1ffad252b2,c1,DROP,1008,?,i10,
1769501162.2800028,FORWARDED,74f22416-8a2c-4489-822b-4eb324ffae78,57638cba-7366-409c-aa9f-5d1ffad252b2,c1,DROP,1008,?,i10,
1769501162.3236787,RECEIVED,51db3653-c7bb-4a4b-a4ec-976def664c49,d7648c59-9c93-42e5-ac22-0a013b3c27ff,c3,c4,2475,p3,?,
1769501162.3857493,RECEIVED,47ada9b1-df2e-4725-98ab-ef95cb9b30b4,924124c1-16eb-4577-b60e-4a9d12e10106,c4,c3,2463,p1,?,
1769501162.3918104,RECEIVED,eba1926c-56ad-458a-83e9-6a7fb04e19a7,61c32d68-1033-49d5-bb83-f3d678d157ab,c5,DROP,1443,p2,?,
1769501162.7942188,RECEIVED,c617d4da-3264-4bbd-a0dc-90da04ded55a,07bcdaf1-7161-4d66-999e-8c97ea326841,c2,DROP,1455,p2,?,
1769501162.8061204,SENT,48693e19-aa06-4452-af2e-7b76b6ed0734,37fd3e5b-26f4-4ee7-8de9-b0da53652604,c2,DROP,1008,?,i1,
1769501162.8061638,FORWARDED,48693e19-aa06-4452-af2e-7b76b6ed0734,37fd3e5b-26f4-4ee7-8de9-b0da53652604,c2,DROP,1008,?,i1,
1769501162.9992719,SENT,51db3653-c7bb-4a4b-a4ec-976def664c49,d7648c59-9c93-42e5-ac22-0a013b3c27ff,c3,c4,1785,?,i7,
1769501162.9993095,FORWARDED,51db3653-c7bb-4a4b-a4ec-976def664c49,d7648c59-9c93-42e5-ac22-0a013b3c27ff,c3,c4,1785,?,i7,
1769501163.1222005,SENT,d7caff62-afca-468e-b937-3144d8bf4204,c8542d87-9657-4e74-9aae-df3da82232a7,c5,DROP,1016,?,i2,
1769501163.122241,FORWARDED,d7caff62-afca-468e-b937-3144d8bf4204,c8542d87-9657-4e74-9aae-df3da82232a7,c5,DROP,1016,?,i2,
1769501163.1790233,RECEIVED,fe2b405e-1de6-4cff-8dc3-14b9f959c026,74a5494e-3f50-4499-91c9-0a72de8fd3f0,c1,DROP,1456,p1,?,
1769501163.2267213,RECEIVED,186e755f-9d59-475b-8896-3cfc28dcbb4e,7fcb5df2-d1d6-4ef0-b047-d9c54aae668a,c3,DROP,1452,p3,?,
1769501163.2396216,SENT,10bff628-57f7-45ca-bbe7-a819a6ae6d44,e9c7ff50-13c8-42a5-855a-088075dbe51a,c5,None,1600,?,i12,
1769501163.2396612,FORWARDED,10bff628-57f7-45ca-bbe7-a819a6ae6d44,e9c7ff50-13c8-42a5-855a-088075dbe51a,c5,None,1600,?,i12,
1769501163.4088705,RECEIVED,cf349ccf-6f49-476b-906a-349829cc52c3,7577f783-c1ce-453b-8022-072a406a9b70,c4,c3,2459,p1,?,
1769501163.4365277,SENT,eba1926c-56ad-458a-83e9-6a7fb04e19a7,61c32d68-1033-49d5-bb83-f3d678d157ab,c5,DROP,1011,?,i4,
1769501163.4365718,FORWARDED,eba1926c-56ad-458a-83e9-6a7fb04e19a7,61c32d68-1033-49d5-bb83-f3d678d157ab,c5,DROP,1011,?,i4,
1769501163.4516327,RECEIVED,241699c8-69de-45f7-bab8-b70fbac79d83,d8eadbde-be4c-4fcd-8c7b-c7cc4fff3fbd,c3,DROP,1457,p3,?,
1769501163.4521518,SENT,47ada9b1-df2e-4725-98ab-ef95cb9b30b4,924124c1-16eb-4577-b60e-4a9d12e10106,c4,c3,1776,?,i8,
1769501163.4521976,FORWARDED,47ada9b1-df2e-4725-98ab-ef95cb9b30b4,924124c1-16eb-4577-b60e-4a9d12e10106,c4,c3,1776,?,i8,
1769501163.4637973,SENT,186e755f-9d59-475b-8896-3cfc28dcbb4e,7fcb5df2-d1d6-4ef0-b047-d9c54aae668a,c3,DROP,1015,?,i4,
1769501163.4640665,FORWARDED,186e755f-9d59-475b-8896-3cfc28dcbb4e,7fcb5df2-d1d6-4ef0-b047-d9c54aae668a,c3,DROP,1015,?,i4,
1769501163.465577,RECEIVED,d3dbb72d-c204-4e0f-841b-dee770fe1f4d,693583c9-811b-4826-8983-4981f21bf8b5,c3,DROP,1453,p3,?,
1769501163.5125856,SENT,d3dbb72d-c204-4e0f-841b-dee770fe1f4d,693583c9-811b-4826-8983-4981f21bf8b5,c3,DROP,1016,?,i7,
1769501163.512626,FORWARDED,d3dbb72d-c204-4e0f-841b-dee770fe1f4d,693583c9-811b-4826-8983-4981f21bf8b5,c3,DROP,1016,?,i7,
1769501163.5146976,SENT,241699c8-69de-45f7-bab8-b70fbac79d83,d8eadbde-be4c-4fcd-8c7b-c7cc4fff3fbd,c3,DROP,1020,?,i11,
1769501163.5147357,FORWARDED,241699c8-69de-45f7-bab8-b70fbac79d83,d8eadbde-be4c-4fcd-8c7b-c7cc4fff3fbd,c3,DROP,1020,?,i11,
1769501163.690801,SENT,fe2b405e-1de6-4cff-8dc3-14b9f959c026,74a5494e-3f50-4499-91c9-0a72de8fd3f0,c1,DROP,1020,?,i10,
1769501163.6908772,FORWARDED,fe2b405e-1de6-4cff-8dc3-14b9f959c026,74a5494e-3f50-4499-91c9-0a72de8fd3f0,c1,DROP,1020,?,i10,
1769501163.8616343,RECEIVED,adaad1de-c521-47fc-83c5-83116c1bba3f,dd1cd4e5-bf5e-467a-80c8-7852072b3974,c4,DROP,1453,p1,?,
1769501163.9217196,RECEIVED,834a3dd6-2e4c-44d2-acc3-62a2341b82ed,e2f8305a-8561-488f-8bbd-d4f640e28318,c2,DROP,1439,p2,?,
1769501163.976181,SENT,cf349ccf-6f49-476b-906a-349829cc52c3,7577f783-c1ce-453b-8022-072a406a9b70,c4,c3,1771,?,i5,
1769501163.9762244,FORWARDED,cf349ccf-6f49-476b-906a-349829cc52c3,7577f783-c1ce-453b-8022-072a406a9b70,c4,c3,1771,?,i5,
1769501164.0531042,SENT,c617d4da-3264-4bbd-a0dc-90da04ded55a,07bcdaf1-7161-4d66-999e-8c97ea326841,c2,DROP,1018,?,i11,
1769501164.053146,FORWARDED,c617d4da-3264-4bbd-a0dc-90da04ded55a,07bcdaf1-7161-4d66-999e-8c97ea326841,c2,DROP,1018,?,i11,
1769501164.0683837,SENT,adaad1de-c521-47fc-83c5-83116c1bba3f,dd1cd4e5-bf5e-467a-80c8-7852072b3974,c4,DROP,1016,?,i10,
1769501164.0684237,FORWARDED,adaad1de-c521-47fc-83c5-83116c1bba3f,dd1cd4e5-bf5e-467a-80c8-7852072b3974,c4,DROP,1016,?,i10,
1769501164.1217499,RECEIVED,b436cf31-3a66-44ae-a7b5-ef2dc3eae9b9,4c6302ff-48fc-4f1b-8f86-0923fd23025a,c4,DROP,1444,p1,?,
1769501164.1816554,SENT,834a3dd6-2e4c-44d2-acc3-62a2341b82ed,e2f8305a-8561-488f-8bbd-d4f640e28318,c2,DROP,1008,?,i6,
1769501164.1816912,FORWARDED,834a3dd6-2e4c-44d2-acc3-62a2341b82ed,e2f8305a-8561-488f-8bbd-d4f640e28318,c2,DROP,1008,?,i6,
1769501164.1869586,RECEIVED,2343cda3-7eda-4340-8c40-119620da7a49,e76fc08d-ac5f-4d7b-9d6c-08074fcf8503,c3,DROP,1440,p3,?,
1769501164.2553766,RECEIVED,6033f040-aa49-4441-9f3f-f3b8ab2b61cf,d15c7fd3-125a-466e-8ba8-3aa71993a492,c5,c2,2463,p2,?,
1769501164.3042526,SENT,2343cda3-7eda-4340-8c40-119620da7a49,e76fc08d-ac5f-4d7b-9d6c-08074fcf8503,c3,DROP,1008,?,i1,
1769501164.3042946,FORWARDED,2343cda3-7eda-4340-8c40-119620da7a49,e76fc08d-ac5f-4d7b-9d6c-08074fcf8503,c3,DROP,1008,?,i1,
1769501164.3134747,SENT,b436cf31-3a66-44ae-a7b5-ef2dc3eae9b9,4c6302ff-48fc-4f1b-8f86-0923fd23025a,c4,DROP,1011,?,i8,
1769501164.3135185,FORWARDED,b436cf31-3a66-44ae-a7b5-ef2dc3eae9b9,4c6302ff-48fc-4f1b-8f86-0923fd23025a,c4,DROP,1011,?,i8,
1769501164.551309,RECEIVED,c46c1f56-9795-4ff9-9d8c-531f49ec490a,a1ff38f6-70d9-4977-9b14-7c540f7107c1,c5,DROP,1436,p2,?,
1769501164.557452,RECEIVED,d9774f52-19f7-4788-add8-ebc541f81359,a4b4b1be-9d6d-4ec3-b68d-0b7b6fdfd28e,c5,DROP,1447,p2,?,
1769501164.5876994,SENT,6033f040-aa49-4441-9f3f-f3b8ab2b61cf,d15c7fd3-125a-466e-8ba8-3aa71993a492,c5,c2,1775,?,i8,
1769501164.5877416,FORWARDED,6033f040-aa49-4441-9f3f-f3b8ab2b61cf,d15c7fd3-125a-466e-8ba8-3aa71993a492,c5,c2,1775,?,i8,
1769501164.6592972,RECEIVED,cc781dc5-18a6-4d69-9992-9b43131f12e8,7fefe480-f426-48ed-8f6f-e04936b768e0,c4,c3,2447,p1,?,
1769501164.702761,SENT,c46c1f56-9795-4ff9-9d8c-531f49ec490a,a1ff38f6-70d9-4977-9b14-7c540f7107c1,c5,DROP,1003,?,i9,
1769501164.702809,FORWARDED,c46c1f56-9795-4ff9-9d8c-531f49ec490a,a1ff38f6-70d9-4977-9b14-7c540f7107c1,c5,DROP,1003,?,i9,
1769501164.8218417,RECEIVED,f4476642-fe20-4fcf-b0cf-0e860502bee0,f90d001d-cb5d-447f-8acd-1c25dec20e7a,c2,DROP,1442,p2,?,
1769501165.0131407,RECEIVED,b7b3429e-71bb-4951-a20b-4e37e54b1441,d4197070-cd14-4d98-9473-48b5521f64e2,c4,DROP,1451,p1,?,
1769501165.1662405,SENT,d9774f52-19f7-4788-add8-ebc541f81359,a4b4b1be-9d6d-4ec3-b68d-0b7b6fdfd28e,c5,DROP,1013,?,i7,
1769501165.1662805,FORWARDED,d9774f52-19f7-4788-add8-ebc541f81359,a4b4b1be-9d6d-4ec3-b68d-0b7b6fdfd28e,c5,DROP,1013,?,i7,
1769501165.203258,RECEIVED,4b689ea0-6a19-4c6a-ba7c-f499db20d05b,f2cb4a05-42e7-4d9b-96ac-9ea36d897110,c5,c2,2460,p2,?,
1769501165.255797,RECEIVED,5c2a6fb6-586d-4b83-8bc4-c3b4a6c29805,171d9753-521c-420d-b6a3-83eeba422f06,c2,DROP,1438,p2,?,
1769501165.3135176,SENT,cc781dc5-18a6-4d69-9992-9b43131f12e8,7fefe480-f426-48ed-8f6f-e04936b768e0,c4,c3,1764,?,i8,
1769501165.3135552,FORWARDED,cc781dc5-18a6-4d69-9992-9b43131f12e8,7fefe480-f426-48ed-8f6f-e04936b768e0,c4,c3,1764,?,i8,
1769501165.3368459,SENT,b7b3429e-71bb-4951-a20b-4e37e54b1441,d4197070-cd14-4d98-9473-48b5521f64e2,c4,DROP,1016,?,i2,
1769501165.336888,FORWARDED,b7b3429e-71bb-4951-a20b-4e37e54b1441,d4197070-cd14-4d98-9473-48b5521f64e2,c4,DROP,1016,?,i2,
1769501165.346695,RECEIVED,609bcc74-46d1-4d76-afc1-b0e444f29655,c98da791-622e-40c7-add9-a9b2453fda53,c4,DROP,1460,p1,?,
1769501165.373398,SENT,f4476642-fe20-4fcf-b0cf-0e860502bee0,f90d001d-cb5d-447f-8acd-1c25dec20e7a,c2,DROP,1009,?,i1,
1769501165.373441,FORWARDED,f4476642-fe20-4fcf-b0cf-0e860502bee0,f90d001d-cb5d-447f-8acd-1c25dec20e7a,c2,DROP,1009,?,i1,
1769501165.40597,SENT,4b689ea0-6a19-4c6a-ba7c-f499db20d05b,f2cb4a05-42e7-4d9b-96ac-9ea36d897110,c5,c2,1772,?,i3,
1769501165.4060113,FORWARDED,4b689ea0-6a19-4c6a-ba7c-f499db20d05b,f2cb4a05-42e7-4d9b-96ac-9ea36d897110,c5,c2,1772,?,i3,
1769501165.521937,RECEIVED,93717a28-51c9-4691-a244-d7f271b3f7b8,62638395-6672-4fde-9978-d9e5a1591479,c1,DROP,1451,p1,?,
1769501165.6251144,RECEIVED,dbe649c0-5dfd-4a42-a42c-3eec8a439a00,759df02e-49e4-4e17-82e8-a1f614cf46de,c3,DROP,1444,p3,?,
1769501165.6357358,RECEIVED,65583155-efbf-4c1b-b15d-14d7d09cbddb,07bfe678-8dca-4627-aae0-fb2c06ad0e75,c3,None,2241,p3,?,
1769501165.6615102,RECEIVED,d00f80b3-a5ef-4fe7-aa19-fcb8f253e1a7,42ce043a-1a0b-4adc-9268-4e9f8d054302,c4,DROP,1448,p1,?,
1769501165.7192361,SENT,65583155-efbf-4c1b-b15d-14d7d09cbddb,07bfe678-8dca-4627-aae0-fb2c06ad0e75,c3,None,1608,?,i10,
1769501165.7192793,FORWARDED,65583155-efbf-4c1b-b15d-14d7d09cbddb,07bfe678-8dca-4627-aae0-fb2c06ad0e75,c3,None,1608,?,i10,
1769501165.7258165,SENT,d00f80b3-a5ef-4fe7-aa19-fcb8f253e1a7,42ce043a-1a0b-4adc-9268-4e9f8d054302,c4,DROP,1012,?,i7,
1769501165.7258594,FORWARDED,d00f80b3-a5ef-4fe7-aa19-fcb8f253e1a7,42ce043a-1a0b-4adc-9268-4e9f8d054302,c4,DROP,1012,?,i7,
1769501165.7412345,SENT,dbe649c0-5dfd-4a42-a42c-3eec8a439a00,759df02e-49e4-4e17-82e8-a1f614cf46de,c3,DROP,1011,?,i4,
1769501165.7412767,FORWARDED,dbe649c0-5dfd-4a42-a42c-3eec8a439a00,759df02e-49e4-4e17-82e8-a1f614cf46de,c3,DROP,1011,?,i4,
1769501165.8373437,RECEIVED,f0f76219-1bcf-491a-9c67-6f625434b227,cc9ceebf-b687-4a52-b4c9-1f689cfe6b6f,c1,c5,2464,p1,?,
1769501165.9899228,SENT,f0f76219-1bcf-491a-9c67-6f625434b227,cc9ceebf-b687-4a52-b4c9-1f689cfe6b6f,c1,c5,1775,?,i5,
1769501165.989977,FORWARDED,f0f76219-1bcf-491a-9c67-6f625434b227,cc9ceebf-b687-4a52-b4c9-1f689cfe6b6f,c1,c5,1775,?,i5,
1769501166.0577767,RECEIVED,9ce75171-a657-4d72-b82a-f5875ae5c0c1,62205943-a522-4286-b86d-464f529a4c19,c5,DROP,440,x12,?,
1769501166.1656168,RECEIVED,55fa4c3c-149c-455d-8621-d17ac5bd7e28,ab235759-4f52-4397-a523-291c0225fd44,c1,DROP,1448,p1,?,
1769501166.2262397,SENT,55fa4c3c-149c-455d-8621-d17ac5bd7e28,ab235759-4f52-4397-a523-291c0225fd44,c1,DROP,1013,?,i3,
1769501166.2262816,FORWARDED,55fa4c3c-149c-455d-8621-d17ac5bd7e28,ab235759-4f52-4397-a523-291c0225fd44,c1,DROP,1013,?,i3,
1769501166.3551476,RECEIVED,82eade7d-b36e-4382-8552-9295069b314a,714f8b03-9ec0-4cbb-b441-002d10587f51,c1,DROP,1452,p1,?,
1769501166.4073002,RECEIVED,1e37ee06-252d-47e0-8b80-d05663caaafb,93f17513-d97f-41df-9a37-ac4a933ec3cc,c5,DROP,1444,p2,?,
1769501166.415257,SENT,82eade7d-b36e-4382-8552-9295069b314a,714f8b03-9ec0-4cbb-b441-002d10587f51,c1,DROP,1017,?,i2,
1769501166.415307,FORWARDED,82eade7d-b36e-4382-8552-9295069b314a,714f8b03-9ec0-4cbb-b441-002d10587f51,c1,DROP,1017,?,i2,
1769501166.4210389,SENT,5c2a6fb6-586d-4b83-8bc4-c3b4a6c29805,171d9753-521c-420d-b6a3-83eeba422f06,c2,DROP,1008,?,i1,
1769501166.421097,FORWARDED,5c2a6fb6-586d-4b83-8bc4-c3b4a6c29805,171d9753-521c-420d-b6a3-83eeba422f06,c2,DROP,1008,?,i1,
1769501166.4649997,SENT,1e37ee06-252d-47e0-8b80-d05663caaafb,93f17513-d97f-41df-9a37-ac4a933ec3cc,c5,DROP,1011,?,i3,
1769501166.4650416,FORWARDED,1e37ee06-252d-47e0-8b80-d05663caaafb,93f17513-d97f-41df-9a37-ac4a933ec3cc,c5,DROP,1011,?,i3,
1769501166.4802196,RECEIVED,c5c06316-e685-42ac-82ce-9ed72ec07477,20338a43-45ce-45db-a759-19c7ff80d3a1,c4,c3,2447,p1,?,
1769501166.593751,SENT,93717a28-51c9-4691-a244-d7f271b3f7b8,62638395-6672-4fde-9978-d9e5a1591479,c1,DROP,1016,?,i6,
1769501166.5937924,FORWARDED,93717a28-51c9-4691-a244-d7f271b3f7b8,62638395-6672-4fde-9978-d9e5a1591479,c1,DROP,1016,?,i6,
1769501166.6892242,RECEIVED,2c162364-d9de-4dab-bb5e-5cb9e6ac92ab,eaa9e35b-d2b7-486b-bf99-a13dfeccfb33,c2,DROP,442,x10,?,
1769501166.8752694,RECEIVED,700a0457-c195-4204-85e0-aba5bf619956,8b3faec4-1e16-4f75-870e-f1d4f4f0d2d8,c1,DROP,1450,p1,?,
1769501167.102994,RECEIVED,10b0d7e6-711f-4284-a682-8b53e0387d4a,3b844781-1d02-4eba-be8b-65f2a44dd450,c5,c2,2460,p2,?,
1769501167.1168103,RECEIVED,cbaa109b-dcb5-4baf-a255-5a7f71f7441a,f66c182d-5596-4b35-8c24-c375c81de1b4,c1,DROP,1442,p1,?,
1769501167.1779149,RECEIVED,c0f7dce7-ca4e-465c-83c0-821a66c2e843,b300978c-062c-479a-bde3-79e3c60dfec0,c4,DROP,1443,p1,?,
1769501167.260302,RECEIVED,98c46a68-2847-499c-bbbf-bdf2fa64eecd,6f17eb2e-e80e-4ada-8a4d-f8ccc192a060,c4,DROP,1439,p1,?,
1769501167.2762914,RECEIVED,51cfaac0-788f-4e07-ab58-5485b3c4a094,28454b1c-80ac-4c6c-8e60-5ad9b2941fae,c4,DROP,1448,p1,?,
1769501167.3054998,SENT,c5c06316-e685-42ac-82ce-9ed72ec07477,20338a43-45ce-45db-a759-19c7ff80d3a1,c4,c3,1763,?,i7,
1769501167.3056207,FORWARDED,c5c06316-e685-42ac-82ce-9ed72ec07477,20338a43-45ce-45db-a759-19c7ff80d3a1,c4,c3,1763,?,i7,
1769501167.3065782,RECEIVED,001ebb25-c36d-4917-bec4-bff41151cb66,68188320-d0ed-4dfc-889c-7d7ad59224aa,c5,DROP,446,x12,?,
1769501167.3974423,SENT,10b0d7e6-711f-4284-a682-8b53e0387d4a,3b844781-1d02-4eba-be8b-65f2a44dd450,c5,c2,1772,?,i2,
1769501167.3976023,FORWARDED,10b0d7e6-711f-4284-a682-8b53e0387d4a,3b844781-1d02-4eba-be8b-65f2a44dd450,c5,c2,1772,?,i2,
1769501167.418985,SENT,51cfaac0-788f-4e07-ab58-5485b3c4a094,28454b1c-80ac-4c6c-8e60-5ad9b2941fae,c4,DROP,1013,?,i1,
1769501167.4190276,FORWARDED,51cfaac0-788f-4e07-ab58-5485b3c4a094,28454b1c-80ac-4c6c-8e60-5ad9b2941fae,c4,DROP,1013,?,i1,
1769501167.4345737,SENT,609bcc74-46d1-4d76-afc1-b0e444f29655,c98da791-622e-40c7-add9-a9b2453fda53,c4,DROP,1021,?,i11,
1769501167.434618,FORWARDED,609bcc74-46d1-4d76-afc1-b0e444f29655,c98da791-622e-40c7-add9-a9b2453fda53,c4,DROP,1021,?,i11,
1769501167.5065348,SENT,700a0457-c195-4204-85e0-aba5bf619956,8b3faec4-1e16-4f75-870e-f1d4f4f0d2d8,c1,DROP,1016,?,i3,
1769501167.5065792,FORWARDED,700a0457-c195-4204-85e0-aba5bf619956,8b3faec4-1e16-4f75-870e-f1d4f4f0d2d8,c1,DROP,1016,?,i3,
1769501167.5296617,RECEIVED,4036cd0c-a7dc-4d0f-88b9-bea85e3492fa,b2bd4282-2bfe-4140-a8be-6672fff55e9f,c1,DROP,1451,p1,?,
1769501167.5475776,RECEIVED,a644c460-4a49-4f82-b366-e1219fe07a66,677913e9-0b14-4224-b367-d2c710deeb80,c1,DROP,442,x2,?,
1769501167.5930157,RECEIVED,8f9ca7b4-bd7c-4286-af86-3d29a8a62312,ef045163-4efe-4d07-8863-c83949d0ffb6,c3,None,2222,p3,?,
1769501167.664282,SENT,c0f7dce7-ca4e-465c-83c0-821a66c2e843,b300978c-062c-479a-bde3-79e3c60dfec0,c4,DROP,1009,?,i9,
1769501167.6643214,FORWARDED,c0f7dce7-ca4e-465c-83c0-821a66c2e843,b300978c-062c-479a-bde3-79e3c60dfec0,c4,DROP,1009,?,i9,
1769501167.7106466,RECEIVED,7b5608c4-770a-4137-b0e3-6c63c6b265d6,5510f617-7162-422b-902c-6627a9ffcf3c,c2,DROP,441,x10,?,
1769501168.0741396,SENT,4036cd0c-a7dc-4d0f-88b9-bea85e3492fa,b2bd4282-2bfe-4140-a8be-6672fff55e9f,c1,DROP,1017,?,i3,
1769501168.0741837,FORWARDED,4036cd0c-a7dc-4d0f-88b9-bea85e3492fa,b2bd4282-2bfe-4140-a8be-6672fff55e9f,c1,DROP,1017,?,i3,
1769501168.1148257,RECEIVED,11fbfbcb-445b-47ab-994e-8239eeba90cd,9cc84949-c69d-4ddf-b136-697ce520d1fe,c3,DROP,441,x4,?,
1769501168.2629867,RECEIVED,8ec6b484-4414-4781-9865-8383d890dd73,88944941-d927-4b09-acee-582d1f6c8bff,c4,DROP,1440,p1,?,
1769501168.2913527,RECEIVED,50358a52-5533-4918-93c6-3d3a7a3822e4,1183cf78-0c1e-489a-8d22-aaf6ee481fca,c4,DROP,1439,p1,?,
1769501168.3202326,RECEIVED,72bb8a9f-39b9-46f1-949a-946976cd7b38,ab441ac9-1ed2-43cc-9a97-5baf82f43c41,c3,DROP,1444,p3,?,
1769501168.3879244,SENT,72bb8a9f-39b9-46f1-949a-946976cd7b38,ab441ac9-1ed2-43cc-9a97-5baf82f43c41,c3,DROP,1011,?,i8,
1769501168.3879662,FORWARDED,72bb8a9f-39b9-46f1-949a-946976cd7b38,ab441ac9-1ed2-43cc-9a97-5baf82f43c41,c3,DROP,1011,?,i8,
1769501168.4010968,SENT,cbaa109b-dcb5-4baf-a255-5a7f71f7441a,f66c182d-5596-4b35-8c24-c375c81de1b4,c1,DROP,1010,?,i3,
1769501168.4011402,FORWARDED,cbaa109b-dcb5-4baf-a255-5a7f71f7441a,f66c182d-5596-4b35-8c24-c375c81de1b4,c1,DROP,1010,?,i3,
1769501168.4619086,SENT,8f9ca7b4-bd7c-4286-af86-3d29a8a62312,ef045163-4efe-4d07-8863-c83949d0ffb6,c3,None,1596,?,i3,
1769501168.4619505,FORWARDED,8f9ca7b4-bd7c-4286-af86-3d29a8a62312,ef045163-4efe-4d07-8863-c83949d0ffb6,c3,None,1596,?,i3,
1769501168.5069675,RECEIVED,78c21afa-38e4-4a79-915f-435a8dd9ae8d,c0bc09c1-1290-4319-99ff-86e703762983,c3,DROP,1440,p3,?,
1769501168.5308673,RECEIVED,ec324f17-d3f6-4e0f-b622-08e7f143736f,d3ad1bc1-5e0d-4736-9a7f-7826a6e84a62,c2,DROP,1441,p2,?,
1769501168.5596921,SENT,ec324f17-d3f6-4e0f-b622-08e7f143736f,d3ad1bc1-5e0d-4736-9a7f-7826a6e84a62,c2,DROP,1008,?,i8,
1769501168.559725,FORWARDED,ec324f17-d3f6-4e0f-b622-08e7f143736f,d3ad1bc1-5e0d-4736-9a7f-7826a6e84a62,c2,DROP,1008,?,i8,
1769501168.5728703,RECEIVED,ebc9827b-e2b5-477d-b898-f333f96afdff,b888e24a-4c53-40ab-9d38-c14659d09a7d,c3,None,2223,p3,?,
1769501168.5958977,RECEIVED,5f1673b1-7a6c-418c-85b0-3f34edb85301,85ca0b55-fba1-46b5-9c89-65f61d5f1c1f,c1,DROP,442,x10,?,
1769501168.720469,SENT,78c21afa-38e4-4a79-915f-435a8dd9ae8d,c0bc09c1-1290-4319-99ff-86e703762983,c3,DROP,1007,?,i1,
1769501168.7205117,FORWARDED,78c21afa-38e4-4a79-915f-435a8dd9ae8d,c0bc09c1-1290-4319-99ff-86e703762983,c3,DROP,1007,?,i1,
1769501168.7639532,SENT,ebc9827b-e2b5-477d-b898-f333f96afdff,b888e24a-4c53-40ab-9d38-c14659d09a7d,c3,None,1596,?,i3,
1769501168.7639947,FORWARDED,ebc9827b-e2b5-477d-b898-f333f96afdff,b888e24a-4c53-40ab-9d38-c14659d09a7d,c3,None,1596,?,i3,
1769501168.8120253,SENT,50358a52-5533-4918-93c6-3d3a7a3822e4,1183cf78-0c1e-489a-8d22-aaf6ee481fca,c4,DROP,1008,?,i1,
1769501168.812075,FORWARDED,50358a52-5533-4918-93c6-3d3a7a3822e4,1183cf78-0c1e-489a-8d22-aaf6ee481fca,c4,DROP,1008,?,i1,
1769501168.8658357,SENT,8ec6b484-4414-4781-9865-8383d890dd73,88944941-d927-4b09-acee-582d1f6c8bff,c4,DROP,1008,?,i12,
1769501168.865877,FORWARDED,8ec6b484-4414-4781-9865-8383d890dd73,88944941-d927-4b09-acee-582d1f6c8bff,c4,DROP,1008,?,i12,
1769501168.947369,RECEIVED,1ce27574-1731-44d5-b6e8-11987342106c,963f768c-d30b-4100-b300-6419c8fad670,c3,DROP,1452,p3,?,
1769501168.969371,RECEIVED,9a24a568-4841-49cb-9ca4-c3b6b01a9b26,ae10ca73-0c02-4bb9-9cfa-f6fb677c800a,c1,None,2236,p1,?,
1769501169.0480263,SENT,9a24a568-4841-49cb-9ca4-c3b6b01a9b26,ae10ca73-0c02-4bb9-9cfa-f6fb677c800a,c1,None,1604,?,i7,
1769501169.0484478,FORWARDED,9a24a568-4841-49cb-9ca4-c3b6b01a9b26,ae10ca73-0c02-4bb9-9cfa-f6fb677c800a,c1,None,1604,?,i7,
1769501169.0539415,SENT,1ce27574-1731-44d5-b6e8-11987342106c,963f768c-d30b-4100-b300-6419c8fad670,c3,DROP,1015,?,i3,
1769501169.053984,FORWARDED,1ce27574-1731-44d5-b6e8-11987342106c,963f768c-d30b-4100-b300-6419c8fad670,c3,DROP,1015,?,i3,
1769501169.1799374,RECEIVED,ad50613d-8e40-44ab-99ca-ab89e87d27bb,e18a902d-7170-4c63-babb-c81944e25b45,c4,DROP,442,x4,?,
1769501169.270148,RECEIVED,601de969-6d9c-4e2b-bf8e-b8c2298c0a1f,fd72251e-3350-4a2a-b5c6-3c4bb2c21b25,c1,DROP,1440,p1,?,
1769501169.2770796,RECEIVED,c8588186-b86b-466e-a486-63f95d5a2411,4dbe32e2-b15d-4485-a1a6-45223d250d74,c2,DROP,1443,p2,?,
1769501169.3809464,SENT,601de969-6d9c-4e2b-bf8e-b8c2298c0a1f,fd72251e-3350-4a2a-b5c6-3c4bb2c21b25,c1,DROP,1008,?,i5,
1769501169.3809872,FORWARDED,601de969-6d9c-4e2b-bf8e-b8c2298c0a1f,fd72251e-3350-4a2a-b5c6-3c4bb2c21b25,c1,DROP,1008,?,i5,
1769501169.4288259,RECEIVED,747f2391-2c61-4c5a-b796-4ec8db8031d4,f924c58c-cda9-4d11-baa2-764f8ac9cd33,c3,c4,2463,p3,?,
1769501169.591843,RECEIVED,0a974a3f-3c2f-46df-8aa0-d902c46dbff9,c06fb427-6a0f-4b1c-a5a4-66f3ce94f7ba,c1,DROP,1447,p1,?,
1769501169.7157285,RECEIVED,bb339566-b239-4d1f-aa1a-22e70e01349d,c557a63c-12dc-45e5-a526-c82a03032b3a,c2,DROP,442,x4,?,
1769501169.7729595,SENT,747f2391-2c61-4c5a-b796-4ec8db8031d4,f924c58c-cda9-4d11-baa2-764f8ac9cd33,c3,c4,1775,?,i2,
1769501169.7730005,FORWARDED,747f2391-2c61-4c5a-b796-4ec8db8031d4,f924c58c-cda9-4d11-baa2-764f8ac9cd33,c3,c4,1775,?,i2,
1769501169.7888675,RECEIVED,3af749b1-1701-408e-94cc-ef0621365142,bfd02890-f1cd-40c4-949d-ba8b7408e567,c5,DROP,1448,p2,?,
1769501169.8239615,SENT,c8588186-b86b-466e-a486-63f95d5a2411,4dbe32e2-b15d-4485-a1a6-45223d250d74,c2,DROP,1009,?,i7,
1769501169.8240032,FORWARDED,c8588186-b86b-466e-a486-63f95d5a2411,4dbe32e2-b15d-4485-a1a6-45223d250d74,c2,DROP,1009,?,i7,
1769501169.8479633,SENT,98c46a68-2847-499c-bbbf-bdf2fa64eecd,6f17eb2e-e80e-4ada-8a4d-f8ccc192a060,c4,DROP,1008,?,i4,
1769501169.8480077,FORWARDED,98c46a68-2847-499c-bbbf-bdf2fa64eecd,6f17eb2e-e80e-4ada-8a4d-f8ccc192a060,c4,DROP,1008,?,i4,
1769501170.1789324,SENT,3af749b1-1701-408e-94cc-ef0621365142,bfd02890-f1cd-40c4-949d-ba8b7408e567,c5,DROP,1012,?,i4,
1769501170.1789773,FORWARDED,3af749b1-1701-408e-94cc-ef0621365142,bfd02890-f1cd-40c4-949d-ba8b7408e567,c5,DROP,1012,?,i4,
1769501170.2998793,SENT,0a974a3f-3c2f-46df-8aa0-d902c46dbff9,c06fb427-6a0f-4b1c-a5a4-66f3ce94f7ba,c1,DROP,1012,?,i4,
1769501170.2999215,FORWARDED,0a974a3f-3c2f-46df-8aa0-d902c46dbff9,c06fb427-6a0f-4b1c-a5a4-66f3ce94f7ba,c1,DROP,1012,?,i4,
1769501170.3565302,RECEIVED,c76d991e-bcc4-4d84-87e0-2dede406c6c6,9ed7abf3-1dc3-461f-b664-510480a71d5b,c5,DROP,1440,p2,?,
1769501170.3755488,RECEIVED,848a2e56-7673-47bd-bb7e-b7a02813f616,d6e67317-cde2-49b1-b253-4653b680516e,c4,DROP,1447,p1,?,
1769501170.5511954,RECEIVED,eab39d70-fe55-4c70-a345-68810488c650,ffaf5342-6c17-4ee5-88ff-5b3fa35e3d5c,c5,DROP,441,x9,?,
1769501170.6042435,RECEIVED,4e36b416-7247-4e74-b43f-3781abe4dcfb,401bbe17-533f-44ab-9fb0-bd4cbbc76ae5,c5,None,2238,p2,?,
1769501170.6327207,SENT,4e36b416-7247-4e74-b43f-3781abe4dcfb,401bbe17-533f-44ab-9fb0-bd4cbbc76ae5,c5,None,1603,?,i11,
1769501170.6327631,FORWARDED,4e36b416-7247-4e74-b43f-3781abe4dcfb,401bbe17-533f-44ab-9fb0-bd4cbbc76ae5,c5,None,1603,?,i11,
1769501170.6371093,SENT,c76d991e-bcc4-4d84-87e0-2dede406c6c6,9ed7abf3-1dc3-461f-b664-510480a71d5b,c5,DROP,1008,?,i3,
1769501170.6371524,FORWARDED,c76d991e-bcc4-4d84-87e0-2dede406c6c6,9ed7abf3-1dc3-461f-b664-510480a71d5b,c5,DROP,1008,?,i3,
1769501170.6636503,RECEIVED,8f640243-a0b9-42c0-81f3-7b80bab0e8fb,79aba8ae-da08-44b4-9ba1-0b26759bbcd8,c1,c5,2458,p1,?,
1769501170.7744958,RECEIVED,2c28b18d-3004-4c3f-a098-ebdb2b9541e2,67c520be-d0ad-4910-abb9-42cb392de597,c2,c1,2452,p2,?,
1769501170.8651493,RECEIVED,9c18785f-6782-4fbc-a651-7fb70d45b044,677b68d4-f6eb-455a-8548-06ebb8883c2b,c3,DROP,1443,p3,?,
1769501170.9880922,SENT,2c28b18d-3004-4c3f-a098-ebdb2b9541e2,67c520be-d0ad-4910-abb9-42cb392de597,c2,c1,1765,?,i2,
1769501170.9881406,FORWARDED,2c28b18d-3004-4c3f-a098-ebdb2b9541e2,67c520be-d0ad-4910-abb9-42cb392de597,c2,c1,1765,?,i2,
1769501171.009411,SENT,848a2e56-7673-47bd-bb7e-b7a02813f616,d6e67317-cde2-49b1-b253-4653b680516e,c4,DROP,1012,?,i5,
1769501171.009454,FORWARDED,848a2e56-7673-47bd-bb7e-b7a02813f616,d6e67317-cde2-49b1-b253-4653b680516e,c4,DROP,1012,?,i5,
1769501171.1466048,RECEIVED,e8b38d01-eb3c-4b18-a467-3fabf1952af9,58195719-d4c0-4dd1-a65f-9338b8b5ced2,c4,c3,2463,p1,?,
1769501171.553295,RECEIVED,f1c1b9f1-37f0-4679-8cd8-b24916025219,35f411df-3454-4c7a-a8f3-7c07fda774ac,c2,DROP,1443,p2,?,
1769501171.5776186,RECEIVED,587844a6-1f52-4cc4-95ce-529c4d10bbfc,e948615a-29ab-4603-a4ef-b1ae6137acc4,c2,DROP,1450,p2,?,
1769501171.766074,RECEIVED,1ae4d3c6-940b-4904-94fa-b2efadcb5544,68a43368-2e50-4d59-ba49-df8b97997ea0,c4,DROP,1427,p1,?,
1769501171.7776697,SENT,8f640243-a0b9-42c0-81f3-7b80bab0e8fb,79aba8ae-da08-44b4-9ba1-0b26759bbcd8,c1,c5,1772,?,i2,
1769501171.777714,FORWARDED,8f640243-a0b9-42c0-81f3-7b80bab0e8fb,79aba8ae-da08-44b4-9ba1-0b26759bbcd8,c1,c5,1772,?,i2,
1769501171.7946303,SENT,587844a6-1f52-4cc4-95ce-529c4d10bbfc,e948615a-29ab-4603-a4ef-b1ae6137acc4,c2,DROP,1015,?,i2,
1769501171.7946734,FORWARDED,587844a6-1f52-4cc4-95ce-529c4d10bbfc,e948615a-29ab-4603-a4ef-b1ae6137acc4,c2,DROP,1015,?,i2,
1769501171.8850298,RECEIVED,00994444-37e8-48ab-802b-90744b7657d9,4d65f244-2059-41af-9bc3-f5d1a905bb73,c2,DROP,1442,p2,?,
1769501171.8975883,RECEIVED,c89b8f40-c597-47e2-b0df-aacee6b827ff,2253df1f-22ff-4dbc-9485-9ba41aeecf60,c1,DROP,1440,p1,?,
1769501171.9163375,SENT,00994444-37e8-48ab-802b-90744b7657d9,4d65f244-2059-41af-9bc3-f5d1a905bb73,c2,DROP,1007,?,i11,
1769501171.916378,FORWARDED,00994444-37e8-48ab-802b-90744b7657d9,4d65f244-2059-41af-9bc3-f5d1a905bb73,c2,DROP,1007,?,i11,
1769501171.929723,RECEIVED,ab11961c-afa9-42cb-9225-96f7594c0f9d,009a5f06-01d7-492d-be9c-f7ad880506b3,c1,DROP,1440,p1,?,
1769501171.9379585,RECEIVED,64d192d3-c0f5-4e89-b81a-8de9a66e9018,e53c682e-aa14-4edd-91b6-d960a9acd231,c4,DROP,1459,p1,?,
1769501172.0206306,RECEIVED,ca55f3ec-cd5a-43cf-891b-54d7debd20d3,a36e77c5-1dd6-4f32-8997-a74af9769967,c4,DROP,1444,p1,?,
1769501172.046831,RECEIVED,dba7186d-1ca9-486a-a8b5-1affdc2a0565,785a067b-1d97-4896-8da6-8cd7b53f33b3,c4,DROP,1452,p1,?,
1769501172.0616767,SENT,c89b8f40-c597-47e2-b0df-aacee6b827ff,2253df1f-22ff-4dbc-9485-9ba41aeecf60,c1,DROP,1007,?,i9,
1769501172.0617201,FORWARDED,c89b8f40-c597-47e2-b0df-aacee6b827ff,2253df1f-22ff-4dbc-9485-9ba41aeecf60,c1,DROP,1007,?,i9,
1769501172.0734458,SENT,f1c1b9f1-37f0-4679-8cd8-b24916025219,35f411df-3454-4c7a-a8f3-7c07fda774ac,c2,DROP,1011,?,i4,
1769501172.073486,FORWARDED,f1c1b9f1-37f0-4679-8cd8-b24916025219,35f411df-3454-4c7a-a8f3-7c07fda774ac,c2,DROP,1011,?,i4,
1769501172.099874,SENT,1ae4d3c6-940b-4904-94fa-b2efadcb5544,68a43368-2e50-4d59-ba49-df8b97997ea0,c4,DROP,999,?,i4,
1769501172.0999153,FORWARDED,1ae4d3c6-940b-4904-94fa-b2efadcb5544,68a43368-2e50-4d59-ba49-df8b97997ea0,c4,DROP,999,?,i4,
1769501172.1643088,RECEIVED,aed9c539-26c9-48bf-b860-4ef1e0d6d700,2b4da99f-bc7a-4622-8e2f-1ba18b936aa0,c1,None,2235,p1,?,
1769501172.1729908,RECEIVED,5520b563-f7e9-458f-9f0c-5c1b68e94b86,565d9864-b698-4a23-ae6a-c48680b00a2f,c4,DROP,1441,p1,?,
1769501172.2466333,SENT,5520b563-f7e9-458f-9f0c-5c1b68e94b86,565d9864-b698-4a23-ae6a-c48680b00a2f,c4,DROP,1008,?,i11,
1769501172.2466755,FORWARDED,5520b563-f7e9-458f-9f0c-5c1b68e94b86,565d9864-b698-4a23-ae6a-c48680b00a2f,c4,DROP,1008,?,i11,
1769501172.264239,SENT,ab11961c-afa9-42cb-9225-96f7594c0f9d,009a5f06-01d7-492d-be9c-f7ad880506b3,c1,DROP,1008,?,i4,
1769501172.2642796,FORWARDED,ab11961c-afa9-42cb-9225-96f7594c0f9d,009a5f06-01d7-492d-be9c-f7ad880506b3,c1,DROP,1008,?,i4,
1769501172.341964,RECEIVED,c9ae162f-f4ec-4b23-adeb-0a2195927852,f22b6a5c-bb77-41f5-9058-cc1ca1386095,c2,c1,2456,p2,?,
1769501172.403474,RECEIVED,7b957ce8-1e92-4358-a034-de746f7a8bac,f7337e04-295b-47cc-bcc2-78d77c18a083,c1,DROP,1443,p1,?,
1769501172.416308,SENT,ca55f3ec-cd5a-43cf-891b-54d7debd20d3,a36e77c5-1dd6-4f32-8997-a74af9769967,c4,DROP,1011,?,i3,
1769501172.4163423,FORWARDED,ca55f3ec-cd5a-43cf-891b-54d7debd20d3,a36e77c5-1dd6-4f32-8997-a74af9769967,c4,DROP,1011,?,i3,
1769501172.449164,RECEIVED,a6318a47-56b1-41f9-8874-d476a601c4d3,f777e150-40ec-4361-a545-f9451e2286d9,c3,c4,2475,p3,?,
1769501172.4543746,SENT,aed9c539-26c9-48bf-b860-4ef1e0d6d700,2b4da99f-bc7a-4622-8e2f-1ba18b936aa0,c1,None,1603,?,i3,
1769501172.454423,FORWARDED,aed9c539-26c9-48bf-b860-4ef1e0d6d700,2b4da99f-bc7a-4622-8e2f-1ba18b936aa0,c1,None,1603,?,i3,
1769501172.4737835,RECEIVED,b774b26c-5cd2-4708-8698-b20f0287a98f,65c4da8b-0263-48c6-a00a-03ef312317b5,c5,DROP,1446,p2,?,
1769501172.5232592,SENT,b774b26c-5cd2-4708-8698-b20f0287a98f,65c4da8b-0263-48c6-a00a-03ef312317b5,c5,DROP,1011,?,i10,
1769501172.5233102,FORWARDED,b774b26c-5cd2-4708-8698-b20f0287a98f,65c4da8b-0263-48c6-a00a-03ef312317b5,c5,DROP,1011,?,i10,
1769501172.526759,SENT,64d192d3-c0f5-4e89-b81a-8de9a66e9018,e53c682e-aa14-4edd-91b6-d960a9acd231,c4,DROP,1021,?,i2,
1769501172.5268,FORWARDED,64d192d3-c0f5-4e89-b81a-8de9a66e9018,e53c682e-aa14-4edd-91b6-d960a9acd231,c4,DROP,1021,?,i2,
1769501172.573593,RECEIVED,c665b02a-5eb8-4c47-b557-f288bf71fc44,765e7419-fdb7-40c1-962a-5509d49d40b5,c1,DROP,1439,p1,?,
1769501172.5926802,SENT,c9ae162f-f4ec-4b23-adeb-0a2195927852,f22b6a5c-bb77-41f5-9058-cc1ca1386095,c2,c1,1768,?,i2,
1769501172.5927212,FORWARDED,c9ae162f-f4ec-4b23-adeb-0a2195927852,f22b6a5c-bb77-41f5-9058-cc1ca1386095,c2,c1,1768,?,i2,
1769501172.603005,RECEIVED,f6e60daa-7480-438f-a0bb-73e0623118ac,22ba7d50-84d9-4f5a-912a-c32dcb43d7bb,c5,DROP,1451,p2,?,
1769501172.6515372,SENT,e8b38d01-eb3c-4b18-a467-3fabf1952af9,58195719-d4c0-4dd1-a65f-9338b8b5ced2,c4,c3,1776,?,i2,
1769501172.6515813,FORWARDED,e8b38d01-eb3c-4b18-a467-3fabf1952af9,58195719-d4c0-4dd1-a65f-9338b8b5ced2,c4,c3,1776,?,i2,
1769501172.6820037,RECEIVED,81a58ac3-468c-43ea-90f4-36c71a2a869d,6c91caf3-382c-48f6-bba1-a02e9c67032c,c5,DROP,1464,p2,?,
1769501172.853366,RECEIVED,3a8b31fe-8c6c-468c-a59e-db2b715f19a1,0f054ac6-e982-450d-ba7c-40bde58ff5e7,c5,DROP,1448,p2,?,
1769501172.912942,RECEIVED,8c497a05-48c0-4719-bb91-3e01ec327dd2,0431bb16-221b-4031-b17e-dcf4ec4b0db3,c5,None,2237,p2,?,
1769501172.9336405,SENT,a6318a47-56b1-41f9-8874-d476a601c4d3,f777e150-40ec-4361-a545-f9451e2286d9,c3,c4,1785,?,i7,
1769501172.9336782,FORWARDED,a6318a47-56b1-41f9-8874-d476a601c4d3,f777e150-40ec-4361-a545-f9451e2286d9,c3,c4,1785,?,i7,
1769501173.088552,SENT,81a58ac3-468c-43ea-90f4-36c71a2a869d,6c91caf3-382c-48f6-bba1-a02e9c67032c,c5,DROP,1024,?,i11,
1769501173.088595,FORWARDED,81a58ac3-468c-43ea-90f4-36c71a2a869d,6c91caf3-382c-48f6-bba1-a02e9c67032c,c5,DROP,1024,?,i11,
1769501173.1280699,SENT,dba7186d-1ca9-486a-a8b5-1affdc2a0565,785a067b-1d97-4896-8da6-8cd7b53f33b3,c4,DROP,1016,?,i10,
1769501173.1281128,FORWARDED,dba7186d-1ca9-486a-a8b5-1affdc2a0565,785a067b-1d97-4896-8da6-8cd7b53f33b3,c4,DROP,1016,?,i10,
1769501173.1857,SENT,9c18785f-6782-4fbc-a651-7fb70d45b044,677b68d4-f6eb-455a-8548-06ebb8883c2b,c3,DROP,1011,?,i10,
1769501173.1857429,FORWARDED,9c18785f-6782-4fbc-a651-7fb70d45b044,677b68d4-f6eb-455a-8548-06ebb8883c2b,c3,DROP,1011,?,i10,
1769501173.2610264,SENT,8c497a05-48c0-4719-bb91-3e01ec327dd2,0431bb16-221b-4031-b17e-dcf4ec4b0db3,c5,None,1603,?,i12,
1769501173.2613149,FORWARDED,8c497a05-48c0-4719-bb91-3e01ec327dd2,0431bb16-221b-4031-b17e-dcf4ec4b0db3,c5,None,1603,?,i12,
1769501173.409882,SENT,7b957ce8-1e92-4358-a034-de746f7a8bac,f7337e04-295b-47cc-bcc2-78d77c18a083,c1,DROP,1011,?,i2,
1769501173.4099169,FORWARDED,7b957ce8-1e92-4358-a034-de746f7a8bac,f7337e04-295b-47cc-bcc2-78d77c18a083,c1,DROP,1011,?,i2,
1769501173.4422693,RECEIVED,d1d3dfd5-04d5-47ea-ab36-d2aaa0462258,5338eff6-3d6a-4661-93ff-c8457aae0c4d,c5,DROP,441,x6,?,
1769501173.5330358,RECEIVED,de95de2e-fd77-4812-96db-445eecc7bd1a,d7a03605-8fec-45b0-bbad-84967277fcc8,c1,DROP,1441,p1,?,
1769501173.6829085,RECEIVED,40a3a988-9dd8-42b5-984c-57b2cba4159e,f622b29b-29a0-4dea-9886-b9b4836a3884,c3,DROP,1439,p3,?,
1769501173.791983,SENT,f6e60daa-7480-438f-a0bb-73e0623118ac,22ba7d50-84d9-4f5a-912a-c32dcb43d7bb,c5,DROP,1015,?,i2,
1769501173.7920218,FORWARDED,f6e60daa-7480-438f-a0bb-73e0623118ac,22ba7d50-84d9-4f5a-912a-c32dcb43d7bb,c5,DROP,1015,?,i2,
1769501173.8843987,SENT,de95de2e-fd77-4812-96db-445eecc7bd1a,d7a03605-8fec-45b0-bbad-84967277fcc8,c1,DROP,1008,?,i12,
1769501173.8844347,FORWARDED,de95de2e-fd77-4812-96db-445eecc7bd1a,d7a03605-8fec-45b0-bbad-84967277fcc8,c1,DROP,1008,?,i12,
1769501173.8909154,SENT,3a8b31fe-8c6c-468c-a59e-db2b715f19a1,0f054ac6-e982-450d-ba7c-40bde58ff5e7,c5,DROP,1012,?,i10,
1769501173.8909576,FORWARDED,3a8b31fe-8c6c-468c-a59e-db2b715f19a1,0f054ac6-e982-450d-ba7c-40bde58ff5e7,c5,DROP,1012,?,i10,
1769501173.9439614,RECEIVED,1f65b954-c264-47f6-bc04-369d93c1c9c5,b1ba0b57-18e3-41ed-8de7-2e1685e9a01c,c2,c1,2476,p2,?,
1769501173.9531271,RECEIVED,aac07e4a-796e-4044-ae3b-1f474bfd8297,2478c4a4-a903-4065-8a92-d055b95a4c1a,c4,DROP,1440,p1,?,
1769501174.0076094,SENT,aac07e4a-796e-4044-ae3b-1f474bfd8297,2478c4a4-a903-4065-8a92-d055b95a4c1a,c4,DROP,1006,?,i8,
1769501174.0076518,FORWARDED,aac07e4a-796e-4044-ae3b-1f474bfd8297,2478c4a4-a903-4065-8a92-d055b95a4c1a,c4,DROP,1006,?,i8,
1769501174.128372,RECEIVED,0b199ef4-001a-4ab7-9f0c-10d752d942b6,c81e4e4f-e98a-4209-86ca-a4a4a0d2ba80,c5,DROP,440,x11,?,
1769501174.1307921,RECEIVED,2c1f76ef-22e9-4a7c-b739-b183f7565362,fbeab34c-9897-4b99-8c57-5155f2b13e9c,c3,c4,2463,p3,?,
1769501174.1613567,RECEIVED,291ba4e4-4763-4af8-bbe2-0ed95086b734,ced03fe5-c178-4c56-84bd-99f1114bff65,c3,DROP,1440,p3,?,
1769501174.173436,SENT,c665b02a-5eb8-4c47-b557-f288bf71fc44,765e7419-fdb7-40c1-962a-5509d49d40b5,c1,DROP,1008,?,i7,
1769501174.1734767,FORWARDED,c665b02a-5eb8-4c47-b557-f288bf71fc44,765e7419-fdb7-40c1-962a-5509d49d40b5,c1,DROP,1008,?,i7,
1769501174.2003336,RECEIVED,16c81424-d91d-45bb-8bdd-c7f3f4b9c74c,041f816d-8dce-40a8-8946-37da70bebdfb,c3,c4,2467,p3,?,
1769501174.3044896,RECEIVED,c63623db-ba13-48d3-a263-03d5787d18c8,4d1e743d-fa31-4499-b240-e773ac89c93a,c1,DROP,1440,p1,?,
1769501174.3174903,SENT,291ba4e4-4763-4af8-bbe2-0ed95086b734,ced03fe5-c178-4c56-84bd-99f1114bff65,c3,DROP,1008,?,i3,
1769501174.3175335,FORWARDED,291ba4e4-4763-4af8-bbe2-0ed95086b734,ced03fe5-c178-4c56-84bd-99f1114bff65,c3,DROP,1008,?,i3,
1769501174.333255,SENT,2c1f76ef-22e9-4a7c-b739-b183f7565362,fbeab34c-9897-4b99-8c57-5155f2b13e9c,c3,c4,1774,?,i5,
1769501174.3332982,FORWARDED,2c1f76ef-22e9-4a7c-b739-b183f7565362,fbeab34c-9897-4b99-8c57-5155f2b13e9c,c3,c4,1774,?,i5,
1769501174.490668,SENT,c63623db-ba13-48d3-a263-03d5787d18c8,4d1e743d-fa31-4499-b240-e773ac89c93a,c1,DROP,1007,?,i9,
1769501174.4907072,FORWARDED,c63623db-ba13-48d3-a263-03d5787d18c8,4d1e743d-fa31-4499-b240-e773ac89c93a,c1,DROP,1007,?,i9,
1769501174.535572,RECEIVED,0e5b9c0f-e95a-472a-9f92-07ae4e1d5c74,e5778af0-3c77-470f-8273-96c103a71052,c1,c5,2459,p1,?,
1769501174.5760052,RECEIVED,8da8764d-5d4a-4cdd-82c2-a1f303db44ab,1233534b-f1be-4dec-9a46-7cc0e89957aa,c1,DROP,1451,p1,?,
1769501174.691321,RECEIVED,49dfb95d-2d7d-42cd-83cb-a3e17c9c9472,4616ffef-fdc1-4b42-af86-ef6da90d84bb,c3,DROP,1443,p3,?,
1769501174.7183714,SENT,16c81424-d91d-45bb-8bdd-c7f3f4b9c74c,041f816d-8dce-40a8-8946-37da70bebdfb,c3,c4,1779,?,i4,
1769501174.7184124,FORWARDED,16c81424-d91d-45bb-8bdd-c7f3f4b9c74c,041f816d-8dce-40a8-8946-37da70bebdfb,c3,c4,1779,?,i4,
1769501174.7335894,SENT,1f65b954-c264-47f6-bc04-369d93c1c9c5,b1ba0b57-18e3-41ed-8de7-2e1685e9a01c,c2,c1,1783,?,i12,
1769501174.733632,FORWARDED,1f65b954-c264-47f6-bc04-369d93c1c9c5,b1ba0b57-18e3-41ed-8de7-2e1685e9a01c,c2,c1,1783,?,i12,
1769501174.7536273,RECEIVED,f59bd33e-ee00-497e-b24c-51b2b91eee7c,94b46cca-7044-4f3b-9ca0-8c776f2181f1,c4,DROP,1447,p1,?,
1769501174.7659564,RECEIVED,7e7fcee6-e7b2-42a6-be96-7a43e7faee2b,cbea1914-0377-446b-a35b-a3b330efecd8,c4,DROP,1441,p1,?,
1769501174.8257082,RECEIVED,701060da-7a75-459c-84b6-4e5dcd4188fd,b1485880-2ee2-4120-8a21-11aeecc8cb12,c3,None,2228,p3,?,
1769501174.833837,RECEIVED,94adcb48-e0b8-4c53-b8aa-a9fdd3c94a24,5c37b2e2-6d1f-42d3-a3f7-2fc1c4926428,c4,None,2223,p1,?,
1769501174.867256,RECEIVED,9159edd5-467c-4c79-b93d-bce95a205764,2e016221-d942-485b-8aa7-08c1bee9f601,c2,None,2236,p2,?,
1769501174.882387,SENT,701060da-7a75-459c-84b6-4e5dcd4188fd,b1485880-2ee2-4120-8a21-11aeecc8cb12,c3,None,1598,?,i2,
1769501174.8824298,FORWARDED,701060da-7a75-459c-84b6-4e5dcd4188fd,b1485880-2ee2-4120-8a21-11aeecc8cb12,c3,None,1598,?,i2,
1769501174.8853135,SENT,0e5b9c0f-e95a-472a-9f92-07ae4e1d5c74,e5778af0-3c77-470f-8273-96c103a71052,c1,c5,1772,?,i3,
1769501174.8853543,FORWARDED,0e5b9c0f-e95a-472a-9f92-07ae4e1d5c74,e5778af0-3c77-470f-8273-96c103a71052,c1,c5,1772,?,i3,
1769501174.9777033,SENT,40a3a988-9dd8-42b5-984c-57b2cba4159e,f622b29b-29a0-4dea-9886-b9b4836a3884,c3,DROP,1008,?,i1,
1769501174.9777446,FORWARDED,40a3a988-9dd8-42b5-984c-57b2cba4159e,f622b29b-29a0-4dea-9886-b9b4836a3884,c3,DROP,1008,?,i1,
1769501175.0045655,RECEIVED,7b016b3a-b32e-4a3a-abe2-d484020b7191,8382c13b-e671-488e-98de-25c088c6fe8b,c2,DROP,1456,p2,?,
1769501175.119843,RECEIVED,cdf6efe5-7495-4195-ab98-64f5dfb35689,c47799dd-267b-4f94-87ac-646bbf1dab24,c5,DROP,1446,p2,?,
1769501175.1378465,RECEIVED,0a6a7a3f-459a-454e-8389-457d43dbd291,21a9efde-cfa8-4205-abb7-ff17610debdc,c4,c3,2445,p1,?,
1769501175.167946,RECEIVED,ac624afd-87f9-4287-be77-255e07821ce5,1e17c243-81ac-49b3-a617-41e7870139be,c4,DROP,1446,p1,?,
1769501175.1715422,RECEIVED,995c7392-9b9a-4432-8251-7ef77531f35b,73ccf7bf-bbcf-4f8c-a0d0-b917896bf336,c2,DROP,1447,p2,?,
1769501175.184384,SENT,7e7fcee6-e7b2-42a6-be96-7a43e7faee2b,cbea1914-0377-446b-a35b-a3b330efecd8,c4,DROP,1008,?,i10,
1769501175.184419,FORWARDED,7e7fcee6-e7b2-42a6-be96-7a43e7faee2b,cbea1914-0377-446b-a35b-a3b330efecd8,c4,DROP,1008,?,i10,
1769501175.2346683,RECEIVED,2c167e83-5130-4684-8cfb-e81ad8ff74e1,2e1e3f23-fc6f-4cd6-9df9-4aadf09298f6,c2,DROP,1443,p2,?,
1769501175.2591586,RECEIVED,190d50ea-3bf1-4bdd-bd97-e2113904ab62,38b5d176-79f2-4d77-b993-05dff8906a8a,c5,DROP,1452,p2,?,
1769501175.2633932,RECEIVED,b11e87c3-2beb-43ca-b540-2c08dc21c1bd,37165125-5e64-4b10-8584-8bc41ff7d9b3,c3,DROP,1457,p3,?,
1769501175.2748778,RECEIVED,f962e5fe-5571-404e-b60c-2b5c0f0f6b0a,30c7bd2e-2e13-4c95-9ac2-a87d508bd0c9,c2,DROP,1452,p2,?,
1769501175.3055928,RECEIVED,fe68f3f2-d179-4852-a523-ef9768fbea03,1a44405c-0e72-48a5-a249-667f767d46bb,c5,None,2219,p2,?,
1769501175.3654587,SENT,9159edd5-467c-4c79-b93d-bce95a205764,2e016221-d942-485b-8aa7-08c1bee9f601,c2,None,1604,?,i8,
1769501175.365503,FORWARDED,9159edd5-467c-4c79-b93d-bce95a205764,2e016221-d942-485b-8aa7-08c1bee9f601,c2,None,1604,?,i8,
1769501175.3833945,RECEIVED,6a10fac5-b6fb-4c63-b71b-e6686683392c,506d99cc-d540-44cc-b937-366fae3bb3cc,c1,DROP,442,x8,?,
1769501175.3993258,SENT,8da8764d-5d4a-4cdd-82c2-a1f303db44ab,1233534b-f1be-4dec-9a46-7cc0e89957aa,c1,DROP,1015,?,i8,
1769501175.3993666,FORWARDED,8da8764d-5d4a-4cdd-82c2-a1f303db44ab,1233534b-f1be-4dec-9a46-7cc0e89957aa,c1,DROP,1015,?,i8,
1769501175.4144676,SENT,b11e87c3-2beb-43ca-b540-2c08dc21c1bd,37165125-5e64-4b10-8584-8bc41ff7d9b3,c3,DROP,1019,?,i10,
1769501175.414509,FORWARDED,b11e87c3-2beb-43ca-b540-2c08dc21c1bd,37165125-5e64-4b10-8584-8bc41ff7d9b3,c3,DROP,1019,?,i10,
1769501175.437187,SENT,f59bd33e-ee00-497e-b24c-51b2b91eee7c,94b46cca-7044-4f3b-9ca0-8c776f2181f1,c4,DROP,1014,?,i6,
1769501175.4372296,FORWARDED,f59bd33e-ee00-497e-b24c-51b2b91eee7c,94b46cca-7044-4f3b-9ca0-8c776f2181f1,c4,DROP,1014,?,i6,
1769501175.530691,SENT,190d50ea-3bf1-4bdd-bd97-e2113904ab62,38b5d176-79f2-4d77-b993-05dff8906a8a,c5,DROP,1015,?,i10,
1769501175.5307305,FORWARDED,190d50ea-3bf1-4bdd-bd97-e2113904ab62,38b5d176-79f2-4d77-b993-05dff8906a8a,c5,DROP,1015,?,i10,
1769501175.5744317,RECEIVED,231ef379-f79e-4859-b7c1-e77cda48fc96,14d4133c-db39-4924-bff8-3395f848d9e7,c4,None,2241,p1,?,
1769501175.6326282,SENT,231ef379-f79e-4859-b7c1-e77cda48fc96,14d4133c-db39-4924-bff8-3395f848d9e7,c4,None,1608,?,i6,
1769501175.6326728,FORWARDED,231ef379-f79e-4859-b7c1-e77cda48fc96,14d4133c-db39-4924-bff8-3395f848d9e7,c4,None,1608,?,i6,
1769501175.6534748,SENT,0a6a7a3f-459a-454e-8389-457d43dbd291,21a9efde-cfa8-4205-abb7-ff17610debdc,c4,c3,1764,?,i3,
1769501175.6535158,FORWARDED,0a6a7a3f-459a-454e-8389-457d43dbd291,21a9efde-cfa8-4205-abb7-ff17610debdc,c4,c3,1764,?,i3,
1769501175.6776793,RECEIVED,b75f47d1-cab0-4651-b7f7-cd3ad62a0b07,261e4b92-7723-4b0b-abae-2654e0fb5a77,c3,DROP,1457,p3,?,
1769501175.6782992,SENT,7b016b3a-b32e-4a3a-abe2-d484020b7191,8382c13b-e671-488e-98de-25c088c6fe8b,c2,DROP,1020,?,i10,
1769501175.6783419,FORWARDED,7b016b3a-b32e-4a3a-abe2-d484020b7191,8382c13b-e671-488e-98de-25c088c6fe8b,c2,DROP,1020,?,i10,
1769501175.705927,SENT,f962e5fe-5571-404e-b60c-2b5c0f0f6b0a,30c7bd2e-2e13-4c95-9ac2-a87d508bd0c9,c2,DROP,1015,?,i9,
1769501175.7059703,FORWARDED,f962e5fe-5571-404e-b60c-2b5c0f0f6b0a,30c7bd2e-2e13-4c95-9ac2-a87d508bd0c9,c2,DROP,1015,?,i9,
1769501175.7207847,SENT,ac624afd-87f9-4287-be77-255e07821ce5,1e17c243-81ac-49b3-a617-41e7870139be,c4,DROP,1012,?,i8,
1769501175.7208261,FORWARDED,ac624afd-87f9-4287-be77-255e07821ce5,1e17c243-81ac-49b3-a617-41e7870139be,c4,DROP,1012,?,i8,
1769501175.7970448,SENT,2c167e83-5130-4684-8cfb-e81ad8ff74e1,2e1e3f23-fc6f-4cd6-9df9-4aadf09298f6,c2,DROP,1010,?,i2,
1769501175.7975645,FORWARDED,2c167e83-5130-4684-8cfb-e81ad8ff74e1,2e1e3f23-fc6f-4cd6-9df9-4aadf09298f6,c2,DROP,1010,?,i2,
1769501175.8780797,RECEIVED,b40eb5e6-c68a-4d3d-b949-7b37958da064,6296692f-f90f-4183-8542-0712e46ba212,c4,c3,2456,p1,?,
1769501175.9077513,SENT,49dfb95d-2d7d-42cd-83cb-a3e17c9c9472,4616ffef-fdc1-4b42-af86-ef6da90d84bb,c3,DROP,1010,?,i8,
1769501175.9077957,FORWARDED,49dfb95d-2d7d-42cd-83cb-a3e17c9c9472,4616ffef-fdc1-4b42-af86-ef6da90d84bb,c3,DROP,1010,?,i8,
1769501175.921818,SENT,b75f47d1-cab0-4651-b7f7-cd3ad62a0b07,261e4b92-7723-4b0b-abae-2654e0fb5a77,c3,DROP,1019,?,i11,
1769501175.921861,FORWARDED,b75f47d1-cab0-4651-b7f7-cd3ad62a0b07,261e4b92-7723-4b0b-abae-2654e0fb5a77,c3,DROP,1019,?,i11,
1769501175.9247835,SENT,94adcb48-e0b8-4c53-b8aa-a9fdd3c94a24,5c37b2e2-6d1f-42d3-a3f7-2fc1c4926428,c4,None,1595,?,i12,
1769501175.9248278,FORWARDED,94adcb48-e0b8-4c53-b8aa-a9fdd3c94a24,5c37b2e2-6d1f-42d3-a3f7-2fc1c4926428,c4,None,1595,?,i12,
1769501175.99673,SENT,b40eb5e6-c68a-4d3d-b949-7b37958da064,6296692f-f90f-4183-8542-0712e46ba212,c4,c3,1770,?,i9,
1769501175.996772,FORWARDED,b40eb5e6-c68a-4d3d-b949-7b37958da064,6296692f-f90f-4183-8542-0712e46ba212,c4,c3,1770,?,i9,
1769501176.1179938,RECEIVED,30732b52-1e67-4761-873c-9d3c2d8633a4,b24b08c0-ec62-465c-b7c0-08f0b2cfe920,c5,DROP,1443,p2,?,
1769501176.1431594,SENT,cdf6efe5-7495-4195-ab98-64f5dfb35689,c47799dd-267b-4f94-87ac-646bbf1dab24,c5,DROP,1012,?,i1,
1769501176.1432002,FORWARDED,cdf6efe5-7495-4195-ab98-64f5dfb35689,c47799dd-267b-4f94-87ac-646bbf1dab24,c5,DROP,1012,?,i1,
1769501176.1812952,RECEIVED,71aed0dc-0e9b-4d42-b367-43f4ada3c0e6,c476e592-e013-498d-83d6-4c48f22d4034,c4,None,2238,p1,?,
1769501176.2430122,SENT,71aed0dc-0e9b-4d42-b367-43f4ada3c0e6,c476e592-e013-498d-83d6-4c48f22d4034,c4,None,1604,?,i12,
1769501176.2430587,FORWARDED,71aed0dc-0e9b-4d42-b367-43f4ada3c0e6,c476e592-e013-498d-83d6-4c48f22d4034,c4,None,1604,?,i12,
1769501176.2465172,SENT,fe68f3f2-d179-4852-a523-ef9768fbea03,1a44405c-0e72-48a5-a249-667f767d46bb,c5,None,1591,?,i6,
1769501176.2465618,FORWARDED,fe68f3f2-d179-4852-a523-ef9768fbea03,1a44405c-0e72-48a5-a249-667f767d46bb,c5,None,1591,?,i6,
1769501176.4518697,RECEIVED,36e669a5-e0ea-422b-879c-2f9ba594855d,1843a3f6-c3b5-4dfa-9592-78efde260c98,c1,DROP,1447,p1,?,
1769501176.4873295,RECEIVED,68d75ff7-edbc-45c0-841c-aaccc3c8a00f,8aaf2387-c211-423e-8cb5-b5974370ce1c,c4,DROP,1447,p1,?,
1769501176.497234,RECEIVED,521ac481-0090-4667-a882-62d8d33f980a,34495267-525f-46e0-ba2f-d35047e9a436,c1,DROP,1457,p1,?,
1769501176.5368273,RECEIVED,50187b59-2581-4a0f-9a22-70546ee7f74e,605267b3-d404-48c7-a693-9f0513337f30,c4,DROP,1439,p1,?,
1769501176.5509868,RECEIVED,e85a409a-24f5-4763-bf8a-155d3c4c4f7e,d1f2e56e-9b74-4648-b421-69758e5ae567,c3,DROP,1444,p3,?,
1769501176.5681372,RECEIVED,0c44db2d-455a-47b4-bd34-feed67a2bf07,533433a9-2961-4d27-adb1-ff17ebd1e9ba,c5,DROP,1452,p2,?,
1769501176.5951116,SENT,521ac481-0090-4667-a882-62d8d33f980a,34495267-525f-46e0-ba2f-d35047e9a436,c1,DROP,1020,?,i12,
1769501176.5951555,FORWARDED,521ac481-0090-4667-a882-62d8d33f980a,34495267-525f-46e0-ba2f-d35047e9a436,c1,DROP,1020,?,i12,
1769501176.6326706,SENT,e85a409a-24f5-4763-bf8a-155d3c4c4f7e,d1f2e56e-9b74-4648-b421-69758e5ae567,c3,DROP,1009,?,i2,
1769501176.632711,FORWARDED,e85a409a-24f5-4763-bf8a-155d3c4c4f7e,d1f2e56e-9b74-4648-b421-69758e5ae567,c3,DROP,1009,?,i2,
1769501176.650461,RECEIVED,fb9c5f43-b902-40ee-99c7-6dd38a0a1883,f5cf5a81-2237-436a-8750-74aa140abf15,c5,DROP,1452,p2,?,
1769501176.6657321,SENT,0c44db2d-455a-47b4-bd34-feed67a2bf07,533433a9-2961-4d27-adb1-ff17ebd1e9ba,c5,DROP,1016,?,i2,
1769501176.6658163,FORWARDED,0c44db2d-455a-47b4-bd34-feed67a2bf07,533433a9-2961-4d27-adb1-ff17ebd1e9ba,c5,DROP,1016,?,i2,
1769501176.67984,RECEIVED,30172672-1328-42cd-b45a-aa0c1921ad50,02c72d2e-b1c5-4d1f-b705-230892a52566,c1,DROP,1444,p1,?,
1769501176.72712,RECEIVED,574fd089-64e2-4737-96e9-4df0187c60ea,55b4c931-7477-4ea8-915a-fea9dcd13033,c1,DROP,442,x1,?,
1769501176.7373474,SENT,fb9c5f43-b902-40ee-99c7-6dd38a0a1883,f5cf5a81-2237-436a-8750-74aa140abf15,c5,DROP,1015,?,i1,
1769501176.73739,FORWARDED,fb9c5f43-b902-40ee-99c7-6dd38a0a1883,f5cf5a81-2237-436a-8750-74aa140abf15,c5,DROP,1015,?,i1,
1769501176.7564592,SENT,995c7392-9b9a-4432-8251-7ef77531f35b,73ccf7bf-bbcf-4f8c-a0d0-b917896bf336,c2,DROP,1012,?,i4,
1769501176.7565017,FORWARDED,995c7392-9b9a-4432-8251-7ef77531f35b,73ccf7bf-bbcf-4f8c-a0d0-b917896bf336,c2,DROP,1012,?,i4,
1769501176.7736835,RECEIVED,2f2dbdb6-e54c-47a1-84c8-c541a89df605,30229f4d-ef5b-427f-8273-18e24293ac99,c2,DROP,1461,p2,?,
1769501176.8182976,RECEIVED,00468350-a95c-4872-b935-a8c3d54c55b9,977baabc-0659-4c83-a5a5-9e32fcb17f75,c5,DROP,1448,p2,?,
1769501176.8936253,SENT,2f2dbdb6-e54c-47a1-84c8-c541a89df605,30229f4d-ef5b-427f-8273-18e24293ac99,c2,DROP,1022,?,i10,
1769501176.8936684,FORWARDED,2f2dbdb6-e54c-47a1-84c8-c541a89df605,30229f4d-ef5b-427f-8273-18e24293ac99,c2,DROP,1022,?,i10,
1769501176.910756,SENT,36e669a5-e0ea-422b-879c-2f9ba594855d,1843a3f6-c3b5-4dfa-9592-78efde260c98,c1,DROP,1014,?,i9,
1769501176.9107988,FORWARDED,36e669a5-e0ea-422b-879c-2f9ba594855d,1843a3f6-c3b5-4dfa-9592-78efde260c98,c1,DROP,1014,?,i9,
1769501176.9576252,RECEIVED,e10b1473-cddf-41d2-9bb6-d8eb3ebed7fb,58e8be31-9b4f-4b1b-a7d9-450cc8d39824,c5,DROP,1439,p2,?,
1769501177.1262138,RECEIVED,8f9f9ea5-7128-4b9e-88f8-97aa1aa8f1e8,b2a5c5df-cf23-46c1-8d78-fb76f8fc4e36,c4,c3,2455,p1,?,
1769501177.1407108,RECEIVED,76b94d17-c667-4008-a1cc-e6b6643139d8,2e47df9c-fbce-4dba-b6c7-1e1fd68421d9,c4,DROP,1456,p1,?,
1769501177.1697145,SENT,30732b52-1e67-4761-873c-9d3c2d8633a4,b24b08c0-ec62-465c-b7c0-08f0b2cfe920,c5,DROP,1011,?,i8,
1769501177.1697521,FORWARDED,30732b52-1e67-4761-873c-9d3c2d8633a4,b24b08c0-ec62-465c-b7c0-08f0b2cfe920,c5,DROP,1011,?,i8,
1769501177.2750688,RECEIVED,00899fd3-d2f1-4cc5-8095-5c32d7495dc3,6b8ce471-fd02-4a74-adf7-d82f262f4e27,c4,None,2243,p1,?,
1769501177.3107786,SENT,00899fd3-d2f1-4cc5-8095-5c32d7495dc3,6b8ce471-fd02-4a74-adf7-d82f262f4e27,c4,None,1608,?,i10,
1769501177.3108208,FORWARDED,00899fd3-d2f1-4cc5-8095-5c32d7495dc3,6b8ce471-fd02-4a74-adf7-d82f262f4e27,c4,None,1608,?,i10,
1769501177.3138509,SENT,68d75ff7-edbc-45c0-841c-aaccc3c8a00f,8aaf2387-c211-423e-8cb5-b5974370ce1c,c4,DROP,1012,?,i2,
1769501177.3138895,FORWARDED,68d75ff7-edbc-45c0-841c-aaccc3c8a00f,8aaf2387-c211-423e-8cb5-b5974370ce1c,c4,DROP,1012,?,i2,
1769501177.337889,SENT,50187b59-2581-4a0f-9a22-70546ee7f74e,605267b3-d404-48c7-a693-9f0513337f30,c4,DROP,1007,?,i6,
1769501177.3379335,FORWARDED,50187b59-2581-4a0f-9a22-70546ee7f74e,605267b3-d404-48c7-a693-9f0513337f30,c4,DROP,1007,?,i6,
1769501177.3689046,SENT,30172672-1328-42cd-b45a-aa0c1921ad50,02c72d2e-b1c5-4d1f-b705-230892a52566,c1,DROP,1010,?,i11,
1769501177.3689487,FORWARDED,30172672-1328-42cd-b45a-aa0c1921ad50,02c72d2e-b1c5-4d1f-b705-230892a52566,c1,DROP,1010,?,i11,
1769501177.3874366,SENT,e10b1473-cddf-41d2-9bb6-d8eb3ebed7fb,58e8be31-9b4f-4b1b-a7d9-450cc8d39824,c5,DROP,1007,?,i9,
1769501177.3874803,FORWARDED,e10b1473-cddf-41d2-9bb6-d8eb3ebed7fb,58e8be31-9b4f-4b1b-a7d9-450cc8d39824,c5,DROP,1007,?,i9,
1769501177.3923013,RECEIVED,ab1a3718-3611-43d9-8a7d-d4cdf12b8d65,48041ae1-86c4-4727-bedd-f82e3816e660,c1,None,2225,p1,?,
1769501177.452585,SENT,76b94d17-c667-4008-a1cc-e6b6643139d8,2e47df9c-fbce-4dba-b6c7-1e1fd68421d9,c4,DROP,1020,?,i1,
1769501177.4526262,FORWARDED,76b94d17-c667-4008-a1cc-e6b6643139d8,2e47df9c-fbce-4dba-b6c7-1e1fd68421d9,c4,DROP,1020,?,i1,
1769501177.490781,RECEIVED,44fd3e8a-2bf4-44db-b3a9-0efca4268c70,fa2025a6-403a-480c-ac63-1d11d2643157,c2,DROP,1449,p2,?,
1769501177.5473607,SENT,00468350-a95c-4872-b935-a8c3d54c55b9,977baabc-0659-4c83-a5a5-9e32fcb17f75,c5,DROP,1012,?,i12,
1769501177.5474017,FORWARDED,00468350-a95c-4872-b935-a8c3d54c55b9,977baabc-0659-4c83-a5a5-9e32fcb17f75,c5,DROP,1012,?,i12,
1769501177.5630848,RECEIVED,ed393692-7eec-4172-a485-2b7a7c06a002,df81db7d-f1ab-42ee-843c-d60547b541fd,c2,DROP,1447,p2,?,
1769501177.6553159,SENT,ab1a3718-3611-43d9-8a7d-d4cdf12b8d65,48041ae1-86c4-4727-bedd-f82e3816e660,c1,None,1596,?,i10,
1769501177.655371,FORWARDED,ab1a3718-3611-43d9-8a7d-d4cdf12b8d65,48041ae1-86c4-4727-bedd-f82e3816e660,c1,None,1596,?,i10,
1769501177.8364747,RECEIVED,2e1ea579-9ba6-4bb5-bca0-3ec61fe114aa,b79f7e26-5d67-4dcc-a015-c14722730a75,c1,None,2236,p1,?,
1769501177.8671012,SENT,8f9f9ea5-7128-4b9e-88f8-97aa1aa8f1e8,b2a5c5df-cf23-46c1-8d78-fb76f8fc4e36,c4,c3,1768,?,i3,
1769501177.8671942,FORWARDED,8f9f9ea5-7128-4b9e-88f8-97aa1aa8f1e8,b2a5c5df-cf23-46c1-8d78-fb76f8fc4e36,c4,c3,1768,?,i3,
1769501177.91719,RECEIVED,28f81734-cd7b-40ea-99f5-724ebce097e0,7e85016d-e83c-44d0-9aca-102e1d3d0014,c2,DROP,1452,p2,?,
1769501177.9307263,SENT,ed393692-7eec-4172-a485-2b7a7c06a002,df81db7d-f1ab-42ee-843c-d60547b541fd,c2,DROP,1012,?,i9,
1769501177.9307675,FORWARDED,ed393692-7eec-4172-a485-2b7a7c06a002,df81db7d-f1ab-42ee-843c-d60547b541fd,c2,DROP,1012,?,i9,
1769501177.9864767,SENT,44fd3e8a-2bf4-44db-b3a9-0efca4268c70,fa2025a6-403a-480c-ac63-1d11d2643157,c2,DROP,1014,?,i10,
1769501177.9865196,FORWARDED,44fd3e8a-2bf4-44db-b3a9-0efca4268c70,fa2025a6-403a-480c-ac63-1d11d2643157,c2,DROP,1014,?,i10,
1769501178.0030758,SENT,28f81734-cd7b-40ea-99f5-724ebce097e0,7e85016d-e83c-44d0-9aca-102e1d3d0014,c2,DROP,1016,?,i8,
1769501178.0031202,FORWARDED,28f81734-cd7b-40ea-99f5-724ebce097e0,7e85016d-e83c-44d0-9aca-102e1d3d0014,c2,DROP,1016,?,i8,
1769501178.0840666,SENT,2e1ea579-9ba6-4bb5-bca0-3ec61fe114aa,b79f7e26-5d67-4dcc-a015-c14722730a75,c1,None,1604,?,i5,
1769501178.0841117,FORWARDED,2e1ea579-9ba6-4bb5-bca0-3ec61fe114aa,b79f7e26-5d67-4dcc-a015-c14722730a75,c1,None,1604,?,i5,
1769501178.1595256,RECEIVED,076c5444-c285-42d3-8b80-c870174ce635,70d7c76e-6235-436b-91db-9587835216af,c4,c3,2460,p1,?,
1769501178.2110312,RECEIVED,b4181e4f-bd46-4500-a410-3d3a4f2e65f9,da6c4dbc-2777-4201-943e-e0e96649ae77,c3,DROP,442,x2,?,
1769501178.282011,SENT,076c5444-c285-42d3-8b80-c870174ce635,70d7c76e-6235-436b-91db-9587835216af,c4,c3,1772,?,i8,
1769501178.2820675,FORWARDED,076c5444-c285-42d3-8b80-c870174ce635,70d7c76e-6235-436b-91db-9587835216af,c4,c3,1772,?,i8,
1769501178.284084,RECEIVED,d3253505-f5c4-41ea-b098-ee554de182fe,45014f5b-29e3-4ad0-a73b-c1b7420ba167,c2,DROP,441,x6,?,
1769501178.292424,RECEIVED,b194dddf-1820-487c-bcec-6121ecc9cf11,3bdf7409-3e66-4b41-aae9-923533ec8acf,c4,c3,2444,p1,?,
1769501178.4629433,RECEIVED,48fc9aaa-bb27-4798-9868-7ade5379caf6,d0d07355-c075-4213-bd0e-2904bd6916f3,c1,DROP,1451,p1,?,
1769501178.4738522,SENT,b194dddf-1820-487c-bcec-6121ecc9cf11,3bdf7409-3e66-4b41-aae9-923533ec8acf,c4,c3,1759,?,i3,
1769501178.473896,FORWARDED,b194dddf-1820-487c-bcec-6121ecc9cf11,3bdf7409-3e66-4b41-aae9-923533ec8acf,c4,c3,1759,?,i3,
1769501178.5191963,RECEIVED,770178ed-e981-4b26-a0d1-ad4c2de35e1b,383b9cff-8d59-4d86-80ca-09e6d38a68ff,c3,DROP,1440,p3,?,
1769501178.6073692,RECEIVED,0d4fa71f-9ecf-4d0b-b205-56ead05b7b19,7153a73a-8aa7-458e-b827-b333129a590a,c4,DROP,439,x8,?,
1769501178.681591,SENT,48fc9aaa-bb27-4798-9868-7ade5379caf6,d0d07355-c075-4213-bd0e-2904bd6916f3,c1,DROP,1016,?,i8,
1769501178.6816306,FORWARDED,48fc9aaa-bb27-4798-9868-7ade5379caf6,d0d07355-c075-4213-bd0e-2904bd6916f3,c1,DROP,1016,?,i8,
1769501178.729701,RECEIVED,87ac5b73-671f-4c5e-aa7a-c85f622dba83,7a21040c-a2b6-4bb5-8076-cf411b4f7c35,c3,DROP,1444,p3,?,
1769501178.871989,RECEIVED,994e2947-22bb-4ea9-85ad-20061a54a606,e5e06e14-3b36-4258-8438-af9efea0a012,c3,None,2237,p3,?,
1769501178.9052718,SENT,87ac5b73-671f-4c5e-aa7a-c85f622dba83,7a21040c-a2b6-4bb5-8076-cf411b4f7c35,c3,DROP,1011,?,i6,
1769501178.9053113,FORWARDED,87ac5b73-671f-4c5e-aa7a-c85f622dba83,7a21040c-a2b6-4bb5-8076-cf411b4f7c35,c3,DROP,1011,?,i6,
1769501178.9196327,SENT,994e2947-22bb-4ea9-85ad-20061a54a606,e5e06e14-3b36-4258-8438-af9efea0a012,c3,None,1604,?,i12,
1769501178.9196746,FORWARDED,994e2947-22bb-4ea9-85ad-20061a54a606,e5e06e14-3b36-4258-8438-af9efea0a012,c3,None,1604,?,i12,
1769501179.1093862,RECEIVED,72c4f8dd-b378-4019-b3de-77fd4dcde7ff,dd74d230-9ebb-4e6e-be79-3f471905ccbc,c4,c3,2476,p1,?,
1769501179.131467,RECEIVED,7684831a-a801-4679-8790-acf3d4d02de2,94384c96-4671-4374-af84-1f9e9e8cf577,c2,None,2231,p2,?,
1769501179.668039,RECEIVED,5be39eef-5481-49ae-95e5-57ace69f1e62,a02ad5c0-edc3-434e-95fc-3f6fdeae524a,c2,DROP,1439,p2,?,
1769501179.7000704,RECEIVED,42e78da0-19df-496c-8a14-6224e50b007c,4d617334-c0d3-4344-be78-a3cf6b94dfc9,c3,None,2212,p3,?,
1769501179.7044866,SENT,7684831a-a801-4679-8790-acf3d4d02de2,94384c96-4671-4374-af84-1f9e9e8cf577,c2,None,1601,?,i1,
1769501179.7045312,FORWARDED,7684831a-a801-4679-8790-acf3d4d02de2,94384c96-4671-4374-af84-1f9e9e8cf577,c2,None,1601,?,i1,
1769501179.7293715,SENT,72c4f8dd-b378-4019-b3de-77fd4dcde7ff,dd74d230-9ebb-4e6e-be79-3f471905ccbc,c4,c3,1783,?,i11,
1769501179.7295294,FORWARDED,72c4f8dd-b378-4019-b3de-77fd4dcde7ff,dd74d230-9ebb-4e6e-be79-3f471905ccbc,c4,c3,1783,?,i11,
1769501179.7927113,RECEIVED,8255ade9-4947-4b81-bb1c-8e28978edf3a,0bf06ac6-1c8c-42b1-8b1c-b7158b6a7c30,c3,c4,2468,p3,?,
1769501179.8406792,RECEIVED,fc2fe595-cfd7-4fac-a111-7c64880612e8,5ed548e5-a8da-4273-9670-7b794d81d67b,c3,c4,2464,p3,?,
1769501180.0290916,RECEIVED,99d35e2f-da58-4ea9-953c-13bcd20073f7,50256a45-feae-41c5-a70b-33efc454ebae,c3,None,2225,p3,?,
1769501180.0328305,RECEIVED,5379676c-f8a2-404e-84c9-2215fc7f7a52,d634d11a-c351-4985-b4c7-7f6d92ae4d08,c3,DROP,441,x8,?,
1769501180.0450616,SENT,99d35e2f-da58-4ea9-953c-13bcd20073f7,50256a45-feae-41c5-a70b-33efc454ebae,c3,None,1596,?,i2,
1769501180.045106,FORWARDED,99d35e2f-da58-4ea9-953c-13bcd20073f7,50256a45-feae-41c5-a70b-33efc454ebae,c3,None,1596,?,i2,
1769501180.0590525,SENT,42e78da0-19df-496c-8a14-6224e50b007c,4d617334-c0d3-4344-be78-a3cf6b94dfc9,c3,None,1587,?,i4,
1769501180.0590978,FORWARDED,42e78da0-19df-496c-8a14-6224e50b007c,4d617334-c0d3-4344-be78-a3cf6b94dfc9,c3,None,1587,?,i4,
1769501180.194905,SENT,770178ed-e981-4b26-a0d1-ad4c2de35e1b,383b9cff-8d59-4d86-80ca-09e6d38a68ff,c3,DROP,1008,?,i12,
1769501180.1949394,FORWARDED,770178ed-e981-4b26-a0d1-ad4c2de35e1b,383b9cff-8d59-4d86-80ca-09e6d38a68ff,c3,DROP,1008,?,i12,
1769501180.2401917,SENT,8255ade9-4947-4b81-bb1c-8e28978edf3a,0bf06ac6-1c8c-42b1-8b1c-b7158b6a7c30,c3,c4,1778,?,i12,
1769501180.240232,FORWARDED,8255ade9-4947-4b81-bb1c-8e28978edf3a,0bf06ac6-1c8c-42b1-8b1c-b7158b6a7c30,c3,c4,1778,?,i12,
1769501180.245964,RECEIVED,5fbc5c81-bd38-4f28-aaba-340fa8a0f4ec,3ac124df-aecb-4214-baf2-f4507e906115,c2,DROP,445,x12,?,
1769501180.2569132,SENT,fc2fe595-cfd7-4fac-a111-7c64880612e8,5ed548e5-a8da-4273-9670-7b794d81d67b,c3,c4,1774,?,i3,
1769501180.2572587,FORWARDED,fc2fe595-cfd7-4fac-a111-7c64880612e8,5ed548e5-a8da-4273-9670-7b794d81d67b,c3,c4,1774,?,i3,
1769501180.3379207,RECEIVED,f8f12490-60c3-489c-b547-49f25167c457,43ba4443-943b-4bef-9d84-c85049fe9fcb,c4,c3,2477,p1,?,
1769501180.392585,SENT,5be39eef-5481-49ae-95e5-57ace69f1e62,a02ad5c0-edc3-434e-95fc-3f6fdeae524a,c2,DROP,1007,?,i9,
1769501180.3926258,FORWARDED,5be39eef-5481-49ae-95e5-57ace69f1e62,a02ad5c0-edc3-434e-95fc-3f6fdeae524a,c2,DROP,1007,?,i9,
1769501180.5348895,SENT,f8f12490-60c3-489c-b547-49f25167c457,43ba4443-943b-4bef-9d84-c85049fe9fcb,c4,c3,1784,?,i12,
1769501180.5349302,FORWARDED,f8f12490-60c3-489c-b547-49f25167c457,43ba4443-943b-4bef-9d84-c85049fe9fcb,c4,c3,1784,?,i12,
1769501180.6612158,RECEIVED,37b320e2-247e-4c33-b3a9-1b18eb028479,747228d9-c3ff-4700-8d62-bf719b09e8ec,c3,c4,2452,p3,?,
1769501180.991429,RECEIVED,707ee322-a573-4f89-b12e-47b4a511d2f6,e7282063-3b09-4995-aa60-58ac0cd496e3,c3,DROP,441,x7,?,
1769501181.147529,RECEIVED,2a4d4a71-1bc5-4616-b3fc-dfc113516ea8,9b7256e0-cfcf-4e6c-a46c-d06a9d6c9445,c1,DROP,1444,p1,?,
1769501181.2413585,RECEIVED,2b98bbf0-dc07-4332-83c1-aa5859a06b9b,8ad3f7ce-2ab3-4806-9750-b5bc29532c06,c3,DROP,1451,p3,?,
1769501181.2807019,SENT,37b320e2-247e-4c33-b3a9-1b18eb028479,747228d9-c3ff-4700-8d62-bf719b09e8ec,c3,c4,1767,?,i10,
1769501181.280743,FORWARDED,37b320e2-247e-4c33-b3a9-1b18eb028479,747228d9-c3ff-4700-8d62-bf719b09e8ec,c3,c4,1767,?,i10,
1769501181.3445737,RECEIVED,7571e176-014d-42ee-bad6-fa2f16aa7ba2,94a30ecc-8b89-4ed5-929b-819cff5b610c,c2,None,2240,p2,?,
1769501181.364571,RECEIVED,061af64c-3955-42c3-a1f8-f59fd1a93f5f,12ec53e0-345c-4669-91c0-c2d48bdd96f9,c4,DROP,1456,p1,?,
1769501181.4094098,SENT,7571e176-014d-42ee-bad6-fa2f16aa7ba2,94a30ecc-8b89-4ed5-929b-819cff5b610c,c2,None,1608,?,i4,
1769501181.4094622,FORWARDED,7571e176-014d-42ee-bad6-fa2f16aa7ba2,94a30ecc-8b89-4ed5-929b-819cff5b610c,c2,None,1608,?,i4,
1769501181.4528844,SENT,2a4d4a71-1bc5-4616-b3fc-dfc113516ea8,9b7256e0-cfcf-4e6c-a46c-d06a9d6c9445,c1,DROP,1011,?,i2,
1769501181.4529252,FORWARDED,2a4d4a71-1bc5-4616-b3fc-dfc113516ea8,9b7256e0-cfcf-4e6c-a46c-d06a9d6c9445,c1,DROP,1011,?,i2,
1769501181.709351,SENT,061af64c-3955-42c3-a1f8-f59fd1a93f5f,12ec53e0-345c-4669-91c0-c2d48bdd96f9,c4,DROP,1020,?,i11,
1769501181.7094004,FORWARDED,061af64c-3955-42c3-a1f8-f59fd1a93f5f,12ec53e0-345c-4669-91c0-c2d48bdd96f9,c4,DROP,1020,?,i11,
1769501181.748526,RECEIVED,5d4c0f63-70fe-44dc-b2f3-c856b5471f51,a23f0ffc-573a-42c6-bcc6-f066eef139c9,c1,c5,2451,p1,?,
1769501181.9391665,RECEIVED,e8afdc03-d38a-42bc-bd49-1ae97609b75f,31a24d0d-2d06-45db-8d1a-6b8ad9365907,c1,DROP,442,x11,?,
1769501181.995147,SENT,2b98bbf0-dc07-4332-83c1-aa5859a06b9b,8ad3f7ce-2ab3-4806-9750-b5bc29532c06,c3,DROP,1015,?,i1,
1769501181.9951863,FORWARDED,2b98bbf0-dc07-4332-83c1-aa5859a06b9b,8ad3f7ce-2ab3-4806-9750-b5bc29532c06,c3,DROP,1015,?,i1,
1769501182.127652,RECEIVED,6afc4b1e-b84a-4d0f-8c4f-dcacbabb5a4e,5b9e2c94-bbca-41cd-a538-0c518bd5c6b9,c5,DROP,1452,p2,?,
1769501182.1865659,SENT,6afc4b1e-b84a-4d0f-8c4f-dcacbabb5a4e,5b9e2c94-bbca-41cd-a538-0c518bd5c6b9,c5,DROP,1015,?,i9,
1769501182.1866114,FORWARDED,6afc4b1e-b84a-4d0f-8c4f-dcacbabb5a4e,5b9e2c94-bbca-41cd-a538-0c518bd5c6b9,c5,DROP,1015,?,i9,
1769501182.362165,RECEIVED,61e399e8-d2f9-41a6-8a07-f48c8d2e9320,45d0080e-38cc-4a7e-85b4-5546673a8557,c1,DROP,1443,p1,?,
1769501182.5826797,RECEIVED,446f5254-ed23-48a3-b349-da871fd4f315,80a907d9-d65a-4f0c-8fc6-ea8eb25254ec,c4,DROP,1447,p1,?,
1769501182.664711,RECEIVED,836885c3-07df-4f35-9700-12b6d6e7974b,3cff0784-a8af-4a18-8dff-35af9956dbe5,c1,DROP,442,x5,?,
1769501182.7095203,RECEIVED,dab61f35-c8b9-4524-8f96-667967d3338f,0e4d8a89-0769-4d32-a03b-fa30d286adff,c1,DROP,1439,p1,?,
1769501182.7251897,RECEIVED,97be25cc-95c6-4c8c-9988-88d9b6d49a88,82db5116-752d-4905-a5f2-b76c6ad1d5bb,c1,c5,2476,p1,?,
1769501182.784038,RECEIVED,3483af70-729d-4a58-924d-875f4ef756b2,c8f369df-5697-4ea9-9bb1-c5f565330c36,c2,DROP,1455,p2,?,
1769501182.8815897,RECEIVED,0e204693-2853-4627-9e7a-64813b95f925,85d0d520-36c3-4525-9a50-7b68fb846036,c5,DROP,442,x9,?,
1769501182.9503157,RECEIVED,edd7d03b-f124-4f4e-83ab-5e329a886df9,e98b4878-a5a2-4455-8135-e88a6a0c5949,c1,c5,2459,p1,?,
1769501182.976227,SENT,dab61f35-c8b9-4524-8f96-667967d3338f,0e4d8a89-0769-4d32-a03b-fa30d286adff,c1,DROP,1008,?,i12,
1769501182.9762692,FORWARDED,dab61f35-c8b9-4524-8f96-667967d3338f,0e4d8a89-0769-4d32-a03b-fa30d286adff,c1,DROP,1008,?,i12,
1769501182.9941273,SENT,61e399e8-d2f9-41a6-8a07-f48c8d2e9320,45d0080e-38cc-4a7e-85b4-5546673a8557,c1,DROP,1010,?,i2,
1769501182.9941688,FORWARDED,61e399e8-d2f9-41a6-8a07-f48c8d2e9320,45d0080e-38cc-4a7e-85b4-5546673a8557,c1,DROP,1010,?,i2,
1769501183.014541,RECEIVED,d547e157-2700-41d3-bba0-2079e7e30a16,826d7624-fd44-41bc-beb1-10998db6daa6,c1,None,2239,p1,?,
1769501183.034198,SENT,5d4c0f63-70fe-44dc-b2f3-c856b5471f51,a23f0ffc-573a-42c6-bcc6-f066eef139c9,c1,c5,1765,?,i4,
1769501183.0342405,FORWARDED,5d4c0f63-70fe-44dc-b2f3-c856b5471f51,a23f0ffc-573a-42c6-bcc6-f066eef139c9,c1,c5,1765,?,i4,
1769501183.1778166,RECEIVED,a42c881f-4a41-4f2d-822b-72cc194e27f5,148d414a-c003-4518-ad29-186f2ec267a8,c5,DROP,1440,p2,?,
1769501183.1964097,RECEIVED,b9a51801-9c19-4174-a9bf-ca56244feca3,26a404a1-d7bc-43b3-aebe-4fc9099cbf0e,c1,DROP,1451,p1,?,
1769501183.263324,SENT,a42c881f-4a41-4f2d-822b-72cc194e27f5,148d414a-c003-4518-ad29-186f2ec267a8,c5,DROP,1007,?,i8,
1769501183.2633665,FORWARDED,a42c881f-4a41-4f2d-822b-72cc194e27f5,148d414a-c003-4518-ad29-186f2ec267a8,c5,DROP,1007,?,i8,
1769501183.4971125,RECEIVED,c4fa29eb-f4a4-4cf2-bc21-427247686208,57c51a60-aba4-48df-ad7e-d2897ff61679,c4,None,2240,p1,?,
1769501183.5670054,SENT,446f5254-ed23-48a3-b349-da871fd4f315,80a907d9-d65a-4f0c-8fc6-ea8eb25254ec,c4,DROP,1012,?,i10,
1769501183.5670567,FORWARDED,446f5254-ed23-48a3-b349-da871fd4f315,80a907d9-d65a-4f0c-8fc6-ea8eb25254ec,c4,DROP,1012,?,i10,
1769501183.5709302,SENT,c4fa29eb-f4a4-4cf2-bc21-427247686208,57c51a60-aba4-48df-ad7e-d2897ff61679,c4,None,1607,?,i3,
1769501183.5709755,FORWARDED,c4fa29eb-f4a4-4cf2-bc21-427247686208,57c51a60-aba4-48df-ad7e-d2897ff61679,c4,None,1607,?,i3,
1769501183.7313313,SENT,b9a51801-9c19-4174-a9bf-ca56244feca3,26a404a1-d7bc-43b3-aebe-4fc9099cbf0e,c1,DROP,1015,?,i7,
1769501183.731373,FORWARDED,b9a51801-9c19-4174-a9bf-ca56244feca3,26a404a1-d7bc-43b3-aebe-4fc9099cbf0e,c1,DROP,1015,?,i7,
1769501183.771362,RECEIVED,8daa405e-9a32-4142-b8aa-e803b3ea1493,0a20742f-2fcf-4978-8fbe-ce17eeedfea0,c2,DROP,1456,p2,?,
1769501183.834024,SENT,8daa405e-9a32-4142-b8aa-e803b3ea1493,0a20742f-2fcf-4978-8fbe-ce17eeedfea0,c2,DROP,1020,?,i6,
1769501183.8340738,FORWARDED,8daa405e-9a32-4142-b8aa-e803b3ea1493,0a20742f-2fcf-4978-8fbe-ce17eeedfea0,c2,DROP,1020,?,i6,
1769501183.8564632,SENT,97be25cc-95c6-4c8c-9988-88d9b6d49a88,82db5116-752d-4905-a5f2-b76c6ad1d5bb,c1,c5,1785,?,i11,
1769501183.8565028,FORWARDED,97be25cc-95c6-4c8c-9988-88d9b6d49a88,82db5116-752d-4905-a5f2-b76c6ad1d5bb,c1,c5,1785,?,i11,
1769501183.8830245,RECEIVED,ada44893-24d6-411e-9339-7de89656bc3c,4de8ce2d-e08d-4db4-87e8-350b28dadc39,c4,DROP,441,x5,?,
1769501183.9676855,RECEIVED,d2af1a53-11ae-4f7b-9ada-8f998a6f6eaa,b6a0ed42-3b99-4719-b91c-6790d4b566d1,c2,c1,2468,p2,?,
1769501183.9693506,SENT,3483af70-729d-4a58-924d-875f4ef756b2,c8f369df-5697-4ea9-9bb1-c5f565330c36,c2,DROP,1020,?,i11,
1769501183.969392,FORWARDED,3483af70-729d-4a58-924d-875f4ef756b2,c8f369df-5697-4ea9-9bb1-c5f565330c36,c2,DROP,1020,?,i11,
1769501184.0001976,SENT,d2af1a53-11ae-4f7b-9ada-8f998a6f6eaa,b6a0ed42-3b99-4719-b91c-6790d4b566d1,c2,c1,1777,?,i5,
1769501184.0002334,FORWARDED,d2af1a53-11ae-4f7b-9ada-8f998a6f6eaa,b6a0ed42-3b99-4719-b91c-6790d4b566d1,c2,c1,1777,?,i5,
1769501184.0101206,RECEIVED,8dce8f50-fb00-45fa-a1a8-345711758368,14c1dc3c-a74e-4cf9-baf3-c2731f95feb9,c5,DROP,1439,p2,?,
1769501184.0624263,RECEIVED,1809d31d-44f0-4c38-b87c-61911fae0c1c,285d9287-69b4-445b-960a-cddbf1130212,c5,DROP,1440,p2,?,
1769501184.0790937,RECEIVED,a02c7b79-b43e-4e86-b424-11baae13cedb,c41b9a71-4dfc-4884-ad3e-401e14dd6d53,c1,DROP,1447,p1,?,
1769501184.0937278,RECEIVED,70029d70-9c49-49ef-89a5-1d0ca73462d8,3172321b-6e34-4bd3-8ea2-0a47684a9d1d,c1,DROP,1439,p1,?,
1769501184.0960338,SENT,1809d31d-44f0-4c38-b87c-61911fae0c1c,285d9287-69b4-445b-960a-cddbf1130212,c5,DROP,1006,?,i2,
1769501184.096084,FORWARDED,1809d31d-44f0-4c38-b87c-61911fae0c1c,285d9287-69b4-445b-960a-cddbf1130212,c5,DROP,1006,?,i2,
1769501184.0986094,SENT,edd7d03b-f124-4f4e-83ab-5e329a886df9,e98b4878-a5a2-4455-8135-e88a6a0c5949,c1,c5,1772,?,i7,
1769501184.0986495,FORWARDED,edd7d03b-f124-4f4e-83ab-5e329a886df9,e98b4878-a5a2-4455-8135-e88a6a0c5949,c1,c5,1772,?,i7,
1769501184.1428444,RECEIVED,befa6da8-b82e-48d4-a146-f2c47a6ff4a2,f42d39a5-e820-408d-b612-f97c76897448,c2,DROP,441,x10,?,
1769501184.3381305,RECEIVED,d67089db-5044-4fe7-9508-5fa39f19796f,112a3e59-0005-4fbd-ab87-64b2012612cc,c3,DROP,1451,p3,?,
1769501184.4194572,SENT,a02c7b79-b43e-4e86-b424-11baae13cedb,c41b9a71-4dfc-4884-ad3e-401e14dd6d53,c1,DROP,1012,?,i2,
1769501184.4194958,FORWARDED,a02c7b79-b43e-4e86-b424-11baae13cedb,c41b9a71-4dfc-4884-ad3e-401e14dd6d53,c1,DROP,1012,?,i2,
1769501184.4366763,RECEIVED,3557a995-9ca7-41e3-9406-07b6c3adf680,480d11a6-7b66-4f88-93fd-2b403ee1449a,c4,c3,2447,p1,?,
1769501184.459436,SENT,d67089db-5044-4fe7-9508-5fa39f19796f,112a3e59-0005-4fbd-ab87-64b2012612cc,c3,DROP,1017,?,i8,
1769501184.4594767,FORWARDED,d67089db-5044-4fe7-9508-5fa39f19796f,112a3e59-0005-4fbd-ab87-64b2012612cc,c3,DROP,1017,?,i8,
1769501184.484433,SENT,8dce8f50-fb00-45fa-a1a8-345711758368,14c1dc3c-a74e-4cf9-baf3-c2731f95feb9,c5,DROP,1007,?,i3,
1769501184.4844747,FORWARDED,8dce8f50-fb00-45fa-a1a8-345711758368,14c1dc3c-a74e-4cf9-baf3-c2731f95feb9,c5,DROP,1007,?,i3,
1769501184.5524838,RECEIVED,0798b238-686b-4ac3-9846-6b43060dc8a9,b16ecd0f-a071-48bf-8b4b-6abc99dbc64d,c5,c2,2464,p2,?,
1769501184.69123,SENT,3557a995-9ca7-41e3-9406-07b6c3adf680,480d11a6-7b66-4f88-93fd-2b403ee1449a,c4,c3,1764,?,i3,
1769501184.6912718,FORWARDED,3557a995-9ca7-41e3-9406-07b6c3adf680,480d11a6-7b66-4f88-93fd-2b403ee1449a,c4,c3,1764,?,i3,
1769501184.746409,SENT,0798b238-686b-4ac3-9846-6b43060dc8a9,b16ecd0f-a071-48bf-8b4b-6abc99dbc64d,c5,c2,1776,?,i11,
1769501184.7464492,FORWARDED,0798b238-686b-4ac3-9846-6b43060dc8a9,b16ecd0f-a071-48bf-8b4b-6abc99dbc64d,c5,c2,1776,?,i11,
1769501184.9207866,SENT,70029d70-9c49-49ef-89a5-1d0ca73462d8,3172321b-6e34-4bd3-8ea2-0a47684a9d1d,c1,DROP,1008,?,i9,
1769501184.9208274,FORWARDED,70029d70-9c49-49ef-89a5-1d0ca73462d8,3172321b-6e34-4bd3-8ea2-0a47684a9d1d,c1,DROP,1008,?,i9,
1769501185.0993037,SENT,d547e157-2700-41d3-bba0-2079e7e30a16,826d7624-fd44-41bc-beb1-10998db6daa6,c1,None,1607,?,i7,
1769501185.09935,FORWARDED,d547e157-2700-41d3-bba0-2079e7e30a16,826d7624-fd44-41bc-beb1-10998db6daa6,c1,None,1607,?,i7,
1769501185.1468167,RECEIVED,fac2b3b3-faf6-47b3-826e-3236f455d249,6b08f950-172d-4599-bfe2-2c90a01d8d9a,c3,DROP,1443,p3,?,
1769501185.1685476,RECEIVED,d4ebaeb5-acbd-4499-bab1-eb918588e5bf,929f2cd3-6878-426a-a710-0e651bbf72f1,c1,DROP,1447,p1,?,
1769501185.34883,RECEIVED,58c2879d-523f-4c00-a080-5ad759832028,ac4360e2-87a6-4f08-b188-5cb03e3dd472,c3,c4,2462,p3,?,
1769501185.3821168,RECEIVED,5c240a3b-2910-41d0-b56e-0a32c1dfb175,3452f30b-0daf-4cf4-9c7d-d52b9b692f96,c2,DROP,1459,p2,?,
1769501185.6810715,RECEIVED,e9846845-f254-4ec7-9067-973efd3264cc,b1c71a47-c268-433c-9c7e-a1d7de83e9c7,c4,DROP,1441,p1,?,
1769501185.698893,RECEIVED,09a6e124-fafe-4d7b-af0e-7abb5249cac9,3c4342b6-31a8-465d-9c59-0a39f132723e,c1,DROP,1452,p1,?,
1769501185.7235308,SENT,d4ebaeb5-acbd-4499-bab1-eb918588e5bf,929f2cd3-6878-426a-a710-0e651bbf72f1,c1,DROP,1013,?,i4,
1769501185.7235718,FORWARDED,d4ebaeb5-acbd-4499-bab1-eb918588e5bf,929f2cd3-6878-426a-a710-0e651bbf72f1,c1,DROP,1013,?,i4,
1769501185.7367666,SENT,fac2b3b3-faf6-47b3-826e-3236f455d249,6b08f950-172d-4599-bfe2-2c90a01d8d9a,c3,DROP,1011,?,i9,
1769501185.736807,FORWARDED,fac2b3b3-faf6-47b3-826e-3236f455d249,6b08f950-172d-4599-bfe2-2c90a01d8d9a,c3,DROP,1011,?,i9,
1769501185.9152482,SENT,e9846845-f254-4ec7-9067-973efd3264cc,b1c71a47-c268-433c-9c7e-a1d7de83e9c7,c4,DROP,1007,?,i11,
1769501185.9152915,FORWARDED,e9846845-f254-4ec7-9067-973efd3264cc,b1c71a47-c268-433c-9c7e-a1d7de83e9c7,c4,DROP,1007,?,i11,
1769501185.9336522,RECEIVED,3d6ad84d-4226-41be-adce-2267463b957d,ef3fc41a-1f82-49f3-96a1-809d0d419aca,c5,c2,2463,p2,?,
1769501186.077473,SENT,09a6e124-fafe-4d7b-af0e-7abb5249cac9,3c4342b6-31a8-465d-9c59-0a39f132723e,c1,DROP,1017,?,i7,
1769501186.0775154,FORWARDED,09a6e124-fafe-4d7b-af0e-7abb5249cac9,3c4342b6-31a8-465d-9c59-0a39f132723e,c1,DROP,1017,?,i7,
1769501186.0897799,SENT,5c240a3b-2910-41d0-b56e-0a32c1dfb175,3452f30b-0daf-4cf4-9c7d-d52b9b692f96,c2,DROP,1021,?,i5,
1769501186.089824,FORWARDED,5c240a3b-2910-41d0-b56e-0a32c1dfb175,3452f30b-0daf-4cf4-9c7d-d52b9b692f96,c2,DROP,1021,?,i5,
1769501186.1216528,RECEIVED,a3a415da-192d-4a29-8623-e5294f78bfd2,1e40a09f-c983-4f90-bc85-707559b76acd,c2,DROP,1440,p2,?,
1769501186.399649,RECEIVED,04f3f1f2-9d0f-42ca-a1ff-47ee7cb51bee,1609dfcc-0f6e-4a1d-a6ec-297c3f3d3106,c3,DROP,1452,p3,?,
1769501186.419292,SENT,a3a415da-192d-4a29-8623-e5294f78bfd2,1e40a09f-c983-4f90-bc85-707559b76acd,c2,DROP,1008,?,i1,
1769501186.4193375,FORWARDED,a3a415da-192d-4a29-8623-e5294f78bfd2,1e40a09f-c983-4f90-bc85-707559b76acd,c2,DROP,1008,?,i1,
1769501186.4286265,RECEIVED,920d9431-8008-4055-96ab-ffb7fe615f03,561cbc68-e5ad-4ed1-8b9c-986ae71cdb40,c1,DROP,1441,p1,?,
1769501186.4467828,RECEIVED,501f8e85-134f-49cb-8422-7f5f39c3992f,22b4cc14-02d4-42e3-8921-72e1fa86b99f,c2,c1,2447,p2,?,
1769501186.5679896,RECEIVED,65266077-8def-4c14-9282-1cd02e74a59a,c1a471eb-5c80-4006-b5b1-78ab5164d646,c2,c1,2468,p2,?,
1769501186.5732942,RECEIVED,d4cdc113-17e4-4e8e-84ad-ff548c049742,deeddfc0-cac0-4681-b66f-8106136bdcdc,c4,c3,2465,p1,?,
1769501186.6330647,RECEIVED,08f7f516-77ad-45d4-9cd2-1d505ca2db2a,9712fcb1-69bd-4a33-bd5f-bb8f079b102c,c4,DROP,1444,p1,?,
1769501186.72141,RECEIVED,f65caaa9-a471-4bf7-907d-aca570a0eb45,9678cfcf-8815-46e4-abcb-42b434816e27,c3,c4,2475,p3,?,
1769501186.7400253,SENT,501f8e85-134f-49cb-8422-7f5f39c3992f,22b4cc14-02d4-42e3-8921-72e1fa86b99f,c2,c1,1764,?,i2,
1769501186.7400875,FORWARDED,501f8e85-134f-49cb-8422-7f5f39c3992f,22b4cc14-02d4-42e3-8921-72e1fa86b99f,c2,c1,1764,?,i2,
1769501186.744169,SENT,d4cdc113-17e4-4e8e-84ad-ff548c049742,deeddfc0-cac0-4681-b66f-8106136bdcdc,c4,c3,1776,?,i11,
1769501186.7442112,FORWARDED,d4cdc113-17e4-4e8e-84ad-ff548c049742,deeddfc0-cac0-4681-b66f-8106136bdcdc,c4,c3,1776,?,i11,
1769501186.7571754,SENT,04f3f1f2-9d0f-42ca-a1ff-47ee7cb51bee,1609dfcc-0f6e-4a1d-a6ec-297c3f3d3106,c3,DROP,1015,?,i1,
1769501186.7572172,FORWARDED,04f3f1f2-9d0f-42ca-a1ff-47ee7cb51bee,1609dfcc-0f6e-4a1d-a6ec-297c3f3d3106,c3,DROP,1015,?,i1,
1769501186.7698843,SENT,08f7f516-77ad-45d4-9cd2-1d505ca2db2a,9712fcb1-69bd-4a33-bd5f-bb8f079b102c,c4,DROP,1011,?,i5,
1769501186.7699194,FORWARDED,08f7f516-77ad-45d4-9cd2-1d505ca2db2a,9712fcb1-69bd-4a33-bd5f-bb8f079b102c,c4,DROP,1011,?,i5,
1769501186.7784176,RECEIVED,6a54d5da-251e-4dd4-ac6a-6d96e46d35db,9ff2ddc3-a4ad-44f9-bf76-998cf436a466,c1,DROP,1452,p1,?,
1769501186.9201157,SENT,920d9431-8008-4055-96ab-ffb7fe615f03,561cbc68-e5ad-4ed1-8b9c-986ae71cdb40,c1,DROP,1008,?,i12,
1769501186.920158,FORWARDED,920d9431-8008-4055-96ab-ffb7fe615f03,561cbc68-e5ad-4ed1-8b9c-986ae71cdb40,c1,DROP,1008,?,i12,
1769501186.9639976,RECEIVED,4a8be4c8-3c8d-486c-98e6-4c66743f8e73,5edda3a9-a8b3-4235-9ce8-692f558c5805,c3,DROP,1441,p3,?,
1769501187.0179262,SENT,6a54d5da-251e-4dd4-ac6a-6d96e46d35db,9ff2ddc3-a4ad-44f9-bf76-998cf436a466,c1,DROP,1015,?,i4,
1769501187.01797,FORWARDED,6a54d5da-251e-4dd4-ac6a-6d96e46d35db,9ff2ddc3-a4ad-44f9-bf76-998cf436a466,c1,DROP,1015,?,i4,
1769501187.1109233,SENT,4a8be4c8-3c8d-486c-98e6-4c66743f8e73,5edda3a9-a8b3-4235-9ce8-692f558c5805,c3,DROP,1007,?,i12,
1769501187.1109586,FORWARDED,4a8be4c8-3c8d-486c-98e6-4c66743f8e73,5edda3a9-a8b3-4235-9ce8-692f558c5805,c3,DROP,1007,?,i12,
1769501187.3126934,RECEIVED,f6877423-0aa5-48c7-b5b7-e224a9379f6a,a209bea6-e370-4f21-8458-797892188a0b,c1,c5,2465,p1,?,
1769501187.4152346,SENT,65266077-8def-4c14-9282-1cd02e74a59a,c1a471eb-5c80-4006-b5b1-78ab5164d646,c2,c1,1778,?,i11,
1769501187.4152758,FORWARDED,65266077-8def-4c14-9282-1cd02e74a59a,c1a471eb-5c80-4006-b5b1-78ab5164d646,c2,c1,1778,?,i11,
1769501187.4768136,RECEIVED,1f6840d6-dacb-4170-9219-030b549c9f99,40a6d9fb-3162-4a21-8807-83adfa242839,c1,c5,2448,p1,?,
1769501187.526454,RECEIVED,11462aa8-32fb-49dc-aa6c-a3f9db461b49,ebe0f663-3a04-4554-8375-bd27527346a4,c3,None,2249,p3,?,
1769501187.5888078,SENT,f6877423-0aa5-48c7-b5b7-e224a9379f6a,a209bea6-e370-4f21-8458-797892188a0b,c1,c5,1776,?,i10,
1769501187.5888486,FORWARDED,f6877423-0aa5-48c7-b5b7-e224a9379f6a,a209bea6-e370-4f21-8458-797892188a0b,c1,c5,1776,?,i10,
1769501187.669937,RECEIVED,e9abf378-305c-47aa-8e97-e8191d17220a,0f763d6e-7a92-42c5-a6c8-a03f3f27dcf2,c3,DROP,1439,p3,?,
1769501187.6880362,SENT,11462aa8-32fb-49dc-aa6c-a3f9db461b49,ebe0f663-3a04-4554-8375-bd27527346a4,c3,None,1612,?,i10,
1769501187.68817,FORWARDED,11462aa8-32fb-49dc-aa6c-a3f9db461b49,ebe0f663-3a04-4554-8375-bd27527346a4,c3,None,1612,?,i10,
1769501187.786192,RECEIVED,649c7a82-450e-46cc-b2a6-b2d02f016a10,b25c7b71-f949-4443-8b58-19d23f14eac4,c4,DROP,1440,p1,?,
1769501187.832904,SENT,1f6840d6-dacb-4170-9219-030b549c9f99,40a6d9fb-3162-4a21-8807-83adfa242839,c1,c5,1763,?,i7,
1769501187.8329437,FORWARDED,1f6840d6-dacb-4170-9219-030b549c9f99,40a6d9fb-3162-4a21-8807-83adfa242839,c1,c5,1763,?,i7,
1769501187.8625042,SENT,3d6ad84d-4226-41be-adce-2267463b957d,ef3fc41a-1f82-49f3-96a1-809d0d419aca,c5,c2,1775,?,i6,
1769501187.8625429,FORWARDED,3d6ad84d-4226-41be-adce-2267463b957d,ef3fc41a-1f82-49f3-96a1-809d0d419aca,c5,c2,1775,?,i6,
1769501188.0365932,RECEIVED,4dc28da6-c439-43f1-9340-0844dc60b8ad,fb170686-8d52-45e8-89c9-b64b4a5878c2,c1,None,2224,p1,?,
1769501188.1297417,SENT,649c7a82-450e-46cc-b2a6-b2d02f016a10,b25c7b71-f949-4443-8b58-19d23f14eac4,c4,DROP,1008,?,i3,
1769501188.1297784,FORWARDED,649c7a82-450e-46cc-b2a6-b2d02f016a10,b25c7b71-f949-4443-8b58-19d23f14eac4,c4,DROP,1008,?,i3,
1769501188.132347,SENT,f65caaa9-a471-4bf7-907d-aca570a0eb45,9678cfcf-8815-46e4-abcb-42b434816e27,c3,c4,1783,?,i7,
1769501188.1323981,FORWARDED,f65caaa9-a471-4bf7-907d-aca570a0eb45,9678cfcf-8815-46e4-abcb-42b434816e27,c3,c4,1783,?,i7,
1769501188.2228675,RECEIVED,e3f81442-2c84-4cca-b65d-49e4b85faca4,d4412b74-fb42-44ae-b5f7-0ce1b117dece,c4,c3,2470,p1,?,
1769501188.3101249,SENT,4dc28da6-c439-43f1-9340-0844dc60b8ad,fb170686-8d52-45e8-89c9-b64b4a5878c2,c1,None,1596,?,i1,
1769501188.310169,FORWARDED,4dc28da6-c439-43f1-9340-0844dc60b8ad,fb170686-8d52-45e8-89c9-b64b4a5878c2,c1,None,1596,?,i1,
1769501188.3538666,RECEIVED,1314cb66-23fa-4568-abf4-70a338d8d008,5ffbe5f0-347d-401e-a746-00c56010fc15,c1,c5,2470,p1,?,
1769501188.4548001,SENT,58c2879d-523f-4c00-a080-5ad759832028,ac4360e2-87a6-4f08-b188-5cb03e3dd472,c3,c4,1775,?,i2,
1769501188.4548426,FORWARDED,58c2879d-523f-4c00-a080-5ad759832028,ac4360e2-87a6-4f08-b188-5cb03e3dd472,c3,c4,1775,?,i2,
1769501188.6461313,SENT,e9abf378-305c-47aa-8e97-e8191d17220a,0f763d6e-7a92-42c5-a6c8-a03f3f27dcf2,c3,DROP,1007,?,i3,
1769501188.6461709,FORWARDED,e9abf378-305c-47aa-8e97-e8191d17220a,0f763d6e-7a92-42c5-a6c8-a03f3f27dcf2,c3,DROP,1007,?,i3,
1769501188.7734687,RECEIVED,e24a661f-8ccb-49b9-91a2-eaae6bac7a54,04d15ad9-76dd-4d02-af25-6c6fb9582e2f,c2,DROP,1444,p2,?,
1769501189.1765664,RECEIVED,308b66fa-05e9-4771-8bbf-93a4fcb8d81c,6c9b4f4c-75bd-4be0-830a-76a757f64c02,c3,None,2228,p3,?,
1769501189.3246057,RECEIVED,75c7c0a0-c198-44fb-ab7d-ece0450294f8,fb242250-a5f7-47bd-bddb-f3942f2dc02d,c5,DROP,1439,p2,?,
1769501189.3400953,SENT,308b66fa-05e9-4771-8bbf-93a4fcb8d81c,6c9b4f4c-75bd-4be0-830a-76a757f64c02,c3,None,1599,?,i1,
1769501189.3401392,FORWARDED,308b66fa-05e9-4771-8bbf-93a4fcb8d81c,6c9b4f4c-75bd-4be0-830a-76a757f64c02,c3,None,1599,?,i1,
1769501189.5929456,SENT,75c7c0a0-c198-44fb-ab7d-ece0450294f8,fb242250-a5f7-47bd-bddb-f3942f2dc02d,c5,DROP,1007,?,i6,
1769501189.5929828,FORWARDED,75c7c0a0-c198-44fb-ab7d-ece0450294f8,fb242250-a5f7-47bd-bddb-f3942f2dc02d,c5,DROP,1007,?,i6,
1769501189.6053295,RECEIVED,03662cd1-3340-4f90-a707-682af5e3f3e8,19dab753-7418-44d8-92c3-a1bdca984945,c3,DROP,1447,p3,?,
1769501189.6396103,RECEIVED,824de3d9-7117-47bd-af58-c2a71eb63e73,b75e6dc1-5a00-47e3-841d-b2a86dd34e23,c1,DROP,1440,p1,?,
1769501189.7184906,RECEIVED,9ba4da21-e679-46ce-a2a6-c808cb6f95db,9de21bd4-d7f3-40e4-a529-d9175ee9be9e,c5,c2,2447,p2,?,
1769501189.7313836,RECEIVED,73a44259-832b-4bc1-bff0-4c9cde4c5464,f28d773d-0619-4204-a99a-414ed6909705,c3,DROP,1439,p3,?,
1769501189.8775513,SENT,1314cb66-23fa-4568-abf4-70a338d8d008,5ffbe5f0-347d-401e-a746-00c56010fc15,c1,c5,1781,?,i10,
1769501189.87759,FORWARDED,1314cb66-23fa-4568-abf4-70a338d8d008,5ffbe5f0-347d-401e-a746-00c56010fc15,c1,c5,1781,?,i10,
1769501189.953211,RECEIVED,9ec4a4ec-959e-402d-8efc-0f60356567b8,7e51d7d3-107c-40e8-85f1-4b72ce992c17,c5,None,2231,p2,?,
1769501190.0027492,SENT,e24a661f-8ccb-49b9-91a2-eaae6bac7a54,04d15ad9-76dd-4d02-af25-6c6fb9582e2f,c2,DROP,1011,?,i10,
1769501190.002791,FORWARDED,e24a661f-8ccb-49b9-91a2-eaae6bac7a54,04d15ad9-76dd-4d02-af25-6c6fb9582e2f,c2,DROP,1011,?,i10,
1769501190.0421448,SENT,73a44259-832b-4bc1-bff0-4c9cde4c5464,f28d773d-0619-4204-a99a-414ed6909705,c3,DROP,1008,?,i3,
1769501190.0421865,FORWARDED,73a44259-832b-4bc1-bff0-4c9cde4c5464,f28d773d-0619-4204-a99a-414ed6909705,c3,DROP,1008,?,i3,
1769501190.0950408,RECEIVED,0f53005c-b7ea-428e-a35b-113ba1e9ae0f,32c48e4c-8d95-4559-b688-2437ade05b0d,c3,DROP,1443,p3,?,
1769501190.1070223,SENT,824de3d9-7117-47bd-af58-c2a71eb63e73,b75e6dc1-5a00-47e3-841d-b2a86dd34e23,c1,DROP,1007,?,i10,
1769501190.1075952,FORWARDED,824de3d9-7117-47bd-af58-c2a71eb63e73,b75e6dc1-5a00-47e3-841d-b2a86dd34e23,c1,DROP,1007,?,i10,
1769501190.1534963,SENT,03662cd1-3340-4f90-a707-682af5e3f3e8,19dab753-7418-44d8-92c3-a1bdca984945,c3,DROP,1012,?,i8,
1769501190.1535385,FORWARDED,03662cd1-3340-4f90-a707-682af5e3f3e8,19dab753-7418-44d8-92c3-a1bdca984945,c3,DROP,1012,?,i8,
1769501190.254442,RECEIVED,be899ffb-6728-4734-a4ed-19540547c8ed,802d1bf1-c434-4d32-a49a-9152170cfe41,c3,c4,2467,p3,?,
1769501190.3099623,RECEIVED,2c6999b3-4467-4cc3-a26e-e27526ba0ca0,7a6a4717-bc9c-4cbc-a69f-dd9f3d1ea117,c1,DROP,1451,p1,?,
1769501190.5523882,RECEIVED,c1a9ac9a-c9b2-4e4f-bb7e-5f90ddb0958f,326a48a6-29fa-41c4-898f-06cf02af3a25,c5,DROP,1451,p2,?,
1769501190.6085398,SENT,0f53005c-b7ea-428e-a35b-113ba1e9ae0f,32c48e4c-8d95-4559-b688-2437ade05b0d,c3,DROP,1011,?,i3,
1769501190.6085844,FORWARDED,0f53005c-b7ea-428e-a35b-113ba1e9ae0f,32c48e4c-8d95-4559-b688-2437ade05b0d,c3,DROP,1011,?,i3,
1769501190.6318874,RECEIVED,fbbdea0f-44fd-4f2a-8428-056cf437345c,01d3209d-88f6-491b-b380-cda58306c816,c5,None,2225,p2,?,
1769501190.7678585,RECEIVED,f4ac6f1b-bfb3-46e9-bfce-f058b68e88d3,fca98f51-1e65-425c-be0b-fd91e167a222,c2,DROP,1453,p2,?,
1769501190.792136,SENT,9ec4a4ec-959e-402d-8efc-0f60356567b8,7e51d7d3-107c-40e8-85f1-4b72ce992c17,c5,None,1601,?,i6,
1769501190.7921805,FORWARDED,9ec4a4ec-959e-402d-8efc-0f60356567b8,7e51d7d3-107c-40e8-85f1-4b72ce992c17,c5,None,1601,?,i6,
1769501190.8902216,SENT,fbbdea0f-44fd-4f2a-8428-056cf437345c,01d3209d-88f6-491b-b380-cda58306c816,c5,None,1595,?,i12,
1769501190.8902605,FORWARDED,fbbdea0f-44fd-4f2a-8428-056cf437345c,01d3209d-88f6-491b-b380-cda58306c816,c5,None,1595,?,i12,
1769501191.017624,SENT,f4ac6f1b-bfb3-46e9-bfce-f058b68e88d3,fca98f51-1e65-425c-be0b-fd91e167a222,c2,DROP,1016,?,i11,
1769501191.0177705,FORWARDED,f4ac6f1b-bfb3-46e9-bfce-f058b68e88d3,fca98f51-1e65-425c-be0b-fd91e167a222,c2,DROP,1016,?,i11,
1769501191.0639002,SENT,2c6999b3-4467-4cc3-a26e-e27526ba0ca0,7a6a4717-bc9c-4cbc-a69f-dd9f3d1ea117,c1,DROP,1017,?,i3,
1769501191.0639462,FORWARDED,2c6999b3-4467-4cc3-a26e-e27526ba0ca0,7a6a4717-bc9c-4cbc-a69f-dd9f3d1ea117,c1,DROP,1017,?,i3,
1769501191.078656,SENT,9ba4da21-e679-46ce-a2a6-c808cb6f95db,9de21bd4-d7f3-40e4-a529-d9175ee9be9e,c5,c2,1763,?,i11,
1769501191.0786996,FORWARDED,9ba4da21-e679-46ce-a2a6-c808cb6f95db,9de21bd4-d7f3-40e4-a529-d9175ee9be9e,c5,c2,1763,?,i11,
1769501191.0828307,RECEIVED,9e08a41e-b32d-42c2-9a88-561070a76bc1,3bbd7380-b382-4935-a996-8b8dc5ca5b38,c4,DROP,442,x10,?,
1769501191.1258945,RECEIVED,694d3a58-536d-4234-be55-49dafb065951,e10436a9-4504-4b73-98c4-70fd1e0294a7,c3,DROP,446,x10,?,
1769501191.264415,SENT,c1a9ac9a-c9b2-4e4f-bb7e-5f90ddb0958f,326a48a6-29fa-41c4-898f-06cf02af3a25,c5,DROP,1016,?,i2,
1769501191.2644565,FORWARDED,c1a9ac9a-c9b2-4e4f-bb7e-5f90ddb0958f,326a48a6-29fa-41c4-898f-06cf02af3a25,c5,DROP,1016,?,i2,
1769501191.431069,SENT,be899ffb-6728-4734-a4ed-19540547c8ed,802d1bf1-c434-4d32-a49a-9152170cfe41,c3,c4,1779,?,i5,
1769501191.4311073,FORWARDED,be899ffb-6728-4734-a4ed-19540547c8ed,802d1bf1-c434-4d32-a49a-9152170cfe41,c3,c4,1779,?,i5,
1769501191.5709946,RECEIVED,eb0b4850-b053-445c-97ab-239e632fd63b,5105031a-1b79-4e38-9e92-2c088b03fe42,c3,DROP,1440,p3,?,
1769501191.6183147,RECEIVED,96718934-a19a-4ec9-96f4-069aa909c06d,2efa20c8-4be6-4fca-8ca8-f5ebc1757aa6,c3,DROP,1438,p3,?,
1769501191.6339846,SENT,eb0b4850-b053-445c-97ab-239e632fd63b,5105031a-1b79-4e38-9e92-2c088b03fe42,c3,DROP,1007,?,i2,
1769501191.6340384,FORWARDED,eb0b4850-b053-445c-97ab-239e632fd63b,5105031a-1b79-4e38-9e92-2c088b03fe42,c3,DROP,1007,?,i2,
1769501191.6938517,RECEIVED,db3ea52e-372f-42db-804e-9db3634d1fe2,f2ce237e-2cef-40d7-827f-bd7812cf1965,c4,DROP,1451,p1,?,
1769501191.7965064,SENT,e3f81442-2c84-4cca-b65d-49e4b85faca4,d4412b74-fb42-44ae-b5f7-0ce1b117dece,c4,c3,1781,?,i5,
1769501191.7965481,FORWARDED,e3f81442-2c84-4cca-b65d-49e4b85faca4,d4412b74-fb42-44ae-b5f7-0ce1b117dece,c4,c3,1781,?,i5,
1769501191.8242903,RECEIVED,c6e3ba01-3c5c-4285-957c-9d0a3f784944,f650bdf7-09f2-48a3-85ea-a1ffc37cf51f,c1,DROP,1439,p1,?,
1769501191.831095,RECEIVED,a0fb1873-6e86-4984-919a-9a92e16b4d00,30c00a8c-8d3d-4e2d-8166-2b2869e77f67,c1,DROP,1441,p1,?,
1769501191.9068937,SENT,a0fb1873-6e86-4984-919a-9a92e16b4d00,30c00a8c-8d3d-4e2d-8166-2b2869e77f67,c1,DROP,1008,?,i10,
1769501191.9069371,FORWARDED,a0fb1873-6e86-4984-919a-9a92e16b4d00,30c00a8c-8d3d-4e2d-8166-2b2869e77f67,c1,DROP,1008,?,i10,
1769501191.9535365,RECEIVED,32cddc63-e173-434a-87a5-dd0e92efd650,21f9ef60-5d9b-45d5-9ff2-0b0b2863ecdc,c3,DROP,1449,p3,?,
1769501191.9688535,RECEIVED,b4df22e7-98aa-40b2-867c-0c563cf094a1,01d89ec7-9fc8-493b-a00f-8749ac64a94c,c3,c4,2452,p3,?,
1769501191.986058,SENT,db3ea52e-372f-42db-804e-9db3634d1fe2,f2ce237e-2cef-40d7-827f-bd7812cf1965,c4,DROP,1015,?,i8,
1769501191.9861093,FORWARDED,db3ea52e-372f-42db-804e-9db3634d1fe2,f2ce237e-2cef-40d7-827f-bd7812cf1965,c4,DROP,1015,?,i8,
1769501192.0108416,SENT,32cddc63-e173-434a-87a5-dd0e92efd650,21f9ef60-5d9b-45d5-9ff2-0b0b2863ecdc,c3,DROP,1013,?,i2,
1769501192.010884,FORWARDED,32cddc63-e173-434a-87a5-dd0e92efd650,21f9ef60-5d9b-45d5-9ff2-0b0b2863ecdc,c3,DROP,1013,?,i2,
1769501192.1201851,RECEIVED,7600d46e-8a6f-4793-ab71-450c34b9d18c,4fb03533-8ddf-46f9-85a7-123ec779047c,c4,DROP,1439,p1,?,
1769501192.1266057,RECEIVED,49fe8081-2fef-4784-b7a5-27bb1afd8563,06a16cdd-dcd3-4a6c-9f24-9f6d25b4dcbf,c1,DROP,1456,p1,?,
1769501192.2138972,SENT,49fe8081-2fef-4784-b7a5-27bb1afd8563,06a16cdd-dcd3-4a6c-9f24-9f6d25b4dcbf,c1,DROP,1019,?,i11,
1769501192.2139382,FORWARDED,49fe8081-2fef-4784-b7a5-27bb1afd8563,06a16cdd-dcd3-4a6c-9f24-9f6d25b4dcbf,c1,DROP,1019,?,i11,
1769501192.2700577,RECEIVED,0598e6f3-a77a-4f4a-83f9-0fcdd388cc24,64381e23-3e20-4a4d-ab93-df96c2bfb733,c2,DROP,1440,p2,?,
1769501192.2728512,RECEIVED,a1862909-c18f-4d85-a0ed-f3cb8d7d3a51,59b2a9e3-663b-4563-85f9-8975e2e1d039,c2,DROP,1437,p2,?,
1769501192.2743163,RECEIVED,3324e907-20df-4f35-b696-ec336c8fee51,4a9e7eb2-59b3-4fd8-88f3-d5ba3890e027,c1,c5,2447,p1,?,
1769501192.391444,SENT,a1862909-c18f-4d85-a0ed-f3cb8d7d3a51,59b2a9e3-663b-4563-85f9-8975e2e1d039,c2,DROP,1004,?,i12,
1769501192.3914855,FORWARDED,a1862909-c18f-4d85-a0ed-f3cb8d7d3a51,59b2a9e3-663b-4563-85f9-8975e2e1d039,c2,DROP,1004,?,i12,
1769501192.4405181,SENT,3324e907-20df-4f35-b696-ec336c8fee51,4a9e7eb2-59b3-4fd8-88f3-d5ba3890e027,c1,c5,1763,?,i1,
1769501192.4405594,FORWARDED,3324e907-20df-4f35-b696-ec336c8fee51,4a9e7eb2-59b3-4fd8-88f3-d5ba3890e027,c1,c5,1763,?,i1,
1769501192.4736695,SENT,c6e3ba01-3c5c-4285-957c-9d0a3f784944,f650bdf7-09f2-48a3-85ea-a1ffc37cf51f,c1,DROP,1007,?,i5,
1769501192.4737122,FORWARDED,c6e3ba01-3c5c-4285-957c-9d0a3f784944,f650bdf7-09f2-48a3-85ea-a1ffc37cf51f,c1,DROP,1007,?,i5,
1769501192.540139,SENT,0598e6f3-a77a-4f4a-83f9-0fcdd388cc24,64381e23-3e20-4a4d-ab93-df96c2bfb733,c2,DROP,1007,?,i7,
1769501192.540179,FORWARDED,0598e6f3-a77a-4f4a-83f9-0fcdd388cc24,64381e23-3e20-4a4d-ab93-df96c2bfb733,c2,DROP,1007,?,i7,
1769501192.6129608,SENT,7600d46e-8a6f-4793-ab71-450c34b9d18c,4fb03533-8ddf-46f9-85a7-123ec779047c,c4,DROP,1008,?,i8,
1769501192.613004,FORWARDED,7600d46e-8a6f-4793-ab71-450c34b9d18c,4fb03533-8ddf-46f9-85a7-123ec779047c,c4,DROP,1008,?,i8,
1769501192.6638098,RECEIVED,c1ed7410-5ed5-4d90-92d7-57756be3e783,f0a287dd-1832-4ef9-bfa3-627059d3f345,c4,DROP,1439,p1,?,
1769501192.7674298,RECEIVED,08e9660f-c091-46e5-af86-3bb738c4c187,459743f6-6c88-4907-a76c-a77a258cc542,c1,DROP,444,x12,?,
1769501192.7798758,RECEIVED,63f819a8-394e-4193-99ca-a42faacaf2a7,9bb76787-c15b-4478-b368-d4f856ae5bd2,c1,c5,2444,p1,?,
1769501192.798849,RECEIVED,d11ef97c-5e15-4afa-ad20-09bab6ff28d4,10bf1a23-d2f5-4c83-a75f-ae11ac0e7622,c5,c2,2473,p2,?,
1769501192.9258008,SENT,96718934-a19a-4ec9-96f4-069aa909c06d,2efa20c8-4be6-4fca-8ca8-f5ebc1757aa6,c3,DROP,1007,?,i1,
1769501192.9258416,FORWARDED,96718934-a19a-4ec9-96f4-069aa909c06d,2efa20c8-4be6-4fca-8ca8-f5ebc1757aa6,c3,DROP,1007,?,i1,
1769501192.9954147,SENT,63f819a8-394e-4193-99ca-a42faacaf2a7,9bb76787-c15b-4478-b368-d4f856ae5bd2,c1,c5,1760,?,i6,
1769501192.9954584,FORWARDED,63f819a8-394e-4193-99ca-a42faacaf2a7,9bb76787-c15b-4478-b368-d4f856ae5bd2,c1,c5,1760,?,i6,
1769501193.0112095,SENT,d11ef97c-5e15-4afa-ad20-09bab6ff28d4,10bf1a23-d2f5-4c83-a75f-ae11ac0e7622,c5,c2,1780,?,i12,
1769501193.0112507,FORWARDED,d11ef97c-5e15-4afa-ad20-09bab6ff28d4,10bf1a23-d2f5-4c83-a75f-ae11ac0e7622,c5,c2,1780,?,i12,
1769501193.0596645,SENT,c1ed7410-5ed5-4d90-92d7-57756be3e783,f0a287dd-1832-4ef9-bfa3-627059d3f345,c4,DROP,1008,?,i5,
1769501193.0597155,FORWARDED,c1ed7410-5ed5-4d90-92d7-57756be3e783,f0a287dd-1832-4ef9-bfa3-627059d3f345,c4,DROP,1008,?,i5,
1769501193.231822,RECEIVED,5562e53c-30aa-4afc-8343-388df33f6f7f,2f83bb3b-aaf3-4166-9cf1-69cd222be03e,c3,DROP,1438,p3,?,
1769501193.4791472,RECEIVED,bbf308c0-3063-4e71-94e2-08dc72f57459,6db8a147-c1ef-404c-9e68-6215949a1da4,c5,c2,2468,p2,?,
1769501193.5161107,RECEIVED,a6623adb-737b-42c2-88af-623f1521c344,4f7d0e8c-67ef-4310-9720-e9595da88dcd,c5,DROP,1439,p2,?,
1769501193.7614992,SENT,a6623adb-737b-42c2-88af-623f1521c344,4f7d0e8c-67ef-4310-9720-e9595da88dcd,c5,DROP,1007,?,i5,
1769501193.7615397,FORWARDED,a6623adb-737b-42c2-88af-623f1521c344,4f7d0e8c-67ef-4310-9720-e9595da88dcd,c5,DROP,1007,?,i5,
1769501193.8019052,SENT,bbf308c0-3063-4e71-94e2-08dc72f57459,6db8a147-c1ef-404c-9e68-6215949a1da4,c5,c2,1779,?,i3,
1769501193.8019512,FORWARDED,bbf308c0-3063-4e71-94e2-08dc72f57459,6db8a147-c1ef-404c-9e68-6215949a1da4,c5,c2,1779,?,i3,
1769501193.8355336,RECEIVED,17b43946-4301-4df3-8c92-0997b4642820,9bb237dc-79ac-476f-8a47-3c662a13eecb,c1,DROP,1440,p1,?,
1769501193.9568474,SENT,b4df22e7-98aa-40b2-867c-0c563cf094a1,01d89ec7-9fc8-493b-a00f-8749ac64a94c,c3,c4,1766,?,i11,
1769501193.9568872,FORWARDED,b4df22e7-98aa-40b2-867c-0c563cf094a1,01d89ec7-9fc8-493b-a00f-8749ac64a94c,c3,c4,1766,?,i11,
1769501194.0199218,RECEIVED,6fdef80c-65f7-438a-8cb8-eb92df99b57e,4992094b-92a7-432e-a866-bf77ed2b1348,c1,None,2223,p1,?,
1769501194.1140788,SENT,5562e53c-30aa-4afc-8343-388df33f6f7f,2f83bb3b-aaf3-4166-9cf1-69cd222be03e,c3,DROP,1007,?,i4,
1769501194.1141238,FORWARDED,5562e53c-30aa-4afc-8343-388df33f6f7f,2f83bb3b-aaf3-4166-9cf1-69cd222be03e,c3,DROP,1007,?,i4,
1769501194.1286643,SENT,17b43946-4301-4df3-8c92-0997b4642820,9bb237dc-79ac-476f-8a47-3c662a13eecb,c1,DROP,1007,?,i3,
1769501194.1287053,FORWARDED,17b43946-4301-4df3-8c92-0997b4642820,9bb237dc-79ac-476f-8a47-3c662a13eecb,c1,DROP,1007,?,i3,
1769501194.1464074,RECEIVED,fb1c7741-1703-41a2-86c4-350cab01867d,fbb7e79b-b34d-46f2-ae44-62b9fcce49a9,c3,c4,2452,p3,?,
1769501194.1515162,RECEIVED,becdf0fb-3f2a-4778-90e6-e3bc7dc48dbc,1b635c52-87a2-46ab-a312-51d200600b7d,c3,DROP,442,x2,?,
1769501194.4168346,RECEIVED,3f5c9c51-76dd-407d-a686-0bf9a13edbae,5e5576af-9ad3-4826-a828-c358ce91dde1,c2,c1,2455,p2,?,
1769501194.5062988,SENT,fb1c7741-1703-41a2-86c4-350cab01867d,fbb7e79b-b34d-46f2-ae44-62b9fcce49a9,c3,c4,1767,?,i10,
1769501194.5063417,FORWARDED,fb1c7741-1703-41a2-86c4-350cab01867d,fbb7e79b-b34d-46f2-ae44-62b9fcce49a9,c3,c4,1767,?,i10,
1769501194.527737,RECEIVED,a9487d98-8cfb-4a46-a776-6cf5640ce6a0,70d26556-fdfb-420e-8a91-4ee03574b8f4,c3,c4,2460,p3,?,
1769501194.6641989,RECEIVED,417dd8fa-5ee2-46c0-a9c3-7d145ef6fe2b,4e1425e9-42a9-485a-92bc-3d2becfdaf66,c4,DROP,1452,p1,?,
1769501194.7217183,SENT,a9487d98-8cfb-4a46-a776-6cf5640ce6a0,70d26556-fdfb-420e-8a91-4ee03574b8f4,c3,c4,1771,?,i3,
1769501194.7217607,FORWARDED,a9487d98-8cfb-4a46-a776-6cf5640ce6a0,70d26556-fdfb-420e-8a91-4ee03574b8f4,c3,c4,1771,?,i3,
1769501194.7366457,SENT,417dd8fa-5ee2-46c0-a9c3-7d145ef6fe2b,4e1425e9-42a9-485a-92bc-3d2becfdaf66,c4,DROP,1015,?,i6,
1769501194.7366872,FORWARDED,417dd8fa-5ee2-46c0-a9c3-7d145ef6fe2b,4e1425e9-42a9-485a-92bc-3d2becfdaf66,c4,DROP,1015,?,i6,
1769501195.1015112,RECEIVED,04b32e74-7a42-42fe-ac4d-951255296dc9,a5923d70-0216-49da-b21c-9139cda1ab93,c4,DROP,1440,p1,?,
1769501195.1110148,RECEIVED,613c7157-2ef4-4ffd-a3fa-f371e98795f1,bb98cf99-f619-47ac-8717-732350d36efa,c5,DROP,1439,p2,?,
1769501195.1977186,SENT,04b32e74-7a42-42fe-ac4d-951255296dc9,a5923d70-0216-49da-b21c-9139cda1ab93,c4,DROP,1007,?,i6,
1769501195.1977623,FORWARDED,04b32e74-7a42-42fe-ac4d-951255296dc9,a5923d70-0216-49da-b21c-9139cda1ab93,c4,DROP,1007,?,i6,
1769501195.2761056,RECEIVED,56ad7683-e535-4048-950a-6c3d57248c5c,a3978677-fb1a-4f9d-bba8-ef42b5975442,c1,DROP,446,x11,?,
1769501195.3825026,SENT,3f5c9c51-76dd-407d-a686-0bf9a13edbae,5e5576af-9ad3-4826-a828-c358ce91dde1,c2,c1,1769,?,i1,
1769501195.382544,FORWARDED,3f5c9c51-76dd-407d-a686-0bf9a13edbae,5e5576af-9ad3-4826-a828-c358ce91dde1,c2,c1,1769,?,i1,
1769501195.4149609,RECEIVED,1abeb9e9-ad3c-4e22-ad87-c1ac63fd749a,5c551679-3352-45ee-8bea-80e30bc35727,c3,None,2235,p3,?,
1769501195.434835,RECEIVED,ab579f37-6c02-42a1-9f8f-35ee4679694e,2651ddaa-5188-4470-801b-bf4126bcd00a,c1,DROP,1452,p1,?,
1769501195.5164797,RECEIVED,78735a6a-d137-4878-8adb-5cb35564b9ad,f1e1a71d-2337-4f3c-a181-db080b976731,c1,DROP,1441,p1,?,
1769501195.5487144,RECEIVED,36649c82-7be6-4510-a723-9b07118869d7,1358e37e-6111-4fd4-9660-459ad596a5dc,c5,DROP,1440,p2,?,
1769501195.6057935,SENT,36649c82-7be6-4510-a723-9b07118869d7,1358e37e-6111-4fd4-9660-459ad596a5dc,c5,DROP,1008,?,i7,
1769501195.6058366,FORWARDED,36649c82-7be6-4510-a723-9b07118869d7,1358e37e-6111-4fd4-9660-459ad596a5dc,c5,DROP,1008,?,i7,
1769501195.681225,SENT,78735a6a-d137-4878-8adb-5cb35564b9ad,f1e1a71d-2337-4f3c-a181-db080b976731,c1,DROP,1008,?,i11,
1769501195.6813004,FORWARDED,78735a6a-d137-4878-8adb-5cb35564b9ad,f1e1a71d-2337-4f3c-a181-db080b976731,c1,DROP,1008,?,i11,
1769501195.757169,RECEIVED,df13895f-0359-4535-8352-5c61309e5f35,ffb7c81b-a46b-4156-83ce-b62dd2457316,c4,DROP,1452,p1,?,
1769501195.775185,RECEIVED,34ed236a-52c5-48e3-928f-7765d597d097,9ead614b-adbd-46c0-9eac-71ccc15cc171,c5,None,2235,p2,?,
1769501195.899921,SENT,6fdef80c-65f7-438a-8cb8-eb92df99b57e,4992094b-92a7-432e-a866-bf77ed2b1348,c1,None,1596,?,i7,
1769501195.899961,FORWARDED,6fdef80c-65f7-438a-8cb8-eb92df99b57e,4992094b-92a7-432e-a866-bf77ed2b1348,c1,None,1596,?,i7,
1769501196.0768025,SENT,1abeb9e9-ad3c-4e22-ad87-c1ac63fd749a,5c551679-3352-45ee-8bea-80e30bc35727,c3,None,1603,?,i3,
1769501196.0768428,FORWARDED,1abeb9e9-ad3c-4e22-ad87-c1ac63fd749a,5c551679-3352-45ee-8bea-80e30bc35727,c3,None,1603,?,i3,
1769501196.1042666,RECEIVED,8fca1f59-6cc0-4cec-8253-9ea9f309b339,b27c7dd6-b61d-4009-81da-0e57183571a7,c3,c4,2460,p3,?,
1769501196.1261773,SENT,613c7157-2ef4-4ffd-a3fa-f371e98795f1,bb98cf99-f619-47ac-8717-732350d36efa,c5,DROP,1007,?,i3,
1769501196.1262188,FORWARDED,613c7157-2ef4-4ffd-a3fa-f371e98795f1,bb98cf99-f619-47ac-8717-732350d36efa,c5,DROP,1007,?,i3,
1769501196.1580355,SENT,ab579f37-6c02-42a1-9f8f-35ee4679694e,2651ddaa-5188-4470-801b-bf4126bcd00a,c1,DROP,1015,?,i10,
1769501196.158086,FORWARDED,ab579f37-6c02-42a1-9f8f-35ee4679694e,2651ddaa-5188-4470-801b-bf4126bcd00a,c1,DROP,1015,?,i10,
1769501196.1738102,SENT,df13895f-0359-4535-8352-5c61309e5f35,ffb7c81b-a46b-4156-83ce-b62dd2457316,c4,DROP,1017,?,i3,
1769501196.1738508,FORWARDED,df13895f-0359-4535-8352-5c61309e5f35,ffb7c81b-a46b-4156-83ce-b62dd2457316,c4,DROP,1017,?,i3,
1769501196.2752888,RECEIVED,113a0371-f8f3-4028-acfd-389dfe999bf8,624d2ae5-f28e-4a2d-9c80-c336504cca5b,c2,DROP,441,x5,?,
1769501196.365919,SENT,34ed236a-52c5-48e3-928f-7765d597d097,9ead614b-adbd-46c0-9eac-71ccc15cc171,c5,None,1604,?,i9,
1769501196.3659616,FORWARDED,34ed236a-52c5-48e3-928f-7765d597d097,9ead614b-adbd-46c0-9eac-71ccc15cc171,c5,None,1604,?,i9,
1769501196.7557309,RECEIVED,219068bb-bdc8-4e99-93e1-9b60c9fd7b25,20b4e5f1-b865-44f0-907d-fae638b25870,c5,None,2240,p2,?,
1769501196.8040113,SENT,8fca1f59-6cc0-4cec-8253-9ea9f309b339,b27c7dd6-b61d-4009-81da-0e57183571a7,c3,c4,1772,?,i12,
1769501196.804069,FORWARDED,8fca1f59-6cc0-4cec-8253-9ea9f309b339,b27c7dd6-b61d-4009-81da-0e57183571a7,c3,c4,1772,?,i12,
1769501196.8314178,RECEIVED,eb475938-e5f5-473b-80a6-33650e29f6e9,15f86ae1-73d3-4048-8662-2c640253d86f,c3,c4,2447,p3,?,
1769501196.9184914,SENT,219068bb-bdc8-4e99-93e1-9b60c9fd7b25,20b4e5f1-b865-44f0-907d-fae638b25870,c5,None,1608,?,i2,
1769501196.9185321,FORWARDED,219068bb-bdc8-4e99-93e1-9b60c9fd7b25,20b4e5f1-b865-44f0-907d-fae638b25870,c5,None,1608,?,i2,
1769501196.953988,RECEIVED,8470b3f4-f2d4-465e-b870-64e6db943ecb,24650852-f415-4271-a404-412fd6b6ba93,c3,DROP,1452,p3,?,
1769501197.1450908,RECEIVED,4f6e31ce-c12b-445b-8b5a-21da2f871dc1,5a9e1a31-9bd0-4121-a91a-bc5bad211090,c5,DROP,1436,p2,?,
1769501197.3069901,SENT,4f6e31ce-c12b-445b-8b5a-21da2f871dc1,5a9e1a31-9bd0-4121-a91a-bc5bad211090,c5,DROP,1003,?,i3,
1769501197.3070302,FORWARDED,4f6e31ce-c12b-445b-8b5a-21da2f871dc1,5a9e1a31-9bd0-4121-a91a-bc5bad211090,c5,DROP,1003,?,i3,
1769501197.3107302,RECEIVED,12eeb21b-f1dc-469d-8189-c914fdb83c5a,8fc884e9-cb2b-4fc9-b0aa-9c62db057a00,c4,c3,2460,p1,?,
1769501197.3133585,SENT,8470b3f4-f2d4-465e-b870-64e6db943ecb,24650852-f415-4271-a404-412fd6b6ba93,c3,DROP,1016,?,i3,
1769501197.3133955,FORWARDED,8470b3f4-f2d4-465e-b870-64e6db943ecb,24650852-f415-4271-a404-412fd6b6ba93,c3,DROP,1016,?,i3,
1769501197.5955808,SENT,12eeb21b-f1dc-469d-8189-c914fdb83c5a,8fc884e9-cb2b-4fc9-b0aa-9c62db057a00,c4,c3,1771,?,i4,
1769501197.5956314,FORWARDED,12eeb21b-f1dc-469d-8189-c914fdb83c5a,8fc884e9-cb2b-4fc9-b0aa-9c62db057a00,c4,c3,1771,?,i4,
1769501197.6876073,RECEIVED,aaf0fba4-59a5-48c4-b3ee-88b559742db4,56d531c8-e0d2-4e18-ba2b-35884b6c1f21,c1,None,2239,p1,?,
1769501197.7129648,RECEIVED,5de1b479-0017-4faf-a2b8-d091ae1794d6,a360f683-e3b9-4a7e-a63c-2c5212c75dc3,c3,DROP,1456,p3,?,
1769501197.859347,SENT,eb475938-e5f5-473b-80a6-33650e29f6e9,15f86ae1-73d3-4048-8662-2c640253d86f,c3,c4,1764,?,i5,
1769501197.8593836,FORWARDED,eb475938-e5f5-473b-80a6-33650e29f6e9,15f86ae1-73d3-4048-8662-2c640253d86f,c3,c4,1764,?,i5,
1769501198.3307364,RECEIVED,146855d3-08a1-4eb0-bf65-8b70b5226b43,1c660cb1-8901-4920-805b-0d3d644d7f77,c2,DROP,1448,p2,?,
1769501198.4289815,SENT,5de1b479-0017-4faf-a2b8-d091ae1794d6,a360f683-e3b9-4a7e-a63c-2c5212c75dc3,c3,DROP,1018,?,i12,
1769501198.4290226,FORWARDED,5de1b479-0017-4faf-a2b8-d091ae1794d6,a360f683-e3b9-4a7e-a63c-2c5212c75dc3,c3,DROP,1018,?,i12,
1769501198.651163,RECEIVED,8f10ae49-8070-4d2c-b43b-09e666eda30a,e2b7be90-d4b7-4db8-a5f7-f7bdb9ca8eed,c3,DROP,1440,p3,?,
1769501198.6600132,RECEIVED,e0129141-55c3-4c1a-9a7e-88e6bea7441d,d38c1829-736a-4771-bd49-863becc27666,c2,DROP,1447,p2,?,
1769501198.7305648,SENT,146855d3-08a1-4eb0-bf65-8b70b5226b43,1c660cb1-8901-4920-805b-0d3d644d7f77,c2,DROP,1013,?,i5,
1769501198.730608,FORWARDED,146855d3-08a1-4eb0-bf65-8b70b5226b43,1c660cb1-8901-4920-805b-0d3d644d7f77,c2,DROP,1013,?,i5,
1769501198.7855217,RECEIVED,4b600d90-dd9b-4337-9329-38e039aa210d,798f9213-2dea-4377-81a2-7b2fa599b681,c5,c2,2464,p2,?,
1769501198.8115523,SENT,8f10ae49-8070-4d2c-b43b-09e666eda30a,e2b7be90-d4b7-4db8-a5f7-f7bdb9ca8eed,c3,DROP,1007,?,i1,
1769501198.811594,FORWARDED,8f10ae49-8070-4d2c-b43b-09e666eda30a,e2b7be90-d4b7-4db8-a5f7-f7bdb9ca8eed,c3,DROP,1007,?,i1,
1769501198.859457,RECEIVED,3177cc05-db79-49bd-90a8-f0fdf19eba4c,3aab336c-2b63-4165-8151-3ab0a407e472,c4,DROP,445,x8,?,
1769501199.0752678,SENT,4b600d90-dd9b-4337-9329-38e039aa210d,798f9213-2dea-4377-81a2-7b2fa599b681,c5,c2,1776,?,i3,
1769501199.0753117,FORWARDED,4b600d90-dd9b-4337-9329-38e039aa210d,798f9213-2dea-4377-81a2-7b2fa599b681,c5,c2,1776,?,i3,
1769501199.1735368,SENT,e0129141-55c3-4c1a-9a7e-88e6bea7441d,d38c1829-736a-4771-bd49-863becc27666,c2,DROP,1012,?,i5,
1769501199.1735806,FORWARDED,e0129141-55c3-4c1a-9a7e-88e6bea7441d,d38c1829-736a-4771-bd49-863becc27666,c2,DROP,1012,?,i5,
1769501199.2069557,RECEIVED,e4f8a93e-98d5-4f29-9233-ed869b77abff,faaee024-7849-46c5-ae60-fb8997e44099,c1,DROP,1461,p1,?,
1769501199.4552271,RECEIVED,1ea1ff76-a5c6-4a25-9864-112f40062797,1dbaed1b-5a50-44f2-92d5-530dc50bce5f,c4,DROP,1440,p1,?,
1769501199.5284956,RECEIVED,9bf4af68-fcb2-41e6-b07e-38daa066f4b1,24aef297-5d9e-4f50-80a5-cdeb32e86f5d,c5,DROP,1435,p2,?,
1769501199.5620933,RECEIVED,8e72aa44-328c-487a-a0b5-a20ecf487210,0b73a944-97b1-4e97-b834-eba29d3605e5,c4,DROP,1441,p1,?,
1769501199.572152,SENT,1ea1ff76-a5c6-4a25-9864-112f40062797,1dbaed1b-5a50-44f2-92d5-530dc50bce5f,c4,DROP,1007,?,i3,
1769501199.5721955,FORWARDED,1ea1ff76-a5c6-4a25-9864-112f40062797,1dbaed1b-5a50-44f2-92d5-530dc50bce5f,c4,DROP,1007,?,i3,
1769501199.5907214,SENT,8e72aa44-328c-487a-a0b5-a20ecf487210,0b73a944-97b1-4e97-b834-eba29d3605e5,c4,DROP,1007,?,i5,
1769501199.590765,FORWARDED,8e72aa44-328c-487a-a0b5-a20ecf487210,0b73a944-97b1-4e97-b834-eba29d3605e5,c4,DROP,1007,?,i5,
1769501199.6104095,SENT,e4f8a93e-98d5-4f29-9233-ed869b77abff,faaee024-7849-46c5-ae60-fb8997e44099,c1,DROP,1023,?,i11,
1769501199.6104512,FORWARDED,e4f8a93e-98d5-4f29-9233-ed869b77abff,faaee024-7849-46c5-ae60-fb8997e44099,c1,DROP,1023,?,i11,
1769501199.6287699,RECEIVED,18d33420-8c1d-44b1-ab83-bf914607f5ad,3d8cbf30-9bda-4f47-aea7-d008528d5604,c3,DROP,1447,p3,?,
1769501199.733942,RECEIVED,9755554c-197e-4c65-b1c7-9cacf07068c6,4de47a07-0b48-496f-82c2-5ad28eb22d77,c1,c5,2443,p1,?,
1769501199.7802172,SENT,18d33420-8c1d-44b1-ab83-bf914607f5ad,3d8cbf30-9bda-4f47-aea7-d008528d5604,c3,DROP,1013,?,i6,
1769501199.7802565,FORWARDED,18d33420-8c1d-44b1-ab83-bf914607f5ad,3d8cbf30-9bda-4f47-aea7-d008528d5604,c3,DROP,1013,?,i6,
1769501199.8734038,RECEIVED,f8055984-6dd3-44be-a3b9-dfbd8d208d06,22a2a798-de8f-408e-b7ec-3063e94d5310,c4,DROP,1442,p1,?,
1769501199.8895526,SENT,9755554c-197e-4c65-b1c7-9cacf07068c6,4de47a07-0b48-496f-82c2-5ad28eb22d77,c1,c5,1760,?,i2,
1769501199.8895965,FORWARDED,9755554c-197e-4c65-b1c7-9cacf07068c6,4de47a07-0b48-496f-82c2-5ad28eb22d77,c1,c5,1760,?,i2,
1769501199.9692798,RECEIVED,ca59a0a1-4f18-4ee2-8dee-77bd44c9ae1a,5e3ac1c5-1c22-421e-bfe3-6303a804d61d,c1,DROP,442,x11,?,
1769501200.0150647,RECEIVED,addff30c-4aef-47d4-a2ad-f8e1a0860a49,025eda5c-8171-4672-8025-8a1f8c778378,c1,DROP,1452,p1,?,
1769501200.0475612,RECEIVED,3509cdf9-8739-418e-ac4d-64c26c41f4db,e0134699-8292-4f49-bde2-2b73d388694c,c1,DROP,1447,p1,?,
1769501200.1063652,RECEIVED,c331ad26-cc89-4c70-bbbf-ed6c7b9ee1a3,cff8c163-5ff8-4cdf-941d-afde5de413ff,c3,DROP,1444,p3,?,
1769501200.1208925,SENT,9bf4af68-fcb2-41e6-b07e-38daa066f4b1,24aef297-5d9e-4f50-80a5-cdeb32e86f5d,c5,DROP,1003,?,i5,
1769501200.1209593,FORWARDED,9bf4af68-fcb2-41e6-b07e-38daa066f4b1,24aef297-5d9e-4f50-80a5-cdeb32e86f5d,c5,DROP,1003,?,i5,
1769501200.137272,SENT,addff30c-4aef-47d4-a2ad-f8e1a0860a49,025eda5c-8171-4672-8025-8a1f8c778378,c1,DROP,1015,?,i2,
1769501200.1373134,FORWARDED,addff30c-4aef-47d4-a2ad-f8e1a0860a49,025eda5c-8171-4672-8025-8a1f8c778378,c1,DROP,1015,?,i2,
1769501200.1669493,SENT,aaf0fba4-59a5-48c4-b3ee-88b559742db4,56d531c8-e0d2-4e18-ba2b-35884b6c1f21,c1,None,1608,?,i12,
1769501200.1669853,FORWARDED,aaf0fba4-59a5-48c4-b3ee-88b559742db4,56d531c8-e0d2-4e18-ba2b-35884b6c1f21,c1,None,1608,?,i12,
1769501200.2051992,SENT,c331ad26-cc89-4c70-bbbf-ed6c7b9ee1a3,cff8c163-5ff8-4cdf-941d-afde5de413ff,c3,DROP,1011,?,i12,
1769501200.2052417,FORWARDED,c331ad26-cc89-4c70-bbbf-ed6c7b9ee1a3,cff8c163-5ff8-4cdf-941d-afde5de413ff,c3,DROP,1011,?,i12,
1769501200.2075336,RECEIVED,ec2ee7a5-b7f8-46e0-89d7-9d526cd20e08,bd5f39ba-94fc-4ab6-af56-8094a1b416d0,c4,DROP,1441,p1,?,
1769501200.2397773,SENT,3509cdf9-8739-418e-ac4d-64c26c41f4db,e0134699-8292-4f49-bde2-2b73d388694c,c1,DROP,1012,?,i8,
1769501200.2398186,FORWARDED,3509cdf9-8739-418e-ac4d-64c26c41f4db,e0134699-8292-4f49-bde2-2b73d388694c,c1,DROP,1012,?,i8,
1769501200.4946027,RECEIVED,b29cbe20-4937-496b-9c07-568f2811e43b,4b62363a-3da4-414c-9331-8de3bd23c04f,c4,DROP,1439,p1,?,
1769501200.5009446,RECEIVED,bbaee883-1a19-4545-9e27-d8f93a968b0b,213b3184-8500-457e-881d-8c0e83ba5061,c3,DROP,1455,p3,?,
1769501200.6039767,SENT,ec2ee7a5-b7f8-46e0-89d7-9d526cd20e08,bd5f39ba-94fc-4ab6-af56-8094a1b416d0,c4,DROP,1008,?,i11,
1769501200.6040158,FORWARDED,ec2ee7a5-b7f8-46e0-89d7-9d526cd20e08,bd5f39ba-94fc-4ab6-af56-8094a1b416d0,c4,DROP,1008,?,i11,
1769501200.669199,RECEIVED,c7279ab0-dbc2-4f8d-b04e-013fc5b4b3f3,7ced6970-d0f4-4018-b9c7-6a799451292d,c1,DROP,1456,p1,?,
1769501200.6748323,RECEIVED,4b9b89b4-2e88-40ab-a11d-141e6af24960,4709ed6e-7b18-4382-bf2d-ed5172ba4b29,c3,None,2252,p3,?,
1769501200.7194357,SENT,f8055984-6dd3-44be-a3b9-dfbd8d208d06,22a2a798-de8f-408e-b7ec-3063e94d5310,c4,DROP,1009,?,i6,
1769501200.7194753,FORWARDED,f8055984-6dd3-44be-a3b9-dfbd8d208d06,22a2a798-de8f-408e-b7ec-3063e94d5310,c4,DROP,1009,?,i6,
1769501200.799887,RECEIVED,b7fbb875-31eb-45fa-8db0-5d3593987566,4a026745-2291-4a2a-ba04-7c42c019eb59,c5,DROP,1452,p2,?,
1769501200.8783226,SENT,b7fbb875-31eb-45fa-8db0-5d3593987566,4a026745-2291-4a2a-ba04-7c42c019eb59,c5,DROP,1015,?,i3,
1769501200.8783658,FORWARDED,b7fbb875-31eb-45fa-8db0-5d3593987566,4a026745-2291-4a2a-ba04-7c42c019eb59,c5,DROP,1015,?,i3,
1769501201.143598,SENT,4b9b89b4-2e88-40ab-a11d-141e6af24960,4709ed6e-7b18-4382-bf2d-ed5172ba4b29,c3,None,1617,?,i12,
1769501201.1436412,FORWARDED,4b9b89b4-2e88-40ab-a11d-141e6af24960,4709ed6e-7b18-4382-bf2d-ed5172ba4b29,c3,None,1617,?,i12,
1769501201.2521064,SENT,c7279ab0-dbc2-4f8d-b04e-013fc5b4b3f3,7ced6970-d0f4-4018-b9c7-6a799451292d,c1,DROP,1020,?,i11,
1769501201.2521493,FORWARDED,c7279ab0-dbc2-4f8d-b04e-013fc5b4b3f3,7ced6970-d0f4-4018-b9c7-6a799451292d,c1,DROP,1020,?,i11,
1769501201.501651,SENT,b29cbe20-4937-496b-9c07-568f2811e43b,4b62363a-3da4-414c-9331-8de3bd23c04f,c4,DROP,1006,?,i8,
1769501201.501704,FORWARDED,b29cbe20-4937-496b-9c07-568f2811e43b,4b62363a-3da4-414c-9331-8de3bd23c04f,c4,DROP,1006,?,i8,
1769501201.5048409,RECEIVED,02ab3a1e-ace7-4895-8e49-8ea8ed3cd2e0,4c56d6e8-44d2-458e-9627-9ddfe7caa66e,c5,DROP,1443,p2,?,
1769501201.5216775,SENT,bbaee883-1a19-4545-9e27-d8f93a968b0b,213b3184-8500-457e-881d-8c0e83ba5061,c3,DROP,1019,?,i10,
1769501201.5217204,FORWARDED,bbaee883-1a19-4545-9e27-d8f93a968b0b,213b3184-8500-457e-881d-8c0e83ba5061,c3,DROP,1019,?,i10,
1769501201.597448,SENT,02ab3a1e-ace7-4895-8e49-8ea8ed3cd2e0,4c56d6e8-44d2-458e-9627-9ddfe7caa66e,c5,DROP,1011,?,i7,
1769501201.5975313,FORWARDED,02ab3a1e-ace7-4895-8e49-8ea8ed3cd2e0,4c56d6e8-44d2-458e-9627-9ddfe7caa66e,c5,DROP,1011,?,i7,
1769501201.6806378,RECEIVED,a09b5d66-2ce3-451a-ac7b-11ba21f9b295,a3913705-4eea-4d40-9898-1110ec5c64eb,c2,DROP,439,x8,?,
1769501201.8745563,RECEIVED,0da8b1b8-280c-4326-baac-4ac6b47c4409,254fc3d3-6c2d-4f02-acad-7431f6c7b466,c5,DROP,441,x11,?,
1769501201.9674613,RECEIVED,d2361717-7fe3-4b15-b367-5f953c8024cb,d8a529b2-81a0-4d90-bacc-51633a8e030f,c1,DROP,1437,p1,?,
1769501201.9974945,RECEIVED,cae87dea-638c-4d64-be81-c8a5ae28c440,c6beea94-a5e4-4479-b134-52de27e5c448,c4,DROP,1447,p1,?,
1769501202.0724127,SENT,d2361717-7fe3-4b15-b367-5f953c8024cb,d8a529b2-81a0-4d90-bacc-51633a8e030f,c1,DROP,1005,?,i5,
1769501202.0724556,FORWARDED,d2361717-7fe3-4b15-b367-5f953c8024cb,d8a529b2-81a0-4d90-bacc-51633a8e030f,c1,DROP,1005,?,i5,
1769501202.1124566,RECEIVED,4d5664b7-021c-4dc1-86a2-17ba3e8b8d7e,d4e30746-ca2c-4981-a1e9-124f33ca8756,c2,DROP,1440,p2,?,
1769501202.201026,RECEIVED,e7399a39-3b99-468d-a2f2-e518911259ab,4bcf15f4-eb17-4bf2-8f2d-404bfad0ae4c,c3,DROP,1451,p3,?,
1769501202.2638457,RECEIVED,886ba5f7-a08b-489d-886d-1dbca8a4bead,9d152ede-79c4-4c23-9945-53198f1162ff,c4,c3,2455,p1,?,
1769501202.2730432,RECEIVED,a1dcd3a6-a86d-4ea8-8b9c-6fb293489699,61d3da17-cf9e-4a31-aa54-9f163ba1f6cb,c1,DROP,1451,p1,?,
1769501202.4568906,RECEIVED,41b09456-6f1b-4513-b634-9f798376daf9,bc6a20e1-8d46-4cdc-9788-25664c55dfb9,c3,c4,2463,p3,?,
1769501202.5181427,RECEIVED,4e4bb20b-b2ab-43e7-bba2-7657b5b3c234,e0ce9e35-3673-4c6c-b1b3-d4435755765a,c1,DROP,442,x11,?,
1769501202.5458038,RECEIVED,699061dc-ddfe-4456-8489-531d3bbb15d6,1f2fe902-7942-49ae-bc83-8c00563a7302,c5,DROP,441,x9,?,
1769501202.6210577,SENT,cae87dea-638c-4d64-be81-c8a5ae28c440,c6beea94-a5e4-4479-b134-52de27e5c448,c4,DROP,1013,?,i5,
1769501202.6211054,FORWARDED,cae87dea-638c-4d64-be81-c8a5ae28c440,c6beea94-a5e4-4479-b134-52de27e5c448,c4,DROP,1013,?,i5,
1769501202.6503677,RECEIVED,fd5ee141-acbf-4ead-8a59-fa193a7c0ce1,ba30ee16-ced2-425c-8761-c2da1b0cdf59,c4,DROP,1440,p1,?,
1769501202.7080572,RECEIVED,8a4121d8-c22c-499d-b8bd-0deea074976e,ee1fd7be-5ca3-467f-8e04-f50a60039d84,c2,DROP,1448,p2,?,
1769501202.7535055,SENT,fd5ee141-acbf-4ead-8a59-fa193a7c0ce1,ba30ee16-ced2-425c-8761-c2da1b0cdf59,c4,DROP,1007,?,i1,
1769501202.75355,FORWARDED,fd5ee141-acbf-4ead-8a59-fa193a7c0ce1,ba30ee16-ced2-425c-8761-c2da1b0cdf59,c4,DROP,1007,?,i1,
1769501202.7737064,SENT,a1dcd3a6-a86d-4ea8-8b9c-6fb293489699,61d3da17-cf9e-4a31-aa54-9f163ba1f6cb,c1,DROP,1015,?,i3,
1769501202.7737513,FORWARDED,a1dcd3a6-a86d-4ea8-8b9c-6fb293489699,61d3da17-cf9e-4a31-aa54-9f163ba1f6cb,c1,DROP,1015,?,i3,
1769501202.8676088,RECEIVED,f9ec66f6-8a7f-4b5c-969f-1d31ea421ef8,97575476-5c88-4266-9450-012d8b948c56,c5,c2,2475,p2,?,
1769501202.9263856,SENT,886ba5f7-a08b-489d-886d-1dbca8a4bead,9d152ede-79c4-4c23-9945-53198f1162ff,c4,c3,1768,?,i8,
1769501202.926421,FORWARDED,886ba5f7-a08b-489d-886d-1dbca8a4bead,9d152ede-79c4-4c23-9945-53198f1162ff,c4,c3,1768,?,i8,
1769501202.9429617,RECEIVED,830f0d78-c6aa-4161-af1a-40a8c144df4c,4d341305-6847-4056-8551-2ec83b7dd88a,c1,DROP,1440,p1,?,
1769501203.0190299,SENT,4d5664b7-021c-4dc1-86a2-17ba3e8b8d7e,d4e30746-ca2c-4981-a1e9-124f33ca8756,c2,DROP,1007,?,i10,
1769501203.019087,FORWARDED,4d5664b7-021c-4dc1-86a2-17ba3e8b8d7e,d4e30746-ca2c-4981-a1e9-124f33ca8756,c2,DROP,1007,?,i10,
1769501203.0527859,SENT,e7399a39-3b99-468d-a2f2-e518911259ab,4bcf15f4-eb17-4bf2-8f2d-404bfad0ae4c,c3,DROP,1015,?,i8,
1769501203.0528326,FORWARDED,e7399a39-3b99-468d-a2f2-e518911259ab,4bcf15f4-eb17-4bf2-8f2d-404bfad0ae4c,c3,DROP,1015,?,i8,
1769501203.1190774,RECEIVED,9221fefe-1d00-4e23-a138-e951a1d614f9,3ef3e346-0b4c-46db-a942-984602340c7c,c3,DROP,1439,p3,?,
1769501203.376717,RECEIVED,5cb14e2e-8adb-49ac-abfd-bbd82c295e62,d339a31d-674a-42b5-8fc3-0a30f7926c20,c2,DROP,1452,p2,?,
1769501203.3790007,SENT,9221fefe-1d00-4e23-a138-e951a1d614f9,3ef3e346-0b4c-46db-a942-984602340c7c,c3,DROP,1007,?,i6,
1769501203.3790386,FORWARDED,9221fefe-1d00-4e23-a138-e951a1d614f9,3ef3e346-0b4c-46db-a942-984602340c7c,c3,DROP,1007,?,i6,
1769501203.4393287,RECEIVED,78cb29cd-c728-4b8c-8cf2-59f6cb7824c4,dc8d00e3-8aad-4335-a2b8-a5c636700599,c2,DROP,441,x4,?,
1769501203.491454,SENT,8a4121d8-c22c-499d-b8bd-0deea074976e,ee1fd7be-5ca3-467f-8e04-f50a60039d84,c2,DROP,1012,?,i10,
1769501203.4915411,FORWARDED,8a4121d8-c22c-499d-b8bd-0deea074976e,ee1fd7be-5ca3-467f-8e04-f50a60039d84,c2,DROP,1012,?,i10,
1769501203.5928633,SENT,5cb14e2e-8adb-49ac-abfd-bbd82c295e62,d339a31d-674a-42b5-8fc3-0a30f7926c20,c2,DROP,1016,?,i5,
1769501203.592907,FORWARDED,5cb14e2e-8adb-49ac-abfd-bbd82c295e62,d339a31d-674a-42b5-8fc3-0a30f7926c20,c2,DROP,1016,?,i5,
1769501203.7088437,RECEIVED,62f3091e-649f-4253-a7a1-3d5da085fc28,9f4e8f20-f846-4f97-8533-12897e8cd656,c4,DROP,1456,p1,?,
1769501203.7730358,SENT,41b09456-6f1b-4513-b634-9f798376daf9,bc6a20e1-8d46-4cdc-9788-25664c55dfb9,c3,c4,1776,?,i4,
1769501203.773086,FORWARDED,41b09456-6f1b-4513-b634-9f798376daf9,bc6a20e1-8d46-4cdc-9788-25664c55dfb9,c3,c4,1776,?,i4,
1769501203.8547215,SENT,830f0d78-c6aa-4161-af1a-40a8c144df4c,4d341305-6847-4056-8551-2ec83b7dd88a,c1,DROP,1007,?,i11,
1769501203.8547761,FORWARDED,830f0d78-c6aa-4161-af1a-40a8c144df4c,4d341305-6847-4056-8551-2ec83b7dd88a,c1,DROP,1007,?,i11,
1769501203.8792202,SENT,62f3091e-649f-4253-a7a1-3d5da085fc28,9f4e8f20-f846-4f97-8533-12897e8cd656,c4,DROP,1020,?,i5,
1769501203.879262,FORWARDED,62f3091e-649f-4253-a7a1-3d5da085fc28,9f4e8f20-f846-4f97-8533-12897e8cd656,c4,DROP,1020,?,i5,
1769501203.9509254,RECEIVED,75f8a81e-60ce-4d41-a236-d10d09f9d93a,f761f00c-f318-415e-9a89-876459efcee6,c1,DROP,1445,p1,?,
1769501203.9824018,SENT,75f8a81e-60ce-4d41-a236-d10d09f9d93a,f761f00c-f318-415e-9a89-876459efcee6,c1,DROP,1011,?,i9,
1769501203.9824514,FORWARDED,75f8a81e-60ce-4d41-a236-d10d09f9d93a,f761f00c-f318-415e-9a89-876459efcee6,c1,DROP,1011,?,i9,
1769501204.0614455,RECEIVED,f2bb0567-b960-4238-883a-9849f6f86b1f,6f36234a-ea7e-4350-8108-bb102e506747,c5,DROP,442,x3,?,
1769501204.3185968,RECEIVED,0456c67a-0b63-40f1-8032-019cb1a69eee,751d820a-712e-4f12-adba-791ae0758242,c3,DROP,1446,p3,?,
1769501204.3562372,SENT,f9ec66f6-8a7f-4b5c-969f-1d31ea421ef8,97575476-5c88-4266-9450-012d8b948c56,c5,c2,1784,?,i11,
1769501204.3562777,FORWARDED,f9ec66f6-8a7f-4b5c-969f-1d31ea421ef8,97575476-5c88-4266-9450-012d8b948c56,c5,c2,1784,?,i11,
1769501204.548702,RECEIVED,5c5a2e92-b09e-42d2-b22a-a31d21a65f86,a446df34-73de-458b-a764-7bbca8bb149c,c5,None,2223,p2,?,
1769501204.6138222,RECEIVED,1d4b51b8-15ce-4805-82f4-bc3d3c53c00f,63e12690-0fa1-413c-a0bb-63af26dcfd19,c2,c1,2484,p2,?,
1769501204.6359327,SENT,5c5a2e92-b09e-42d2-b22a-a31d21a65f86,a446df34-73de-458b-a764-7bbca8bb149c,c5,None,1596,?,i3,
1769501204.6359787,FORWARDED,5c5a2e92-b09e-42d2-b22a-a31d21a65f86,a446df34-73de-458b-a764-7bbca8bb149c,c5,None,1596,?,i3,
1769501204.695887,RECEIVED,9197ace4-c7e7-43c2-9f17-5fdecf4cdf6e,91d46b0c-ac67-4d7f-a67a-1faa73064e33,c4,DROP,1439,p1,?,
1769501204.7843618,RECEIVED,f11b4220-a1fb-47a6-9938-446bc7ffa026,41bec721-c2cc-4057-b4a2-d240e1ea8826,c5,DROP,1459,p2,?,
1769501204.7981231,SENT,1d4b51b8-15ce-4805-82f4-bc3d3c53c00f,63e12690-0fa1-413c-a0bb-63af26dcfd19,c2,c1,1789,?,i11,
1769501204.7981634,FORWARDED,1d4b51b8-15ce-4805-82f4-bc3d3c53c00f,63e12690-0fa1-413c-a0bb-63af26dcfd19,c2,c1,1789,?,i11,
1769501204.8140662,RECEIVED,285d8ead-af88-4b4d-8277-50d9429eb07b,c42a261e-54d1-4901-b51e-9322a22f7b22,c2,DROP,1444,p2,?,
1769501204.8768942,SENT,f11b4220-a1fb-47a6-9938-446bc7ffa026,41bec721-c2cc-4057-b4a2-d240e1ea8826,c5,DROP,1021,?,i9,
1769501204.8769372,FORWARDED,f11b4220-a1fb-47a6-9938-446bc7ffa026,41bec721-c2cc-4057-b4a2-d240e1ea8826,c5,DROP,1021,?,i9,
1769501204.9063308,SENT,285d8ead-af88-4b4d-8277-50d9429eb07b,c42a261e-54d1-4901-b51e-9322a22f7b22,c2,DROP,1011,?,i6,
1769501204.906369,FORWARDED,285d8ead-af88-4b4d-8277-50d9429eb07b,c42a261e-54d1-4901-b51e-9322a22f7b22,c2,DROP,1011,?,i6,
1769501205.2054322,SENT,9197ace4-c7e7-43c2-9f17-5fdecf4cdf6e,91d46b0c-ac67-4d7f-a67a-1faa73064e33,c4,DROP,1008,?,i2,
1769501205.2054756,FORWARDED,9197ace4-c7e7-43c2-9f17-5fdecf4cdf6e,91d46b0c-ac67-4d7f-a67a-1faa73064e33,c4,DROP,1008,?,i2,
1769501205.287024,SENT,0456c67a-0b63-40f1-8032-019cb1a69eee,751d820a-712e-4f12-adba-791ae0758242,c3,DROP,1012,?,i5,
1769501205.2871192,FORWARDED,0456c67a-0b63-40f1-8032-019cb1a69eee,751d820a-712e-4f12-adba-791ae0758242,c3,DROP,1012,?,i5,
1769501205.5780444,RECEIVED,3899b7eb-b80a-4fc7-9661-b1d65aaadcf1,ab0bf78e-0f14-47a3-ad31-a2dd3358fafc,c4,DROP,441,x5,?,
1769501205.59863,RECEIVED,592d54ea-745f-4bf8-a972-215c52f0ee00,f71f953f-5bfb-4c51-82b2-775d25166f93,c5,DROP,1434,p2,?,
1769501205.7183204,RECEIVED,3b2f4495-bdf7-4081-8f62-ac2a85d7ff47,ef37d07d-3847-4d27-8304-bc7dc7865d69,c1,c5,2459,p1,?,
1769501205.9048204,RECEIVED,7b9c863a-b25b-4ad8-8757-0d3e78ad37ba,7e29bb0b-0969-4eb8-a7ec-bb2893ecdd8f,c3,c4,2457,p3,?,
1769501205.9641,RECEIVED,99acf6fd-5cd6-426c-87cc-4ac043c2e619,ec674469-0370-44a0-990e-61a24be6d327,c5,DROP,1452,p2,?,
1769501206.050748,RECEIVED,4d012f76-50bc-4e4b-b756-34e8fadee653,a2a6a7be-7c0f-42b5-99e5-80ca02870f95,c2,DROP,1455,p2,?,
1769501206.0836253,RECEIVED,33957d0f-8bcb-4395-b1f8-9d4d1ac338b7,1fa3a290-adfb-42de-9843-ff00162f2ba2,c5,DROP,1461,p2,?,
1769501206.1171994,RECEIVED,b59071e4-13c2-479b-8301-ea7ec054c71c,3d70278e-fce6-4621-9dc7-573cea35c027,c3,None,2235,p3,?,
1769501206.1263094,RECEIVED,5e810d62-105a-4235-acc2-b51437df942e,35eab15d-6336-4ea2-b175-16b74caa27a6,c3,DROP,1440,p3,?,
1769501206.1296358,RECEIVED,2b6aad2a-41bf-433f-84cf-872168a8abae,8b619b26-fd88-4487-9e1b-f1370ab6fa2b,c5,DROP,441,x6,?,
1769501206.2023892,RECEIVED,668a174f-1590-426a-a9f1-e0ec3f2fcbde,f58440da-c62d-425e-85a8-79eaaae44505,c4,c3,2469,p1,?,
1769501206.2480912,SENT,668a174f-1590-426a-a9f1-e0ec3f2fcbde,f58440da-c62d-425e-85a8-79eaaae44505,c4,c3,1777,?,i7,
1769501206.2481344,FORWARDED,668a174f-1590-426a-a9f1-e0ec3f2fcbde,f58440da-c62d-425e-85a8-79eaaae44505,c4,c3,1777,?,i7,
1769501206.2511551,SENT,99acf6fd-5cd6-426c-87cc-4ac043c2e619,ec674469-0370-44a0-990e-61a24be6d327,c5,DROP,1017,?,i3,
1769501206.2511964,FORWARDED,99acf6fd-5cd6-426c-87cc-4ac043c2e619,ec674469-0370-44a0-990e-61a24be6d327,c5,DROP,1017,?,i3,
1769501206.2811162,SENT,b59071e4-13c2-479b-8301-ea7ec054c71c,3d70278e-fce6-4621-9dc7-573cea35c027,c3,None,1604,?,i1,
1769501206.2811606,FORWARDED,b59071e4-13c2-479b-8301-ea7ec054c71c,3d70278e-fce6-4621-9dc7-573cea35c027,c3,None,1604,?,i1,
1769501206.3048558,SENT,5e810d62-105a-4235-acc2-b51437df942e,35eab15d-6336-4ea2-b175-16b74caa27a6,c3,DROP,1007,?,i5,
1769501206.304897,FORWARDED,5e810d62-105a-4235-acc2-b51437df942e,35eab15d-6336-4ea2-b175-16b74caa27a6,c3,DROP,1007,?,i5,
1769501206.312327,RECEIVED,523ce171-f07b-4e89-8b7d-6cb49d69a6a5,28e63c31-86ed-48b6-a508-ed5d84d28a1e,c3,DROP,1439,p3,?,
1769501206.3345969,SENT,7b9c863a-b25b-4ad8-8757-0d3e78ad37ba,7e29bb0b-0969-4eb8-a7ec-bb2893ecdd8f,c3,c4,1768,?,i10,
1769501206.334634,FORWARDED,7b9c863a-b25b-4ad8-8757-0d3e78ad37ba,7e29bb0b-0969-4eb8-a7ec-bb2893ecdd8f,c3,c4,1768,?,i10,
1769501206.3621185,SENT,33957d0f-8bcb-4395-b1f8-9d4d1ac338b7,1fa3a290-adfb-42de-9843-ff00162f2ba2,c5,DROP,1021,?,i10,
1769501206.362162,FORWARDED,33957d0f-8bcb-4395-b1f8-9d4d1ac338b7,1fa3a290-adfb-42de-9843-ff00162f2ba2,c5,DROP,1021,?,i10,
1769501206.3825417,SENT,592d54ea-745f-4bf8-a972-215c52f0ee00,f71f953f-5bfb-4c51-82b2-775d25166f93,c5,DROP,1004,?,i2,
1769501206.3825772,FORWARDED,592d54ea-745f-4bf8-a972-215c52f0ee00,f71f953f-5bfb-4c51-82b2-775d25166f93,c5,DROP,1004,?,i2,
1769501206.5296302,SENT,4d012f76-50bc-4e4b-b756-34e8fadee653,a2a6a7be-7c0f-42b5-99e5-80ca02870f95,c2,DROP,1019,?,i10,
1769501206.529665,FORWARDED,4d012f76-50bc-4e4b-b756-34e8fadee653,a2a6a7be-7c0f-42b5-99e5-80ca02870f95,c2,DROP,1019,?,i10,
1769501206.5590384,RECEIVED,415fa8e9-c876-417a-bb42-2d65196c5fea,adffda8c-138d-4063-9224-ecb6ce6c4173,c2,c1,2464,p2,?,
1769501206.6542537,SENT,3b2f4495-bdf7-4081-8f62-ac2a85d7ff47,ef37d07d-3847-4d27-8304-bc7dc7865d69,c1,c5,1771,?,i8,
1769501206.6542883,FORWARDED,3b2f4495-bdf7-4081-8f62-ac2a85d7ff47,ef37d07d-3847-4d27-8304-bc7dc7865d69,c1,c5,1771,?,i8,
1769501206.6713953,SENT,415fa8e9-c876-417a-bb42-2d65196c5fea,adffda8c-138d-4063-9224-ecb6ce6c4173,c2,c1,1776,?,i6,
1769501206.671437,FORWARDED,415fa8e9-c876-417a-bb42-2d65196c5fea,adffda8c-138d-4063-9224-ecb6ce6c4173,c2,c1,1776,?,i6,
1769501206.9221027,RECEIVED,3d3f4131-1210-48df-95e6-26f1ea19b0d6,2208da72-6b55-4a62-96a2-a0d37414d264,c1,None,2237,p1,?,
1769501206.9475977,RECEIVED,afa4f5af-489a-4c33-a47b-e7ba24a54bc1,b8c4be32-1c0b-4cf8-8590-0d14612df39b,c3,c4,2455,p3,?,
1769501206.9758718,RECEIVED,66614b5c-7786-4163-b024-84ff81adeef1,8fa79b1e-e76e-45f4-bfb0-9bc0ac16d9da,c3,c4,2475,p3,?,
1769501207.127562,SENT,523ce171-f07b-4e89-8b7d-6cb49d69a6a5,28e63c31-86ed-48b6-a508-ed5d84d28a1e,c3,DROP,1007,?,i4,
1769501207.1276026,FORWARDED,523ce171-f07b-4e89-8b7d-6cb49d69a6a5,28e63c31-86ed-48b6-a508-ed5d84d28a1e,c3,DROP,1007,?,i4,
1769501207.236842,RECEIVED,fa4e77ad-cef1-4c09-bf59-0731cb517d4c,03218ff0-aa7a-4de4-98d0-0a769971cffd,c2,c1,2447,p2,?,
1769501207.2680953,SENT,3d3f4131-1210-48df-95e6-26f1ea19b0d6,2208da72-6b55-4a62-96a2-a0d37414d264,c1,None,1603,?,i10,
1769501207.2681396,FORWARDED,3d3f4131-1210-48df-95e6-26f1ea19b0d6,2208da72-6b55-4a62-96a2-a0d37414d264,c1,None,1603,?,i10,
1769501207.2729235,SENT,66614b5c-7786-4163-b024-84ff81adeef1,8fa79b1e-e76e-45f4-bfb0-9bc0ac16d9da,c3,c4,1783,?,i2,
1769501207.2729673,FORWARDED,66614b5c-7786-4163-b024-84ff81adeef1,8fa79b1e-e76e-45f4-bfb0-9bc0ac16d9da,c3,c4,1783,?,i2,
1769501207.486779,RECEIVED,9c2bda31-a279-4641-8403-00ffec184761,df7325b6-f789-4c89-a01d-153b5514041c,c3,DROP,446,x10,?,
1769501207.6932197,SENT,afa4f5af-489a-4c33-a47b-e7ba24a54bc1,b8c4be32-1c0b-4cf8-8590-0d14612df39b,c3,c4,1768,?,i6,
1769501207.6932642,FORWARDED,afa4f5af-489a-4c33-a47b-e7ba24a54bc1,b8c4be32-1c0b-4cf8-8590-0d14612df39b,c3,c4,1768,?,i6,
1769501207.7114954,RECEIVED,71a347a4-5e90-4bf2-9589-2c1948aa5efb,d8e49fb6-c0d4-4bca-84e5-5557b44d1871,c3,DROP,442,x4,?,
1769501207.8523753,SENT,fa4e77ad-cef1-4c09-bf59-0731cb517d4c,03218ff0-aa7a-4de4-98d0-0a769971cffd,c2,c1,1764,?,i5,
1769501207.8524165,FORWARDED,fa4e77ad-cef1-4c09-bf59-0731cb517d4c,03218ff0-aa7a-4de4-98d0-0a769971cffd,c2,c1,1764,?,i5,
1769501208.049166,RECEIVED,567c7985-2e9a-4832-b662-5e5be6d00186,4d805b4d-3291-4eab-b676-41b980e11fcb,c4,DROP,1446,p1,?,
1769501208.1518352,RECEIVED,3a4feedf-0140-41b4-8545-eb0349fd5eb0,5821b4fd-dda3-4562-bb34-69ec007fdeb6,c5,DROP,441,x9,?,
1769501208.2563653,RECEIVED,fb5c483a-1d77-415e-be17-88d22c278652,7030093b-f4a5-4729-beab-077afd832e79,c1,DROP,441,x11,?,
1769501208.3495755,RECEIVED,da4f2f5c-0e4a-4e7d-84b1-cde6b22038e7,f43193c2-9310-4b52-8638-f16b5bed79b0,c3,c4,2449,p3,?,
1769501208.3849666,SENT,da4f2f5c-0e4a-4e7d-84b1-cde6b22038e7,f43193c2-9310-4b52-8638-f16b5bed79b0,c3,c4,1764,?,i2,
1769501208.3850098,FORWARDED,da4f2f5c-0e4a-4e7d-84b1-cde6b22038e7,f43193c2-9310-4b52-8638-f16b5bed79b0,c3,c4,1764,?,i2,
1769501208.4266098,RECEIVED,28041e4b-b546-4621-aea2-2c508eaad12e,aa440a8e-4149-41de-ad4f-bf5cafb9ab4f,c4,c3,2459,p1,?,
1769501208.5889368,RECEIVED,585cf868-38bf-461f-8979-aa8983e86456,95268655-cce4-4843-bc37-7a68e7b47987,c1,None,2248,p1,?,
1769501208.7059128,SENT,28041e4b-b546-4621-aea2-2c508eaad12e,aa440a8e-4149-41de-ad4f-bf5cafb9ab4f,c4,c3,1772,?,i1,
1769501208.7059617,FORWARDED,28041e4b-b546-4621-aea2-2c508eaad12e,aa440a8e-4149-41de-ad4f-bf5cafb9ab4f,c4,c3,1772,?,i1,
1769501208.7168558,RECEIVED,3c03cb56-532c-483c-bad3-c11ff5da51f1,4af92a66-5c09-4091-8421-fdc30f17ffff,c3,DROP,440,x2,?,
1769501208.743792,SENT,567c7985-2e9a-4832-b662-5e5be6d00186,4d805b4d-3291-4eab-b676-41b980e11fcb,c4,DROP,1012,?,i7,
1769501208.743834,FORWARDED,567c7985-2e9a-4832-b662-5e5be6d00186,4d805b4d-3291-4eab-b676-41b980e11fcb,c4,DROP,1012,?,i7,
1769501208.828716,RECEIVED,4abd6d67-1802-4e8a-a0e9-9b0d47e917ca,066b97a6-8b34-4706-907b-b2a28b230a92,c4,DROP,441,x6,?,
1769501208.8832743,RECEIVED,0bb86b57-b52e-4226-aeb1-a70ddb013ac8,168371e2-511a-49ed-87f4-cc080fb83429,c2,DROP,1439,p2,?,
1769501208.9247804,RECEIVED,767ce58f-c20a-408a-9bd1-e214cb58f1fa,084703d5-8de4-41b7-ae0e-5b274ec6c3d3,c1,c5,2460,p1,?,
1769501209.032159,RECEIVED,96776936-b47a-4982-bc69-46a6b2796415,078512c7-b689-4dde-a5c4-d54e3b549a68,c5,DROP,1460,p2,?,
1769501209.1414745,SENT,585cf868-38bf-461f-8979-aa8983e86456,95268655-cce4-4843-bc37-7a68e7b47987,c1,None,1613,?,i11,
1769501209.1415179,FORWARDED,585cf868-38bf-461f-8979-aa8983e86456,95268655-cce4-4843-bc37-7a68e7b47987,c1,None,1613,?,i11,
1769501209.1770394,SENT,767ce58f-c20a-408a-9bd1-e214cb58f1fa,084703d5-8de4-41b7-ae0e-5b274ec6c3d3,c1,c5,1771,?,i9,
1769501209.1771374,FORWARDED,767ce58f-c20a-408a-9bd1-e214cb58f1fa,084703d5-8de4-41b7-ae0e-5b274ec6c3d3,c1,c5,1771,?,i9,
1769501209.2274632,RECEIVED,1d9e8603-e4d7-4611-afd0-08c8853011f4,548d8220-be82-48bc-b251-20694bcff65f,c2,DROP,1457,p2,?,
1769501209.3063571,RECEIVED,7ab88f29-80e5-4a34-9ec6-e6c04f8c681d,355a16ba-3d6e-4658-8faa-79ce0a6874cb,c5,None,2228,p2,?,
1769501209.355474,SENT,96776936-b47a-4982-bc69-46a6b2796415,078512c7-b689-4dde-a5c4-d54e3b549a68,c5,DROP,1021,?,i11,
1769501209.3555152,FORWARDED,96776936-b47a-4982-bc69-46a6b2796415,078512c7-b689-4dde-a5c4-d54e3b549a68,c5,DROP,1021,?,i11,
1769501209.3626244,SENT,1d9e8603-e4d7-4611-afd0-08c8853011f4,548d8220-be82-48bc-b251-20694bcff65f,c2,DROP,1020,?,i11,
1769501209.3626661,FORWARDED,1d9e8603-e4d7-4611-afd0-08c8853011f4,548d8220-be82-48bc-b251-20694bcff65f,c2,DROP,1020,?,i11,
1769501209.4882731,RECEIVED,7eb501a1-1e8d-4cc2-bd69-4c2c218403a2,4a8ab2a3-8a8d-4622-b516-639ef0aedf43,c2,DROP,1443,p2,?,
1769501209.529351,RECEIVED,2ea290ce-18d1-4871-bf8c-792a893697cd,c19924f9-94af-46ea-94a9-5deab9fa3115,c1,DROP,442,x6,?,
1769501209.5763826,SENT,0bb86b57-b52e-4226-aeb1-a70ddb013ac8,168371e2-511a-49ed-87f4-cc080fb83429,c2,DROP,1007,?,i5,
1769501209.576426,FORWARDED,0bb86b57-b52e-4226-aeb1-a70ddb013ac8,168371e2-511a-49ed-87f4-cc080fb83429,c2,DROP,1007,?,i5,
1769501209.6135879,RECEIVED,e153fd18-8537-4f6a-ba1e-af26337adc43,529db780-ec8a-4e1b-8cc3-9412b8b9a0d9,c5,DROP,442,x8,?,
1769501209.9027984,RECEIVED,310ce8cd-9f8b-4a69-a615-e6b5e2dd88db,f7602e25-03cf-440b-ac22-3f8e3e522600,c5,None,2228,p2,?,
1769501209.959999,SENT,310ce8cd-9f8b-4a69-a615-e6b5e2dd88db,f7602e25-03cf-440b-ac22-3f8e3e522600,c5,None,1599,?,i8,
1769501209.9600437,FORWARDED,310ce8cd-9f8b-4a69-a615-e6b5e2dd88db,f7602e25-03cf-440b-ac22-3f8e3e522600,c5,None,1599,?,i8,
1769501210.0104933,SENT,7ab88f29-80e5-4a34-9ec6-e6c04f8c681d,355a16ba-3d6e-4658-8faa-79ce0a6874cb,c5,None,1599,?,i11,
1769501210.010537,FORWARDED,7ab88f29-80e5-4a34-9ec6-e6c04f8c681d,355a16ba-3d6e-4658-8faa-79ce0a6874cb,c5,None,1599,?,i11,
1769501210.16231,SENT,7eb501a1-1e8d-4cc2-bd69-4c2c218403a2,4a8ab2a3-8a8d-4622-b516-639ef0aedf43,c2,DROP,1011,?,i8,
1769501210.162356,FORWARDED,7eb501a1-1e8d-4cc2-bd69-4c2c218403a2,4a8ab2a3-8a8d-4622-b516-639ef0aedf43,c2,DROP,1011,?,i8,
1769501210.2370186,RECEIVED,8bf78d63-b23c-493d-b27e-3de41171752a,7449405e-000d-49cb-9cb8-f6c03a60d511,c3,DROP,441,x8,?,
1769501210.282444,RECEIVED,4312fe84-9f99-4a04-afaf-dd92ce7cbd39,98d93152-4901-4118-adc3-b37bdebd1342,c5,None,2228,p2,?,
1769501210.5218916,RECEIVED,f0487bbf-d3c0-4ed0-be4b-4c147de1f466,f0cdc995-00c6-4b74-a5f6-4ae818dae57b,c1,None,2241,p1,?,
1769501210.6094747,SENT,f0487bbf-d3c0-4ed0-be4b-4c147de1f466,f0cdc995-00c6-4b74-a5f6-4ae818dae57b,c1,None,1607,?,i10,
1769501210.6095188,FORWARDED,f0487bbf-d3c0-4ed0-be4b-4c147de1f466,f0cdc995-00c6-4b74-a5f6-4ae818dae57b,c1,None,1607,?,i10,
1769501210.714654,RECEIVED,9c5d3a42-b0d1-4232-91b5-5f3c577d415e,67153297-c9dc-42f7-a9db-894a2a99e8f8,c1,DROP,441,x11,?,
1769501210.85904,RECEIVED,6f1cb53c-2696-4fd9-874d-c946c3a1074c,d2687f46-7ba7-4588-a5f5-a7b0d8a4f138,c5,DROP,1440,p2,?,
1769501211.0106385,RECEIVED,388006e8-7fa0-4251-8a7d-31a2cc6d4f19,61b80817-c2b7-4a66-8369-f1d7a3a4cfdb,c2,DROP,1447,p2,?,
1769501211.0854769,SENT,4312fe84-9f99-4a04-afaf-dd92ce7cbd39,98d93152-4901-4118-adc3-b37bdebd1342,c5,None,1599,?,i10,
1769501211.0855284,FORWARDED,4312fe84-9f99-4a04-afaf-dd92ce7cbd39,98d93152-4901-4118-adc3-b37bdebd1342,c5,None,1599,?,i10,
1769501211.2090907,RECEIVED,2ecc6976-67d7-467d-855d-e54e5498f15a,724dce66-defd-46d2-b6ce-c521e5636ed0,c4,c3,2468,p1,?,
1769501211.2685018,SENT,6f1cb53c-2696-4fd9-874d-c946c3a1074c,d2687f46-7ba7-4588-a5f5-a7b0d8a4f138,c5,DROP,1007,?,i10,
1769501211.2685447,FORWARDED,6f1cb53c-2696-4fd9-874d-c946c3a1074c,d2687f46-7ba7-4588-a5f5-a7b0d8a4f138,c5,DROP,1007,?,i10,
1769501211.303435,RECEIVED,edc759b4-ae40-46d3-9bf7-f61fb767332d,ac06f463-11c8-499d-b1fc-1d880a2e90f3,c5,DROP,1452,p2,?,
1769501211.3721445,SENT,edc759b4-ae40-46d3-9bf7-f61fb767332d,ac06f463-11c8-499d-b1fc-1d880a2e90f3,c5,DROP,1015,?,i2,
1769501211.372183,FORWARDED,edc759b4-ae40-46d3-9bf7-f61fb767332d,ac06f463-11c8-499d-b1fc-1d880a2e90f3,c5,DROP,1015,?,i2,
1769501211.4177468,RECEIVED,7124ff18-0bf8-4d31-9f3a-6208f6488623,5f6e90d9-1f35-4e4e-a6b1-27d88d82f334,c1,DROP,1458,p1,?,
1769501211.4644537,RECEIVED,e685e482-4fd6-4ff6-baec-1cf54c9e9c0c,3b3ca16e-fd81-4cbe-9acd-6e3724d3ceb6,c4,DROP,1440,p1,?,
1769501211.4812703,SENT,2ecc6976-67d7-467d-855d-e54e5498f15a,724dce66-defd-46d2-b6ce-c521e5636ed0,c4,c3,1779,?,i12,
1769501211.48131,FORWARDED,2ecc6976-67d7-467d-855d-e54e5498f15a,724dce66-defd-46d2-b6ce-c521e5636ed0,c4,c3,1779,?,i12,
1769501211.5111022,RECEIVED,b5a7f983-7eda-4998-800a-b04b05f04c03,d0038640-14e4-4a2b-bf39-6e4f998d917f,c2,DROP,1445,p2,?,
1769501211.583955,SENT,b5a7f983-7eda-4998-800a-b04b05f04c03,d0038640-14e4-4a2b-bf39-6e4f998d917f,c2,DROP,1009,?,i5,
1769501211.5839982,FORWARDED,b5a7f983-7eda-4998-800a-b04b05f04c03,d0038640-14e4-4a2b-bf39-6e4f998d917f,c2,DROP,1009,?,i5,
1769501211.621244,SENT,e685e482-4fd6-4ff6-baec-1cf54c9e9c0c,3b3ca16e-fd81-4cbe-9acd-6e3724d3ceb6,c4,DROP,1007,?,i5,
1769501211.6212869,FORWARDED,e685e482-4fd6-4ff6-baec-1cf54c9e9c0c,3b3ca16e-fd81-4cbe-9acd-6e3724d3ceb6,c4,DROP,1007,?,i5,
1769501211.8018003,RECEIVED,8efc74c5-ce6a-46a6-b3ae-8510efe1951e,60ee9773-b1b7-4c95-9272-eade0f3f0c52,c1,DROP,1447,p1,?,
1769501211.8240008,SENT,388006e8-7fa0-4251-8a7d-31a2cc6d4f19,61b80817-c2b7-4a66-8369-f1d7a3a4cfdb,c2,DROP,1012,?,i9,
1769501211.8240423,FORWARDED,388006e8-7fa0-4251-8a7d-31a2cc6d4f19,61b80817-c2b7-4a66-8369-f1d7a3a4cfdb,c2,DROP,1012,?,i9,
1769501211.8283353,RECEIVED,728485bd-4c21-4142-930a-ad279ec24a3e,fe4df8f0-d25e-4185-b06b-9a233f9dcd29,c4,DROP,1440,p1,?,
1769501211.8615522,SENT,7124ff18-0bf8-4d31-9f3a-6208f6488623,5f6e90d9-1f35-4e4e-a6b1-27d88d82f334,c1,DROP,1023,?,i4,
1769501211.861594,FORWARDED,7124ff18-0bf8-4d31-9f3a-6208f6488623,5f6e90d9-1f35-4e4e-a6b1-27d88d82f334,c1,DROP,1023,?,i4,
1769501211.8702586,RECEIVED,567fc7fa-4a54-4f49-aea1-deac086f56d9,16cf2b00-53de-48dd-a439-20992ad9b920,c4,DROP,441,x1,?,
1769501211.9322634,SENT,728485bd-4c21-4142-930a-ad279ec24a3e,fe4df8f0-d25e-4185-b06b-9a233f9dcd29,c4,DROP,1008,?,i9,
1769501211.932303,FORWARDED,728485bd-4c21-4142-930a-ad279ec24a3e,fe4df8f0-d25e-4185-b06b-9a233f9dcd29,c4,DROP,1008,?,i9,
1769501211.967575,SENT,8efc74c5-ce6a-46a6-b3ae-8510efe1951e,60ee9773-b1b7-4c95-9272-eade0f3f0c52,c1,DROP,1012,?,i9,
1769501211.967613,FORWARDED,8efc74c5-ce6a-46a6-b3ae-8510efe1951e,60ee9773-b1b7-4c95-9272-eade0f3f0c52,c1,DROP,1012,?,i9,
1769501212.4425628,RECEIVED,f41578b7-cb61-4f4b-9998-3ccd1b4b8d5f,016a5592-787b-4b28-8691-c1f26c431bd1,c3,c4,2468,p3,?,
1769501212.5420675,SENT,f41578b7-cb61-4f4b-9998-3ccd1b4b8d5f,016a5592-787b-4b28-8691-c1f26c431bd1,c3,c4,1779,?,i9,
1769501212.5421114,FORWARDED,f41578b7-cb61-4f4b-9998-3ccd1b4b8d5f,016a5592-787b-4b28-8691-c1f26c431bd1,c3,c4,1779,?,i9,
1769501212.5803728,RECEIVED,ed904df8-4b8d-4386-b5a4-1d72d8a57030,fbfabbe9-ef8c-4736-b4bc-613d4fbe1e7f,c2,DROP,1440,p2,?,
1769501212.588158,RECEIVED,f65e0ffd-d256-4184-a589-01783a6ab765,7dce732d-747e-4901-b21b-079236ba6aec,c3,DROP,1439,p3,?,
1769501212.6482341,SENT,ed904df8-4b8d-4386-b5a4-1d72d8a57030,fbfabbe9-ef8c-4736-b4bc-613d4fbe1e7f,c2,DROP,1008,?,i2,
1769501212.6482723,FORWARDED,ed904df8-4b8d-4386-b5a4-1d72d8a57030,fbfabbe9-ef8c-4736-b4bc-613d4fbe1e7f,c2,DROP,1008,?,i2,
1769501212.652802,RECEIVED,66308526-ba46-4b9d-8927-7d90912ddfd1,b6f524b5-21ca-4647-80e2-3ef975fa3f27,c5,c2,2463,p2,?,
1769501212.8057206,RECEIVED,b6490022-9e8f-4111-a6cb-b2a28c8ad853,df941137-362a-4851-b216-73c5cc30b230,c3,None,2224,p3,?,
1769501213.097599,SENT,b6490022-9e8f-4111-a6cb-b2a28c8ad853,df941137-362a-4851-b216-73c5cc30b230,c3,None,1595,?,i11,
1769501213.0976408,FORWARDED,b6490022-9e8f-4111-a6cb-b2a28c8ad853,df941137-362a-4851-b216-73c5cc30b230,c3,None,1595,?,i11,
1769501213.3489442,RECEIVED,2e1e645a-c12f-4aa2-8e2f-59686878e37a,9118ec76-beee-4fd1-88ae-24a8cac349da,c3,c4,2467,p3,?,
1769501213.7507143,SENT,2e1e645a-c12f-4aa2-8e2f-59686878e37a,9118ec76-beee-4fd1-88ae-24a8cac349da,c3,c4,1779,?,i5,
1769501213.7507577,FORWARDED,2e1e645a-c12f-4aa2-8e2f-59686878e37a,9118ec76-beee-4fd1-88ae-24a8cac349da,c3,c4,1779,?,i5,
1769501213.7606587,RECEIVED,cf4abaea-2f3b-4337-a1d3-ea2273b3b8ce,856a968f-c2ce-45dd-9639-e2f7569627ec,c4,DROP,1448,p1,?,
1769501213.8596573,SENT,cf4abaea-2f3b-4337-a1d3-ea2273b3b8ce,856a968f-c2ce-45dd-9639-e2f7569627ec,c4,DROP,1012,?,i5,
1769501213.8597004,FORWARDED,cf4abaea-2f3b-4337-a1d3-ea2273b3b8ce,856a968f-c2ce-45dd-9639-e2f7569627ec,c4,DROP,1012,?,i5,
1769501213.9754019,RECEIVED,0fed862a-f67b-44d6-be2b-2663546ac040,66f9bdf3-7fce-4eec-803d-68fec1b26ef4,c1,c5,2473,p1,?,
1769501214.1368856,RECEIVED,2b29592d-b382-464c-b246-8f70b099012a,507e5662-2ca5-49b5-a437-f8a45b764110,c4,None,2223,p1,?,
1769501214.1865857,SENT,0fed862a-f67b-44d6-be2b-2663546ac040,66f9bdf3-7fce-4eec-803d-68fec1b26ef4,c1,c5,1781,?,i12,
1769501214.1866286,FORWARDED,0fed862a-f67b-44d6-be2b-2663546ac040,66f9bdf3-7fce-4eec-803d-68fec1b26ef4,c1,c5,1781,?,i12,
1769501214.1934361,SENT,66308526-ba46-4b9d-8927-7d90912ddfd1,b6f524b5-21ca-4647-80e2-3ef975fa3f27,c5,c2,1776,?,i8,
1769501214.193479,FORWARDED,66308526-ba46-4b9d-8927-7d90912ddfd1,b6f524b5-21ca-4647-80e2-3ef975fa3f27,c5,c2,1776,?,i8,
1769501214.325415,SENT,f65e0ffd-d256-4184-a589-01783a6ab765,7dce732d-747e-4901-b21b-079236ba6aec,c3,DROP,1008,?,i10,
1769501214.3254514,FORWARDED,f65e0ffd-d256-4184-a589-01783a6ab765,7dce732d-747e-4901-b21b-079236ba6aec,c3,DROP,1008,?,i10,
1769501214.435889,RECEIVED,128c2663-9445-455c-b476-d2b68149a2b5,adf01779-5254-4d0d-aa36-422a640459b5,c5,DROP,441,x8,?,
1769501214.4977505,RECEIVED,7d220340-8649-46b8-bf23-a8729b21f0e4,2df2707c-fda4-41f4-be4e-0021625118db,c4,c3,2463,p1,?,
1769501214.5096924,RECEIVED,1b6c0164-068f-41df-9e20-1a51125a8a8e,f7b5b1d6-8e5a-4919-abc9-b4a9fe7d01b3,c1,DROP,1438,p1,?,
1769501214.6931412,SENT,2b29592d-b382-464c-b246-8f70b099012a,507e5662-2ca5-49b5-a437-f8a45b764110,c4,None,1595,?,i7,
1769501214.69318,FORWARDED,2b29592d-b382-464c-b246-8f70b099012a,507e5662-2ca5-49b5-a437-f8a45b764110,c4,None,1595,?,i7,
1769501214.8743305,RECEIVED,81efa474-f4c2-4081-8f60-d34aa911b539,87dc8642-a961-4f84-9184-1313667a18fa,c2,DROP,1436,p2,?,
1769501214.920519,SENT,1b6c0164-068f-41df-9e20-1a51125a8a8e,f7b5b1d6-8e5a-4919-abc9-b4a9fe7d01b3,c1,DROP,1008,?,i1,
1769501214.920562,FORWARDED,1b6c0164-068f-41df-9e20-1a51125a8a8e,f7b5b1d6-8e5a-4919-abc9-b4a9fe7d01b3,c1,DROP,1008,?,i1,
1769501214.9851236,SENT,7d220340-8649-46b8-bf23-a8729b21f0e4,2df2707c-fda4-41f4-be4e-0021625118db,c4,c3,1774,?,i6,
1769501214.9851649,FORWARDED,7d220340-8649-46b8-bf23-a8729b21f0e4,2df2707c-fda4-41f4-be4e-0021625118db,c4,c3,1774,?,i6,
1769501215.008088,RECEIVED,5ce80f12-c190-4832-a5dc-8c5a69397200,d1b9ece9-559d-4e1b-ac50-dc349b3583d3,c3,None,2235,p3,?,
1769501215.0544796,RECEIVED,e07423e9-d2c9-46e9-a6b9-0c3a89305027,9f3fcec4-732a-41f7-8d92-ee44e7db902c,c5,None,2235,p2,?,
1769501215.1933897,SENT,81efa474-f4c2-4081-8f60-d34aa911b539,87dc8642-a961-4f84-9184-1313667a18fa,c2,DROP,1003,?,i4,
1769501215.1934297,FORWARDED,81efa474-f4c2-4081-8f60-d34aa911b539,87dc8642-a961-4f84-9184-1313667a18fa,c2,DROP,1003,?,i4,
1769501215.3313026,RECEIVED,bc78f852-2f65-4c19-a130-83d85b6c32cb,3a6db8d2-0786-4d40-a5c2-1380065649c6,c3,DROP,1444,p3,?,
1769501215.3413432,SENT,5ce80f12-c190-4832-a5dc-8c5a69397200,d1b9ece9-559d-4e1b-ac50-dc349b3583d3,c3,None,1604,?,i7,
1769501215.3413954,FORWARDED,5ce80f12-c190-4832-a5dc-8c5a69397200,d1b9ece9-559d-4e1b-ac50-dc349b3583d3,c3,None,1604,?,i7,
1769501215.3768125,SENT,bc78f852-2f65-4c19-a130-83d85b6c32cb,3a6db8d2-0786-4d40-a5c2-1380065649c6,c3,DROP,1011,?,i6,
1769501215.3768523,FORWARDED,bc78f852-2f65-4c19-a130-83d85b6c32cb,3a6db8d2-0786-4d40-a5c2-1380065649c6,c3,DROP,1011,?,i6,
1769501215.4807565,SENT,e07423e9-d2c9-46e9-a6b9-0c3a89305027,9f3fcec4-732a-41f7-8d92-ee44e7db902c,c5,None,1605,?,i6,
1769501215.4807997,FORWARDED,e07423e9-d2c9-46e9-a6b9-0c3a89305027,9f3fcec4-732a-41f7-8d92-ee44e7db902c,c5,None,1605,?,i6,
1769501215.775521,RECEIVED,48560099-c873-463f-9f62-5b14df46d0ea,026758a4-d48f-4f49-af9e-6268f6391549,c3,DROP,1448,p3,?,
1769501215.930556,RECEIVED,30001283-96e2-4756-98a3-646e15dcf9d4,d100aaca-f24e-4312-820c-8844ed160193,c4,DROP,1443,p1,?,
1769501216.0126638,SENT,48560099-c873-463f-9f62-5b14df46d0ea,026758a4-d48f-4f49-af9e-6268f6391549,c3,DROP,1014,?,i2,
1769501216.0128508,FORWARDED,48560099-c873-463f-9f62-5b14df46d0ea,026758a4-d48f-4f49-af9e-6268f6391549,c3,DROP,1014,?,i2,
1769501216.0946038,RECEIVED,169b0759-7b54-4092-8233-181c45302df1,77751751-015c-4643-a7e8-22c65a99c4fd,c5,c2,2448,p2,?,
1769501216.3001022,RECEIVED,51e6d4a6-e866-4566-9d3e-237e57b5986f,bac32202-8dae-42d9-b77e-2c47ec02a244,c3,DROP,1452,p3,?,
1769501216.3228557,RECEIVED,0fd99d22-78b2-49df-ac82-821b0f2fa65e,d14c04ca-f1a5-4f5a-9705-3b71dbdda2cc,c2,None,2233,p2,?,
1769501216.3412106,SENT,0fd99d22-78b2-49df-ac82-821b0f2fa65e,d14c04ca-f1a5-4f5a-9705-3b71dbdda2cc,c2,None,1600,?,i7,
1769501216.3412585,FORWARDED,0fd99d22-78b2-49df-ac82-821b0f2fa65e,d14c04ca-f1a5-4f5a-9705-3b71dbdda2cc,c2,None,1600,?,i7,
1769501216.3432376,SENT,169b0759-7b54-4092-8233-181c45302df1,77751751-015c-4643-a7e8-22c65a99c4fd,c5,c2,1763,?,i7,
1769501216.3432884,FORWARDED,169b0759-7b54-4092-8233-181c45302df1,77751751-015c-4643-a7e8-22c65a99c4fd,c5,c2,1763,?,i7,
1769501216.475862,RECEIVED,0ca4f8f9-1f94-423c-818b-d316e863bfbb,86eaf72c-5973-468f-a7d1-2f390f9cf30f,c4,DROP,1439,p1,?,
1769501216.4813197,SENT,30001283-96e2-4756-98a3-646e15dcf9d4,d100aaca-f24e-4312-820c-8844ed160193,c4,DROP,1011,?,i3,
1769501216.481363,FORWARDED,30001283-96e2-4756-98a3-646e15dcf9d4,d100aaca-f24e-4312-820c-8844ed160193,c4,DROP,1011,?,i3,
1769501216.5082128,RECEIVED,a098b07c-2515-46ab-a195-d48e6ac4a62e,eafaf949-4362-4f03-8381-f68ffcd6881a,c5,c2,2451,p2,?,
1769501216.5977302,SENT,a098b07c-2515-46ab-a195-d48e6ac4a62e,eafaf949-4362-4f03-8381-f68ffcd6881a,c5,c2,1767,?,i1,
1769501216.597773,FORWARDED,a098b07c-2515-46ab-a195-d48e6ac4a62e,eafaf949-4362-4f03-8381-f68ffcd6881a,c5,c2,1767,?,i1,
1769501216.7888234,RECEIVED,734193f5-c731-4f4f-96f9-2081fa5b5bd0,2bb3f696-dd57-4788-9177-223d3d54efb2,c5,DROP,1452,p2,?,
1769501216.8323483,SENT,0ca4f8f9-1f94-423c-818b-d316e863bfbb,86eaf72c-5973-468f-a7d1-2f390f9cf30f,c4,DROP,1007,?,i8,
1769501216.8323948,FORWARDED,0ca4f8f9-1f94-423c-818b-d316e863bfbb,86eaf72c-5973-468f-a7d1-2f390f9cf30f,c4,DROP,1007,?,i8,
1769501217.0102093,SENT,51e6d4a6-e866-4566-9d3e-237e57b5986f,bac32202-8dae-42d9-b77e-2c47ec02a244,c3,DROP,1016,?,i12,
1769501217.01025,FORWARDED,51e6d4a6-e866-4566-9d3e-237e57b5986f,bac32202-8dae-42d9-b77e-2c47ec02a244,c3,DROP,1016,?,i12,
1769501217.0189233,SENT,734193f5-c731-4f4f-96f9-2081fa5b5bd0,2bb3f696-dd57-4788-9177-223d3d54efb2,c5,DROP,1016,?,i4,
1769501217.0189655,FORWARDED,734193f5-c731-4f4f-96f9-2081fa5b5bd0,2bb3f696-dd57-4788-9177-223d3d54efb2,c5,DROP,1016,?,i4,
1769501217.131478,RECEIVED,35ff53c2-8b88-49bd-a5e2-52b2a88f66b1,dfb3c2a0-9d5d-4cd5-90bf-646af4414ff7,c5,DROP,1456,p2,?,
1769501217.2614644,RECEIVED,116290f6-14f0-4088-8bb3-40cf7750fcf9,08f6f374-e5aa-4c80-b3af-a7eb0c637bcc,c2,c1,2460,p2,?,
1769501217.4512582,SENT,35ff53c2-8b88-49bd-a5e2-52b2a88f66b1,dfb3c2a0-9d5d-4cd5-90bf-646af4414ff7,c5,DROP,1020,?,i11,
1769501217.4513023,FORWARDED,35ff53c2-8b88-49bd-a5e2-52b2a88f66b1,dfb3c2a0-9d5d-4cd5-90bf-646af4414ff7,c5,DROP,1020,?,i11,
1769501217.6368039,RECEIVED,6c7203cc-ccdd-4909-8d7f-62c7eb771ab2,8401fba9-d2e1-40a2-81e4-0e2b77bc81f4,c1,DROP,1447,p1,?,
1769501217.747454,RECEIVED,bf61bb40-049c-405e-85a8-d658f220f4c3,3d598e8e-b0ee-4ad1-ad1d-3720426c3b5f,c2,c1,2455,p2,?,
1769501217.8607748,RECEIVED,e96a50a1-9baa-4930-bcde-477456f5ec87,e340cb56-07fe-465a-a850-4315a082b874,c4,DROP,1439,p1,?,
1769501217.87311,RECEIVED,02e75614-bd03-4e3c-96d7-cb32218cd3e7,bcf0c22e-9617-41c2-b594-a7a98d07dd6f,c5,DROP,1443,p2,?,
1769501217.914979,SENT,6c7203cc-ccdd-4909-8d7f-62c7eb771ab2,8401fba9-d2e1-40a2-81e4-0e2b77bc81f4,c1,DROP,1012,?,i3,
1769501217.9150214,FORWARDED,6c7203cc-ccdd-4909-8d7f-62c7eb771ab2,8401fba9-d2e1-40a2-81e4-0e2b77bc81f4,c1,DROP,1012,?,i3,
1769501217.933342,RECEIVED,c3c740ba-130a-4352-a123-e0b678b44705,e55a2fce-077c-4a84-a834-e1bb8bc160d9,c4,DROP,440,x7,?,
1769501217.9617088,RECEIVED,59b6f246-ba02-4d54-9c02-72ef3c07de9c,207ec332-abf0-4fca-bf8f-0d45c3993e1c,c5,DROP,1441,p2,?,
1769501218.0187457,SENT,59b6f246-ba02-4d54-9c02-72ef3c07de9c,207ec332-abf0-4fca-bf8f-0d45c3993e1c,c5,DROP,1008,?,i12,
1769501218.0187883,FORWARDED,59b6f246-ba02-4d54-9c02-72ef3c07de9c,207ec332-abf0-4fca-bf8f-0d45c3993e1c,c5,DROP,1008,?,i12,
1769501218.0208237,RECEIVED,d6f49453-7de2-4d4e-b2b2-7f0be9014dd8,65d1b34a-e602-4189-8056-ee466bb36189,c3,DROP,441,x5,?,
1769501218.02288,SENT,116290f6-14f0-4088-8bb3-40cf7750fcf9,08f6f374-e5aa-4c80-b3af-a7eb0c637bcc,c2,c1,1771,?,i12,
1769501218.0229216,FORWARDED,116290f6-14f0-4088-8bb3-40cf7750fcf9,08f6f374-e5aa-4c80-b3af-a7eb0c637bcc,c2,c1,1771,?,i12,
1769501218.119615,RECEIVED,dc7ce47b-5cba-4750-963a-a3953059a071,68fa8705-4313-4ed8-8aa8-89d5848300c3,c1,c5,2476,p1,?,
1769501218.1619232,RECEIVED,d61a770b-d273-4146-a998-216c9573491b,71b3ccfc-2368-45a7-9f6a-359eed29ec6a,c4,c3,2463,p1,?,
1769501218.2803402,RECEIVED,ce78bab3-f04a-4a8b-9312-0e633f9a036f,403a47ae-1648-4184-b23a-b6a6e547cc29,c5,DROP,1439,p2,?,
1769501218.3506985,SENT,bf61bb40-049c-405e-85a8-d658f220f4c3,3d598e8e-b0ee-4ad1-ad1d-3720426c3b5f,c2,c1,1768,?,i10,
1769501218.3507414,FORWARDED,bf61bb40-049c-405e-85a8-d658f220f4c3,3d598e8e-b0ee-4ad1-ad1d-3720426c3b5f,c2,c1,1768,?,i10,
1769501218.365472,RECEIVED,e9e44d34-f0e7-4193-b010-d645626910b8,a35e7c86-e88c-4237-8152-58d2580b83d0,c1,DROP,1452,p1,?,
1769501218.3685489,RECEIVED,eef61517-8efb-4a55-aa54-c44f72c32cc1,30652a11-0821-4394-9b73-c675b8f657c2,c4,c3,2452,p1,?,
1769501218.3724194,RECEIVED,20b5625d-2759-48d8-8a32-96aecfadc92a,be6858b4-2a92-42b7-b577-68053d71a8f3,c5,DROP,445,x8,?,
1769501218.4864013,SENT,dc7ce47b-5cba-4750-963a-a3953059a071,68fa8705-4313-4ed8-8aa8-89d5848300c3,c1,c5,1784,?,i11,
1769501218.4864435,FORWARDED,dc7ce47b-5cba-4750-963a-a3953059a071,68fa8705-4313-4ed8-8aa8-89d5848300c3,c1,c5,1784,?,i11,
1769501218.4895186,RECEIVED,0e7de696-a561-4cf8-96a3-3e582d6ada19,f54bd931-a929-4ded-bba1-66b38e8fa5f8,c2,c1,2474,p2,?,
1769501218.4915645,SENT,eef61517-8efb-4a55-aa54-c44f72c32cc1,30652a11-0821-4394-9b73-c675b8f657c2,c4,c3,1767,?,i5,
1769501218.4916065,FORWARDED,eef61517-8efb-4a55-aa54-c44f72c32cc1,30652a11-0821-4394-9b73-c675b8f657c2,c4,c3,1767,?,i5,
1769501218.65131,RECEIVED,f9240ed4-54de-42c6-9789-de9cff9ce041,d33e93a2-a360-480b-b2a6-e0ac3009f4eb,c5,DROP,1439,p2,?,
1769501218.6861227,RECEIVED,b0c55cb4-ff45-4f8d-bf6b-c6fcb914a4b3,26c7adbe-6b77-46cf-ac92-788d2991c6ff,c2,DROP,1452,p2,?,
1769501218.781624,SENT,f9240ed4-54de-42c6-9789-de9cff9ce041,d33e93a2-a360-480b-b2a6-e0ac3009f4eb,c5,DROP,1007,?,i6,
1769501218.781665,FORWARDED,f9240ed4-54de-42c6-9789-de9cff9ce041,d33e93a2-a360-480b-b2a6-e0ac3009f4eb,c5,DROP,1007,?,i6,
1769501218.8195362,SENT,02e75614-bd03-4e3c-96d7-cb32218cd3e7,bcf0c22e-9617-41c2-b594-a7a98d07dd6f,c5,DROP,1009,?,i8,
1769501218.8195724,FORWARDED,02e75614-bd03-4e3c-96d7-cb32218cd3e7,bcf0c22e-9617-41c2-b594-a7a98d07dd6f,c5,DROP,1009,?,i8,
1769501218.833556,SENT,e9e44d34-f0e7-4193-b010-d645626910b8,a35e7c86-e88c-4237-8152-58d2580b83d0,c1,DROP,1016,?,i4,
1769501218.8335958,FORWARDED,e9e44d34-f0e7-4193-b010-d645626910b8,a35e7c86-e88c-4237-8152-58d2580b83d0,c1,DROP,1016,?,i4,
1769501218.9025161,SENT,d61a770b-d273-4146-a998-216c9573491b,71b3ccfc-2368-45a7-9f6a-359eed29ec6a,c4,c3,1776,?,i9,
1769501218.9025583,FORWARDED,d61a770b-d273-4146-a998-216c9573491b,71b3ccfc-2368-45a7-9f6a-359eed29ec6a,c4,c3,1776,?,i9,
1769501219.0573723,RECEIVED,5d17ad24-70d3-4573-b3d0-35b002f96833,42fd8ecd-168e-4f39-a7e3-98b67a6d40a7,c4,DROP,1441,p1,?,
1769501219.1044888,SENT,5d17ad24-70d3-4573-b3d0-35b002f96833,42fd8ecd-168e-4f39-a7e3-98b67a6d40a7,c4,DROP,1008,?,i7,
1769501219.1045334,FORWARDED,5d17ad24-70d3-4573-b3d0-35b002f96833,42fd8ecd-168e-4f39-a7e3-98b67a6d40a7,c4,DROP,1008,?,i7,
1769501219.107789,SENT,0e7de696-a561-4cf8-96a3-3e582d6ada19,f54bd931-a929-4ded-bba1-66b38e8fa5f8,c2,c1,1783,?,i5,
1769501219.1078346,FORWARDED,0e7de696-a561-4cf8-96a3-3e582d6ada19,f54bd931-a929-4ded-bba1-66b38e8fa5f8,c2,c1,1783,?,i5,
1769501219.1198788,SENT,b0c55cb4-ff45-4f8d-bf6b-c6fcb914a4b3,26c7adbe-6b77-46cf-ac92-788d2991c6ff,c2,DROP,1015,?,i9,
1769501219.1199217,FORWARDED,b0c55cb4-ff45-4f8d-bf6b-c6fcb914a4b3,26c7adbe-6b77-46cf-ac92-788d2991c6ff,c2,DROP,1015,?,i9,
1769501219.3610756,SENT,ce78bab3-f04a-4a8b-9312-0e633f9a036f,403a47ae-1648-4184-b23a-b6a6e547cc29,c5,DROP,1008,?,i2,
1769501219.3611207,FORWARDED,ce78bab3-f04a-4a8b-9312-0e633f9a036f,403a47ae-1648-4184-b23a-b6a6e547cc29,c5,DROP,1008,?,i2,
1769501219.4260273,RECEIVED,a98ffd2d-27c4-49f8-b139-580d8f8172ff,03b09830-d878-4d75-9694-3cd9efe5d83e,c1,DROP,1443,p1,?,
1769501219.4288387,RECEIVED,c9a9aadf-8fd4-44e0-a43a-39fc1cf5eacc,0b59b7e5-2e02-47ba-a353-b818f7678927,c1,None,2235,p1,?,
1769501219.8329284,SENT,e96a50a1-9baa-4930-bcde-477456f5ec87,e340cb56-07fe-465a-a850-4315a082b874,c4,DROP,1008,?,i6,
1769501219.8329666,FORWARDED,e96a50a1-9baa-4930-bcde-477456f5ec87,e340cb56-07fe-465a-a850-4315a082b874,c4,DROP,1008,?,i6,
1769501219.9779015,SENT,c9a9aadf-8fd4-44e0-a43a-39fc1cf5eacc,0b59b7e5-2e02-47ba-a353-b818f7678927,c1,None,1604,?,i7,
1769501219.9779446,FORWARDED,c9a9aadf-8fd4-44e0-a43a-39fc1cf5eacc,0b59b7e5-2e02-47ba-a353-b818f7678927,c1,None,1604,?,i7,
1769501219.9956698,RECEIVED,5c999ba0-99ed-418f-be9a-20813fa52121,d2882b9b-1509-4377-aba5-99edd082c195,c4,DROP,1444,p1,?,
1769501220.099304,RECEIVED,88d0e86c-5c6b-489a-8199-a0e0b844eedc,2fa2282b-d94a-447f-a3c1-7cb69107467f,c4,DROP,1443,p1,?,
1769501220.1227992,SENT,a98ffd2d-27c4-49f8-b139-580d8f8172ff,03b09830-d878-4d75-9694-3cd9efe5d83e,c1,DROP,1011,?,i7,
1769501220.1228414,FORWARDED,a98ffd2d-27c4-49f8-b139-580d8f8172ff,03b09830-d878-4d75-9694-3cd9efe5d83e,c1,DROP,1011,?,i7,
1769501220.2070875,RECEIVED,1539a763-e9f5-41f8-82a9-addaec367915,6c649f6e-9146-4d0b-bc76-a43a43904a4e,c1,DROP,1443,p1,?,
1769501220.3331807,RECEIVED,a9d08457-4810-48a6-b1fe-336ec6f7317f,a6f4c75f-dd78-4438-8c7a-12bfac13d926,c1,DROP,1445,p1,?,
1769501220.3844082,RECEIVED,ad907762-c109-4806-8609-24da7147943e,ddf64964-035d-481b-bb5b-cf0e11af7ff9,c1,DROP,1435,p1,?,
1769501220.4031813,RECEIVED,d28af0d0-fdb9-427b-a033-f06527f336cd,08654c23-84bf-4dfb-a0ec-15d602c9a466,c1,None,2227,p1,?,
1769501220.4696913,SENT,88d0e86c-5c6b-489a-8199-a0e0b844eedc,2fa2282b-d94a-447f-a3c1-7cb69107467f,c4,DROP,1010,?,i7,
1769501220.4697332,FORWARDED,88d0e86c-5c6b-489a-8199-a0e0b844eedc,2fa2282b-d94a-447f-a3c1-7cb69107467f,c4,DROP,1010,?,i7,
1769501220.485224,SENT,a9d08457-4810-48a6-b1fe-336ec6f7317f,a6f4c75f-dd78-4438-8c7a-12bfac13d926,c1,DROP,1009,?,i12,
1769501220.48526,FORWARDED,a9d08457-4810-48a6-b1fe-336ec6f7317f,a6f4c75f-dd78-4438-8c7a-12bfac13d926,c1,DROP,1009,?,i12,
1769501220.5527275,SENT,1539a763-e9f5-41f8-82a9-addaec367915,6c649f6e-9146-4d0b-bc76-a43a43904a4e,c1,DROP,1011,?,i7,
1769501220.552768,FORWARDED,1539a763-e9f5-41f8-82a9-addaec367915,6c649f6e-9146-4d0b-bc76-a43a43904a4e,c1,DROP,1011,?,i7,
1769501220.6233,RECEIVED,a40c5b4e-3221-40d6-9093-abe85b7421c7,b7618fb6-5c3f-4907-a1d4-366fa8896c24,c5,DROP,442,x6,?,
1769501220.6794434,RECEIVED,33839f3e-a52b-4951-be03-e8587f1ffb40,626ef217-6374-4255-8d8e-631754d8caac,c2,DROP,1440,p2,?,
1769501220.6898122,RECEIVED,0f875492-5b20-4c06-a756-3f9cb76a3702,19fb1e4a-7ca3-4046-9d20-b581fa4a56b3,c2,DROP,1441,p2,?,
1769501220.717927,SENT,0f875492-5b20-4c06-a756-3f9cb76a3702,19fb1e4a-7ca3-4046-9d20-b581fa4a56b3,c2,DROP,1007,?,i11,
1769501220.7179675,FORWARDED,0f875492-5b20-4c06-a756-3f9cb76a3702,19fb1e4a-7ca3-4046-9d20-b581fa4a56b3,c2,DROP,1007,?,i11,
1769501220.7236128,RECEIVED,08337eb9-0a33-4360-80cb-b3ac1613a301,101a1d76-fcf9-4a89-991c-fef24e028d27,c5,DROP,1453,p2,?,
1769501220.8437295,SENT,33839f3e-a52b-4951-be03-e8587f1ffb40,626ef217-6374-4255-8d8e-631754d8caac,c2,DROP,1007,?,i5,
1769501220.8437726,FORWARDED,33839f3e-a52b-4951-be03-e8587f1ffb40,626ef217-6374-4255-8d8e-631754d8caac,c2,DROP,1007,?,i5,
1769501220.9190419,RECEIVED,f55e7a50-e2a6-455a-bdc5-87aede225da3,84b4d03d-40d4-412a-bb79-6353df8fe015,c1,c5,2455,p1,?,
1769501221.0648112,RECEIVED,f5bec7d2-14ea-4483-baae-da0dcc12131a,3fe37742-1fe5-4f02-b2a8-08888b876af9,c2,None,2227,p2,?,
1769501221.0859046,SENT,d28af0d0-fdb9-427b-a033-f06527f336cd,08654c23-84bf-4dfb-a0ec-15d602c9a466,c1,None,1599,?,i7,
1769501221.085949,FORWARDED,d28af0d0-fdb9-427b-a033-f06527f336cd,08654c23-84bf-4dfb-a0ec-15d602c9a466,c1,None,1599,?,i7,
1769501221.126767,SENT,08337eb9-0a33-4360-80cb-b3ac1613a301,101a1d76-fcf9-4a89-991c-fef24e028d27,c5,DROP,1016,?,i11,
1769501221.1268096,FORWARDED,08337eb9-0a33-4360-80cb-b3ac1613a301,101a1d76-fcf9-4a89-991c-fef24e028d27,c5,DROP,1016,?,i11,
1769501221.1437206,SENT,f55e7a50-e2a6-455a-bdc5-87aede225da3,84b4d03d-40d4-412a-bb79-6353df8fe015,c1,c5,1768,?,i4,
1769501221.1437643,FORWARDED,f55e7a50-e2a6-455a-bdc5-87aede225da3,84b4d03d-40d4-412a-bb79-6353df8fe015,c1,c5,1768,?,i4,
1769501221.2188141,SENT,ad907762-c109-4806-8609-24da7147943e,ddf64964-035d-481b-bb5b-cf0e11af7ff9,c1,DROP,1003,?,i7,
1769501221.218857,FORWARDED,ad907762-c109-4806-8609-24da7147943e,ddf64964-035d-481b-bb5b-cf0e11af7ff9,c1,DROP,1003,?,i7,
1769501221.2439914,RECEIVED,1adc32b1-8cb0-4054-a32a-d820d7a1b28c,40accc98-b1ff-485f-b2fb-5560e99ffbda,c3,DROP,1449,p3,?,
1769501221.327817,RECEIVED,9a43b812-a4b4-4ce2-9267-d9aef02ac1fe,1e5f7fce-533d-4d3e-bdfe-34d786f826b1,c4,None,2236,p1,?,
1769501221.3713737,SENT,f5bec7d2-14ea-4483-baae-da0dcc12131a,3fe37742-1fe5-4f02-b2a8-08888b876af9,c2,None,1599,?,i7,
1769501221.3714185,FORWARDED,f5bec7d2-14ea-4483-baae-da0dcc12131a,3fe37742-1fe5-4f02-b2a8-08888b876af9,c2,None,1599,?,i7,
1769501221.375495,SENT,9a43b812-a4b4-4ce2-9267-d9aef02ac1fe,1e5f7fce-533d-4d3e-bdfe-34d786f826b1,c4,None,1604,?,i9,
1769501221.3755388,FORWARDED,9a43b812-a4b4-4ce2-9267-d9aef02ac1fe,1e5f7fce-533d-4d3e-bdfe-34d786f826b1,c4,None,1604,?,i9,
1769501221.3932545,RECEIVED,812c9bac-6aec-441c-bbdd-355afb84d0e6,2a1de6ba-a4bd-42f0-8f75-cc4ff78de913,c2,c1,2468,p2,?,
1769501221.4338257,SENT,1adc32b1-8cb0-4054-a32a-d820d7a1b28c,40accc98-b1ff-485f-b2fb-5560e99ffbda,c3,DROP,1012,?,i12,
1769501221.4338675,FORWARDED,1adc32b1-8cb0-4054-a32a-d820d7a1b28c,40accc98-b1ff-485f-b2fb-5560e99ffbda,c3,DROP,1012,?,i12,
1769501221.4618692,SENT,812c9bac-6aec-441c-bbdd-355afb84d0e6,2a1de6ba-a4bd-42f0-8f75-cc4ff78de913,c2,c1,1779,?,i6,
1769501221.46191,FORWARDED,812c9bac-6aec-441c-bbdd-355afb84d0e6,2a1de6ba-a4bd-42f0-8f75-cc4ff78de913,c2,c1,1779,?,i6,
1769501221.6480649,RECEIVED,1a8cfade-415a-4fdd-b1ba-247732ba3f98,ff5173c6-895e-49e7-bb28-0df06eae9633,c1,None,2239,p1,?,
1769501221.7510183,RECEIVED,40281887-47a8-46e6-b874-70727ca4ae6f,3f2e341c-d3e0-452c-a75e-913cdc11b30d,c4,c3,2459,p1,?,
1769501221.7667413,RECEIVED,4c8e2a5b-8c45-41ae-bd48-b8b50f5850ee,22a978a4-68d4-443a-8ca7-9c6988b8407b,c5,DROP,1453,p2,?,
1769501221.9615173,SENT,4c8e2a5b-8c45-41ae-bd48-b8b50f5850ee,22a978a4-68d4-443a-8ca7-9c6988b8407b,c5,DROP,1016,?,i10,
1769501221.9615614,FORWARDED,4c8e2a5b-8c45-41ae-bd48-b8b50f5850ee,22a978a4-68d4-443a-8ca7-9c6988b8407b,c5,DROP,1016,?,i10,
1769501222.0434897,RECEIVED,b63f8b15-ed38-4816-9607-f8f83b0345ab,7f375957-1673-47b0-9faa-336c34ab5ac2,c5,None,2222,p2,?,
1769501222.103345,SENT,40281887-47a8-46e6-b874-70727ca4ae6f,3f2e341c-d3e0-452c-a75e-913cdc11b30d,c4,c3,1771,?,i5,
1769501222.1033828,FORWARDED,40281887-47a8-46e6-b874-70727ca4ae6f,3f2e341c-d3e0-452c-a75e-913cdc11b30d,c4,c3,1771,?,i5,
1769501222.1067867,SENT,1a8cfade-415a-4fdd-b1ba-247732ba3f98,ff5173c6-895e-49e7-bb28-0df06eae9633,c1,None,1607,?,i6,
1769501222.1068335,FORWARDED,1a8cfade-415a-4fdd-b1ba-247732ba3f98,ff5173c6-895e-49e7-bb28-0df06eae9633,c1,None,1607,?,i6,
1769501222.363725,RECEIVED,98b9abc2-cba2-444d-9447-b9691cf9b3a0,737db23e-90c0-4c24-9f3a-252820c06277,c4,c3,2480,p1,?,
1769501222.4907484,RECEIVED,87c7e962-74dd-47f6-bc18-e748185e25b7,7b08a68f-e688-41ee-ae7d-af6a05106ad0,c2,DROP,445,x10,?,
1769501222.5812373,SENT,b63f8b15-ed38-4816-9607-f8f83b0345ab,7f375957-1673-47b0-9faa-336c34ab5ac2,c5,None,1596,?,i9,
1769501222.5812743,FORWARDED,b63f8b15-ed38-4816-9607-f8f83b0345ab,7f375957-1673-47b0-9faa-336c34ab5ac2,c5,None,1596,?,i9,
1769501222.6908596,RECEIVED,fda6080d-e0c9-4312-998b-5685302dc865,105d2abb-2fb5-4c44-8d21-d15441c67993,c1,DROP,1447,p1,?,
1769501222.8352337,RECEIVED,7fd709c0-5ea1-45dd-91fa-bc396a0d076a,52e4b1cc-5179-420c-a922-de82bb620148,c3,DROP,1454,p3,?,
1769501222.8828564,SENT,7fd709c0-5ea1-45dd-91fa-bc396a0d076a,52e4b1cc-5179-420c-a922-de82bb620148,c3,DROP,1015,?,i12,
1769501222.882897,FORWARDED,7fd709c0-5ea1-45dd-91fa-bc396a0d076a,52e4b1cc-5179-420c-a922-de82bb620148,c3,DROP,1015,?,i12,
1769501222.928216,RECEIVED,3e737811-1836-45fb-bb57-99e4b0785191,acc14e8b-47b3-4220-b5e6-8a58ce32a4b3,c1,None,2235,p1,?,
1769501223.056495,SENT,98b9abc2-cba2-444d-9447-b9691cf9b3a0,737db23e-90c0-4c24-9f3a-252820c06277,c4,c3,1787,?,i11,
1769501223.0565372,FORWARDED,98b9abc2-cba2-444d-9447-b9691cf9b3a0,737db23e-90c0-4c24-9f3a-252820c06277,c4,c3,1787,?,i11,
1769501223.0734816,RECEIVED,38f66699-1904-453d-a0e0-b7f6602840b9,16396653-e28f-4c6f-a625-07431537e5a3,c4,c3,2448,p1,?,
1769501223.1054013,RECEIVED,7f27de6c-e43b-4ad5-9077-3a655f0e9425,671fc3fc-1265-4ed7-9917-2c48a1b7d900,c3,None,2222,p3,?,
1769501223.1456366,SENT,38f66699-1904-453d-a0e0-b7f6602840b9,16396653-e28f-4c6f-a625-07431537e5a3,c4,c3,1763,?,i4,
1769501223.1456742,FORWARDED,38f66699-1904-453d-a0e0-b7f6602840b9,16396653-e28f-4c6f-a625-07431537e5a3,c4,c3,1763,?,i4,
1769501223.1488757,SENT,5c999ba0-99ed-418f-be9a-20813fa52121,d2882b9b-1509-4377-aba5-99edd082c195,c4,DROP,1010,?,i11,
1769501223.1489196,FORWARDED,5c999ba0-99ed-418f-be9a-20813fa52121,d2882b9b-1509-4377-aba5-99edd082c195,c4,DROP,1010,?,i11,
1769501223.466888,SENT,3e737811-1836-45fb-bb57-99e4b0785191,acc14e8b-47b3-4220-b5e6-8a58ce32a4b3,c1,None,1603,?,i4,
1769501223.4669292,FORWARDED,3e737811-1836-45fb-bb57-99e4b0785191,acc14e8b-47b3-4220-b5e6-8a58ce32a4b3,c1,None,1603,?,i4,
1769501224.184466,RECEIVED,ee9d6989-9d30-4154-bef9-f2a034a81402,2ac5d53c-4601-44a9-9894-52af84bb6a79,c1,DROP,1451,p1,?,
1769501224.2132506,SENT,fda6080d-e0c9-4312-998b-5685302dc865,105d2abb-2fb5-4c44-8d21-d15441c67993,c1,DROP,1012,?,i2,
1769501224.2132995,FORWARDED,fda6080d-e0c9-4312-998b-5685302dc865,105d2abb-2fb5-4c44-8d21-d15441c67993,c1,DROP,1012,?,i2,
1769501224.2322364,RECEIVED,cc24dac0-e1bb-4464-945c-1d828513f128,ac25d31f-14a1-40e8-8146-c7fd92f3ddcc,c4,DROP,1440,p1,?,
1769501224.2487924,RECEIVED,fd2aa69b-1e47-499c-b0a8-4c692f49b712,5e7e030a-d4d3-440f-ac8f-f40ce7316f0f,c4,DROP,442,x1,?,
1769501224.289714,RECEIVED,338a6f63-e94f-480c-a67b-0e5c21d5105d,733e50c6-6adf-49a6-b955-79913815ac29,c1,c5,2471,p1,?,
1769501224.354766,RECEIVED,65d0dc34-6350-4383-a958-d0a781127b33,de6eaae1-cfc8-49dc-b502-6332ecf78548,c4,DROP,442,x3,?,
1769501224.355556,RECEIVED,3bf3a0a9-edc6-4a70-9936-8b51106e5fee,2e23a511-8522-4c9d-a540-8033dce33cbb,c2,DROP,1449,p2,?,
1769501224.4051368,RECEIVED,a6eeb343-d7cc-4ac6-9733-c61c3e4d576f,af488e80-db79-4087-a2c0-7b49e72f84d2,c5,DROP,1447,p2,?,
1769501224.4413161,SENT,ee9d6989-9d30-4154-bef9-f2a034a81402,2ac5d53c-4601-44a9-9894-52af84bb6a79,c1,DROP,1016,?,i2,
1769501224.4413576,FORWARDED,ee9d6989-9d30-4154-bef9-f2a034a81402,2ac5d53c-4601-44a9-9894-52af84bb6a79,c1,DROP,1016,?,i2,
1769501224.441968,RECEIVED,53d5daf1-3ec1-46ef-8880-4c06ba34f2cb,6bea699a-580b-4d56-9795-03f9c18ebffc,c5,c2,2465,p2,?,
1769501224.446518,RECEIVED,f7470140-135f-4f4c-bae4-3adda03eeab7,4b6e9dad-1420-489c-ae8f-5572d40b391c,c4,DROP,441,x5,?,
1769501224.548858,SENT,53d5daf1-3ec1-46ef-8880-4c06ba34f2cb,6bea699a-580b-4d56-9795-03f9c18ebffc,c5,c2,1776,?,i12,
1769501224.5489283,FORWARDED,53d5daf1-3ec1-46ef-8880-4c06ba34f2cb,6bea699a-580b-4d56-9795-03f9c18ebffc,c5,c2,1776,?,i12,
1769501224.5716634,SENT,3bf3a0a9-edc6-4a70-9936-8b51106e5fee,2e23a511-8522-4c9d-a540-8033dce33cbb,c2,DROP,1012,?,i12,
1769501224.571713,FORWARDED,3bf3a0a9-edc6-4a70-9936-8b51106e5fee,2e23a511-8522-4c9d-a540-8033dce33cbb,c2,DROP,1012,?,i12,
1769501224.6372857,SENT,338a6f63-e94f-480c-a67b-0e5c21d5105d,733e50c6-6adf-49a6-b955-79913815ac29,c1,c5,1780,?,i6,
1769501224.6373234,FORWARDED,338a6f63-e94f-480c-a67b-0e5c21d5105d,733e50c6-6adf-49a6-b955-79913815ac29,c1,c5,1780,?,i6,
1769501224.73347,SENT,cc24dac0-e1bb-4464-945c-1d828513f128,ac25d31f-14a1-40e8-8146-c7fd92f3ddcc,c4,DROP,1007,?,i12,
1769501224.7335126,FORWARDED,cc24dac0-e1bb-4464-945c-1d828513f128,ac25d31f-14a1-40e8-8146-c7fd92f3ddcc,c4,DROP,1007,?,i12,
1769501224.779581,RECEIVED,f6b39a5c-0b22-4ad0-baa3-16608ea98731,2363f8d6-720b-431b-b404-a6ff53128a7d,c1,DROP,1439,p1,?,
1769501224.821501,RECEIVED,e4124580-7385-4809-ac06-fdf8ae22112c,b6340a10-9a80-4a95-b445-7e93924d830e,c1,None,2223,p1,?,
1769501224.9249275,RECEIVED,b617ac0d-5621-4800-9879-0521cfecccb8,ee953a01-3201-4b68-bfa7-7a76bc406b1b,c1,DROP,1443,p1,?,
1769501224.9911745,RECEIVED,30d2833c-a0d3-40c2-8c86-321070c2fbf3,2956dfe7-c1ff-40c3-a9f3-65f8790ee70e,c5,DROP,1444,p2,?,
1769501225.0219676,SENT,7f27de6c-e43b-4ad5-9077-3a655f0e9425,671fc3fc-1265-4ed7-9917-2c48a1b7d900,c3,None,1595,?,i7,
1769501225.0220072,FORWARDED,7f27de6c-e43b-4ad5-9077-3a655f0e9425,671fc3fc-1265-4ed7-9917-2c48a1b7d900,c3,None,1595,?,i7,
1769501225.0303566,RECEIVED,4fe650df-5a21-4128-b82a-43c4fb6bcb86,3dc624d1-c88e-484c-a4b9-b3e3a23db3e3,c3,DROP,1439,p3,?,
1769501225.135674,RECEIVED,9554788e-81ab-4056-a78e-044c46d320ad,c2368bae-55cb-4258-bf07-364266bb1405,c2,DROP,441,x6,?,
1769501225.1507776,SENT,30d2833c-a0d3-40c2-8c86-321070c2fbf3,2956dfe7-c1ff-40c3-a9f3-65f8790ee70e,c5,DROP,1009,?,i4,
1769501225.150815,FORWARDED,30d2833c-a0d3-40c2-8c86-321070c2fbf3,2956dfe7-c1ff-40c3-a9f3-65f8790ee70e,c5,DROP,1009,?,i4,
1769501225.1644022,RECEIVED,d93cfc69-d80d-4635-b507-d5fac86bcacf,3b32ab97-8646-4a91-a462-cb36629f6f46,c3,None,2224,p3,?,
1769501225.2524083,SENT,d93cfc69-d80d-4635-b507-d5fac86bcacf,3b32ab97-8646-4a91-a462-cb36629f6f46,c3,None,1595,?,i7,
1769501225.2524512,FORWARDED,d93cfc69-d80d-4635-b507-d5fac86bcacf,3b32ab97-8646-4a91-a462-cb36629f6f46,c3,None,1595,?,i7,
1769501225.266045,RECEIVED,2c840fa2-b298-4e90-b697-e9d4a8a3f2aa,c2640bda-cec8-426c-9099-7bcfa635d235,c4,c3,2477,p1,?,
1769501225.3184702,SENT,b617ac0d-5621-4800-9879-0521cfecccb8,ee953a01-3201-4b68-bfa7-7a76bc406b1b,c1,DROP,1011,?,i1,
1769501225.318514,FORWARDED,b617ac0d-5621-4800-9879-0521cfecccb8,ee953a01-3201-4b68-bfa7-7a76bc406b1b,c1,DROP,1011,?,i1,
1769501225.475107,SENT,e4124580-7385-4809-ac06-fdf8ae22112c,b6340a10-9a80-4a95-b445-7e93924d830e,c1,None,1595,?,i4,
1769501225.475151,FORWARDED,e4124580-7385-4809-ac06-fdf8ae22112c,b6340a10-9a80-4a95-b445-7e93924d830e,c1,None,1595,?,i4,
1769501225.507685,RECEIVED,b24b2334-0322-45b2-8d9b-315988332ca6,63fd6b7f-68ff-49f8-9bfb-4f9c6e78e8e7,c1,DROP,1457,p1,?,
1769501225.5425947,SENT,4fe650df-5a21-4128-b82a-43c4fb6bcb86,3dc624d1-c88e-484c-a4b9-b3e3a23db3e3,c3,DROP,1008,?,i4,
1769501225.5426352,FORWARDED,4fe650df-5a21-4128-b82a-43c4fb6bcb86,3dc624d1-c88e-484c-a4b9-b3e3a23db3e3,c3,DROP,1008,?,i4,
1769501225.5584226,SENT,2c840fa2-b298-4e90-b697-e9d4a8a3f2aa,c2640bda-cec8-426c-9099-7bcfa635d235,c4,c3,1784,?,i12,
1769501225.5584612,FORWARDED,2c840fa2-b298-4e90-b697-e9d4a8a3f2aa,c2640bda-cec8-426c-9099-7bcfa635d235,c4,c3,1784,?,i12,
1769501225.5715873,SENT,f6b39a5c-0b22-4ad0-baa3-16608ea98731,2363f8d6-720b-431b-b404-a6ff53128a7d,c1,DROP,1008,?,i9,
1769501225.5716333,FORWARDED,f6b39a5c-0b22-4ad0-baa3-16608ea98731,2363f8d6-720b-431b-b404-a6ff53128a7d,c1,DROP,1008,?,i9,
1769501225.5855396,SENT,b24b2334-0322-45b2-8d9b-315988332ca6,63fd6b7f-68ff-49f8-9bfb-4f9c6e78e8e7,c1,DROP,1020,?,i12,
1769501225.5855792,FORWARDED,b24b2334-0322-45b2-8d9b-315988332ca6,63fd6b7f-68ff-49f8-9bfb-4f9c6e78e8e7,c1,DROP,1020,?,i12,
1769501225.6054034,RECEIVED,929ff121-365c-4cc7-8140-24010f67010f,bd020afd-38f1-4799-98f7-c922c09dd12e,c5,c2,2448,p2,?,
1769501225.6676202,RECEIVED,069e87ec-6aea-4bbf-aed0-0ce4abe97818,e69f02ba-f41d-4807-9451-416fb57802ca,c1,DROP,1435,p1,?,
1769501225.7758255,RECEIVED,aa69f217-b115-4c68-b575-b570e1d674d2,eddd1d5c-ca6d-4554-9371-ec48c071a694,c1,DROP,1452,p1,?,
1769501225.8306706,RECEIVED,373373c3-8c3f-4ff4-83b1-3717f6a38664,9146339d-6ad7-4859-ba75-877750248e0d,c1,None,2239,p1,?,
1769501225.965399,RECEIVED,f8fa372c-ec4d-4161-8165-c52766ccf25a,c5bff51e-2326-4924-8993-5bd21aabe21e,c3,DROP,1453,p3,?,
1769501225.9917626,SENT,929ff121-365c-4cc7-8140-24010f67010f,bd020afd-38f1-4799-98f7-c922c09dd12e,c5,c2,1763,?,i6,
1769501225.9918044,FORWARDED,929ff121-365c-4cc7-8140-24010f67010f,bd020afd-38f1-4799-98f7-c922c09dd12e,c5,c2,1763,?,i6,
1769501226.005068,SENT,f8fa372c-ec4d-4161-8165-c52766ccf25a,c5bff51e-2326-4924-8993-5bd21aabe21e,c3,DROP,1015,?,i1,
1769501226.005111,FORWARDED,f8fa372c-ec4d-4161-8165-c52766ccf25a,c5bff51e-2326-4924-8993-5bd21aabe21e,c3,DROP,1015,?,i1,
1769501226.0240219,RECEIVED,16050d24-1585-4dd9-a6a5-c8515da8c5d3,ba9ecdcb-cd46-4bc5-ad16-c6384976af6e,c2,c1,2469,p2,?,
1769501226.0663493,SENT,aa69f217-b115-4c68-b575-b570e1d674d2,eddd1d5c-ca6d-4554-9371-ec48c071a694,c1,DROP,1015,?,i9,
1769501226.0664744,FORWARDED,aa69f217-b115-4c68-b575-b570e1d674d2,eddd1d5c-ca6d-4554-9371-ec48c071a694,c1,DROP,1015,?,i9,
1769501226.1051252,SENT,16050d24-1585-4dd9-a6a5-c8515da8c5d3,ba9ecdcb-cd46-4bc5-ad16-c6384976af6e,c2,c1,1778,?,i12,
1769501226.1051643,FORWARDED,16050d24-1585-4dd9-a6a5-c8515da8c5d3,ba9ecdcb-cd46-4bc5-ad16-c6384976af6e,c2,c1,1778,?,i12,
1769501226.3096929,SENT,373373c3-8c3f-4ff4-83b1-3717f6a38664,9146339d-6ad7-4859-ba75-877750248e0d,c1,None,1608,?,i9,
1769501226.3097324,FORWARDED,373373c3-8c3f-4ff4-83b1-3717f6a38664,9146339d-6ad7-4859-ba75-877750248e0d,c1,None,1608,?,i9,
1769501226.4079185,SENT,069e87ec-6aea-4bbf-aed0-0ce4abe97818,e69f02ba-f41d-4807-9451-416fb57802ca,c1,DROP,1003,?,i4,
1769501226.4079607,FORWARDED,069e87ec-6aea-4bbf-aed0-0ce4abe97818,e69f02ba-f41d-4807-9451-416fb57802ca,c1,DROP,1003,?,i4,
1769501226.6949258,RECEIVED,166a47b0-16e4-4290-914b-480600310965,88c812eb-9a9d-40fa-a310-45f5c5b6d093,c3,None,2231,p3,?,
1769501226.7626286,SENT,a6eeb343-d7cc-4ac6-9733-c61c3e4d576f,af488e80-db79-4087-a2c0-7b49e72f84d2,c5,DROP,1012,?,i9,
1769501226.7626708,FORWARDED,a6eeb343-d7cc-4ac6-9733-c61c3e4d576f,af488e80-db79-4087-a2c0-7b49e72f84d2,c5,DROP,1012,?,i9,
1769501226.7764728,RECEIVED,cd03804b-b384-466c-a943-3e56dd887c2b,3eb322c7-ef13-4c10-9584-00c7744fa1f5,c1,DROP,1441,p1,?,
1769501226.8005502,RECEIVED,4b8cc64e-bf51-49a0-aff7-e2ca5d89b30c,2ebe8dda-8aad-4273-b8b9-124d0c94c87c,c4,DROP,442,x8,?,
1769501226.8814201,RECEIVED,6618dc3b-ae5f-4298-8b06-485c7e309b00,964bf4b5-d8bf-40d8-ab98-1c790e29dbe9,c4,DROP,1441,p1,?,
1769501226.911337,RECEIVED,67342ae5-7d4f-44ab-9850-ab8a50274dfd,a7b44cc3-e0ad-4e48-8519-5702e0c02122,c5,c2,2459,p2,?,
1769501226.969963,SENT,6618dc3b-ae5f-4298-8b06-485c7e309b00,964bf4b5-d8bf-40d8-ab98-1c790e29dbe9,c4,DROP,1007,?,i11,
1769501226.970005,FORWARDED,6618dc3b-ae5f-4298-8b06-485c7e309b00,964bf4b5-d8bf-40d8-ab98-1c790e29dbe9,c4,DROP,1007,?,i11,
1769501227.150599,SENT,cd03804b-b384-466c-a943-3e56dd887c2b,3eb322c7-ef13-4c10-9584-00c7744fa1f5,c1,DROP,1008,?,i10,
1769501227.1506395,FORWARDED,cd03804b-b384-466c-a943-3e56dd887c2b,3eb322c7-ef13-4c10-9584-00c7744fa1f5,c1,DROP,1008,?,i10,
1769501227.1782238,RECEIVED,ac45042c-bfa1-45c5-ac8f-41f7644d9149,eace2886-fcb2-4c1b-a47a-33fece7b5612,c3,None,2233,p3,?,
1769501227.2064795,SENT,ac45042c-bfa1-45c5-ac8f-41f7644d9149,eace2886-fcb2-4c1b-a47a-33fece7b5612,c3,None,1600,?,i5,
1769501227.2065241,FORWARDED,ac45042c-bfa1-45c5-ac8f-41f7644d9149,eace2886-fcb2-4c1b-a47a-33fece7b5612,c3,None,1600,?,i5,
1769501227.209179,SENT,67342ae5-7d4f-44ab-9850-ab8a50274dfd,a7b44cc3-e0ad-4e48-8519-5702e0c02122,c5,c2,1771,?,i5,
1769501227.2092216,FORWARDED,67342ae5-7d4f-44ab-9850-ab8a50274dfd,a7b44cc3-e0ad-4e48-8519-5702e0c02122,c5,c2,1771,?,i5,
1769501227.4422894,RECEIVED,c820799c-bc3e-44a9-b66c-a0ea182c51ea,22ed5314-b04e-49c5-b9f9-f87c39d59426,c3,DROP,1459,p3,?,
1769501227.4598584,RECEIVED,45579de3-3276-4c96-b93c-695db354863e,dcdc0e27-f915-481c-ac09-962d686021b6,c5,None,2228,p2,?,
1769501227.474638,SENT,166a47b0-16e4-4290-914b-480600310965,88c812eb-9a9d-40fa-a310-45f5c5b6d093,c3,None,1600,?,i3,
1769501227.4746804,FORWARDED,166a47b0-16e4-4290-914b-480600310965,88c812eb-9a9d-40fa-a310-45f5c5b6d093,c3,None,1600,?,i3,
1769501227.526882,RECEIVED,5f71557e-8192-4665-a0c4-91cecc7e1f9b,29a95a8d-1a75-4bd0-8daf-0cfaee5b1ba0,c4,c3,2476,p1,?,
1769501227.5400088,SENT,45579de3-3276-4c96-b93c-695db354863e,dcdc0e27-f915-481c-ac09-962d686021b6,c5,None,1599,?,i7,
1769501227.5400655,FORWARDED,45579de3-3276-4c96-b93c-695db354863e,dcdc0e27-f915-481c-ac09-962d686021b6,c5,None,1599,?,i7,
1769501227.5545652,SENT,c820799c-bc3e-44a9-b66c-a0ea182c51ea,22ed5314-b04e-49c5-b9f9-f87c39d59426,c3,DROP,1021,?,i5,
1769501227.5546153,FORWARDED,c820799c-bc3e-44a9-b66c-a0ea182c51ea,22ed5314-b04e-49c5-b9f9-f87c39d59426,c3,DROP,1021,?,i5,
1769501227.6335492,RECEIVED,b8229076-f9e0-4eba-9d7e-802b2a8824e8,d60270b0-ca45-4b08-ad30-438e378970f1,c2,DROP,1449,p2,?,
1769501227.6504495,RECEIVED,7b6931ea-cc92-494e-8478-103826b518ad,ba5a1564-2712-4110-909d-c2388a12c226,c5,DROP,1440,p2,?,
1769501227.673532,RECEIVED,b15c4f71-77f8-4465-8af8-46b910bb3116,c1175fe2-958c-4449-8bc3-20e40f4523f0,c4,DROP,1453,p1,?,
1769501227.7180638,RECEIVED,f8232289-7d7d-4b8b-8c36-5ace4772699d,e1a24b0f-1c2d-4f99-913c-705008cc76dc,c4,DROP,1444,p1,?,
1769501227.7609162,SENT,b15c4f71-77f8-4465-8af8-46b910bb3116,c1175fe2-958c-4449-8bc3-20e40f4523f0,c4,DROP,1016,?,i11,
1769501227.76096,FORWARDED,b15c4f71-77f8-4465-8af8-46b910bb3116,c1175fe2-958c-4449-8bc3-20e40f4523f0,c4,DROP,1016,?,i11,
1769501227.764221,SENT,7b6931ea-cc92-494e-8478-103826b518ad,ba5a1564-2712-4110-909d-c2388a12c226,c5,DROP,1008,?,i4,
1769501227.7642639,FORWARDED,7b6931ea-cc92-494e-8478-103826b518ad,ba5a1564-2712-4110-909d-c2388a12c226,c5,DROP,1008,?,i4,
1769501227.9268475,RECEIVED,97e30505-ec01-4928-bdae-7ff9933954d2,efa674eb-548f-46be-b640-7e3b8d83ea05,c1,DROP,1439,p1,?,
1769501228.006944,RECEIVED,f3e182e6-6086-4228-b575-09cf939fc058,e728d327-e820-4cda-89bc-8843f7fa1b4f,c4,DROP,441,x3,?,
1769501228.0528173,SENT,b8229076-f9e0-4eba-9d7e-802b2a8824e8,d60270b0-ca45-4b08-ad30-438e378970f1,c2,DROP,1012,?,i12,
1769501228.0528631,FORWARDED,b8229076-f9e0-4eba-9d7e-802b2a8824e8,d60270b0-ca45-4b08-ad30-438e378970f1,c2,DROP,1012,?,i12,
1769501228.1383843,RECEIVED,0430d3e7-49ac-4dde-9e14-971a8f93e39b,68564f95-7dcc-4887-b1f9-9a687d038e54,c1,DROP,1461,p1,?,
1769501228.264042,RECEIVED,ebaf1405-b0f1-4873-8b44-cdcb7e6c7406,a1cf508f-fc9e-4f3b-9498-71f64f732fdf,c5,DROP,1438,p2,?,
1769501228.277118,RECEIVED,d3b33aa6-94fe-48a3-91f8-4d3876b8ba02,d5558a79-60d3-4d47-a6af-325fb1379195,c3,c4,2447,p3,?,
1769501228.5831363,SENT,0430d3e7-49ac-4dde-9e14-971a8f93e39b,68564f95-7dcc-4887-b1f9-9a687d038e54,c1,DROP,1021,?,i10,
1769501228.5831861,FORWARDED,0430d3e7-49ac-4dde-9e14-971a8f93e39b,68564f95-7dcc-4887-b1f9-9a687d038e54,c1,DROP,1021,?,i10,
1769501228.6317816,SENT,f8232289-7d7d-4b8b-8c36-5ace4772699d,e1a24b0f-1c2d-4f99-913c-705008cc76dc,c4,DROP,1011,?,i10,
1769501228.631822,FORWARDED,f8232289-7d7d-4b8b-8c36-5ace4772699d,e1a24b0f-1c2d-4f99-913c-705008cc76dc,c4,DROP,1011,?,i10,
1769501228.6736124,RECEIVED,301de734-505d-4a77-b006-9d1c17f452de,6406797e-7b7b-4bd4-910f-03959f7f6582,c1,DROP,1451,p1,?,
1769501228.7677531,SENT,5f71557e-8192-4665-a0c4-91cecc7e1f9b,29a95a8d-1a75-4bd0-8daf-0cfaee5b1ba0,c4,c3,1784,?,i12,
1769501228.7677872,FORWARDED,5f71557e-8192-4665-a0c4-91cecc7e1f9b,29a95a8d-1a75-4bd0-8daf-0cfaee5b1ba0,c4,c3,1784,?,i12,
1769501228.8505142,SENT,d3b33aa6-94fe-48a3-91f8-4d3876b8ba02,d5558a79-60d3-4d47-a6af-325fb1379195,c3,c4,1763,?,i7,
1769501228.8505545,FORWARDED,d3b33aa6-94fe-48a3-91f8-4d3876b8ba02,d5558a79-60d3-4d47-a6af-325fb1379195,c3,c4,1763,?,i7,
1769501228.9137108,RECEIVED,3f01b139-17b4-4845-a922-4afea9daca5c,8b11b473-502a-449f-8bf9-5cc5f5019aa8,c1,DROP,1443,p1,?,
1769501229.044541,RECEIVED,7d3a3380-1b52-4b66-bb77-929d35aa773b,71fb44a4-af10-4185-bb97-bc7d75a75a59,c2,DROP,1442,p2,?,
1769501229.0824,SENT,7d3a3380-1b52-4b66-bb77-929d35aa773b,71fb44a4-af10-4185-bb97-bc7d75a75a59,c2,DROP,1007,?,i11,
1769501229.082443,FORWARDED,7d3a3380-1b52-4b66-bb77-929d35aa773b,71fb44a4-af10-4185-bb97-bc7d75a75a59,c2,DROP,1007,?,i11,
1769501229.1233182,RECEIVED,ae7f371b-a201-46dc-97fa-8a88e74eb542,c2f6baee-3e00-48c2-a58d-2d85a04c208b,c3,c4,2443,p3,?,
1769501229.2096002,RECEIVED,f0e58725-41bc-4938-a855-c47238d00d55,e97f17fe-5681-4e48-a2fd-1bce5837c1cb,c5,c2,2464,p2,?,
1769501229.2943788,SENT,ae7f371b-a201-46dc-97fa-8a88e74eb542,c2f6baee-3e00-48c2-a58d-2d85a04c208b,c3,c4,1760,?,i5,
1769501229.2944229,FORWARDED,ae7f371b-a201-46dc-97fa-8a88e74eb542,c2f6baee-3e00-48c2-a58d-2d85a04c208b,c3,c4,1760,?,i5,
1769501229.3025854,SENT,ebaf1405-b0f1-4873-8b44-cdcb7e6c7406,a1cf508f-fc9e-4f3b-9498-71f64f732fdf,c5,DROP,1008,?,i2,
1769501229.3026273,FORWARDED,ebaf1405-b0f1-4873-8b44-cdcb7e6c7406,a1cf508f-fc9e-4f3b-9498-71f64f732fdf,c5,DROP,1008,?,i2,
1769501229.394547,RECEIVED,76b4568b-386b-40e9-9559-af4e5a630085,afb9b068-6696-4045-97bf-23fb13c2a3f4,c4,DROP,1448,p1,?,
1769501229.4155016,SENT,f0e58725-41bc-4938-a855-c47238d00d55,e97f17fe-5681-4e48-a2fd-1bce5837c1cb,c5,c2,1776,?,i6,
1769501229.4155405,FORWARDED,f0e58725-41bc-4938-a855-c47238d00d55,e97f17fe-5681-4e48-a2fd-1bce5837c1cb,c5,c2,1776,?,i6,
1769501229.4390273,SENT,3f01b139-17b4-4845-a922-4afea9daca5c,8b11b473-502a-449f-8bf9-5cc5f5019aa8,c1,DROP,1010,?,i2,
1769501229.4390786,FORWARDED,3f01b139-17b4-4845-a922-4afea9daca5c,8b11b473-502a-449f-8bf9-5cc5f5019aa8,c1,DROP,1010,?,i2,
1769501229.5340846,SENT,301de734-505d-4a77-b006-9d1c17f452de,6406797e-7b7b-4bd4-910f-03959f7f6582,c1,DROP,1015,?,i3,
1769501229.5341268,FORWARDED,301de734-505d-4a77-b006-9d1c17f452de,6406797e-7b7b-4bd4-910f-03959f7f6582,c1,DROP,1015,?,i3,
1769501229.6118608,RECEIVED,1b8fb557-7337-41a0-9e4d-f231b91baa6b,36030169-9e04-4af3-8773-be86d005f670,c2,DROP,441,x4,?,
1769501229.6713085,RECEIVED,89c75d08-0bc2-4531-8b54-626218b8863c,ed111c7e-6c60-466d-b597-3a46e5a6e7f1,c4,DROP,446,x11,?,
1769501229.701282,SENT,76b4568b-386b-40e9-9559-af4e5a630085,afb9b068-6696-4045-97bf-23fb13c2a3f4,c4,DROP,1013,?,i4,
1769501229.7013254,FORWARDED,76b4568b-386b-40e9-9559-af4e5a630085,afb9b068-6696-4045-97bf-23fb13c2a3f4,c4,DROP,1013,?,i4,
1769501229.7104425,SENT,97e30505-ec01-4928-bdae-7ff9933954d2,efa674eb-548f-46be-b640-7e3b8d83ea05,c1,DROP,1008,?,i6,
1769501229.710482,FORWARDED,97e30505-ec01-4928-bdae-7ff9933954d2,efa674eb-548f-46be-b640-7e3b8d83ea05,c1,DROP,1008,?,i6,
1769501229.7763894,RECEIVED,5eec97b4-2ea8-4fa6-b401-1947aaa30a4e,491ed157-44ab-4db4-a4f4-03772d068075,c2,c1,2460,p2,?,
1769501229.8575697,RECEIVED,b29b8d51-e91b-4539-b40e-c0258c2a6a97,515746c2-7864-4161-82f2-c034f68deac3,c5,None,2230,p2,?,
1769501229.8941128,RECEIVED,045389a1-fad2-47b4-a281-c4a88661ae1b,87da4a72-b527-4b1f-a9b8-1b2a46a0cebf,c1,c5,2476,p1,?,
1769501229.9353573,SENT,b29b8d51-e91b-4539-b40e-c0258c2a6a97,515746c2-7864-4161-82f2-c034f68deac3,c5,None,1599,?,i12,
1769501229.9354007,FORWARDED,b29b8d51-e91b-4539-b40e-c0258c2a6a97,515746c2-7864-4161-82f2-c034f68deac3,c5,None,1599,?,i12,
1769501230.1111536,SENT,045389a1-fad2-47b4-a281-c4a88661ae1b,87da4a72-b527-4b1f-a9b8-1b2a46a0cebf,c1,c5,1783,?,i6,
1769501230.1111975,FORWARDED,045389a1-fad2-47b4-a281-c4a88661ae1b,87da4a72-b527-4b1f-a9b8-1b2a46a0cebf,c1,c5,1783,?,i6,
1769501230.1703746,SENT,5eec97b4-2ea8-4fa6-b401-1947aaa30a4e,491ed157-44ab-4db4-a4f4-03772d068075,c2,c1,1771,?,i10,
1769501230.170416,FORWARDED,5eec97b4-2ea8-4fa6-b401-1947aaa30a4e,491ed157-44ab-4db4-a4f4-03772d068075,c2,c1,1771,?,i10,
1769501230.291892,RECEIVED,a299140f-b4b7-4a78-9583-f1c8882a6637,817e65be-e367-4937-88d1-352e8c6025fa,c1,DROP,441,x6,?,
1769501230.4386675,RECEIVED,4191a604-7d70-4086-bdca-f72e974b5f7a,aa3d57df-34a4-4c45-889c-bb5058657642,c5,DROP,1450,p2,?,
1769501230.6577408,SENT,4191a604-7d70-4086-bdca-f72e974b5f7a,aa3d57df-34a4-4c45-889c-bb5058657642,c5,DROP,1015,?,i7,
1769501230.6577828,FORWARDED,4191a604-7d70-4086-bdca-f72e974b5f7a,aa3d57df-34a4-4c45-889c-bb5058657642,c5,DROP,1015,?,i7,
1769501230.6701097,RECEIVED,e85cd957-31de-44e1-a51a-326876ba455a,d37d5b15-09c4-4b94-9f2b-0181a020e5f3,c4,None,2240,p1,?,
1769501230.7561803,RECEIVED,72c7ddb3-e7ac-40a2-8648-b8ddb0a2df57,7db718e8-5749-4ad8-9b65-2dc071b79fe4,c4,None,2236,p1,?,
1769501230.86031,RECEIVED,c3a692c2-a81a-48ff-bfcd-10988e5bb4fc,48ef6237-3775-401f-a3c1-58584ef720b2,c5,c2,2464,p2,?,
1769501230.887814,SENT,e85cd957-31de-44e1-a51a-326876ba455a,d37d5b15-09c4-4b94-9f2b-0181a020e5f3,c4,None,1607,?,i9,
1769501230.8878531,FORWARDED,e85cd957-31de-44e1-a51a-326876ba455a,d37d5b15-09c4-4b94-9f2b-0181a020e5f3,c4,None,1607,?,i9,
1769501230.9471478,RECEIVED,005ef5d7-c533-4133-85a5-ecef3ce290a8,52df44c6-4b23-4d5c-8542-9ae8ff1786d6,c1,DROP,1447,p1,?,
1769501230.9624078,RECEIVED,bca7a482-04a1-402f-b2bf-7586b3bc8cd0,d280a653-7865-4fab-b0f8-131a457196d0,c1,DROP,1444,p1,?,
1769501230.9947832,RECEIVED,98602b39-72d1-4e73-b2fb-b16463a8115d,3f30f24a-a796-4fb1-b75f-329954aae702,c3,DROP,1456,p3,?,
1769501231.0245328,SENT,c3a692c2-a81a-48ff-bfcd-10988e5bb4fc,48ef6237-3775-401f-a3c1-58584ef720b2,c5,c2,1775,?,i5,
1769501231.0245707,FORWARDED,c3a692c2-a81a-48ff-bfcd-10988e5bb4fc,48ef6237-3775-401f-a3c1-58584ef720b2,c5,c2,1775,?,i5,
1769501231.0295312,SENT,72c7ddb3-e7ac-40a2-8648-b8ddb0a2df57,7db718e8-5749-4ad8-9b65-2dc071b79fe4,c4,None,1603,?,i6,
1769501231.0295653,FORWARDED,72c7ddb3-e7ac-40a2-8648-b8ddb0a2df57,7db718e8-5749-4ad8-9b65-2dc071b79fe4,c4,None,1603,?,i6,
1769501231.1113467,RECEIVED,dfffdace-2661-423d-b502-8929c5d4a7c7,53963b46-2b4d-4116-ac09-10388397a164,c1,DROP,441,x1,?,
1769501231.2684984,RECEIVED,4ce04a8c-96df-4afc-82b8-2d5e31a84fd7,e0c98c68-91c7-4564-951c-8125528b68a1,c4,c3,2477,p1,?,
1769501231.3260546,RECEIVED,0cb79d02-6b77-457e-ba24-d6c6c9d53709,81e02015-6f66-484f-a3e6-e9ba2c5623d4,c5,DROP,441,x10,?,
1769501231.3725548,SENT,98602b39-72d1-4e73-b2fb-b16463a8115d,3f30f24a-a796-4fb1-b75f-329954aae702,c3,DROP,1019,?,i11,
1769501231.3725946,FORWARDED,98602b39-72d1-4e73-b2fb-b16463a8115d,3f30f24a-a796-4fb1-b75f-329954aae702,c3,DROP,1019,?,i11,
1769501231.3846302,SENT,bca7a482-04a1-402f-b2bf-7586b3bc8cd0,d280a653-7865-4fab-b0f8-131a457196d0,c1,DROP,1009,?,i6,
1769501231.384672,FORWARDED,bca7a482-04a1-402f-b2bf-7586b3bc8cd0,d280a653-7865-4fab-b0f8-131a457196d0,c1,DROP,1009,?,i6,
1769501231.441151,RECEIVED,d0e8f35c-7f98-4def-bf06-d6f070c89eaf,6b468e18-3035-4c88-9031-8abcf8893ea3,c2,None,2236,p2,?,
1769501231.4972138,RECEIVED,e89926a3-b3cc-4d01-8cd8-04a138a8c2a1,d75f024f-331b-4e56-8ea4-14e0eb06c930,c4,None,2243,p1,?,
1769501231.5253696,RECEIVED,bd7056b5-326c-4368-9ddf-06450335ccbd,d86881da-e775-4bbe-ac26-e96cacf0668a,c1,DROP,1444,p1,?,
1769501231.585853,SENT,4ce04a8c-96df-4afc-82b8-2d5e31a84fd7,e0c98c68-91c7-4564-951c-8125528b68a1,c4,c3,1784,?,i10,
1769501231.5858965,FORWARDED,4ce04a8c-96df-4afc-82b8-2d5e31a84fd7,e0c98c68-91c7-4564-951c-8125528b68a1,c4,c3,1784,?,i10,
1769501231.5995612,SENT,e89926a3-b3cc-4d01-8cd8-04a138a8c2a1,d75f024f-331b-4e56-8ea4-14e0eb06c930,c4,None,1609,?,i4,
1769501231.599605,FORWARDED,e89926a3-b3cc-4d01-8cd8-04a138a8c2a1,d75f024f-331b-4e56-8ea4-14e0eb06c930,c4,None,1609,?,i4,
1769501231.737602,RECEIVED,ce0e3948-d275-40aa-944d-c04011a78d8a,e24d87d5-3744-46ab-a9f7-78db8ed5e319,c1,None,2231,p1,?,
1769501231.837718,SENT,005ef5d7-c533-4133-85a5-ecef3ce290a8,52df44c6-4b23-4d5c-8542-9ae8ff1786d6,c1,DROP,1013,?,i2,
1769501231.8377604,FORWARDED,005ef5d7-c533-4133-85a5-ecef3ce290a8,52df44c6-4b23-4d5c-8542-9ae8ff1786d6,c1,DROP,1013,?,i2,
1769501231.9942577,RECEIVED,69643c58-bdb3-4d3e-ab03-c82c3118f1f8,69121498-46ec-43b0-971f-e8206eba0f04,c5,DROP,1444,p2,?,
1769501231.9959996,SENT,d0e8f35c-7f98-4def-bf06-d6f070c89eaf,6b468e18-3035-4c88-9031-8abcf8893ea3,c2,None,1604,?,i11,
1769501231.99604,FORWARDED,d0e8f35c-7f98-4def-bf06-d6f070c89eaf,6b468e18-3035-4c88-9031-8abcf8893ea3,c2,None,1604,?,i11,
1769501232.0109851,SENT,ce0e3948-d275-40aa-944d-c04011a78d8a,e24d87d5-3744-46ab-a9f7-78db8ed5e319,c1,None,1601,?,i8,
1769501232.0110264,FORWARDED,ce0e3948-d275-40aa-944d-c04011a78d8a,e24d87d5-3744-46ab-a9f7-78db8ed5e319,c1,None,1601,?,i8,
1769501232.0686076,RECEIVED,11807f73-0652-4d58-9619-4cc10eac86ce,2b5adce3-ecce-4432-81e3-1c30cc007e0c,c1,DROP,1440,p1,?,
1769501232.0920722,RECEIVED,f48ffb96-f9f3-4a20-ad8c-787498c62529,77d62b87-3fca-4cca-962f-6e5275fcdcc6,c1,DROP,1435,p1,?,
1769501232.122747,RECEIVED,5d4ee8e9-22dd-4912-98a9-d0c4ea6bf4c6,164dd929-307e-48ef-9fa1-6453cb599e14,c3,c4,2460,p3,?,
1769501232.3109188,RECEIVED,014486ef-3c70-4e49-8ee5-48f95b60dbc6,70bc73bc-9392-4c3e-b196-75c5a6e416ad,c1,DROP,1439,p1,?,
1769501232.3292687,SENT,11807f73-0652-4d58-9619-4cc10eac86ce,2b5adce3-ecce-4432-81e3-1c30cc007e0c,c1,DROP,1007,?,i3,
1769501232.3293114,FORWARDED,11807f73-0652-4d58-9619-4cc10eac86ce,2b5adce3-ecce-4432-81e3-1c30cc007e0c,c1,DROP,1007,?,i3,
1769501232.3689756,SENT,bd7056b5-326c-4368-9ddf-06450335ccbd,d86881da-e775-4bbe-ac26-e96cacf0668a,c1,DROP,1009,?,i12,
1769501232.3690178,FORWARDED,bd7056b5-326c-4368-9ddf-06450335ccbd,d86881da-e775-4bbe-ac26-e96cacf0668a,c1,DROP,1009,?,i12,
1769501232.4277945,SENT,5d4ee8e9-22dd-4912-98a9-d0c4ea6bf4c6,164dd929-307e-48ef-9fa1-6453cb599e14,c3,c4,1772,?,i11,
1769501232.4278395,FORWARDED,5d4ee8e9-22dd-4912-98a9-d0c4ea6bf4c6,164dd929-307e-48ef-9fa1-6453cb599e14,c3,c4,1772,?,i11,
1769501232.4439554,RECEIVED,292e000b-0116-4a26-9aa4-07ae353ef423,20129bd4-f6df-450d-afd6-93d88efbadfa,c1,None,2232,p1,?,
1769501232.5113173,SENT,014486ef-3c70-4e49-8ee5-48f95b60dbc6,70bc73bc-9392-4c3e-b196-75c5a6e416ad,c1,DROP,1008,?,i7,
1769501232.51136,FORWARDED,014486ef-3c70-4e49-8ee5-48f95b60dbc6,70bc73bc-9392-4c3e-b196-75c5a6e416ad,c1,DROP,1008,?,i7,
1769501232.5931106,SENT,292e000b-0116-4a26-9aa4-07ae353ef423,20129bd4-f6df-450d-afd6-93d88efbadfa,c1,None,1600,?,i8,
1769501232.59315,FORWARDED,292e000b-0116-4a26-9aa4-07ae353ef423,20129bd4-f6df-450d-afd6-93d88efbadfa,c1,None,1600,?,i8,
1769501232.6536627,RECEIVED,b5fa7f09-6d7a-4fa6-bf11-333fcda78d30,aabba4d5-963a-4509-a079-e64610b0abd2,c1,DROP,1448,p1,?,
1769501232.6954587,RECEIVED,d88f5144-a5cc-4acb-8829-d0c1fb003ad0,f4e8324b-f4d0-4020-80d6-8f812dd4e5f7,c4,None,2226,p1,?,
1769501232.7946398,SENT,d88f5144-a5cc-4acb-8829-d0c1fb003ad0,f4e8324b-f4d0-4020-80d6-8f812dd4e5f7,c4,None,1595,?,i11,
1769501232.7946866,FORWARDED,d88f5144-a5cc-4acb-8829-d0c1fb003ad0,f4e8324b-f4d0-4020-80d6-8f812dd4e5f7,c4,None,1595,?,i11,
1769501232.8175545,RECEIVED,2eeacff7-960e-48d0-acfb-b61df54d13a4,98eaf127-0687-464a-bc1c-943683a4b16a,c4,None,2219,p1,?,
1769501232.8436563,SENT,b5fa7f09-6d7a-4fa6-bf11-333fcda78d30,aabba4d5-963a-4509-a079-e64610b0abd2,c1,DROP,1012,?,i2,
1769501232.8437014,FORWARDED,b5fa7f09-6d7a-4fa6-bf11-333fcda78d30,aabba4d5-963a-4509-a079-e64610b0abd2,c1,DROP,1012,?,i2,
1769501232.9055812,RECEIVED,80a16658-73c1-4cad-b44b-c7a5006ff937,fc8b48f9-fa72-4fc2-8ace-37a6f45af002,c3,DROP,444,x9,?,
1769501233.3194258,SENT,69643c58-bdb3-4d3e-ab03-c82c3118f1f8,69121498-46ec-43b0-971f-e8206eba0f04,c5,DROP,1011,?,i12,
1769501233.3194714,FORWARDED,69643c58-bdb3-4d3e-ab03-c82c3118f1f8,69121498-46ec-43b0-971f-e8206eba0f04,c5,DROP,1011,?,i12,
1769501233.8478198,SENT,2eeacff7-960e-48d0-acfb-b61df54d13a4,98eaf127-0687-464a-bc1c-943683a4b16a,c4,None,1592,?,i7,
1769501233.847863,FORWARDED,2eeacff7-960e-48d0-acfb-b61df54d13a4,98eaf127-0687-464a-bc1c-943683a4b16a,c4,None,1592,?,i7,
1769501234.0013561,SENT,f48ffb96-f9f3-4a20-ad8c-787498c62529,77d62b87-3fca-4cca-962f-6e5275fcdcc6,c1,DROP,1004,?,i6,
1769501234.0014,FORWARDED,f48ffb96-f9f3-4a20-ad8c-787498c62529,77d62b87-3fca-4cca-962f-6e5275fcdcc6,c1,DROP,1004,?,i6,
1769501234.2195828,RECEIVED,8a0f9035-7f16-417e-8795-87c567dab0c8,b19a3c4c-2991-402d-a5db-368233989d97,c5,DROP,442,x2,?,
1769501234.3027933,RECEIVED,1bdcb832-3feb-4423-abb0-5caa272fa03c,bf2378f5-0434-486b-b311-2f3286964bf8,c3,None,2236,p3,?,
1769501234.7884088,SENT,1bdcb832-3feb-4423-abb0-5caa272fa03c,bf2378f5-0434-486b-b311-2f3286964bf8,c3,None,1605,?,i12,
1769501234.7884502,FORWARDED,1bdcb832-3feb-4423-abb0-5caa272fa03c,bf2378f5-0434-486b-b311-2f3286964bf8,c3,None,1605,?,i12,
1769501234.9284623,RECEIVED,7e3bbdf7-8c8b-4e17-8287-f804e5587c1a,582e2766-91a9-4c2a-941c-c0c5e096f58a,c2,DROP,440,x7,?,
