{
    "avg_entropy": 2.301714925385615,
    "avg_prob_correct": 0.20510623416328752,
    "avg_rank": 1.8315565031982943,
    "num_samples": 469
}