{
    "avg_entropy": 2.2957447597922136,
    "avg_prob_correct": 0.20588789597149465,
    "avg_rank": 1.832271762208068,
    "num_samples": 471
}