timestamp,event_type,packet_id,message_id,src,dst,size,prev_hop,next_hop,flags
1768591911.1629848,RECEIVED,575a67d4-06f9-4140-989b-3cb91d9206b2,dc3abff8-fe39-402b-9ec3-65f44cc9ab60,c4,c5,1017,i5,?,
1768591911.1963682,SENT,575a67d4-06f9-4140-989b-3cb91d9206b2,dc3abff8-fe39-402b-9ec3-65f44cc9ab60,c4,c5,688,?,p2,
1768591911.1969323,FORWARDED,575a67d4-06f9-4140-989b-3cb91d9206b2,dc3abff8-fe39-402b-9ec3-65f44cc9ab60,c4,c5,688,?,p2,
1768591911.8135862,RECEIVED,80bddf37-e010-4203-ac7d-ea6638b3ac06,e2aec020-ad20-4e69-acbe-75fd2bcc9c0a,c1,c2,1012,i3,?,
1768591911.903207,SENT,80bddf37-e010-4203-ac7d-ea6638b3ac06,e2aec020-ad20-4e69-acbe-75fd2bcc9c0a,c1,c2,687,?,p2,
1768591911.9032695,FORWARDED,80bddf37-e010-4203-ac7d-ea6638b3ac06,e2aec020-ad20-4e69-acbe-75fd2bcc9c0a,c1,c2,687,?,p2,
1768591911.9408278,RECEIVED,c4dbd24e-1545-4c21-a995-5c6b92201075,69f6dd5b-44a4-4144-99a0-4c65374315e9,c5,c4,1011,i7,?,
1768591912.5911136,SENT,c4dbd24e-1545-4c21-a995-5c6b92201075,69f6dd5b-44a4-4144-99a0-4c65374315e9,c5,c4,687,?,p1,
1768591912.5912046,FORWARDED,c4dbd24e-1545-4c21-a995-5c6b92201075,69f6dd5b-44a4-4144-99a0-4c65374315e9,c5,c4,687,?,p1,
1768591913.1010108,RECEIVED,7da0586e-4643-4a5f-93c5-f7e03fb5f2f9,fc8f6c55-b126-4710-84d7-81d6b7b8a4d5,c5,c1,1020,i9,?,
1768591913.5976405,SENT,7da0586e-4643-4a5f-93c5-f7e03fb5f2f9,fc8f6c55-b126-4710-84d7-81d6b7b8a4d5,c5,c1,691,?,p1,
1768591913.5977776,FORWARDED,7da0586e-4643-4a5f-93c5-f7e03fb5f2f9,fc8f6c55-b126-4710-84d7-81d6b7b8a4d5,c5,c1,691,?,p1,
1768591913.6921225,RECEIVED,186b6803-7026-4b8e-aab6-bf82fe21de09,5be4250c-a68c-46ad-82cc-157d6e850987,c2,c5,1023,i10,?,
1768591913.7139938,RECEIVED,3cdc4bcc-6a48-48ee-a93a-788fe9997983,aa122732-6296-4d64-bdda-b230a7c1e97e,c2,c4,1015,i6,?,
1768591913.8662696,RECEIVED,3035881c-e1d4-476b-b325-fce9e1daa7d5,19f22606-ba4b-4a3d-8721-87a2f073dda4,c3,c5,1019,i12,?,
1768591913.927751,RECEIVED,f419597b-649a-4fc3-81ea-1eea85bf5ab7,a8039fc8-1a55-43c1-998a-a2e932fb6a0b,c5,c1,1012,i4,?,
1768591913.9809418,RECEIVED,c2ff7d8e-b18d-473f-9410-703d44d9e70e,50276888-0204-425d-b2d2-1ded85a324f8,c2,c1,1012,i3,?,
1768591914.008331,SENT,3035881c-e1d4-476b-b325-fce9e1daa7d5,19f22606-ba4b-4a3d-8721-87a2f073dda4,c3,c5,692,?,p2,
1768591914.0083838,FORWARDED,3035881c-e1d4-476b-b325-fce9e1daa7d5,19f22606-ba4b-4a3d-8721-87a2f073dda4,c3,c5,692,?,p2,
1768591914.0576384,SENT,c2ff7d8e-b18d-473f-9410-703d44d9e70e,50276888-0204-425d-b2d2-1ded85a324f8,c2,c1,687,?,p1,
1768591914.0576866,FORWARDED,c2ff7d8e-b18d-473f-9410-703d44d9e70e,50276888-0204-425d-b2d2-1ded85a324f8,c2,c1,687,?,p1,
1768591914.1101806,RECEIVED,5d0ddf3b-ddad-4104-8b52-5a972c5f82e8,366a4c35-729b-4765-a515-635a0b0bd512,c5,c4,1019,i9,?,
1768591914.3697371,SENT,186b6803-7026-4b8e-aab6-bf82fe21de09,5be4250c-a68c-46ad-82cc-157d6e850987,c2,c5,694,?,p2,
1768591914.3697922,FORWARDED,186b6803-7026-4b8e-aab6-bf82fe21de09,5be4250c-a68c-46ad-82cc-157d6e850987,c2,c5,694,?,p2,
1768591914.4265046,SENT,f419597b-649a-4fc3-81ea-1eea85bf5ab7,a8039fc8-1a55-43c1-998a-a2e932fb6a0b,c5,c1,687,?,p1,
1768591914.4269497,FORWARDED,f419597b-649a-4fc3-81ea-1eea85bf5ab7,a8039fc8-1a55-43c1-998a-a2e932fb6a0b,c5,c1,687,?,p1,
1768591914.8499997,SENT,3cdc4bcc-6a48-48ee-a93a-788fe9997983,aa122732-6296-4d64-bdda-b230a7c1e97e,c2,c4,688,?,p1,
1768591914.8500693,FORWARDED,3cdc4bcc-6a48-48ee-a93a-788fe9997983,aa122732-6296-4d64-bdda-b230a7c1e97e,c2,c4,688,?,p1,
1768591915.0585473,RECEIVED,c46474d4-9981-4e31-b0cc-d43e40af076a,7476dbc6-6026-4f11-b5f7-cac788761df3,c2,DROP,688,i5,?,
1768591915.0789804,RECEIVED,7d77658f-3f2f-44b4-a155-c27c6d57731f,2dcc91cb-1ed0-4e83-8f3d-1519e9b29762,c2,c4,1011,i7,?,
1768591915.1254854,RECEIVED,e21989a0-a226-4307-b807-cb3ced2c80c5,d2172990-2e63-4e93-972e-623d37aee322,c2,c1,1015,i11,?,
1768591915.1537292,SENT,c46474d4-9981-4e31-b0cc-d43e40af076a,7476dbc6-6026-4f11-b5f7-cac788761df3,c2,DROP,442,?,e4,
1768591915.1537778,FORWARDED,c46474d4-9981-4e31-b0cc-d43e40af076a,7476dbc6-6026-4f11-b5f7-cac788761df3,c2,DROP,442,?,e4,
1768591915.2230718,RECEIVED,7c6ea4f8-5cb4-49f2-bfb3-4257148abd40,85dbe4d6-e8dd-43d8-b858-59e436985978,c4,c3,1016,i7,?,
1768591915.2984517,RECEIVED,acc5189e-46cd-465d-b50c-694a246678c9,5ab6ea60-8746-46bf-9cf0-a1325014e26e,c5,c2,1011,i4,?,
1768591915.4733896,RECEIVED,6515b857-e21e-4fb7-bcc7-6abeac3d2f1a,9348596c-4974-4b9a-95fb-540859e1bd9f,c1,c5,1015,i8,?,
1768591915.5917337,SENT,7d77658f-3f2f-44b4-a155-c27c6d57731f,2dcc91cb-1ed0-4e83-8f3d-1519e9b29762,c2,c4,687,?,p1,
1768591915.5917885,FORWARDED,7d77658f-3f2f-44b4-a155-c27c6d57731f,2dcc91cb-1ed0-4e83-8f3d-1519e9b29762,c2,c4,687,?,p1,
1768591915.6107686,SENT,7c6ea4f8-5cb4-49f2-bfb3-4257148abd40,85dbe4d6-e8dd-43d8-b858-59e436985978,c4,c3,689,?,p3,
1768591915.6108277,FORWARDED,7c6ea4f8-5cb4-49f2-bfb3-4257148abd40,85dbe4d6-e8dd-43d8-b858-59e436985978,c4,c3,689,?,p3,
1768591915.6535609,RECEIVED,eb6a67ba-f3a2-4062-aa1f-6225957358dc,5c46b463-8141-449f-9e7b-fda9e3c1b2b3,c1,c4,1017,i7,?,
1768591915.680861,SENT,eb6a67ba-f3a2-4062-aa1f-6225957358dc,5c46b463-8141-449f-9e7b-fda9e3c1b2b3,c1,c4,688,?,p1,
1768591915.6810024,FORWARDED,eb6a67ba-f3a2-4062-aa1f-6225957358dc,5c46b463-8141-449f-9e7b-fda9e3c1b2b3,c1,c4,688,?,p1,
1768591915.6837919,SENT,6515b857-e21e-4fb7-bcc7-6abeac3d2f1a,9348596c-4974-4b9a-95fb-540859e1bd9f,c1,c5,688,?,p2,
1768591915.683845,FORWARDED,6515b857-e21e-4fb7-bcc7-6abeac3d2f1a,9348596c-4974-4b9a-95fb-540859e1bd9f,c1,c5,688,?,p2,
1768591915.845358,RECEIVED,09c93045-5f13-4ba3-ba51-0b954bd8588b,933d620f-99c9-4e37-9886-2b1f27a3be57,c5,c3,1012,i5,?,
1768591915.880519,SENT,5d0ddf3b-ddad-4104-8b52-5a972c5f82e8,366a4c35-729b-4765-a515-635a0b0bd512,c5,c4,691,?,p1,
1768591915.880578,FORWARDED,5d0ddf3b-ddad-4104-8b52-5a972c5f82e8,366a4c35-729b-4765-a515-635a0b0bd512,c5,c4,691,?,p1,
1768591915.8955934,SENT,09c93045-5f13-4ba3-ba51-0b954bd8588b,933d620f-99c9-4e37-9886-2b1f27a3be57,c5,c3,687,?,p3,
1768591915.8957107,FORWARDED,09c93045-5f13-4ba3-ba51-0b954bd8588b,933d620f-99c9-4e37-9886-2b1f27a3be57,c5,c3,687,?,p3,
1768591916.0290823,RECEIVED,67793c68-217e-4952-bf6d-282225722b29,782991cc-3281-4676-8a77-2ee944cf4b5b,c3,c2,1019,i1,?,
1768591916.1053112,RECEIVED,79b02d47-e9f6-4bc9-8827-5d5027fbf15d,cb039e06-824d-4f17-a6dd-c977ed3c3de3,c4,c3,1021,i4,?,
1768591916.144179,RECEIVED,a69ba407-d607-46aa-8d14-2bec1199dbe6,c1388f75-e135-4042-b4cc-67705581f911,c4,c1,1011,i1,?,
1768591916.1979587,SENT,79b02d47-e9f6-4bc9-8827-5d5027fbf15d,cb039e06-824d-4f17-a6dd-c977ed3c3de3,c4,c3,691,?,p3,
1768591916.1980066,FORWARDED,79b02d47-e9f6-4bc9-8827-5d5027fbf15d,cb039e06-824d-4f17-a6dd-c977ed3c3de3,c4,c3,691,?,p3,
1768591916.39609,SENT,acc5189e-46cd-465d-b50c-694a246678c9,5ab6ea60-8746-46bf-9cf0-a1325014e26e,c5,c2,687,?,p2,
1768591916.3961377,FORWARDED,acc5189e-46cd-465d-b50c-694a246678c9,5ab6ea60-8746-46bf-9cf0-a1325014e26e,c5,c2,687,?,p2,
1768591916.40172,RECEIVED,7dd4d31e-cf09-45a1-92bd-806778fa5531,3161dc4f-0e34-4d11-bce1-ef75b106b802,c2,c1,1017,i10,?,
1768591916.4334927,SENT,a69ba407-d607-46aa-8d14-2bec1199dbe6,c1388f75-e135-4042-b4cc-67705581f911,c4,c1,686,?,p1,
1768591916.4335463,FORWARDED,a69ba407-d607-46aa-8d14-2bec1199dbe6,c1388f75-e135-4042-b4cc-67705581f911,c4,c1,686,?,p1,
1768591916.4489949,SENT,7dd4d31e-cf09-45a1-92bd-806778fa5531,3161dc4f-0e34-4d11-bce1-ef75b106b802,c2,c1,688,?,p1,
1768591916.4490404,FORWARDED,7dd4d31e-cf09-45a1-92bd-806778fa5531,3161dc4f-0e34-4d11-bce1-ef75b106b802,c2,c1,688,?,p1,
1768591916.5823298,RECEIVED,53a503b1-8dd0-4b25-8f84-9b48fba6a714,4075f7dd-67c0-4797-9b54-a1c469795fbd,c3,DROP,692,i11,?,
1768591916.723669,RECEIVED,82a1b345-146e-403e-963c-ae0fbc9fd10d,710d4046-5168-4f7a-a836-6724d3b650b1,c4,DROP,685,i7,?,
1768591916.7553968,SENT,67793c68-217e-4952-bf6d-282225722b29,782991cc-3281-4676-8a77-2ee944cf4b5b,c3,c2,691,?,p2,
1768591916.7554402,FORWARDED,67793c68-217e-4952-bf6d-282225722b29,782991cc-3281-4676-8a77-2ee944cf4b5b,c3,c2,691,?,p2,
1768591916.898715,RECEIVED,be56cef8-910b-448b-82be-d0465b0fd408,1a4c5808-fa8f-4c0c-9dc0-77a4b0e2e2fe,c2,c4,1012,i1,?,
1768591916.9775293,RECEIVED,cbdb5b86-474e-4feb-941f-23bb6a9d0901,3011f228-db0e-4f6a-b566-66243b0bc40d,c4,c5,1017,i4,?,
1768591917.1275527,SENT,82a1b345-146e-403e-963c-ae0fbc9fd10d,710d4046-5168-4f7a-a836-6724d3b650b1,c4,DROP,441,?,e10,
1768591917.1275995,FORWARDED,82a1b345-146e-403e-963c-ae0fbc9fd10d,710d4046-5168-4f7a-a836-6724d3b650b1,c4,DROP,441,?,e10,
1768591917.22068,SENT,cbdb5b86-474e-4feb-941f-23bb6a9d0901,3011f228-db0e-4f6a-b566-66243b0bc40d,c4,c5,692,?,p2,
1768591917.2207246,FORWARDED,cbdb5b86-474e-4feb-941f-23bb6a9d0901,3011f228-db0e-4f6a-b566-66243b0bc40d,c4,c5,692,?,p2,
1768591917.3505113,SENT,be56cef8-910b-448b-82be-d0465b0fd408,1a4c5808-fa8f-4c0c-9dc0-77a4b0e2e2fe,c2,c4,687,?,p1,
1768591917.350555,FORWARDED,be56cef8-910b-448b-82be-d0465b0fd408,1a4c5808-fa8f-4c0c-9dc0-77a4b0e2e2fe,c2,c4,687,?,p1,
1768591917.4706933,SENT,53a503b1-8dd0-4b25-8f84-9b48fba6a714,4075f7dd-67c0-4797-9b54-a1c469795fbd,c3,DROP,445,?,e12,
1768591917.4707332,FORWARDED,53a503b1-8dd0-4b25-8f84-9b48fba6a714,4075f7dd-67c0-4797-9b54-a1c469795fbd,c3,DROP,445,?,e12,
1768591917.487198,RECEIVED,eb9981f4-f55c-4d20-9673-21af5cf03bc5,c837ab11-7511-4764-80e2-462674eaa362,c1,c3,1021,i2,?,
1768591917.5721006,SENT,eb9981f4-f55c-4d20-9673-21af5cf03bc5,c837ab11-7511-4764-80e2-462674eaa362,c1,c3,692,?,p3,
1768591917.5721416,FORWARDED,eb9981f4-f55c-4d20-9673-21af5cf03bc5,c837ab11-7511-4764-80e2-462674eaa362,c1,c3,692,?,p3,
1768591917.654784,SENT,e21989a0-a226-4307-b807-cb3ced2c80c5,d2172990-2e63-4e93-972e-623d37aee322,c2,c1,690,?,p1,
1768591917.6548238,FORWARDED,e21989a0-a226-4307-b807-cb3ced2c80c5,d2172990-2e63-4e93-972e-623d37aee322,c2,c1,690,?,p1,
1768591918.0075748,RECEIVED,7c074fe4-dd14-4ea3-b63a-f7d952529062,fa14bcae-343b-4d95-a8cb-dd48eeb5d671,c5,c4,1015,i11,?,
1768591918.0496335,RECEIVED,f653d7a4-debb-4628-83b0-68d09ebb10fa,486d8c83-4a29-42d5-831b-044c9da877fb,c3,DROP,442,x8,?,
1768591918.050068,RECEIVED,fd43bedd-f0c9-41a7-bf0c-a354a2dcdf98,85284590-64e3-438c-9234-83e98c65ecb1,c1,DROP,684,i6,?,
1768591918.175207,RECEIVED,1ee5212c-7b1b-46c4-88e3-9662bb98c8cd,41d1b7cb-a34d-4f61-a522-41446e43104b,c1,c3,1011,i6,?,
1768591918.2803462,RECEIVED,8d727c5c-1497-46d7-a13f-25fe74afe18e,c7bd2b99-c0b7-4bb1-852b-e2b8f4a0a098,c5,c4,1019,i8,?,
1768591918.4657936,RECEIVED,f92a7ae7-bb61-4659-94d8-cba13f888012,26893ce0-f5b4-4561-8cbe-6c3d17aa1203,c3,c2,1023,i2,?,
1768591918.5495527,SENT,fd43bedd-f0c9-41a7-bf0c-a354a2dcdf98,85284590-64e3-438c-9234-83e98c65ecb1,c1,DROP,441,?,i11,
1768591918.5495918,FORWARDED,fd43bedd-f0c9-41a7-bf0c-a354a2dcdf98,85284590-64e3-438c-9234-83e98c65ecb1,c1,DROP,441,?,i11,
1768591918.5875914,RECEIVED,a87cb17e-70c7-4464-b2cc-f048f377e74f,0fe6e410-1ae0-48c8-9809-9f5d5db25c72,c2,DROP,687,i8,?,
1768591918.741447,RECEIVED,62d97e59-2496-46b9-935c-b30cd8d3e7ca,2af6b15c-f01f-407c-a4f6-5e4d4e228215,c1,DROP,687,i9,?,
1768591918.8415456,RECEIVED,5a80e05b-d2f0-4ce6-8246-18b1cf7b9e59,644e0fce-7de2-461e-bd73-35d4c6ec918c,c2,c5,1019,i4,?,
1768591918.885161,SENT,1ee5212c-7b1b-46c4-88e3-9662bb98c8cd,41d1b7cb-a34d-4f61-a522-41446e43104b,c1,c3,687,?,p3,
1768591918.885201,FORWARDED,1ee5212c-7b1b-46c4-88e3-9662bb98c8cd,41d1b7cb-a34d-4f61-a522-41446e43104b,c1,c3,687,?,p3,
1768591918.9542449,SENT,7c074fe4-dd14-4ea3-b63a-f7d952529062,fa14bcae-343b-4d95-a8cb-dd48eeb5d671,c5,c4,688,?,p1,
1768591918.9542863,FORWARDED,7c074fe4-dd14-4ea3-b63a-f7d952529062,fa14bcae-343b-4d95-a8cb-dd48eeb5d671,c5,c4,688,?,p1,
1768591919.0936778,SENT,a87cb17e-70c7-4464-b2cc-f048f377e74f,0fe6e410-1ae0-48c8-9809-9f5d5db25c72,c2,DROP,442,?,x4,
1768591919.0937178,FORWARDED,a87cb17e-70c7-4464-b2cc-f048f377e74f,0fe6e410-1ae0-48c8-9809-9f5d5db25c72,c2,DROP,442,?,x4,
1768591919.14201,RECEIVED,f6c30c67-3b65-4f9f-9ac6-be1f23ca30fe,64b8c919-4040-415a-9bef-7c04cb51b846,c3,c4,1019,i11,?,
1768591919.1877432,RECEIVED,0f33d164-7c5c-41d3-9bef-5008cbb6c017,c7f9b92c-50e0-45e2-856f-a54b14a4c278,c3,c1,1012,i6,?,
1768591919.279935,RECEIVED,394ef1c2-c4f4-449b-8ffe-64fa2c8b3863,4a8abefa-719c-498f-8d10-697802a0a9f7,c4,c2,1012,i12,?,
1768591919.3625398,SENT,0f33d164-7c5c-41d3-9bef-5008cbb6c017,c7f9b92c-50e0-45e2-856f-a54b14a4c278,c3,c1,687,?,p1,
1768591919.3625813,FORWARDED,0f33d164-7c5c-41d3-9bef-5008cbb6c017,c7f9b92c-50e0-45e2-856f-a54b14a4c278,c3,c1,687,?,p1,
1768591919.3858464,SENT,394ef1c2-c4f4-449b-8ffe-64fa2c8b3863,4a8abefa-719c-498f-8d10-697802a0a9f7,c4,c2,687,?,p2,
1768591919.3859,FORWARDED,394ef1c2-c4f4-449b-8ffe-64fa2c8b3863,4a8abefa-719c-498f-8d10-697802a0a9f7,c4,c2,687,?,p2,
1768591919.4179711,RECEIVED,fb272713-2dd7-4f35-8193-5bdda8fab2c8,ca88e309-90fc-4151-85fa-9dd477fd6348,c3,c2,1015,i8,?,
1768591919.5014646,RECEIVED,6f73395c-4d18-48b3-b297-8f8f6b00b755,328996b2-35bf-4db2-ab91-8ff5274288aa,c4,c3,1019,i3,?,
1768591919.506153,RECEIVED,37133ca5-98f0-4c2b-9350-3e3732418eeb,8452e346-1f2f-4de7-b7be-003ddf710e24,c3,c4,1015,i6,?,
1768591919.6044712,RECEIVED,46e5bda0-f46c-4f2b-b760-fb953b052417,51231140-6bc5-4699-8571-827675e85bff,c5,c1,1019,i4,?,
1768591919.6129336,SENT,f6c30c67-3b65-4f9f-9ac6-be1f23ca30fe,64b8c919-4040-415a-9bef-7c04cb51b846,c3,c4,691,?,p1,
1768591919.6129706,FORWARDED,f6c30c67-3b65-4f9f-9ac6-be1f23ca30fe,64b8c919-4040-415a-9bef-7c04cb51b846,c3,c4,691,?,p1,
1768591919.6406574,RECEIVED,1ece9591-73b2-46be-93a5-56cda0c803d1,6b4526e7-365f-4cd4-8eed-42c4c4b328f3,c2,c4,1014,i4,?,
1768591919.651159,SENT,f92a7ae7-bb61-4659-94d8-cba13f888012,26893ce0-f5b4-4561-8cbe-6c3d17aa1203,c3,c2,695,?,p2,
1768591919.6511993,FORWARDED,f92a7ae7-bb61-4659-94d8-cba13f888012,26893ce0-f5b4-4561-8cbe-6c3d17aa1203,c3,c2,695,?,p2,
1768591919.7459128,SENT,46e5bda0-f46c-4f2b-b760-fb953b052417,51231140-6bc5-4699-8571-827675e85bff,c5,c1,692,?,p1,
1768591919.7459533,FORWARDED,46e5bda0-f46c-4f2b-b760-fb953b052417,51231140-6bc5-4699-8571-827675e85bff,c5,c1,692,?,p1,
1768591919.7669115,RECEIVED,2abf2086-5aab-47d3-94bb-3171457a1dbe,4340be49-3deb-4cf0-8089-73c64ef40341,c5,DROP,436,x8,?,
1768591919.9221544,RECEIVED,0fb6ef50-4745-4896-96c8-2d28bcdd4be0,df818343-98cd-473b-b6e2-ce5a20a29027,c4,c2,1014,i2,?,
1768591919.9636602,SENT,6f73395c-4d18-48b3-b297-8f8f6b00b755,328996b2-35bf-4db2-ab91-8ff5274288aa,c4,c3,691,?,p3,
1768591919.963707,FORWARDED,6f73395c-4d18-48b3-b297-8f8f6b00b755,328996b2-35bf-4db2-ab91-8ff5274288aa,c4,c3,691,?,p3,
1768591920.1014264,SENT,5a80e05b-d2f0-4ce6-8246-18b1cf7b9e59,644e0fce-7de2-461e-bd73-35d4c6ec918c,c2,c5,691,?,p2,
1768591920.1014717,FORWARDED,5a80e05b-d2f0-4ce6-8246-18b1cf7b9e59,644e0fce-7de2-461e-bd73-35d4c6ec918c,c2,c5,691,?,p2,
1768591920.128471,SENT,62d97e59-2496-46b9-935c-b30cd8d3e7ca,2af6b15c-f01f-407c-a4f6-5e4d4e228215,c1,DROP,442,?,x6,
1768591920.1285107,FORWARDED,62d97e59-2496-46b9-935c-b30cd8d3e7ca,2af6b15c-f01f-407c-a4f6-5e4d4e228215,c1,DROP,442,?,x6,
1768591920.1329916,SENT,fb272713-2dd7-4f35-8193-5bdda8fab2c8,ca88e309-90fc-4151-85fa-9dd477fd6348,c3,c2,688,?,p2,
1768591920.1330311,FORWARDED,fb272713-2dd7-4f35-8193-5bdda8fab2c8,ca88e309-90fc-4151-85fa-9dd477fd6348,c3,c2,688,?,p2,
1768591920.2483928,SENT,37133ca5-98f0-4c2b-9350-3e3732418eeb,8452e346-1f2f-4de7-b7be-003ddf710e24,c3,c4,688,?,p1,
1768591920.248432,FORWARDED,37133ca5-98f0-4c2b-9350-3e3732418eeb,8452e346-1f2f-4de7-b7be-003ddf710e24,c3,c4,688,?,p1,
1768591920.451309,RECEIVED,9b46def5-4296-48f3-9a33-9d8c781343e9,46d5948f-b80c-475f-bbf6-2d13992983e2,c5,c4,1023,i11,?,
1768591920.5392752,SENT,8d727c5c-1497-46d7-a13f-25fe74afe18e,c7bd2b99-c0b7-4bb1-852b-e2b8f4a0a098,c5,c4,691,?,p1,
1768591920.5393162,FORWARDED,8d727c5c-1497-46d7-a13f-25fe74afe18e,c7bd2b99-c0b7-4bb1-852b-e2b8f4a0a098,c5,c4,691,?,p1,
1768591920.841506,SENT,9b46def5-4296-48f3-9a33-9d8c781343e9,46d5948f-b80c-475f-bbf6-2d13992983e2,c5,c4,696,?,p1,
1768591920.8415446,FORWARDED,9b46def5-4296-48f3-9a33-9d8c781343e9,46d5948f-b80c-475f-bbf6-2d13992983e2,c5,c4,696,?,p1,
1768591921.178636,RECEIVED,2f861c91-7d34-4cb7-bce7-0e3a648021f5,86f84d69-4df9-4498-a7e6-b05ebd747c15,c2,c1,1015,i4,?,
1768591921.2953434,RECEIVED,6c8b1a61-a495-4b82-b7ef-7484705e9c7c,c11ff6a8-8c06-4b43-b044-8a53e880d636,c2,c1,1023,i5,?,
1768591921.5635796,SENT,1ece9591-73b2-46be-93a5-56cda0c803d1,6b4526e7-365f-4cd4-8eed-42c4c4b328f3,c2,c4,688,?,p1,
1768591921.5636334,FORWARDED,1ece9591-73b2-46be-93a5-56cda0c803d1,6b4526e7-365f-4cd4-8eed-42c4c4b328f3,c2,c4,688,?,p1,
1768591921.7312772,RECEIVED,3e239f32-03c3-499b-b3df-ab1104a481ad,d48bf425-1e17-4485-b9fb-57f33805f62b,c2,c3,1011,i8,?,
1768591921.7411323,RECEIVED,ddf25211-64f1-46a5-8d2c-2387f6645467,17516581-99cb-4a12-a567-579a8c71a835,c3,c2,1016,i12,?,
1768591922.0153952,SENT,ddf25211-64f1-46a5-8d2c-2387f6645467,17516581-99cb-4a12-a567-579a8c71a835,c3,c2,688,?,p2,
1768591922.0154366,FORWARDED,ddf25211-64f1-46a5-8d2c-2387f6645467,17516581-99cb-4a12-a567-579a8c71a835,c3,c2,688,?,p2,
1768591922.4566562,SENT,2f861c91-7d34-4cb7-bce7-0e3a648021f5,86f84d69-4df9-4498-a7e6-b05ebd747c15,c2,c1,688,?,p1,
1768591922.456692,FORWARDED,2f861c91-7d34-4cb7-bce7-0e3a648021f5,86f84d69-4df9-4498-a7e6-b05ebd747c15,c2,c1,688,?,p1,
1768591922.605943,RECEIVED,d883b21c-b7f7-4633-94d7-e61aff558a10,45a605df-c068-4e82-acfe-c26b72b67daf,c4,c2,1023,i12,?,
1768591922.7788258,SENT,0fb6ef50-4745-4896-96c8-2d28bcdd4be0,df818343-98cd-473b-b6e2-ce5a20a29027,c4,c2,688,?,p2,
1768591922.7788675,FORWARDED,0fb6ef50-4745-4896-96c8-2d28bcdd4be0,df818343-98cd-473b-b6e2-ce5a20a29027,c4,c2,688,?,p2,
1768591922.8962934,SENT,d883b21c-b7f7-4633-94d7-e61aff558a10,45a605df-c068-4e82-acfe-c26b72b67daf,c4,c2,695,?,p2,
1768591922.896328,FORWARDED,d883b21c-b7f7-4633-94d7-e61aff558a10,45a605df-c068-4e82-acfe-c26b72b67daf,c4,c2,695,?,p2,
1768591923.1152864,SENT,3e239f32-03c3-499b-b3df-ab1104a481ad,d48bf425-1e17-4485-b9fb-57f33805f62b,c2,c3,686,?,p3,
1768591923.1153278,FORWARDED,3e239f32-03c3-499b-b3df-ab1104a481ad,d48bf425-1e17-4485-b9fb-57f33805f62b,c2,c3,686,?,p3,
1768591923.208034,RECEIVED,a1ed3688-f7af-4918-8910-76004b338d1a,f6e9226b-7d4c-4a80-b19a-a8a985f30cd8,c4,c5,1010,i1,?,
1768591923.6042986,RECEIVED,89b80c73-9d4e-4b69-94d4-58bdfd61deee,b5b61a9b-939e-45b2-a88f-cca9366d738a,c5,DROP,687,i6,?,
1768591923.8623996,RECEIVED,09acf1ed-1ea8-4ba5-ba43-e8ebbbffd36d,57497ba6-cb1c-42e3-bec8-965473547ae9,c2,c5,1020,i6,?,
1768591923.9762878,RECEIVED,66b1f0d3-e26d-4951-9cc8-e2afea3c3278,fcbcaf3c-7b60-4776-8e30-a1c148007fa7,c5,c3,1011,i1,?,
1768591924.0095062,SENT,6c8b1a61-a495-4b82-b7ef-7484705e9c7c,c11ff6a8-8c06-4b43-b044-8a53e880d636,c2,c1,696,?,p1,
1768591924.0095456,FORWARDED,6c8b1a61-a495-4b82-b7ef-7484705e9c7c,c11ff6a8-8c06-4b43-b044-8a53e880d636,c2,c1,696,?,p1,
1768591924.1398962,SENT,09acf1ed-1ea8-4ba5-ba43-e8ebbbffd36d,57497ba6-cb1c-42e3-bec8-965473547ae9,c2,c5,691,?,p2,
1768591924.1399343,FORWARDED,09acf1ed-1ea8-4ba5-ba43-e8ebbbffd36d,57497ba6-cb1c-42e3-bec8-965473547ae9,c2,c5,691,?,p2,
1768591924.2733715,RECEIVED,f03c6d27-cee4-46a4-af38-dae9bb692f9a,abbc88c1-4e4c-41c6-a0bb-fe6cea386356,c5,c3,1014,i2,?,
1768591924.348449,SENT,a1ed3688-f7af-4918-8910-76004b338d1a,f6e9226b-7d4c-4a80-b19a-a8a985f30cd8,c4,c5,687,?,p2,
1768591924.348736,FORWARDED,a1ed3688-f7af-4918-8910-76004b338d1a,f6e9226b-7d4c-4a80-b19a-a8a985f30cd8,c4,c5,687,?,p2,
1768591924.417242,RECEIVED,6d600a2d-ff6a-4796-86ce-60982ac75787,58cf1c8b-a3de-4f9f-9a5e-0c6c17033d81,c2,c4,1023,i1,?,
1768591924.5060534,RECEIVED,cbad91d0-eed4-4a3a-a366-c366e7c007e2,9ac3303f-d524-4bf1-a0bd-11de487a2659,c5,c4,1015,i5,?,
1768591924.8836434,RECEIVED,676cfccb-7398-494d-a712-181082727cd5,c0f8fd9e-67ab-4a4f-b467-e424a8b6d999,c3,c1,1012,i2,?,
1768591924.9215884,SENT,66b1f0d3-e26d-4951-9cc8-e2afea3c3278,fcbcaf3c-7b60-4776-8e30-a1c148007fa7,c5,c3,687,?,p3,
1768591924.9216301,FORWARDED,66b1f0d3-e26d-4951-9cc8-e2afea3c3278,fcbcaf3c-7b60-4776-8e30-a1c148007fa7,c5,c3,687,?,p3,
1768591924.9604766,SENT,676cfccb-7398-494d-a712-181082727cd5,c0f8fd9e-67ab-4a4f-b467-e424a8b6d999,c3,c1,687,?,p1,
1768591924.9605181,FORWARDED,676cfccb-7398-494d-a712-181082727cd5,c0f8fd9e-67ab-4a4f-b467-e424a8b6d999,c3,c1,687,?,p1,
1768591925.0450585,RECEIVED,48d65a8e-76d3-49de-8922-ce80c352a8cb,3703c97e-e90b-4d0b-a2fa-55e01e057fe4,c1,c3,1015,i11,?,
1768591925.1352906,RECEIVED,3700f760-742e-4581-9943-2d0cc330634d,38045edb-3118-492b-89c1-5356d0c1180f,c1,c5,1012,i5,?,
1768591925.1569424,SENT,48d65a8e-76d3-49de-8922-ce80c352a8cb,3703c97e-e90b-4d0b-a2fa-55e01e057fe4,c1,c3,688,?,p3,
1768591925.1569831,FORWARDED,48d65a8e-76d3-49de-8922-ce80c352a8cb,3703c97e-e90b-4d0b-a2fa-55e01e057fe4,c1,c3,688,?,p3,
1768591925.1579242,RECEIVED,36c638e4-f9b9-4953-a321-247418165cc1,2da4af0b-d767-4d58-8165-734d74f0241b,c5,c4,1020,i11,?,
1768591925.1744666,SENT,3700f760-742e-4581-9943-2d0cc330634d,38045edb-3118-492b-89c1-5356d0c1180f,c1,c5,687,?,p2,
1768591925.17452,FORWARDED,3700f760-742e-4581-9943-2d0cc330634d,38045edb-3118-492b-89c1-5356d0c1180f,c1,c5,687,?,p2,
1768591925.352146,SENT,36c638e4-f9b9-4953-a321-247418165cc1,2da4af0b-d767-4d58-8165-734d74f0241b,c5,c4,691,?,p1,
1768591925.352179,FORWARDED,36c638e4-f9b9-4953-a321-247418165cc1,2da4af0b-d767-4d58-8165-734d74f0241b,c5,c4,691,?,p1,
1768591925.5323322,SENT,6d600a2d-ff6a-4796-86ce-60982ac75787,58cf1c8b-a3de-4f9f-9a5e-0c6c17033d81,c2,c4,695,?,p1,
1768591925.5323727,FORWARDED,6d600a2d-ff6a-4796-86ce-60982ac75787,58cf1c8b-a3de-4f9f-9a5e-0c6c17033d81,c2,c4,695,?,p1,
1768591925.5988321,RECEIVED,39871da2-702a-4c63-88c9-c3c6b1437f15,8e642cbb-a76c-4651-84dc-cc9d4a95f580,c2,c1,1019,i12,?,
1768591925.60325,RECEIVED,a729b9f1-c6aa-4c93-883c-65a92b91b652,fbe6391e-d6e3-4212-9845-4bc24b181f1e,c5,DROP,691,i12,?,
1768591925.662995,SENT,89b80c73-9d4e-4b69-94d4-58bdfd61deee,b5b61a9b-939e-45b2-a88f-cca9366d738a,c5,DROP,442,?,x12,
1768591925.6630433,FORWARDED,89b80c73-9d4e-4b69-94d4-58bdfd61deee,b5b61a9b-939e-45b2-a88f-cca9366d738a,c5,DROP,442,?,x12,
1768591925.8683662,SENT,39871da2-702a-4c63-88c9-c3c6b1437f15,8e642cbb-a76c-4651-84dc-cc9d4a95f580,c2,c1,693,?,p1,
1768591925.8684075,FORWARDED,39871da2-702a-4c63-88c9-c3c6b1437f15,8e642cbb-a76c-4651-84dc-cc9d4a95f580,c2,c1,693,?,p1,
1768591925.9824646,SENT,a729b9f1-c6aa-4c93-883c-65a92b91b652,fbe6391e-d6e3-4212-9845-4bc24b181f1e,c5,DROP,445,?,x5,
1768591925.9825044,FORWARDED,a729b9f1-c6aa-4c93-883c-65a92b91b652,fbe6391e-d6e3-4212-9845-4bc24b181f1e,c5,DROP,445,?,x5,
1768591926.2510996,RECEIVED,328e85b0-b77f-4f88-aac4-a8a4aebac908,2800079a-d5b7-41f1-aa82-74edc3eb4397,c4,c2,1016,i6,?,
1768591926.2707965,RECEIVED,7e4016bf-3ae4-45c6-a21f-4c8183d5b364,197cb1a6-7f35-4bfc-b881-36a8ad7b19f0,c5,c4,1015,i9,?,
1768591926.3525498,RECEIVED,3d830281-aaff-4e4e-9c96-2e96a66a7f12,2406309a-d565-4e08-b9b7-117f69acb520,c4,c3,1015,i1,?,
1768591926.3607998,SENT,f03c6d27-cee4-46a4-af38-dae9bb692f9a,abbc88c1-4e4c-41c6-a0bb-fe6cea386356,c5,c3,689,?,p3,
1768591926.3608365,FORWARDED,f03c6d27-cee4-46a4-af38-dae9bb692f9a,abbc88c1-4e4c-41c6-a0bb-fe6cea386356,c5,c3,689,?,p3,
1768591926.3637588,RECEIVED,29f8bcb0-d8c5-4a76-a3e9-8f3412cc00a2,b1120d2f-1736-4f2b-81bc-4472890b0c5e,c1,c3,1016,i1,?,
1768591926.3824284,SENT,cbad91d0-eed4-4a3a-a366-c366e7c007e2,9ac3303f-d524-4bf1-a0bd-11de487a2659,c5,c4,688,?,p1,
1768591926.3824692,FORWARDED,cbad91d0-eed4-4a3a-a366-c366e7c007e2,9ac3303f-d524-4bf1-a0bd-11de487a2659,c5,c4,688,?,p1,
1768591926.4831965,RECEIVED,9153b5d2-a9d5-4e1e-b4fd-b1605cdb1c71,e577dbcb-9a1c-4866-834c-9c9ffe8ff5cb,c4,c3,1010,i5,?,
1768591926.5287085,SENT,328e85b0-b77f-4f88-aac4-a8a4aebac908,2800079a-d5b7-41f1-aa82-74edc3eb4397,c4,c2,689,?,p2,
1768591926.528748,FORWARDED,328e85b0-b77f-4f88-aac4-a8a4aebac908,2800079a-d5b7-41f1-aa82-74edc3eb4397,c4,c2,689,?,p2,
1768591926.680805,RECEIVED,c355dcca-4ff3-48e0-a0d5-f7c455d97fa3,5678bf68-b041-4c6a-b00b-c65e28c11ee5,c5,c1,1012,i6,?,
1768591926.6850197,SENT,9153b5d2-a9d5-4e1e-b4fd-b1605cdb1c71,e577dbcb-9a1c-4866-834c-9c9ffe8ff5cb,c4,c3,687,?,p3,
1768591926.6851363,FORWARDED,9153b5d2-a9d5-4e1e-b4fd-b1605cdb1c71,e577dbcb-9a1c-4866-834c-9c9ffe8ff5cb,c4,c3,687,?,p3,
1768591926.7046745,SENT,29f8bcb0-d8c5-4a76-a3e9-8f3412cc00a2,b1120d2f-1736-4f2b-81bc-4472890b0c5e,c1,c3,688,?,p3,
1768591926.7047129,FORWARDED,29f8bcb0-d8c5-4a76-a3e9-8f3412cc00a2,b1120d2f-1736-4f2b-81bc-4472890b0c5e,c1,c3,688,?,p3,
1768591926.7169244,SENT,c355dcca-4ff3-48e0-a0d5-f7c455d97fa3,5678bf68-b041-4c6a-b00b-c65e28c11ee5,c5,c1,687,?,p1,
1768591926.7169683,FORWARDED,c355dcca-4ff3-48e0-a0d5-f7c455d97fa3,5678bf68-b041-4c6a-b00b-c65e28c11ee5,c5,c1,687,?,p1,
1768591926.9632525,SENT,7e4016bf-3ae4-45c6-a21f-4c8183d5b364,197cb1a6-7f35-4bfc-b881-36a8ad7b19f0,c5,c4,689,?,p1,
1768591926.9632897,FORWARDED,7e4016bf-3ae4-45c6-a21f-4c8183d5b364,197cb1a6-7f35-4bfc-b881-36a8ad7b19f0,c5,c4,689,?,p1,
1768591927.0056715,RECEIVED,1a56ac82-d287-47f7-99b5-0b53f37d4435,5ba84796-08c6-45ca-8577-ee6632c39192,c4,c3,1019,i10,?,
1768591927.1311727,SENT,3d830281-aaff-4e4e-9c96-2e96a66a7f12,2406309a-d565-4e08-b9b7-117f69acb520,c4,c3,689,?,p3,
1768591927.131223,FORWARDED,3d830281-aaff-4e4e-9c96-2e96a66a7f12,2406309a-d565-4e08-b9b7-117f69acb520,c4,c3,689,?,p3,
1768591927.1592631,RECEIVED,45568be4-7453-4491-a016-d2f03be8596b,d30c1e72-6a62-4727-9ae1-2d34576b921e,c1,c5,1015,i8,?,
1768591927.2217128,RECEIVED,78659d03-43ef-433c-8a67-a86a4848627e,173ea239-bbff-4a79-8bd5-2ec80d38022f,c1,c4,1015,i9,?,
1768591927.4147773,SENT,45568be4-7453-4491-a016-d2f03be8596b,d30c1e72-6a62-4727-9ae1-2d34576b921e,c1,c5,688,?,p2,
1768591927.4148207,FORWARDED,45568be4-7453-4491-a016-d2f03be8596b,d30c1e72-6a62-4727-9ae1-2d34576b921e,c1,c5,688,?,p2,
1768591927.5288346,RECEIVED,0aa2508f-edd0-4cad-a531-9a0a03214315,2fb3afb5-8ff9-4a68-9063-b6cb28c9ee2e,c5,c3,1011,i1,?,
1768591927.7273002,SENT,1a56ac82-d287-47f7-99b5-0b53f37d4435,5ba84796-08c6-45ca-8577-ee6632c39192,c4,c3,691,?,p3,
1768591927.7273536,FORWARDED,1a56ac82-d287-47f7-99b5-0b53f37d4435,5ba84796-08c6-45ca-8577-ee6632c39192,c4,c3,691,?,p3,
1768591927.852496,SENT,78659d03-43ef-433c-8a67-a86a4848627e,173ea239-bbff-4a79-8bd5-2ec80d38022f,c1,c4,688,?,p1,
1768591927.8525443,FORWARDED,78659d03-43ef-433c-8a67-a86a4848627e,173ea239-bbff-4a79-8bd5-2ec80d38022f,c1,c4,688,?,p1,
1768591927.970207,RECEIVED,6399c80a-921c-4314-948a-84c4af4838e6,42c2feb6-e7b5-4898-8872-720e910b34d8,c1,c4,1011,i1,?,
1768591927.9898007,SENT,0aa2508f-edd0-4cad-a531-9a0a03214315,2fb3afb5-8ff9-4a68-9063-b6cb28c9ee2e,c5,c3,686,?,p3,
1768591927.9898424,FORWARDED,0aa2508f-edd0-4cad-a531-9a0a03214315,2fb3afb5-8ff9-4a68-9063-b6cb28c9ee2e,c5,c3,686,?,p3,
1768591928.110773,RECEIVED,0690253a-d2f9-49c4-a5da-3b422b3f5344,2d39c42b-2cb8-46ca-b33f-6b8d61509f36,c2,c1,1014,i2,?,
1768591928.4788337,RECEIVED,6edff535-b4dc-4dee-a501-e30cf54dd043,1e2559cc-3e5b-48be-bc70-812c0301c76d,c3,c2,1015,i12,?,
1768591928.5642512,RECEIVED,9a3e55b4-8682-47c7-8616-0051207d2fcc,2364d970-dc4b-4715-ada4-f8795bf60ba4,c2,c1,1014,i2,?,
1768591928.6431756,SENT,6399c80a-921c-4314-948a-84c4af4838e6,42c2feb6-e7b5-4898-8872-720e910b34d8,c1,c4,687,?,p1,
1768591928.643228,FORWARDED,6399c80a-921c-4314-948a-84c4af4838e6,42c2feb6-e7b5-4898-8872-720e910b34d8,c1,c4,687,?,p1,
1768591929.0289836,SENT,6edff535-b4dc-4dee-a501-e30cf54dd043,1e2559cc-3e5b-48be-bc70-812c0301c76d,c3,c2,688,?,p2,
1768591929.0290232,FORWARDED,6edff535-b4dc-4dee-a501-e30cf54dd043,1e2559cc-3e5b-48be-bc70-812c0301c76d,c3,c2,688,?,p2,
1768591929.161422,SENT,0690253a-d2f9-49c4-a5da-3b422b3f5344,2d39c42b-2cb8-46ca-b33f-6b8d61509f36,c2,c1,688,?,p1,
1768591929.1614766,FORWARDED,0690253a-d2f9-49c4-a5da-3b422b3f5344,2d39c42b-2cb8-46ca-b33f-6b8d61509f36,c2,c1,688,?,p1,
1768591929.2978606,SENT,9a3e55b4-8682-47c7-8616-0051207d2fcc,2364d970-dc4b-4715-ada4-f8795bf60ba4,c2,c1,688,?,p1,
1768591929.297901,FORWARDED,9a3e55b4-8682-47c7-8616-0051207d2fcc,2364d970-dc4b-4715-ada4-f8795bf60ba4,c2,c1,688,?,p1,
1768591929.7825747,RECEIVED,91c697af-4582-4cf6-aaf3-f8be7f280173,16e4e543-09b0-4a70-9bd0-7d60bfdb57a3,c5,c3,1015,i4,?,
1768591930.3092296,RECEIVED,a7313be6-3a71-483c-aed3-a9761d536e89,d2b3108d-9277-4774-b41f-bf78e19b73b6,c1,c5,1015,i8,?,
1768591930.4439888,RECEIVED,cd5be0d0-26cb-4105-b7ce-bd7e65a3d020,e9dc2512-1e0e-45a9-b51c-e9648155a0b4,c1,c4,1025,i12,?,
1768591930.4931493,SENT,91c697af-4582-4cf6-aaf3-f8be7f280173,16e4e543-09b0-4a70-9bd0-7d60bfdb57a3,c5,c3,689,?,p3,
1768591930.49319,FORWARDED,91c697af-4582-4cf6-aaf3-f8be7f280173,16e4e543-09b0-4a70-9bd0-7d60bfdb57a3,c5,c3,689,?,p3,
1768591930.5073037,SENT,cd5be0d0-26cb-4105-b7ce-bd7e65a3d020,e9dc2512-1e0e-45a9-b51c-e9648155a0b4,c1,c4,695,?,p1,
1768591930.5073457,FORWARDED,cd5be0d0-26cb-4105-b7ce-bd7e65a3d020,e9dc2512-1e0e-45a9-b51c-e9648155a0b4,c1,c4,695,?,p1,
1768591930.5852365,RECEIVED,d1f9d633-659b-49bd-8c05-94b54b5be6ac,d4293c96-666e-4f87-b654-54a1f0ad7916,c1,c3,1019,i8,?,
1768591930.586951,SENT,a7313be6-3a71-483c-aed3-a9761d536e89,d2b3108d-9277-4774-b41f-bf78e19b73b6,c1,c5,689,?,p2,
1768591930.5869877,FORWARDED,a7313be6-3a71-483c-aed3-a9761d536e89,d2b3108d-9277-4774-b41f-bf78e19b73b6,c1,c5,689,?,p2,
1768591930.8409128,RECEIVED,786688f0-59bb-4219-bd62-ea4a65b2de02,fe0d3084-29b7-4b5d-8bcf-38cec1b22cc2,c5,c3,1012,i7,?,
1768591930.9766252,SENT,786688f0-59bb-4219-bd62-ea4a65b2de02,fe0d3084-29b7-4b5d-8bcf-38cec1b22cc2,c5,c3,687,?,p3,
1768591930.9766629,FORWARDED,786688f0-59bb-4219-bd62-ea4a65b2de02,fe0d3084-29b7-4b5d-8bcf-38cec1b22cc2,c5,c3,687,?,p3,
1768591931.0033386,SENT,d1f9d633-659b-49bd-8c05-94b54b5be6ac,d4293c96-666e-4f87-b654-54a1f0ad7916,c1,c3,691,?,p3,
1768591931.0033715,FORWARDED,d1f9d633-659b-49bd-8c05-94b54b5be6ac,d4293c96-666e-4f87-b654-54a1f0ad7916,c1,c3,691,?,p3,
1768591931.0245185,RECEIVED,ec5d308b-9f65-4cb2-a416-7d6f8ac67ecb,0dd9a650-bb13-4613-9ce7-4c8317e1ac47,c4,c3,1011,i6,?,
1768591931.1963515,SENT,ec5d308b-9f65-4cb2-a416-7d6f8ac67ecb,0dd9a650-bb13-4613-9ce7-4c8317e1ac47,c4,c3,687,?,p3,
1768591931.196391,FORWARDED,ec5d308b-9f65-4cb2-a416-7d6f8ac67ecb,0dd9a650-bb13-4613-9ce7-4c8317e1ac47,c4,c3,687,?,p3,
1768591931.4770427,RECEIVED,efc04b84-14f0-42e2-90ae-1f3d65eaba26,baea416b-231c-464c-b3a0-8dee744452d2,c2,DROP,442,x1,?,
1768591931.4820044,RECEIVED,7a9dd25d-356a-432b-a9b1-4fd3384fa307,6837ea38-d17c-42d2-9507-fe3031e425c9,c4,c5,1020,i11,?,
1768591931.632442,SENT,7a9dd25d-356a-432b-a9b1-4fd3384fa307,6837ea38-d17c-42d2-9507-fe3031e425c9,c4,c5,691,?,p2,
1768591931.6324818,FORWARDED,7a9dd25d-356a-432b-a9b1-4fd3384fa307,6837ea38-d17c-42d2-9507-fe3031e425c9,c4,c5,691,?,p2,
1768591931.7032928,RECEIVED,3989b556-ee13-4ff9-98d0-76b4cf192997,2b2a30da-91b8-4249-970c-57bb7e3c3787,c5,c4,1020,i3,?,
1768591931.7948575,RECEIVED,bf93d715-6898-44fd-9550-986492a30b74,b783d05e-6ebb-40a0-ab99-24822adad6d5,c3,c1,1012,i2,?,
1768591931.7979226,RECEIVED,4461336b-c560-448e-b807-5b210fd1bf50,504073fd-3f6f-4d79-8d00-aa20930eda05,c3,c4,1012,i3,?,
1768591931.808419,SENT,3989b556-ee13-4ff9-98d0-76b4cf192997,2b2a30da-91b8-4249-970c-57bb7e3c3787,c5,c4,692,?,p1,
1768591931.8084593,FORWARDED,3989b556-ee13-4ff9-98d0-76b4cf192997,2b2a30da-91b8-4249-970c-57bb7e3c3787,c5,c4,692,?,p1,
1768591931.9008346,RECEIVED,6d3caa1c-2e38-4e7d-ad69-46eaf86ea5a7,9ede1d07-041a-43c6-b255-53b7932974cd,c5,c1,1019,i11,?,
1768591931.9076962,RECEIVED,fbe104d3-1776-465a-80f4-3e368ab87bf4,450c6789-36a2-411d-b54f-8ec9366df168,c4,c1,1015,i3,?,
1768591931.9867365,SENT,4461336b-c560-448e-b807-5b210fd1bf50,504073fd-3f6f-4d79-8d00-aa20930eda05,c3,c4,687,?,p1,
1768591931.9867766,FORWARDED,4461336b-c560-448e-b807-5b210fd1bf50,504073fd-3f6f-4d79-8d00-aa20930eda05,c3,c4,687,?,p1,
1768591932.0184221,RECEIVED,02d5408c-4400-492c-897c-493d9a11ce73,274c2e19-c992-462d-b6d6-65ef08c6a1d8,c3,c5,1015,i12,?,
1768591932.2391536,SENT,bf93d715-6898-44fd-9550-986492a30b74,b783d05e-6ebb-40a0-ab99-24822adad6d5,c3,c1,686,?,p1,
1768591932.2391908,FORWARDED,bf93d715-6898-44fd-9550-986492a30b74,b783d05e-6ebb-40a0-ab99-24822adad6d5,c3,c1,686,?,p1,
1768591932.3524835,SENT,6d3caa1c-2e38-4e7d-ad69-46eaf86ea5a7,9ede1d07-041a-43c6-b255-53b7932974cd,c5,c1,691,?,p1,
1768591932.3525298,FORWARDED,6d3caa1c-2e38-4e7d-ad69-46eaf86ea5a7,9ede1d07-041a-43c6-b255-53b7932974cd,c5,c1,691,?,p1,
1768591932.3978717,SENT,fbe104d3-1776-465a-80f4-3e368ab87bf4,450c6789-36a2-411d-b54f-8ec9366df168,c4,c1,688,?,p1,
1768591932.397913,FORWARDED,fbe104d3-1776-465a-80f4-3e368ab87bf4,450c6789-36a2-411d-b54f-8ec9366df168,c4,c1,688,?,p1,
1768591932.8022327,RECEIVED,ed9dca4a-380d-4d78-8b43-b5c42d16911d,3f79d015-6b96-4313-a7b8-a6a54873ddf6,c5,c4,1020,i2,?,
1768591933.0044146,SENT,02d5408c-4400-492c-897c-493d9a11ce73,274c2e19-c992-462d-b6d6-65ef08c6a1d8,c3,c5,689,?,p2,
1768591933.004456,FORWARDED,02d5408c-4400-492c-897c-493d9a11ce73,274c2e19-c992-462d-b6d6-65ef08c6a1d8,c3,c5,689,?,p2,
1768591933.1219532,RECEIVED,660fa70e-4c3d-4ebe-8141-2ce9398cec33,de10212e-25f4-4f07-8997-71bf1d0f1f59,c5,c2,1011,i3,?,
1768591933.1989245,SENT,ed9dca4a-380d-4d78-8b43-b5c42d16911d,3f79d015-6b96-4313-a7b8-a6a54873ddf6,c5,c4,692,?,p1,
1768591933.1989658,FORWARDED,ed9dca4a-380d-4d78-8b43-b5c42d16911d,3f79d015-6b96-4313-a7b8-a6a54873ddf6,c5,c4,692,?,p1,
1768591933.685907,RECEIVED,1f91d663-ad44-4e27-a721-9f5857530ee6,19a09d46-911e-4c66-849c-78400d16c5db,c3,c1,1012,i8,?,
1768591933.7730634,SENT,1f91d663-ad44-4e27-a721-9f5857530ee6,19a09d46-911e-4c66-849c-78400d16c5db,c3,c1,687,?,p1,
1768591933.7731097,FORWARDED,1f91d663-ad44-4e27-a721-9f5857530ee6,19a09d46-911e-4c66-849c-78400d16c5db,c3,c1,687,?,p1,
1768591933.9061663,RECEIVED,02c11e8a-a13c-476e-bc59-ad0e7e163087,cb4bc371-8497-4f12-9a9a-60c49a8dbe69,c2,DROP,693,i10,?,
1768591933.9737647,RECEIVED,0fec356c-17f8-4faf-a238-2673e8e54e26,22f6225a-1a88-4929-98ab-4ed5b0b3dc3c,c3,c1,1011,i6,?,
1768591933.977008,SENT,02c11e8a-a13c-476e-bc59-ad0e7e163087,cb4bc371-8497-4f12-9a9a-60c49a8dbe69,c2,DROP,446,?,e11,
1768591933.9770575,FORWARDED,02c11e8a-a13c-476e-bc59-ad0e7e163087,cb4bc371-8497-4f12-9a9a-60c49a8dbe69,c2,DROP,446,?,e11,
1768591934.0829787,SENT,660fa70e-4c3d-4ebe-8141-2ce9398cec33,de10212e-25f4-4f07-8997-71bf1d0f1f59,c5,c2,687,?,p2,
1768591934.0830193,FORWARDED,660fa70e-4c3d-4ebe-8141-2ce9398cec33,de10212e-25f4-4f07-8997-71bf1d0f1f59,c5,c2,687,?,p2,
1768591934.170861,RECEIVED,2ed48589-ab6b-4544-bdd3-bf5e847360a9,d0e6f8f8-5a48-43a2-ab35-20abd783a809,c1,c5,1012,i6,?,
1768591934.2476296,RECEIVED,75a0469d-e670-4b84-884a-865865267a35,d3323509-68d6-426a-b172-54d0253b3fe5,c3,DROP,683,i2,?,
1768591934.6741438,SENT,2ed48589-ab6b-4544-bdd3-bf5e847360a9,d0e6f8f8-5a48-43a2-ab35-20abd783a809,c1,c5,686,?,p2,
1768591934.6741846,FORWARDED,2ed48589-ab6b-4544-bdd3-bf5e847360a9,d0e6f8f8-5a48-43a2-ab35-20abd783a809,c1,c5,686,?,p2,
1768591934.790186,RECEIVED,9c4e389c-d47f-476a-996d-b1ed62301f62,489e8a0e-8383-4cb2-9317-9dd9430fae09,c3,c2,1012,i12,?,
1768591934.8876348,RECEIVED,73bda627-671f-436c-8c75-a3385151a17b,875bbaf4-875e-454c-a9d8-340467b81382,c2,c1,1011,i7,?,
1768591934.9055722,SENT,75a0469d-e670-4b84-884a-865865267a35,d3323509-68d6-426a-b172-54d0253b3fe5,c3,DROP,441,?,i1,
1768591934.9056113,FORWARDED,75a0469d-e670-4b84-884a-865865267a35,d3323509-68d6-426a-b172-54d0253b3fe5,c3,DROP,441,?,i1,
1768591934.9361675,SENT,0fec356c-17f8-4faf-a238-2673e8e54e26,22f6225a-1a88-4929-98ab-4ed5b0b3dc3c,c3,c1,687,?,p1,
1768591934.9362073,FORWARDED,0fec356c-17f8-4faf-a238-2673e8e54e26,22f6225a-1a88-4929-98ab-4ed5b0b3dc3c,c3,c1,687,?,p1,
1768591934.9582996,SENT,9c4e389c-d47f-476a-996d-b1ed62301f62,489e8a0e-8383-4cb2-9317-9dd9430fae09,c3,c2,686,?,p2,
1768591934.958345,FORWARDED,9c4e389c-d47f-476a-996d-b1ed62301f62,489e8a0e-8383-4cb2-9317-9dd9430fae09,c3,c2,686,?,p2,
1768591935.0246959,RECEIVED,e980061d-7937-4d5e-ad28-b246148ea72d,1f4cb6b0-ce9c-4529-b06b-ab63c98fc51b,c3,c4,1023,i9,?,
1768591935.1210246,RECEIVED,a6e137be-afe6-459b-a70a-4a20a95aec53,5be9d14e-c6d0-4652-8514-8799982213c6,c1,c3,1024,i10,?,
1768591935.274634,RECEIVED,4c8c9212-90aa-42ea-aa07-267a94015095,00c0cb08-65bc-46a3-8b07-05ccc3ed20c3,c3,c4,1013,i8,?,
1768591935.3621016,SENT,4c8c9212-90aa-42ea-aa07-267a94015095,00c0cb08-65bc-46a3-8b07-05ccc3ed20c3,c3,c4,687,?,p1,
1768591935.362143,FORWARDED,4c8c9212-90aa-42ea-aa07-267a94015095,00c0cb08-65bc-46a3-8b07-05ccc3ed20c3,c3,c4,687,?,p1,
1768591935.399177,RECEIVED,bf15a4ba-b153-4e91-a8a4-5629f7ec3ab8,aa240ef6-c3f4-4dd1-bad5-f3146d5d0a5f,c1,c3,1020,i4,?,
1768591935.4387636,SENT,a6e137be-afe6-459b-a70a-4a20a95aec53,5be9d14e-c6d0-4652-8514-8799982213c6,c1,c3,694,?,p3,
1768591935.4388025,FORWARDED,a6e137be-afe6-459b-a70a-4a20a95aec53,5be9d14e-c6d0-4652-8514-8799982213c6,c1,c3,694,?,p3,
1768591935.4879162,SENT,bf15a4ba-b153-4e91-a8a4-5629f7ec3ab8,aa240ef6-c3f4-4dd1-bad5-f3146d5d0a5f,c1,c3,692,?,p3,
1768591935.4884853,FORWARDED,bf15a4ba-b153-4e91-a8a4-5629f7ec3ab8,aa240ef6-c3f4-4dd1-bad5-f3146d5d0a5f,c1,c3,692,?,p3,
1768591935.512393,SENT,73bda627-671f-436c-8c75-a3385151a17b,875bbaf4-875e-454c-a9d8-340467b81382,c2,c1,687,?,p1,
1768591935.512433,FORWARDED,73bda627-671f-436c-8c75-a3385151a17b,875bbaf4-875e-454c-a9d8-340467b81382,c2,c1,687,?,p1,
1768591935.5426457,SENT,e980061d-7937-4d5e-ad28-b246148ea72d,1f4cb6b0-ce9c-4529-b06b-ab63c98fc51b,c3,c4,694,?,p1,
1768591935.5426855,FORWARDED,e980061d-7937-4d5e-ad28-b246148ea72d,1f4cb6b0-ce9c-4529-b06b-ab63c98fc51b,c3,c4,694,?,p1,
1768591935.9831457,RECEIVED,8922876c-f260-4827-b204-73016f826162,33e54ff9-d72c-49e0-86b4-cc243dff88c7,c5,c3,1019,i10,?,
1768591936.140421,RECEIVED,df8341fb-6ea0-4dc5-a1f4-fe64fd49f426,59eb7cb7-38f3-46e9-a552-90cb62aea0c7,c4,c3,1012,i7,?,
1768591936.3674693,RECEIVED,17be536d-365b-4a65-a4d2-d8c3de87c3f1,d65bdd2e-eb7c-49f6-ae4f-b8a14007afa6,c2,DROP,688,i4,?,
1768591936.4069934,RECEIVED,4c21a293-da95-433c-b641-1cb0bb5819e3,e03a2179-1444-4f18-bd6e-38b8adf6f711,c5,c2,1011,i5,?,
1768591936.4163845,RECEIVED,aefeecbe-9486-454a-8f8a-444346cadbe9,d14377c2-4892-4b5b-8513-1e91d7626070,c2,c3,1015,i6,?,
1768591936.5412126,SENT,8922876c-f260-4827-b204-73016f826162,33e54ff9-d72c-49e0-86b4-cc243dff88c7,c5,c3,692,?,p3,
1768591936.541255,FORWARDED,8922876c-f260-4827-b204-73016f826162,33e54ff9-d72c-49e0-86b4-cc243dff88c7,c5,c3,692,?,p3,
1768591936.5529408,SENT,df8341fb-6ea0-4dc5-a1f4-fe64fd49f426,59eb7cb7-38f3-46e9-a552-90cb62aea0c7,c4,c3,687,?,p3,
1768591936.552983,FORWARDED,df8341fb-6ea0-4dc5-a1f4-fe64fd49f426,59eb7cb7-38f3-46e9-a552-90cb62aea0c7,c4,c3,687,?,p3,
1768591936.7261786,RECEIVED,86f0ad3b-aa65-49de-9416-0e21596135a1,b616507f-2395-4274-b60d-180da1cbfd60,c3,c1,1019,i7,?,
1768591936.72635,SENT,17be536d-365b-4a65-a4d2-d8c3de87c3f1,d65bdd2e-eb7c-49f6-ae4f-b8a14007afa6,c2,DROP,442,?,e4,
1768591936.7263846,FORWARDED,17be536d-365b-4a65-a4d2-d8c3de87c3f1,d65bdd2e-eb7c-49f6-ae4f-b8a14007afa6,c2,DROP,442,?,e4,
1768591936.739629,RECEIVED,431af8b1-610e-4c3c-9e20-3647499c7bc0,425782be-b8a7-4fef-afd2-08aa465e3798,c2,c3,1016,i7,?,
1768591936.762519,RECEIVED,e1c4502a-186d-4ee0-aaab-556d1cfb029f,24a1facc-a13c-42ec-8e7f-d4bb551d5d68,c4,c2,1024,i10,?,
1768591936.8260627,RECEIVED,a183e912-538d-49ab-a6eb-c0f72058ba67,626f1c18-ddb2-435f-8375-4b63d5817144,c1,c4,1011,i8,?,
1768591936.840069,RECEIVED,abaaaaa9-53ca-4f81-8fb2-614b7598f0ab,fbc25590-3c2d-4b62-b32e-75c3074f3000,c2,c5,1021,i10,?,
1768591936.9298463,SENT,abaaaaa9-53ca-4f81-8fb2-614b7598f0ab,fbc25590-3c2d-4b62-b32e-75c3074f3000,c2,c5,692,?,p2,
1768591936.9298856,FORWARDED,abaaaaa9-53ca-4f81-8fb2-614b7598f0ab,fbc25590-3c2d-4b62-b32e-75c3074f3000,c2,c5,692,?,p2,
1768591936.9450362,SENT,4c21a293-da95-433c-b641-1cb0bb5819e3,e03a2179-1444-4f18-bd6e-38b8adf6f711,c5,c2,687,?,p2,
1768591936.9453475,FORWARDED,4c21a293-da95-433c-b641-1cb0bb5819e3,e03a2179-1444-4f18-bd6e-38b8adf6f711,c5,c2,687,?,p2,
1768591936.948804,SENT,e1c4502a-186d-4ee0-aaab-556d1cfb029f,24a1facc-a13c-42ec-8e7f-d4bb551d5d68,c4,c2,695,?,p2,
1768591936.948844,FORWARDED,e1c4502a-186d-4ee0-aaab-556d1cfb029f,24a1facc-a13c-42ec-8e7f-d4bb551d5d68,c4,c2,695,?,p2,
1768591937.0872393,RECEIVED,b0c7c8e4-c436-4788-8b7f-9b57d3c59afd,6c06469a-eb3f-4ad5-944f-2f876f78b2e7,c4,c5,1019,i11,?,
1768591937.0893242,SENT,431af8b1-610e-4c3c-9e20-3647499c7bc0,425782be-b8a7-4fef-afd2-08aa465e3798,c2,c3,688,?,p3,
1768591937.0893648,FORWARDED,431af8b1-610e-4c3c-9e20-3647499c7bc0,425782be-b8a7-4fef-afd2-08aa465e3798,c2,c3,688,?,p3,
1768591937.1467462,RECEIVED,5f74a42b-3675-4b25-ae4e-3d1522368a97,4d00f779-db61-4ed7-aa0b-1dd316ad124a,c4,c1,1016,i7,?,
1768591937.177643,RECEIVED,83e773d4-ced5-44f4-91a9-7369941ec203,1a669396-5a1f-4676-8098-f16c5b6e1de1,c5,c1,1011,i10,?,
1768591937.2562165,SENT,aefeecbe-9486-454a-8f8a-444346cadbe9,d14377c2-4892-4b5b-8513-1e91d7626070,c2,c3,688,?,p3,
1768591937.2562535,FORWARDED,aefeecbe-9486-454a-8f8a-444346cadbe9,d14377c2-4892-4b5b-8513-1e91d7626070,c2,c3,688,?,p3,
1768591937.2969573,SENT,b0c7c8e4-c436-4788-8b7f-9b57d3c59afd,6c06469a-eb3f-4ad5-944f-2f876f78b2e7,c4,c5,691,?,p2,
1768591937.2969966,FORWARDED,b0c7c8e4-c436-4788-8b7f-9b57d3c59afd,6c06469a-eb3f-4ad5-944f-2f876f78b2e7,c4,c5,691,?,p2,
1768591937.325944,RECEIVED,ca0222a5-6a96-440d-91a9-0503ebf2c152,5fb4d8a1-4ad9-476a-a80c-dafb2a9bc026,c4,c2,1024,i1,?,
1768591937.3314056,SENT,a183e912-538d-49ab-a6eb-c0f72058ba67,626f1c18-ddb2-435f-8375-4b63d5817144,c1,c4,687,?,p1,
1768591937.331447,FORWARDED,a183e912-538d-49ab-a6eb-c0f72058ba67,626f1c18-ddb2-435f-8375-4b63d5817144,c1,c4,687,?,p1,
1768591937.3953173,SENT,ca0222a5-6a96-440d-91a9-0503ebf2c152,5fb4d8a1-4ad9-476a-a80c-dafb2a9bc026,c4,c2,695,?,p2,
1768591937.3953571,FORWARDED,ca0222a5-6a96-440d-91a9-0503ebf2c152,5fb4d8a1-4ad9-476a-a80c-dafb2a9bc026,c4,c2,695,?,p2,
1768591937.431079,SENT,5f74a42b-3675-4b25-ae4e-3d1522368a97,4d00f779-db61-4ed7-aa0b-1dd316ad124a,c4,c1,688,?,p1,
1768591937.4311411,FORWARDED,5f74a42b-3675-4b25-ae4e-3d1522368a97,4d00f779-db61-4ed7-aa0b-1dd316ad124a,c4,c1,688,?,p1,
1768591937.531164,SENT,86f0ad3b-aa65-49de-9416-0e21596135a1,b616507f-2395-4274-b60d-180da1cbfd60,c3,c1,692,?,p1,
1768591937.5312037,FORWARDED,86f0ad3b-aa65-49de-9416-0e21596135a1,b616507f-2395-4274-b60d-180da1cbfd60,c3,c1,692,?,p1,
1768591937.9417925,SENT,83e773d4-ced5-44f4-91a9-7369941ec203,1a669396-5a1f-4676-8098-f16c5b6e1de1,c5,c1,687,?,p1,
1768591937.9418333,FORWARDED,83e773d4-ced5-44f4-91a9-7369941ec203,1a669396-5a1f-4676-8098-f16c5b6e1de1,c5,c1,687,?,p1,
1768591938.5004697,RECEIVED,353556bc-5008-4fbb-aa6e-4e3873300ccf,37ef9ff3-df72-47da-8fd5-38b01f6dc019,c4,c3,1017,i7,?,
1768591938.5112677,SENT,353556bc-5008-4fbb-aa6e-4e3873300ccf,37ef9ff3-df72-47da-8fd5-38b01f6dc019,c4,c3,689,?,p3,
1768591938.5113106,FORWARDED,353556bc-5008-4fbb-aa6e-4e3873300ccf,37ef9ff3-df72-47da-8fd5-38b01f6dc019,c4,c3,689,?,p3,
1768591938.6894472,RECEIVED,8ae8f706-4622-4fa0-9ac6-4387bd82a379,d484cae2-c523-4ce0-9168-7f8ebc8d27fd,c4,c1,1019,i5,?,
1768591938.855681,RECEIVED,d936223a-523b-433c-ad3b-3d356af1c76d,decf29d0-1c35-4741-92ea-2140b9f0b53e,c2,c3,1019,i4,?,
1768591939.1007352,SENT,8ae8f706-4622-4fa0-9ac6-4387bd82a379,d484cae2-c523-4ce0-9168-7f8ebc8d27fd,c4,c1,692,?,p1,
1768591939.1007767,FORWARDED,8ae8f706-4622-4fa0-9ac6-4387bd82a379,d484cae2-c523-4ce0-9168-7f8ebc8d27fd,c4,c1,692,?,p1,
1768591939.195123,RECEIVED,36c0b07b-3a2f-4593-98be-0b74f2002c02,25143590-a351-49be-aeba-ec43ad59da36,c2,c3,1012,i3,?,
1768591939.2982142,SENT,36c0b07b-3a2f-4593-98be-0b74f2002c02,25143590-a351-49be-aeba-ec43ad59da36,c2,c3,687,?,p3,
1768591939.2982535,FORWARDED,36c0b07b-3a2f-4593-98be-0b74f2002c02,25143590-a351-49be-aeba-ec43ad59da36,c2,c3,687,?,p3,
1768591939.311211,RECEIVED,ebedea5a-fa94-48f9-81fb-d89e5b3698e0,b2dd90ec-2748-4d2c-b520-554e7c8ebe93,c4,c1,1010,i4,?,
1768591939.3510108,RECEIVED,61734ced-1391-44af-a3d3-691f52040d48,08855542-6dec-4167-b8fb-2ec0e95d7c14,c3,c4,1011,i5,?,
1768591939.5888164,SENT,61734ced-1391-44af-a3d3-691f52040d48,08855542-6dec-4167-b8fb-2ec0e95d7c14,c3,c4,687,?,p1,
1768591939.588864,FORWARDED,61734ced-1391-44af-a3d3-691f52040d48,08855542-6dec-4167-b8fb-2ec0e95d7c14,c3,c4,687,?,p1,
1768591939.6333494,RECEIVED,8cc33a8c-e20e-467b-89e4-c2122a973e4e,bda15148-e0a2-4845-ae93-8977c8e237ba,c3,c5,1015,i6,?,
1768591939.7169323,SENT,ebedea5a-fa94-48f9-81fb-d89e5b3698e0,b2dd90ec-2748-4d2c-b520-554e7c8ebe93,c4,c1,687,?,p1,
1768591939.716976,FORWARDED,ebedea5a-fa94-48f9-81fb-d89e5b3698e0,b2dd90ec-2748-4d2c-b520-554e7c8ebe93,c4,c1,687,?,p1,
1768591939.8489187,RECEIVED,69e49cf5-e774-4645-aed5-9629fa4e2d90,d1549f96-6a2e-4258-9637-200f7ee81fe3,c3,c4,1011,i4,?,
1768591939.919135,SENT,d936223a-523b-433c-ad3b-3d356af1c76d,decf29d0-1c35-4741-92ea-2140b9f0b53e,c2,c3,692,?,p3,
1768591939.919176,FORWARDED,d936223a-523b-433c-ad3b-3d356af1c76d,decf29d0-1c35-4741-92ea-2140b9f0b53e,c2,c3,692,?,p3,
1768591940.1065538,RECEIVED,024be715-d9b9-4ea5-bcc7-0e9187a800ab,6df4f8b4-ce62-4942-92df-bbac2e7688d9,c4,c1,1019,i12,?,
1768591940.1978707,SENT,8cc33a8c-e20e-467b-89e4-c2122a973e4e,bda15148-e0a2-4845-ae93-8977c8e237ba,c3,c5,688,?,p2,
1768591940.1979115,FORWARDED,8cc33a8c-e20e-467b-89e4-c2122a973e4e,bda15148-e0a2-4845-ae93-8977c8e237ba,c3,c5,688,?,p2,
1768591940.2713385,RECEIVED,3a5c72be-c645-44a7-9034-1827fa849975,a882c69c-820d-4326-b61c-2ea37edef86a,c2,c1,1015,i4,?,
1768591940.410798,RECEIVED,252abbad-6ef8-40c2-abf9-9b0de72da1d1,47b9dbdb-2e42-405b-a8ff-1f55949e42c1,c1,c3,1020,i1,?,
1768591940.5327237,RECEIVED,3337ecaa-4138-4caf-a146-bb11c49697ff,375dbeb2-cd10-4d97-920e-39c9560f28b5,c5,DROP,683,i4,?,
1768591940.5443847,RECEIVED,ac58a5de-599a-452c-a997-cd73b9817d4e,0fd0fa76-39f6-4fae-9a82-92dc98d32594,c1,c4,1019,i10,?,
1768591940.5710392,SENT,024be715-d9b9-4ea5-bcc7-0e9187a800ab,6df4f8b4-ce62-4942-92df-bbac2e7688d9,c4,c1,691,?,p1,
1768591940.571098,FORWARDED,024be715-d9b9-4ea5-bcc7-0e9187a800ab,6df4f8b4-ce62-4942-92df-bbac2e7688d9,c4,c1,691,?,p1,
1768591940.571638,RECEIVED,9717940e-93a4-41b3-8f48-657863137fb3,b54a23e6-9bbe-445e-b1af-b3cd0d408945,c1,c5,1015,i2,?,
1768591940.5779014,SENT,69e49cf5-e774-4645-aed5-9629fa4e2d90,d1549f96-6a2e-4258-9637-200f7ee81fe3,c3,c4,687,?,p1,
1768591940.5779555,FORWARDED,69e49cf5-e774-4645-aed5-9629fa4e2d90,d1549f96-6a2e-4258-9637-200f7ee81fe3,c3,c4,687,?,p1,
1768591940.5907652,SENT,252abbad-6ef8-40c2-abf9-9b0de72da1d1,47b9dbdb-2e42-405b-a8ff-1f55949e42c1,c1,c3,693,?,p3,
1768591940.5908153,FORWARDED,252abbad-6ef8-40c2-abf9-9b0de72da1d1,47b9dbdb-2e42-405b-a8ff-1f55949e42c1,c1,c3,693,?,p3,
1768591940.706933,RECEIVED,c74110dc-166f-4891-a845-fa19074c6dcd,9fa5551a-0e21-448f-96bb-99c238f062c8,c1,c4,1011,i5,?,
1768591940.9260986,SENT,3a5c72be-c645-44a7-9034-1827fa849975,a882c69c-820d-4326-b61c-2ea37edef86a,c2,c1,688,?,p1,
1768591940.9261427,FORWARDED,3a5c72be-c645-44a7-9034-1827fa849975,a882c69c-820d-4326-b61c-2ea37edef86a,c2,c1,688,?,p1,
1768591941.0088933,SENT,c74110dc-166f-4891-a845-fa19074c6dcd,9fa5551a-0e21-448f-96bb-99c238f062c8,c1,c4,687,?,p1,
1768591941.0089345,FORWARDED,c74110dc-166f-4891-a845-fa19074c6dcd,9fa5551a-0e21-448f-96bb-99c238f062c8,c1,c4,687,?,p1,
1768591941.0438395,SENT,ac58a5de-599a-452c-a997-cd73b9817d4e,0fd0fa76-39f6-4fae-9a82-92dc98d32594,c1,c4,692,?,p1,
1768591941.0438802,FORWARDED,ac58a5de-599a-452c-a997-cd73b9817d4e,0fd0fa76-39f6-4fae-9a82-92dc98d32594,c1,c4,692,?,p1,
1768591941.3192239,RECEIVED,92d8cd0e-0b91-41ae-a451-31bb6a85d67c,e10952d9-7cc8-4149-a18d-5919b2e753ce,c5,c2,1011,i9,?,
1768591941.3419623,SENT,9717940e-93a4-41b3-8f48-657863137fb3,b54a23e6-9bbe-445e-b1af-b3cd0d408945,c1,c5,688,?,p2,
1768591941.3420048,FORWARDED,9717940e-93a4-41b3-8f48-657863137fb3,b54a23e6-9bbe-445e-b1af-b3cd0d408945,c1,c5,688,?,p2,
1768591941.5729203,RECEIVED,45b880ea-059f-4ed7-ac42-beed00a8aa92,ba95a57a-bd53-4864-8ec9-f1028b5c19cf,c1,c2,1012,i2,?,
1768591941.6117418,SENT,3337ecaa-4138-4caf-a146-bb11c49697ff,375dbeb2-cd10-4d97-920e-39c9560f28b5,c5,DROP,441,?,x9,
1768591941.6117826,FORWARDED,3337ecaa-4138-4caf-a146-bb11c49697ff,375dbeb2-cd10-4d97-920e-39c9560f28b5,c5,DROP,441,?,x9,
1768591941.9835043,RECEIVED,cf9ebd9b-47d3-462e-9b22-2c93e962be8b,2a54d658-91ed-42f7-bea2-0735ed685c1b,c1,c3,1012,i6,?,
1768591942.0266752,SENT,45b880ea-059f-4ed7-ac42-beed00a8aa92,ba95a57a-bd53-4864-8ec9-f1028b5c19cf,c1,c2,687,?,p2,
1768591942.0267167,FORWARDED,45b880ea-059f-4ed7-ac42-beed00a8aa92,ba95a57a-bd53-4864-8ec9-f1028b5c19cf,c1,c2,687,?,p2,
1768591942.2166085,RECEIVED,c169a3a9-077e-4c99-98d1-b800eff87574,32d05cbe-2aac-47c9-8fac-ea78f06ed901,c1,c2,1016,i9,?,
1768591942.3683634,SENT,92d8cd0e-0b91-41ae-a451-31bb6a85d67c,e10952d9-7cc8-4149-a18d-5919b2e753ce,c5,c2,687,?,p2,
1768591942.3684053,FORWARDED,92d8cd0e-0b91-41ae-a451-31bb6a85d67c,e10952d9-7cc8-4149-a18d-5919b2e753ce,c5,c2,687,?,p2,
1768591942.435497,SENT,cf9ebd9b-47d3-462e-9b22-2c93e962be8b,2a54d658-91ed-42f7-bea2-0735ed685c1b,c1,c3,687,?,p3,
1768591942.4355443,FORWARDED,cf9ebd9b-47d3-462e-9b22-2c93e962be8b,2a54d658-91ed-42f7-bea2-0735ed685c1b,c1,c3,687,?,p3,
1768591942.4825792,RECEIVED,dcc123e1-289c-46bb-a92b-73a8565005d1,b8a25ab6-0f7c-4fb9-b802-16ffda3be621,c2,DROP,683,i6,?,
1768591942.485839,SENT,c169a3a9-077e-4c99-98d1-b800eff87574,32d05cbe-2aac-47c9-8fac-ea78f06ed901,c1,c2,688,?,p2,
1768591942.48588,FORWARDED,c169a3a9-077e-4c99-98d1-b800eff87574,32d05cbe-2aac-47c9-8fac-ea78f06ed901,c1,c2,688,?,p2,
1768591942.6350658,RECEIVED,13730210-0d38-4dd8-a4e5-7c0ae56575de,611007c1-5ba5-49d8-997d-11acff54b838,c1,c3,1023,i12,?,
1768591943.0005891,RECEIVED,1ef69672-b77f-431a-8ea2-4d25e3c35692,52e73487-ada3-4495-89e8-e97f686e7590,c2,c3,1016,i1,?,
1768591943.0978546,SENT,1ef69672-b77f-431a-8ea2-4d25e3c35692,52e73487-ada3-4495-89e8-e97f686e7590,c2,c3,688,?,p3,
1768591943.0978954,FORWARDED,1ef69672-b77f-431a-8ea2-4d25e3c35692,52e73487-ada3-4495-89e8-e97f686e7590,c2,c3,688,?,p3,
1768591943.4127584,SENT,13730210-0d38-4dd8-a4e5-7c0ae56575de,611007c1-5ba5-49d8-997d-11acff54b838,c1,c3,695,?,p3,
1768591943.4127972,FORWARDED,13730210-0d38-4dd8-a4e5-7c0ae56575de,611007c1-5ba5-49d8-997d-11acff54b838,c1,c3,695,?,p3,
1768591943.6094146,RECEIVED,f75e3b32-5eb3-48f3-8a63-d5f56376966b,74be80da-ccc9-4d35-8109-68534111e7c2,c4,c3,1021,i10,?,
1768591943.6123888,RECEIVED,472d7e84-5ee7-4a53-ae61-ccef237c5d7e,180d426f-0055-4f9e-b33c-d01a4d70126e,c3,DROP,440,x11,?,
1768591943.637626,SENT,f75e3b32-5eb3-48f3-8a63-d5f56376966b,74be80da-ccc9-4d35-8109-68534111e7c2,c4,c3,692,?,p3,
1768591943.6376722,FORWARDED,f75e3b32-5eb3-48f3-8a63-d5f56376966b,74be80da-ccc9-4d35-8109-68534111e7c2,c4,c3,692,?,p3,
1768591943.7187598,SENT,dcc123e1-289c-46bb-a92b-73a8565005d1,b8a25ab6-0f7c-4fb9-b802-16ffda3be621,c2,DROP,441,?,e9,
1768591943.7188005,FORWARDED,dcc123e1-289c-46bb-a92b-73a8565005d1,b8a25ab6-0f7c-4fb9-b802-16ffda3be621,c2,DROP,441,?,e9,
1768591943.9101489,RECEIVED,8929f9dd-4b70-4957-a7f2-c554b0d9bfb8,a35d924d-680c-4908-87f9-2c5ea0639058,c4,c1,1019,i10,?,
1768591943.9524853,RECEIVED,d488e98c-59fc-40a4-a5c4-e943f9aaca0f,dff5a5c4-9137-4865-9777-d1bc87c395ca,c5,c4,1011,i1,?,
1768591944.0024836,RECEIVED,ca5be214-55f6-4544-992d-b1564a2895cd,21838793-26a3-47a2-8a32-f734e6c98643,c5,c2,1020,i11,?,
1768591944.0997033,SENT,ca5be214-55f6-4544-992d-b1564a2895cd,21838793-26a3-47a2-8a32-f734e6c98643,c5,c2,691,?,p2,
1768591944.0997412,FORWARDED,ca5be214-55f6-4544-992d-b1564a2895cd,21838793-26a3-47a2-8a32-f734e6c98643,c5,c2,691,?,p2,
1768591944.2747536,RECEIVED,02413519-b4ab-4079-805b-fe51aa4e4b40,00a5449c-3656-433b-9579-f5359b0c11a6,c4,c5,1011,i4,?,
1768591944.6794517,SENT,d488e98c-59fc-40a4-a5c4-e943f9aaca0f,dff5a5c4-9137-4865-9777-d1bc87c395ca,c5,c4,687,?,p1,
1768591944.6795194,FORWARDED,d488e98c-59fc-40a4-a5c4-e943f9aaca0f,dff5a5c4-9137-4865-9777-d1bc87c395ca,c5,c4,687,?,p1,
1768591944.6982777,SENT,8929f9dd-4b70-4957-a7f2-c554b0d9bfb8,a35d924d-680c-4908-87f9-2c5ea0639058,c4,c1,692,?,p1,
1768591944.6983168,FORWARDED,8929f9dd-4b70-4957-a7f2-c554b0d9bfb8,a35d924d-680c-4908-87f9-2c5ea0639058,c4,c1,692,?,p1,
1768591944.7917204,RECEIVED,5d8697a2-f6f9-43b6-9ad5-254d3599fdc6,3a8893dd-a71f-4ea5-8d8a-e10e9141035b,c1,c3,1016,i12,?,
1768591944.813949,SENT,02413519-b4ab-4079-805b-fe51aa4e4b40,00a5449c-3656-433b-9579-f5359b0c11a6,c4,c5,687,?,p2,
1768591944.8139877,FORWARDED,02413519-b4ab-4079-805b-fe51aa4e4b40,00a5449c-3656-433b-9579-f5359b0c11a6,c4,c5,687,?,p2,
1768591944.9717686,SENT,5d8697a2-f6f9-43b6-9ad5-254d3599fdc6,3a8893dd-a71f-4ea5-8d8a-e10e9141035b,c1,c3,688,?,p3,
1768591944.9718103,FORWARDED,5d8697a2-f6f9-43b6-9ad5-254d3599fdc6,3a8893dd-a71f-4ea5-8d8a-e10e9141035b,c1,c3,688,?,p3,
1768591944.9726193,RECEIVED,86a8e7f2-2b13-48c8-b1fd-0f431302382a,225c70ef-0c09-4c8d-8f9d-f7fcf6357451,c1,c3,1016,i6,?,
1768591945.3213935,SENT,86a8e7f2-2b13-48c8-b1fd-0f431302382a,225c70ef-0c09-4c8d-8f9d-f7fcf6357451,c1,c3,689,?,p3,
1768591945.3214335,FORWARDED,86a8e7f2-2b13-48c8-b1fd-0f431302382a,225c70ef-0c09-4c8d-8f9d-f7fcf6357451,c1,c3,689,?,p3,
1768591945.404355,RECEIVED,85fc6fb5-4810-4f0c-9c6b-ad6ac7daaf2b,40adeaea-656a-4782-8e48-94ccaaf6698a,c4,c2,1010,i2,?,
1768591945.7496827,RECEIVED,7875ff06-3666-498d-8678-c2135f015b2f,31c4c47e-b00b-45cd-ae53-b419d94cf9d6,c3,DROP,688,i6,?,
1768591945.8007135,RECEIVED,0a25af54-4ad7-44a6-9daf-7838795f219b,0e6811d7-8458-4c8c-bf3a-71895bc38fc3,c3,DROP,682,i9,?,
1768591945.886131,SENT,7875ff06-3666-498d-8678-c2135f015b2f,31c4c47e-b00b-45cd-ae53-b419d94cf9d6,c3,DROP,443,?,i5,
1768591945.886172,FORWARDED,7875ff06-3666-498d-8678-c2135f015b2f,31c4c47e-b00b-45cd-ae53-b419d94cf9d6,c3,DROP,443,?,i5,
1768591945.9207807,RECEIVED,693d945e-b72a-4ff4-8774-8ff334ef18ab,79762a13-a2ed-4844-aa5e-35f9a85d17d7,c5,c2,1011,i4,?,
1768591946.1214387,SENT,85fc6fb5-4810-4f0c-9c6b-ad6ac7daaf2b,40adeaea-656a-4782-8e48-94ccaaf6698a,c4,c2,687,?,p2,
1768591946.121477,FORWARDED,85fc6fb5-4810-4f0c-9c6b-ad6ac7daaf2b,40adeaea-656a-4782-8e48-94ccaaf6698a,c4,c2,687,?,p2,
1768591946.2403464,RECEIVED,d180853a-2aa8-4b2f-b554-2265ef10345d,de49f23d-b392-4dde-8e0a-441fc5f06ab2,c5,c3,1011,i9,?,
1768591946.3470452,RECEIVED,da795646-9fea-4859-9b10-1a3b05b714e2,3b7feea1-b8f5-43ea-a4b4-5224f53a3af9,c2,c3,1020,i3,?,
1768591946.4614313,RECEIVED,e82bf9b4-e3dc-4d03-825a-597ff3a7fc1a,3e6f9f8e-ee51-4bea-bb4a-9894d46d4a83,c3,DROP,687,i2,?,
1768591946.469506,SENT,da795646-9fea-4859-9b10-1a3b05b714e2,3b7feea1-b8f5-43ea-a4b4-5224f53a3af9,c2,c3,691,?,p3,
1768591946.4695628,FORWARDED,da795646-9fea-4859-9b10-1a3b05b714e2,3b7feea1-b8f5-43ea-a4b4-5224f53a3af9,c2,c3,691,?,p3,
1768591946.4897313,RECEIVED,d0554ec2-f8ad-45f2-9c26-190489185530,8916b621-a205-456d-aed1-1adcd20fcb9a,c5,c3,1011,i3,?,
1768591946.5359244,RECEIVED,512e7291-4165-4892-9990-d918d71c18be,f24eedd9-982a-4259-8ce1-91f6f3d1c683,c4,c5,1015,i11,?,
1768591946.6400876,RECEIVED,2bd26af9-5dbd-4ed3-ac46-3cb8f9f77875,1f38fb41-ca12-4334-8216-a7e570e560f3,c1,c5,1011,i9,?,
1768591946.8066843,RECEIVED,ed122a78-97f2-425c-92b1-fef7c9a85448,7c53c227-1b31-4bea-a3e4-4bfbad761212,c3,c4,1012,i2,?,
1768591946.8495693,SENT,0a25af54-4ad7-44a6-9daf-7838795f219b,0e6811d7-8458-4c8c-bf3a-71895bc38fc3,c3,DROP,441,?,x9,
1768591946.8496115,FORWARDED,0a25af54-4ad7-44a6-9daf-7838795f219b,0e6811d7-8458-4c8c-bf3a-71895bc38fc3,c3,DROP,441,?,x9,
1768591946.9320443,SENT,e82bf9b4-e3dc-4d03-825a-597ff3a7fc1a,3e6f9f8e-ee51-4bea-bb4a-9894d46d4a83,c3,DROP,442,?,i8,
1768591946.932108,FORWARDED,e82bf9b4-e3dc-4d03-825a-597ff3a7fc1a,3e6f9f8e-ee51-4bea-bb4a-9894d46d4a83,c3,DROP,442,?,i8,
1768591947.032977,RECEIVED,9907e5e7-fdca-479f-b663-dab58f5d2d2c,3e3e565a-4989-4109-a782-bb4110ad674a,c2,c4,1012,i2,?,
1768591947.0459964,SENT,d0554ec2-f8ad-45f2-9c26-190489185530,8916b621-a205-456d-aed1-1adcd20fcb9a,c5,c3,687,?,p3,
1768591947.0460372,FORWARDED,d0554ec2-f8ad-45f2-9c26-190489185530,8916b621-a205-456d-aed1-1adcd20fcb9a,c5,c3,687,?,p3,
1768591947.0573182,SENT,ed122a78-97f2-425c-92b1-fef7c9a85448,7c53c227-1b31-4bea-a3e4-4bfbad761212,c3,c4,687,?,p1,
1768591947.0574036,FORWARDED,ed122a78-97f2-425c-92b1-fef7c9a85448,7c53c227-1b31-4bea-a3e4-4bfbad761212,c3,c4,687,?,p1,
1768591947.065762,SENT,d180853a-2aa8-4b2f-b554-2265ef10345d,de49f23d-b392-4dde-8e0a-441fc5f06ab2,c5,c3,687,?,p3,
1768591947.0658033,FORWARDED,d180853a-2aa8-4b2f-b554-2265ef10345d,de49f23d-b392-4dde-8e0a-441fc5f06ab2,c5,c3,687,?,p3,
1768591947.3270295,SENT,9907e5e7-fdca-479f-b663-dab58f5d2d2c,3e3e565a-4989-4109-a782-bb4110ad674a,c2,c4,687,?,p1,
1768591947.3270845,FORWARDED,9907e5e7-fdca-479f-b663-dab58f5d2d2c,3e3e565a-4989-4109-a782-bb4110ad674a,c2,c4,687,?,p1,
1768591947.4690688,RECEIVED,c3741ac0-6fae-492d-a92c-4b54c14762aa,df993b34-ef58-4e08-87be-3105de406753,c3,c2,1016,i12,?,
1768591947.570733,RECEIVED,60b93a12-f728-489f-be0e-a6516a7792c7,d27552cd-9fbc-4867-839d-d3547e1c336e,c1,c5,1020,i8,?,
1768591947.6541102,SENT,60b93a12-f728-489f-be0e-a6516a7792c7,d27552cd-9fbc-4867-839d-d3547e1c336e,c1,c5,691,?,p2,
1768591947.654156,FORWARDED,60b93a12-f728-489f-be0e-a6516a7792c7,d27552cd-9fbc-4867-839d-d3547e1c336e,c1,c5,691,?,p2,
1768591947.799509,SENT,512e7291-4165-4892-9990-d918d71c18be,f24eedd9-982a-4259-8ce1-91f6f3d1c683,c4,c5,688,?,p2,
1768591947.799551,FORWARDED,512e7291-4165-4892-9990-d918d71c18be,f24eedd9-982a-4259-8ce1-91f6f3d1c683,c4,c5,688,?,p2,
1768591947.8960118,SENT,c3741ac0-6fae-492d-a92c-4b54c14762aa,df993b34-ef58-4e08-87be-3105de406753,c3,c2,688,?,p2,
1768591947.8960657,FORWARDED,c3741ac0-6fae-492d-a92c-4b54c14762aa,df993b34-ef58-4e08-87be-3105de406753,c3,c2,688,?,p2,
1768591947.9334524,SENT,693d945e-b72a-4ff4-8774-8ff334ef18ab,79762a13-a2ed-4844-aa5e-35f9a85d17d7,c5,c2,687,?,p2,
1768591947.9335005,FORWARDED,693d945e-b72a-4ff4-8774-8ff334ef18ab,79762a13-a2ed-4844-aa5e-35f9a85d17d7,c5,c2,687,?,p2,
1768591947.9770298,SENT,2bd26af9-5dbd-4ed3-ac46-3cb8f9f77875,1f38fb41-ca12-4334-8216-a7e570e560f3,c1,c5,687,?,p2,
1768591947.9771323,FORWARDED,2bd26af9-5dbd-4ed3-ac46-3cb8f9f77875,1f38fb41-ca12-4334-8216-a7e570e560f3,c1,c5,687,?,p2,
1768591948.259495,RECEIVED,3a07dbdb-f87c-4cde-9588-5a1405de75e5,61b63d2b-0749-40d9-adb4-ac7bd4943e5f,c3,DROP,683,i2,?,
1768591948.5162446,RECEIVED,065f59a4-5d19-4afe-982a-659c1180cd45,f04ae43c-b328-4c0e-95e0-ca50b2c78d3e,c1,c5,1021,i7,?,
1768591948.5617373,SENT,065f59a4-5d19-4afe-982a-659c1180cd45,f04ae43c-b328-4c0e-95e0-ca50b2c78d3e,c1,c5,691,?,p2,
1768591948.561785,FORWARDED,065f59a4-5d19-4afe-982a-659c1180cd45,f04ae43c-b328-4c0e-95e0-ca50b2c78d3e,c1,c5,691,?,p2,
1768591948.5638514,SENT,3a07dbdb-f87c-4cde-9588-5a1405de75e5,61b63d2b-0749-40d9-adb4-ac7bd4943e5f,c3,DROP,441,?,e10,
1768591948.5638912,FORWARDED,3a07dbdb-f87c-4cde-9588-5a1405de75e5,61b63d2b-0749-40d9-adb4-ac7bd4943e5f,c3,DROP,441,?,e10,
1768591948.5950067,RECEIVED,0c966de1-d24a-476a-897a-b7be97e11abe,4cc08b3a-266e-49af-8e4e-cc7014819a00,c1,c2,1024,i11,?,
1768591948.675367,SENT,0c966de1-d24a-476a-897a-b7be97e11abe,4cc08b3a-266e-49af-8e4e-cc7014819a00,c1,c2,696,?,p2,
1768591948.6754081,FORWARDED,0c966de1-d24a-476a-897a-b7be97e11abe,4cc08b3a-266e-49af-8e4e-cc7014819a00,c1,c2,696,?,p2,
1768591948.7244833,RECEIVED,061c9711-79fe-47e0-b641-5b7670fe7347,b9629135-9826-4e6c-a2f2-6403e8925a46,c4,c2,1020,i10,?,
1768591948.838844,SENT,061c9711-79fe-47e0-b641-5b7670fe7347,b9629135-9826-4e6c-a2f2-6403e8925a46,c4,c2,691,?,p2,
1768591948.8388834,FORWARDED,061c9711-79fe-47e0-b641-5b7670fe7347,b9629135-9826-4e6c-a2f2-6403e8925a46,c4,c2,691,?,p2,
1768591949.0479474,RECEIVED,593fe61b-c8f7-40c6-a36e-261a68bb0a4e,49b36595-b0ae-45e9-b637-15f2bba3797f,c5,DROP,683,i8,?,
1768591949.096105,RECEIVED,f461870d-adb9-4732-9d53-82ed760e456e,8137dabe-b6fd-4bd7-876a-4aee9f468a12,c5,c3,1012,i3,?,
1768591949.1534138,SENT,f461870d-adb9-4732-9d53-82ed760e456e,8137dabe-b6fd-4bd7-876a-4aee9f468a12,c5,c3,687,?,p3,
1768591949.153452,FORWARDED,f461870d-adb9-4732-9d53-82ed760e456e,8137dabe-b6fd-4bd7-876a-4aee9f468a12,c5,c3,687,?,p3,
1768591949.2710354,SENT,593fe61b-c8f7-40c6-a36e-261a68bb0a4e,49b36595-b0ae-45e9-b637-15f2bba3797f,c5,DROP,441,?,i5,
1768591949.2710872,FORWARDED,593fe61b-c8f7-40c6-a36e-261a68bb0a4e,49b36595-b0ae-45e9-b637-15f2bba3797f,c5,DROP,441,?,i5,
1768591949.873826,RECEIVED,7dab8253-401b-4006-890a-dbd34ec78e4b,0206cc6a-42f8-4724-9df8-68eac769aa17,c2,c3,1012,i8,?,
1768591949.9766107,RECEIVED,ba52504e-25fa-4a52-ab1e-8c6034cc0cf5,8eeef9dc-b114-4d58-8dc7-b47d68c04255,c2,c5,1013,i3,?,
1768591950.0714893,RECEIVED,b05c4fe6-cbf8-44ec-87ea-180360837351,c65353ab-023f-47e9-8f77-6b12a90648d3,c3,c4,1016,i4,?,
1768591950.0793095,SENT,ba52504e-25fa-4a52-ab1e-8c6034cc0cf5,8eeef9dc-b114-4d58-8dc7-b47d68c04255,c2,c5,687,?,p2,
1768591950.079347,FORWARDED,ba52504e-25fa-4a52-ab1e-8c6034cc0cf5,8eeef9dc-b114-4d58-8dc7-b47d68c04255,c2,c5,687,?,p2,
1768591950.276043,SENT,b05c4fe6-cbf8-44ec-87ea-180360837351,c65353ab-023f-47e9-8f77-6b12a90648d3,c3,c4,688,?,p1,
1768591950.2760978,FORWARDED,b05c4fe6-cbf8-44ec-87ea-180360837351,c65353ab-023f-47e9-8f77-6b12a90648d3,c3,c4,688,?,p1,
1768591950.3276641,SENT,7dab8253-401b-4006-890a-dbd34ec78e4b,0206cc6a-42f8-4724-9df8-68eac769aa17,c2,c3,687,?,p3,
1768591950.3277044,FORWARDED,7dab8253-401b-4006-890a-dbd34ec78e4b,0206cc6a-42f8-4724-9df8-68eac769aa17,c2,c3,687,?,p3,
1768591950.333544,RECEIVED,84a835a5-d46c-44d9-8ed3-94adacab8a17,e75b3519-9e95-4f73-9a44-51a692cc5879,c2,c5,1016,i1,?,
1768591950.4504955,SENT,84a835a5-d46c-44d9-8ed3-94adacab8a17,e75b3519-9e95-4f73-9a44-51a692cc5879,c2,c5,688,?,p2,
1768591950.4505608,FORWARDED,84a835a5-d46c-44d9-8ed3-94adacab8a17,e75b3519-9e95-4f73-9a44-51a692cc5879,c2,c5,688,?,p2,
1768591950.4778676,RECEIVED,97daa955-13dd-4c2b-a9fa-bd6bb5d18063,700829d7-df79-42f9-9ef8-14a2abd94ad0,c3,DROP,685,i4,?,
1768591950.6650336,RECEIVED,42cd8d93-d07c-4cca-831b-69c54e0774af,b655bc09-d394-444c-9b7c-ac85ee407d85,c4,DROP,688,i7,?,
1768591950.6808054,SENT,97daa955-13dd-4c2b-a9fa-bd6bb5d18063,700829d7-df79-42f9-9ef8-14a2abd94ad0,c3,DROP,441,?,x12,
1768591950.6808476,FORWARDED,97daa955-13dd-4c2b-a9fa-bd6bb5d18063,700829d7-df79-42f9-9ef8-14a2abd94ad0,c3,DROP,441,?,x12,
1768591950.831659,SENT,42cd8d93-d07c-4cca-831b-69c54e0774af,b655bc09-d394-444c-9b7c-ac85ee407d85,c4,DROP,442,?,i5,
1768591950.8316922,FORWARDED,42cd8d93-d07c-4cca-831b-69c54e0774af,b655bc09-d394-444c-9b7c-ac85ee407d85,c4,DROP,442,?,i5,
1768591950.840606,RECEIVED,f9ca2953-10c9-47df-8859-5c6a5105d572,e678ad2f-be0e-428f-a611-4a9635f5e1bd,c2,c5,1015,i4,?,
1768591950.942881,RECEIVED,878b98b8-b728-4233-9862-9f42362910dc,033f724d-e696-412d-a832-134853926042,c2,c5,1011,i12,?,
1768591951.0888932,RECEIVED,eabcacde-9c1a-4bf9-9906-c21ab186f4df,f2a4099b-44f1-41ee-9438-9d9198259463,c5,c3,1019,i4,?,
1768591951.302346,RECEIVED,9a6ff315-9520-42e4-aa7a-6ffd6383db6d,05c9b3e1-eb27-4090-be59-81b5da62cf4b,c5,c3,1016,i3,?,
1768591951.4582634,SENT,878b98b8-b728-4233-9862-9f42362910dc,033f724d-e696-412d-a832-134853926042,c2,c5,687,?,p2,
1768591951.4583051,FORWARDED,878b98b8-b728-4233-9862-9f42362910dc,033f724d-e696-412d-a832-134853926042,c2,c5,687,?,p2,
1768591951.7235026,RECEIVED,557e2c60-3e1d-4975-bc89-905769c27458,c63628b8-0188-4fba-add8-4d856572e582,c4,c2,1014,i8,?,
1768591951.7291982,SENT,eabcacde-9c1a-4bf9-9906-c21ab186f4df,f2a4099b-44f1-41ee-9438-9d9198259463,c5,c3,692,?,p3,
1768591951.7292376,FORWARDED,eabcacde-9c1a-4bf9-9906-c21ab186f4df,f2a4099b-44f1-41ee-9438-9d9198259463,c5,c3,692,?,p3,
1768591951.7828805,SENT,9a6ff315-9520-42e4-aa7a-6ffd6383db6d,05c9b3e1-eb27-4090-be59-81b5da62cf4b,c5,c3,688,?,p3,
1768591951.782923,FORWARDED,9a6ff315-9520-42e4-aa7a-6ffd6383db6d,05c9b3e1-eb27-4090-be59-81b5da62cf4b,c5,c3,688,?,p3,
1768591952.514282,RECEIVED,f6c6a529-1ae5-402b-8a67-b2cb5250c2d6,6fac863c-53bc-4787-83b5-893ed0151b79,c5,c1,1016,i7,?,
1768591952.5451348,SENT,f9ca2953-10c9-47df-8859-5c6a5105d572,e678ad2f-be0e-428f-a611-4a9635f5e1bd,c2,c5,688,?,p2,
1768591952.545179,FORWARDED,f9ca2953-10c9-47df-8859-5c6a5105d572,e678ad2f-be0e-428f-a611-4a9635f5e1bd,c2,c5,688,?,p2,
1768591952.5940156,RECEIVED,ed7c8e24-9c8a-4800-a2d1-366359c3047a,ef683e15-2112-4214-9eb1-2317970420e2,c5,c2,1016,i1,?,
1768591952.6730223,SENT,ed7c8e24-9c8a-4800-a2d1-366359c3047a,ef683e15-2112-4214-9eb1-2317970420e2,c5,c2,688,?,p2,
1768591952.6730707,FORWARDED,ed7c8e24-9c8a-4800-a2d1-366359c3047a,ef683e15-2112-4214-9eb1-2317970420e2,c5,c2,688,?,p2,
1768591952.6953335,SENT,f6c6a529-1ae5-402b-8a67-b2cb5250c2d6,6fac863c-53bc-4787-83b5-893ed0151b79,c5,c1,688,?,p1,
1768591952.695375,FORWARDED,f6c6a529-1ae5-402b-8a67-b2cb5250c2d6,6fac863c-53bc-4787-83b5-893ed0151b79,c5,c1,688,?,p1,
1768591952.909589,SENT,557e2c60-3e1d-4975-bc89-905769c27458,c63628b8-0188-4fba-add8-4d856572e582,c4,c2,688,?,p2,
1768591952.9096243,FORWARDED,557e2c60-3e1d-4975-bc89-905769c27458,c63628b8-0188-4fba-add8-4d856572e582,c4,c2,688,?,p2,
1768591953.3675625,RECEIVED,55fe1a79-f622-4ad2-91f4-5d0d9a0e5c9c,65cd2374-4ff8-4c64-9e18-d1acb7ff3393,c1,c3,1012,i8,?,
1768591953.4726582,SENT,55fe1a79-f622-4ad2-91f4-5d0d9a0e5c9c,65cd2374-4ff8-4c64-9e18-d1acb7ff3393,c1,c3,687,?,p3,
1768591953.4726996,FORWARDED,55fe1a79-f622-4ad2-91f4-5d0d9a0e5c9c,65cd2374-4ff8-4c64-9e18-d1acb7ff3393,c1,c3,687,?,p3,
1768591953.5818553,RECEIVED,3e445ada-9470-46b4-952d-640a8379581e,bdbb022c-e8b7-4301-b223-9abfd37f912d,c2,c5,1016,i9,?,
1768591953.686975,RECEIVED,8b713c8f-3dfa-48f3-81c2-2ab521488ff4,bd695234-7553-4c41-971c-b721eb8e64ec,c5,c4,1020,i11,?,
1768591953.7058666,SENT,3e445ada-9470-46b4-952d-640a8379581e,bdbb022c-e8b7-4301-b223-9abfd37f912d,c2,c5,688,?,p2,
1768591953.7059073,FORWARDED,3e445ada-9470-46b4-952d-640a8379581e,bdbb022c-e8b7-4301-b223-9abfd37f912d,c2,c5,688,?,p2,
1768591953.785075,SENT,8b713c8f-3dfa-48f3-81c2-2ab521488ff4,bd695234-7553-4c41-971c-b721eb8e64ec,c5,c4,691,?,p1,
1768591953.7851164,FORWARDED,8b713c8f-3dfa-48f3-81c2-2ab521488ff4,bd695234-7553-4c41-971c-b721eb8e64ec,c5,c4,691,?,p1,
1768591954.042358,RECEIVED,018f9c3e-2eb0-4cec-a9be-34d9ceca300b,bc7984e5-e019-4b62-a09c-d79ddcb2a0fb,c3,c4,1015,i12,?,
1768591954.2219517,RECEIVED,ecf30283-e670-4c33-9466-a3747c5b03d3,390d3ec7-1809-4362-b679-b705582df591,c5,c1,1008,i10,?,
1768591954.2600687,RECEIVED,2ec005c5-281d-42a2-9e39-e48b9d9798eb,8c70bf6f-c9bf-4aeb-8032-9a465d42eca0,c3,c2,1024,i11,?,
1768591954.3454082,RECEIVED,4ec5e5c9-8ea1-4b7b-ab09-a8b107bda9f3,f2014013-4a1b-4d92-8302-14d0a6146fef,c4,c5,1008,i1,?,
1768591954.3461304,SENT,ecf30283-e670-4c33-9466-a3747c5b03d3,390d3ec7-1809-4362-b679-b705582df591,c5,c1,682,?,p1,
1768591954.3461673,FORWARDED,ecf30283-e670-4c33-9466-a3747c5b03d3,390d3ec7-1809-4362-b679-b705582df591,c5,c1,682,?,p1,
1768591954.3899539,SENT,2ec005c5-281d-42a2-9e39-e48b9d9798eb,8c70bf6f-c9bf-4aeb-8032-9a465d42eca0,c3,c2,695,?,p2,
1768591954.390433,FORWARDED,2ec005c5-281d-42a2-9e39-e48b9d9798eb,8c70bf6f-c9bf-4aeb-8032-9a465d42eca0,c3,c2,695,?,p2,
1768591954.477706,SENT,4ec5e5c9-8ea1-4b7b-ab09-a8b107bda9f3,f2014013-4a1b-4d92-8302-14d0a6146fef,c4,c5,683,?,p2,
1768591954.4777436,FORWARDED,4ec5e5c9-8ea1-4b7b-ab09-a8b107bda9f3,f2014013-4a1b-4d92-8302-14d0a6146fef,c4,c5,683,?,p2,
1768591954.5229893,RECEIVED,690704c5-7b69-4b37-a613-7dde85aacaad,b2eed53d-68a6-4a4a-8df5-c8eab25b87dd,c3,c5,1020,i9,?,
1768591954.6286635,RECEIVED,2f0e624b-b6d8-4252-af93-4bab2a3afeae,678f2cec-084a-442f-a9a4-5827437a39f7,c3,c1,1015,i9,?,
1768591954.7399917,SENT,690704c5-7b69-4b37-a613-7dde85aacaad,b2eed53d-68a6-4a4a-8df5-c8eab25b87dd,c3,c5,693,?,p2,
1768591954.740033,FORWARDED,690704c5-7b69-4b37-a613-7dde85aacaad,b2eed53d-68a6-4a4a-8df5-c8eab25b87dd,c3,c5,693,?,p2,
1768591954.8697133,SENT,018f9c3e-2eb0-4cec-a9be-34d9ceca300b,bc7984e5-e019-4b62-a09c-d79ddcb2a0fb,c3,c4,688,?,p1,
1768591954.8697538,FORWARDED,018f9c3e-2eb0-4cec-a9be-34d9ceca300b,bc7984e5-e019-4b62-a09c-d79ddcb2a0fb,c3,c4,688,?,p1,
1768591954.8801084,RECEIVED,e40c855f-8104-4c51-adf1-1323197b9530,6a5fd56f-948b-4bc1-9206-da17f7a1bd15,c1,c5,1015,i1,?,
1768591954.88184,RECEIVED,c0149b22-6292-4bf3-976a-a38a27280d19,5f123be8-f4ba-49e5-9f6d-393c6205fad3,c4,DROP,684,i6,?,
1768591954.8933914,SENT,2f0e624b-b6d8-4252-af93-4bab2a3afeae,678f2cec-084a-442f-a9a4-5827437a39f7,c3,c1,688,?,p1,
1768591954.8934317,FORWARDED,2f0e624b-b6d8-4252-af93-4bab2a3afeae,678f2cec-084a-442f-a9a4-5827437a39f7,c3,c1,688,?,p1,
1768591955.0745056,RECEIVED,f5512fb7-5de5-48d1-b9a3-f97d659ed345,f9e35cb2-e6e6-498b-96d7-af757bd5740f,c1,c4,1023,i7,?,
1768591955.095437,SENT,e40c855f-8104-4c51-adf1-1323197b9530,6a5fd56f-948b-4bc1-9206-da17f7a1bd15,c1,c5,688,?,p2,
1768591955.0954762,FORWARDED,e40c855f-8104-4c51-adf1-1323197b9530,6a5fd56f-948b-4bc1-9206-da17f7a1bd15,c1,c5,688,?,p2,
1768591955.1009858,SENT,c0149b22-6292-4bf3-976a-a38a27280d19,5f123be8-f4ba-49e5-9f6d-393c6205fad3,c4,DROP,441,?,x8,
1768591955.1010256,FORWARDED,c0149b22-6292-4bf3-976a-a38a27280d19,5f123be8-f4ba-49e5-9f6d-393c6205fad3,c4,DROP,441,?,x8,
1768591955.4438467,SENT,f5512fb7-5de5-48d1-b9a3-f97d659ed345,f9e35cb2-e6e6-498b-96d7-af757bd5740f,c1,c4,695,?,p1,
1768591955.4438827,FORWARDED,f5512fb7-5de5-48d1-b9a3-f97d659ed345,f9e35cb2-e6e6-498b-96d7-af757bd5740f,c1,c4,695,?,p1,
1768591955.8605118,RECEIVED,c38b9d06-2a8e-4e09-b961-30c3301c8c3f,8579be65-6768-4dbd-9226-8a034b9cb5d5,c1,c2,1016,i9,?,
1768591956.0842967,SENT,c38b9d06-2a8e-4e09-b961-30c3301c8c3f,8579be65-6768-4dbd-9226-8a034b9cb5d5,c1,c2,688,?,p2,
1768591956.084355,FORWARDED,c38b9d06-2a8e-4e09-b961-30c3301c8c3f,8579be65-6768-4dbd-9226-8a034b9cb5d5,c1,c2,688,?,p2,
1768591956.4921474,RECEIVED,e2757702-ff75-45c8-87af-3d840de0e33a,e20a30eb-d793-45af-b6ab-05c176270496,c1,c5,1015,i9,?,
1768591956.734588,RECEIVED,ebc55008-1a74-4b66-baa2-6af228b2933e,52953985-8c89-4e61-b6ae-c98d18776678,c4,c5,1017,i3,?,
1768591956.8003669,SENT,ebc55008-1a74-4b66-baa2-6af228b2933e,52953985-8c89-4e61-b6ae-c98d18776678,c4,c5,688,?,p2,
1768591956.8004074,FORWARDED,ebc55008-1a74-4b66-baa2-6af228b2933e,52953985-8c89-4e61-b6ae-c98d18776678,c4,c5,688,?,p2,
1768591956.87109,SENT,e2757702-ff75-45c8-87af-3d840de0e33a,e20a30eb-d793-45af-b6ab-05c176270496,c1,c5,688,?,p2,
1768591956.8711333,FORWARDED,e2757702-ff75-45c8-87af-3d840de0e33a,e20a30eb-d793-45af-b6ab-05c176270496,c1,c5,688,?,p2,
1768591956.876807,RECEIVED,d1535daf-ccf8-4ac8-a12d-e27d74b8acbb,c3e536a0-e18a-442a-a474-2ea2f4704d14,c5,DROP,684,i9,?,
1768591957.095412,SENT,d1535daf-ccf8-4ac8-a12d-e27d74b8acbb,c3e536a0-e18a-442a-a474-2ea2f4704d14,c5,DROP,441,?,e12,
1768591957.095451,FORWARDED,d1535daf-ccf8-4ac8-a12d-e27d74b8acbb,c3e536a0-e18a-442a-a474-2ea2f4704d14,c5,DROP,441,?,e12,
1768591957.2419124,RECEIVED,26866870-0e58-4c10-8d31-321be0a3a787,f03f8e9c-757e-4d26-a0e3-61db6968065f,c4,c1,1011,i1,?,
1768591957.3178508,SENT,26866870-0e58-4c10-8d31-321be0a3a787,f03f8e9c-757e-4d26-a0e3-61db6968065f,c4,c1,687,?,p1,
1768591957.317894,FORWARDED,26866870-0e58-4c10-8d31-321be0a3a787,f03f8e9c-757e-4d26-a0e3-61db6968065f,c4,c1,687,?,p1,
1768591958.1712275,RECEIVED,886fcfa6-b87d-4759-af79-151049539825,5d4274b3-8a18-46a4-a1ca-c40d6be7108f,c2,DROP,683,i6,?,
1768591958.1865275,RECEIVED,7c12f0c8-ce50-48b6-8d8f-b6e12bfad82e,cb07f8f3-72c9-4854-b186-8e5ef2326c0d,c1,c5,1012,i8,?,
1768591958.2725186,RECEIVED,a646b240-b24b-4167-abd5-02f239ae871d,b6c004b4-411e-47f9-8b6c-60a812a04133,c1,DROP,684,i10,?,
1768591958.2778962,SENT,7c12f0c8-ce50-48b6-8d8f-b6e12bfad82e,cb07f8f3-72c9-4854-b186-8e5ef2326c0d,c1,c5,686,?,p2,
1768591958.2779374,FORWARDED,7c12f0c8-ce50-48b6-8d8f-b6e12bfad82e,cb07f8f3-72c9-4854-b186-8e5ef2326c0d,c1,c5,686,?,p2,
1768591958.2879262,RECEIVED,48b748d7-c306-4015-a27d-bab72a38b204,0d2c5808-0c9d-44aa-bd50-f7a0d2b06f0b,c1,c4,1017,i6,?,
1768591958.3448527,SENT,48b748d7-c306-4015-a27d-bab72a38b204,0d2c5808-0c9d-44aa-bd50-f7a0d2b06f0b,c1,c4,688,?,p1,
1768591958.3448951,FORWARDED,48b748d7-c306-4015-a27d-bab72a38b204,0d2c5808-0c9d-44aa-bd50-f7a0d2b06f0b,c1,c4,688,?,p1,
1768591958.3475387,SENT,a646b240-b24b-4167-abd5-02f239ae871d,b6c004b4-411e-47f9-8b6c-60a812a04133,c1,DROP,441,?,i1,
1768591958.3475766,FORWARDED,a646b240-b24b-4167-abd5-02f239ae871d,b6c004b4-411e-47f9-8b6c-60a812a04133,c1,DROP,441,?,i1,
1768591958.6013367,RECEIVED,5f0edbc0-2083-4700-ab22-2950bf013e67,4845a84b-40ae-478d-8ed2-ccfda751990d,c2,DROP,683,i10,?,
1768591958.6435332,RECEIVED,c4ac4ad4-770c-4351-9bec-e54a4478bd02,fbb2f967-e529-4e9f-96f6-cab02ccbe2a5,c2,c1,1012,i3,?,
1768591958.6804636,RECEIVED,f6ff21e6-7bce-49e9-a1e6-eae7ac8eff3f,b3abb222-1b7a-40f8-ae45-0aaf06c1d985,c5,c3,1016,i12,?,
1768591958.7625124,SENT,f6ff21e6-7bce-49e9-a1e6-eae7ac8eff3f,b3abb222-1b7a-40f8-ae45-0aaf06c1d985,c5,c3,688,?,p3,
1768591958.7625542,FORWARDED,f6ff21e6-7bce-49e9-a1e6-eae7ac8eff3f,b3abb222-1b7a-40f8-ae45-0aaf06c1d985,c5,c3,688,?,p3,
1768591958.7760677,SENT,c4ac4ad4-770c-4351-9bec-e54a4478bd02,fbb2f967-e529-4e9f-96f6-cab02ccbe2a5,c2,c1,687,?,p1,
1768591958.7761087,FORWARDED,c4ac4ad4-770c-4351-9bec-e54a4478bd02,fbb2f967-e529-4e9f-96f6-cab02ccbe2a5,c2,c1,687,?,p1,
1768591958.9193127,RECEIVED,524a1aed-90db-4ef2-b8e5-8f0063f41422,9a53bc8e-8b04-4b84-8304-29cc301b1b9e,c2,c4,1015,i8,?,
1768591958.9913068,RECEIVED,503344a4-5b3d-42de-98d2-6413c9340113,d11a436a-58d5-4677-8c61-5e0e671400db,c2,c4,1022,i12,?,
1768591959.0636551,RECEIVED,58131004-8342-4fba-b891-e1c7671da749,3409c41e-e6ad-407c-92ba-7813188a0937,c1,c5,1025,i5,?,
1768591959.0809982,SENT,58131004-8342-4fba-b891-e1c7671da749,3409c41e-e6ad-407c-92ba-7813188a0937,c1,c5,696,?,p2,
1768591959.081041,FORWARDED,58131004-8342-4fba-b891-e1c7671da749,3409c41e-e6ad-407c-92ba-7813188a0937,c1,c5,696,?,p2,
1768591959.1187363,RECEIVED,29968706-1104-409a-802f-edecdb0cf36e,988fec5d-7c69-435f-ba7b-5022c83df2f3,c1,c4,1020,i8,?,
1768591959.1214964,SENT,503344a4-5b3d-42de-98d2-6413c9340113,d11a436a-58d5-4677-8c61-5e0e671400db,c2,c4,696,?,p1,
1768591959.1215377,FORWARDED,503344a4-5b3d-42de-98d2-6413c9340113,d11a436a-58d5-4677-8c61-5e0e671400db,c2,c4,696,?,p1,
1768591959.1657932,RECEIVED,9252895b-d3d9-49d7-af33-cbaaa2957c12,6ed979a1-9b6f-419c-89b9-4350a8e37920,c1,c4,1027,i12,?,
1768591959.245349,SENT,886fcfa6-b87d-4759-af79-151049539825,5d4274b3-8a18-46a4-a1ca-c40d6be7108f,c2,DROP,441,?,e4,
1768591959.2453861,FORWARDED,886fcfa6-b87d-4759-af79-151049539825,5d4274b3-8a18-46a4-a1ca-c40d6be7108f,c2,DROP,441,?,e4,
1768591959.2686043,SENT,524a1aed-90db-4ef2-b8e5-8f0063f41422,9a53bc8e-8b04-4b84-8304-29cc301b1b9e,c2,c4,688,?,p1,
1768591959.2686462,FORWARDED,524a1aed-90db-4ef2-b8e5-8f0063f41422,9a53bc8e-8b04-4b84-8304-29cc301b1b9e,c2,c4,688,?,p1,
1768591959.4640424,SENT,29968706-1104-409a-802f-edecdb0cf36e,988fec5d-7c69-435f-ba7b-5022c83df2f3,c1,c4,692,?,p1,
1768591959.4641085,FORWARDED,29968706-1104-409a-802f-edecdb0cf36e,988fec5d-7c69-435f-ba7b-5022c83df2f3,c1,c4,692,?,p1,
1768591959.5640588,RECEIVED,42b7fb54-7e91-4c56-b44c-396544c3f687,83d8b9e1-e425-4de3-8584-38895f60d31c,c4,c2,1012,i10,?,
1768591959.5967116,RECEIVED,4a6153ee-238c-4667-9269-f95ca46df784,0f4a22ad-914e-4af1-b3e8-c9a35bbd4fd5,c1,c5,1011,i4,?,
1768591959.610255,SENT,42b7fb54-7e91-4c56-b44c-396544c3f687,83d8b9e1-e425-4de3-8584-38895f60d31c,c4,c2,685,?,p2,
1768591959.6102965,FORWARDED,42b7fb54-7e91-4c56-b44c-396544c3f687,83d8b9e1-e425-4de3-8584-38895f60d31c,c4,c2,685,?,p2,
1768591959.6496122,SENT,9252895b-d3d9-49d7-af33-cbaaa2957c12,6ed979a1-9b6f-419c-89b9-4350a8e37920,c1,c4,697,?,p1,
1768591959.6496556,FORWARDED,9252895b-d3d9-49d7-af33-cbaaa2957c12,6ed979a1-9b6f-419c-89b9-4350a8e37920,c1,c4,697,?,p1,
1768591959.6786213,SENT,5f0edbc0-2083-4700-ab22-2950bf013e67,4845a84b-40ae-478d-8ed2-ccfda751990d,c2,DROP,441,?,x8,
1768591959.6786625,FORWARDED,5f0edbc0-2083-4700-ab22-2950bf013e67,4845a84b-40ae-478d-8ed2-ccfda751990d,c2,DROP,441,?,x8,
1768591959.7657044,RECEIVED,11a63856-28b5-48b6-93c8-6d0004a522fb,effd1ad2-3287-4eef-aed3-2897b25999ce,c3,c2,1015,i1,?,
1768591959.843881,RECEIVED,f274cf82-eb6e-4106-894e-e03b75554f5b,c1cfa300-f4f2-4812-a86d-60de18b78102,c5,DROP,689,i1,?,
1768591959.883426,SENT,f274cf82-eb6e-4106-894e-e03b75554f5b,c1cfa300-f4f2-4812-a86d-60de18b78102,c5,DROP,442,?,e4,
1768591959.883466,FORWARDED,f274cf82-eb6e-4106-894e-e03b75554f5b,c1cfa300-f4f2-4812-a86d-60de18b78102,c5,DROP,442,?,e4,
1768591959.9540067,RECEIVED,d5c546e6-2d43-4e0c-9805-0b07807024e3,d1f53a5c-f827-49e4-a778-f28e47414923,c5,c3,1020,i3,?,
1768591960.0154912,SENT,11a63856-28b5-48b6-93c8-6d0004a522fb,effd1ad2-3287-4eef-aed3-2897b25999ce,c3,c2,688,?,p2,
1768591960.0155303,FORWARDED,11a63856-28b5-48b6-93c8-6d0004a522fb,effd1ad2-3287-4eef-aed3-2897b25999ce,c3,c2,688,?,p2,
1768591960.1217477,SENT,d5c546e6-2d43-4e0c-9805-0b07807024e3,d1f53a5c-f827-49e4-a778-f28e47414923,c5,c3,691,?,p3,
1768591960.1217911,FORWARDED,d5c546e6-2d43-4e0c-9805-0b07807024e3,d1f53a5c-f827-49e4-a778-f28e47414923,c5,c3,691,?,p3,
1768591960.2665327,RECEIVED,7a0383dc-295b-407d-9448-11813e969ceb,67b55ced-b70e-4c54-947b-bbb12726400a,c1,c4,1020,i10,?,
1768591960.2964697,RECEIVED,dee0633c-262a-4017-9f82-37d6babc2a04,b8a0812a-ae55-49c1-ad8c-2d3684bbe764,c5,c1,1019,i6,?,
1768591960.3091407,RECEIVED,98ea6d10-86b7-4df7-baeb-0b101f6764b1,c16a12eb-0de0-4ab4-8915-b881f6960443,c4,c5,1011,i7,?,
1768591960.3131473,RECEIVED,5a9b2432-7bf6-46b2-bfd7-825ca4e1dbd4,76e76e98-e17e-4d0c-940f-dde7a394b910,c4,c3,1013,i10,?,
1768591960.3534746,SENT,7a0383dc-295b-407d-9448-11813e969ceb,67b55ced-b70e-4c54-947b-bbb12726400a,c1,c4,691,?,p1,
1768591960.353517,FORWARDED,7a0383dc-295b-407d-9448-11813e969ceb,67b55ced-b70e-4c54-947b-bbb12726400a,c1,c4,691,?,p1,
1768591960.3685238,SENT,5a9b2432-7bf6-46b2-bfd7-825ca4e1dbd4,76e76e98-e17e-4d0c-940f-dde7a394b910,c4,c3,687,?,p3,
1768591960.3685727,FORWARDED,5a9b2432-7bf6-46b2-bfd7-825ca4e1dbd4,76e76e98-e17e-4d0c-940f-dde7a394b910,c4,c3,687,?,p3,
1768591960.4748979,RECEIVED,b0afe872-0dec-4565-a187-b54d0fcb9897,7cf3d281-aa1a-454f-b8f8-c2ef48329b8f,c4,c1,1022,i11,?,
1768591960.7206461,RECEIVED,423744a9-1803-4425-a217-f57403bbf5df,4bbabffc-dc1d-472b-b4f9-1b9b1c40cada,c5,c4,1023,i10,?,
1768591960.8025162,SENT,4a6153ee-238c-4667-9269-f95ca46df784,0f4a22ad-914e-4af1-b3e8-c9a35bbd4fd5,c1,c5,687,?,p2,
1768591960.8027282,FORWARDED,4a6153ee-238c-4667-9269-f95ca46df784,0f4a22ad-914e-4af1-b3e8-c9a35bbd4fd5,c1,c5,687,?,p2,
1768591960.8429751,RECEIVED,3abe35f2-b458-45cf-99db-a3507a16df38,fd12dd9c-194c-4377-9e6e-60eb86668c87,c3,c4,1019,i10,?,
1768591960.876093,SENT,98ea6d10-86b7-4df7-baeb-0b101f6764b1,c16a12eb-0de0-4ab4-8915-b881f6960443,c4,c5,687,?,p2,
1768591960.8761373,FORWARDED,98ea6d10-86b7-4df7-baeb-0b101f6764b1,c16a12eb-0de0-4ab4-8915-b881f6960443,c4,c5,687,?,p2,
1768591960.9882805,SENT,dee0633c-262a-4017-9f82-37d6babc2a04,b8a0812a-ae55-49c1-ad8c-2d3684bbe764,c5,c1,691,?,p1,
1768591960.988321,FORWARDED,dee0633c-262a-4017-9f82-37d6babc2a04,b8a0812a-ae55-49c1-ad8c-2d3684bbe764,c5,c1,691,?,p1,
1768591961.3479316,SENT,3abe35f2-b458-45cf-99db-a3507a16df38,fd12dd9c-194c-4377-9e6e-60eb86668c87,c3,c4,692,?,p1,
1768591961.3479733,FORWARDED,3abe35f2-b458-45cf-99db-a3507a16df38,fd12dd9c-194c-4377-9e6e-60eb86668c87,c3,c4,692,?,p1,
1768591961.3600223,SENT,423744a9-1803-4425-a217-f57403bbf5df,4bbabffc-dc1d-472b-b4f9-1b9b1c40cada,c5,c4,695,?,p1,
1768591961.3601673,FORWARDED,423744a9-1803-4425-a217-f57403bbf5df,4bbabffc-dc1d-472b-b4f9-1b9b1c40cada,c5,c4,695,?,p1,
1768591961.4820056,RECEIVED,ae433972-f639-43ab-885c-a2b3c06bbdd8,76f0971e-5701-48ac-916d-61dc878b5ed7,c2,c4,1015,i8,?,
1768591961.5553246,RECEIVED,041217f0-2399-4f75-a217-a256be86d341,f81b6fc5-8410-49a4-b422-98d0653ddbc8,c4,c1,1024,i4,?,
1768591961.6106815,SENT,b0afe872-0dec-4565-a187-b54d0fcb9897,7cf3d281-aa1a-454f-b8f8-c2ef48329b8f,c4,c1,695,?,p1,
1768591961.6107223,FORWARDED,b0afe872-0dec-4565-a187-b54d0fcb9897,7cf3d281-aa1a-454f-b8f8-c2ef48329b8f,c4,c1,695,?,p1,
1768591961.7478364,SENT,ae433972-f639-43ab-885c-a2b3c06bbdd8,76f0971e-5701-48ac-916d-61dc878b5ed7,c2,c4,688,?,p1,
1768591961.7479227,FORWARDED,ae433972-f639-43ab-885c-a2b3c06bbdd8,76f0971e-5701-48ac-916d-61dc878b5ed7,c2,c4,688,?,p1,
1768591961.8030334,SENT,041217f0-2399-4f75-a217-a256be86d341,f81b6fc5-8410-49a4-b422-98d0653ddbc8,c4,c1,695,?,p1,
1768591961.8030818,FORWARDED,041217f0-2399-4f75-a217-a256be86d341,f81b6fc5-8410-49a4-b422-98d0653ddbc8,c4,c1,695,?,p1,
1768591961.8257072,RECEIVED,44408df1-f5ff-4adf-b286-f1de4fa35280,83c2b819-3789-4ddf-9833-37423f8eb029,c4,DROP,440,x4,?,
1768591961.9627297,RECEIVED,09d29820-01fe-433d-b1c8-50a0b71fba2e,31c459be-1387-480a-b5cb-befa7730e15a,c3,c4,1024,i12,?,
1768591962.1811845,RECEIVED,84417c23-5c6e-4c7e-9f1f-1f30241648a9,ae7cace7-0e41-46c3-a4b6-4983a3d8ce6c,c2,c1,1007,i5,?,
1768591962.257106,SENT,09d29820-01fe-433d-b1c8-50a0b71fba2e,31c459be-1387-480a-b5cb-befa7730e15a,c3,c4,696,?,p1,
1768591962.2572215,FORWARDED,09d29820-01fe-433d-b1c8-50a0b71fba2e,31c459be-1387-480a-b5cb-befa7730e15a,c3,c4,696,?,p1,
1768591962.3771017,RECEIVED,2c0d00b4-4bc6-4144-9596-3d682ab2b96f,c917f14f-c675-47df-8adc-77679194b10d,c2,c4,1015,i9,?,
1768591962.4096901,RECEIVED,f6ec63b6-76a6-4d2d-af1b-4f1f940ca126,e694efa1-9bbe-4f83-96a1-40178148d72a,c5,c2,1019,i3,?,
1768591962.5048661,RECEIVED,9f062f43-d71c-4775-8818-95ecc171d33e,dc24cde3-d2b5-444c-a531-b54d94af1f96,c5,c1,1024,i2,?,
1768591962.556747,RECEIVED,1aafa402-e184-4336-95c8-d8a92c597699,298fbd3a-9c1b-4730-8b46-5e496559600b,c2,c3,1011,i8,?,
1768591962.6130996,SENT,f6ec63b6-76a6-4d2d-af1b-4f1f940ca126,e694efa1-9bbe-4f83-96a1-40178148d72a,c5,c2,692,?,p2,
1768591962.6131423,FORWARDED,f6ec63b6-76a6-4d2d-af1b-4f1f940ca126,e694efa1-9bbe-4f83-96a1-40178148d72a,c5,c2,692,?,p2,
1768591962.6486268,RECEIVED,08907c51-4a52-41a4-b562-0317c552220d,9a3c4275-22c5-43e9-8808-62a98e7cbabc,c4,c3,1015,i2,?,
1768591962.6708534,SENT,9f062f43-d71c-4775-8818-95ecc171d33e,dc24cde3-d2b5-444c-a531-b54d94af1f96,c5,c1,696,?,p1,
1768591962.670894,FORWARDED,9f062f43-d71c-4775-8818-95ecc171d33e,dc24cde3-d2b5-444c-a531-b54d94af1f96,c5,c1,696,?,p1,
1768591962.7533805,SENT,84417c23-5c6e-4c7e-9f1f-1f30241648a9,ae7cace7-0e41-46c3-a4b6-4983a3d8ce6c,c2,c1,683,?,p1,
1768591962.7534235,FORWARDED,84417c23-5c6e-4c7e-9f1f-1f30241648a9,ae7cace7-0e41-46c3-a4b6-4983a3d8ce6c,c2,c1,683,?,p1,
1768591962.8401723,RECEIVED,f2bd81e0-0111-460d-b5ed-8025a3c6192e,edd1d0c6-29b8-472f-a181-0a63043f0ca0,c5,c1,1023,i11,?,
1768591962.8490803,RECEIVED,814321e0-dc5d-41a2-9c4f-7ac0fd2643bb,a179e1d4-9b0f-434a-a148-09088b06b32e,c5,c4,1015,i11,?,
1768591962.9041245,SENT,2c0d00b4-4bc6-4144-9596-3d682ab2b96f,c917f14f-c675-47df-8adc-77679194b10d,c2,c4,688,?,p1,
1768591962.9041665,FORWARDED,2c0d00b4-4bc6-4144-9596-3d682ab2b96f,c917f14f-c675-47df-8adc-77679194b10d,c2,c4,688,?,p1,
1768591962.9333825,RECEIVED,e05725ce-9d7c-4917-82f9-8af9cc56cbab,3921d960-6026-40db-8e8a-12e75886b6fe,c1,c3,1010,i3,?,
1768591962.9548454,SENT,08907c51-4a52-41a4-b562-0317c552220d,9a3c4275-22c5-43e9-8808-62a98e7cbabc,c4,c3,689,?,p3,
1768591962.9548867,FORWARDED,08907c51-4a52-41a4-b562-0317c552220d,9a3c4275-22c5-43e9-8808-62a98e7cbabc,c4,c3,689,?,p3,
1768591963.0149598,SENT,f2bd81e0-0111-460d-b5ed-8025a3c6192e,edd1d0c6-29b8-472f-a181-0a63043f0ca0,c5,c1,696,?,p1,
1768591963.015,FORWARDED,f2bd81e0-0111-460d-b5ed-8025a3c6192e,edd1d0c6-29b8-472f-a181-0a63043f0ca0,c5,c1,696,?,p1,
1768591963.2293565,RECEIVED,bb2e8059-e564-46fc-8d8a-efd84f6ddf9c,598fbf52-44ab-414c-9b33-73ef4309cf71,c5,DROP,684,i7,?,
1768591963.446144,RECEIVED,be7ce13e-57e9-4c32-9a0e-e7613dd98ba6,a387745f-4bca-44ca-903e-a05690a5472e,c3,c2,1019,i12,?,
1768591963.4468002,SENT,e05725ce-9d7c-4917-82f9-8af9cc56cbab,3921d960-6026-40db-8e8a-12e75886b6fe,c1,c3,687,?,p3,
1768591963.4468453,FORWARDED,e05725ce-9d7c-4917-82f9-8af9cc56cbab,3921d960-6026-40db-8e8a-12e75886b6fe,c1,c3,687,?,p3,
1768591963.734767,SENT,814321e0-dc5d-41a2-9c4f-7ac0fd2643bb,a179e1d4-9b0f-434a-a148-09088b06b32e,c5,c4,688,?,p1,
1768591963.7348075,FORWARDED,814321e0-dc5d-41a2-9c4f-7ac0fd2643bb,a179e1d4-9b0f-434a-a148-09088b06b32e,c5,c4,688,?,p1,
1768591963.7827702,RECEIVED,b83ae666-596c-442e-87c9-83d18301223d,03aad2f3-66ba-4c0b-98e0-f0157dbf2d70,c2,c4,1014,i2,?,
1768591963.8679852,SENT,bb2e8059-e564-46fc-8d8a-efd84f6ddf9c,598fbf52-44ab-414c-9b33-73ef4309cf71,c5,DROP,441,?,i10,
1768591963.8680377,FORWARDED,bb2e8059-e564-46fc-8d8a-efd84f6ddf9c,598fbf52-44ab-414c-9b33-73ef4309cf71,c5,DROP,441,?,i10,
1768591963.9572845,SENT,1aafa402-e184-4336-95c8-d8a92c597699,298fbd3a-9c1b-4730-8b46-5e496559600b,c2,c3,687,?,p3,
1768591963.9573245,FORWARDED,1aafa402-e184-4336-95c8-d8a92c597699,298fbd3a-9c1b-4730-8b46-5e496559600b,c2,c3,687,?,p3,
1768591964.0336623,SENT,be7ce13e-57e9-4c32-9a0e-e7613dd98ba6,a387745f-4bca-44ca-903e-a05690a5472e,c3,c2,691,?,p2,
1768591964.0337043,FORWARDED,be7ce13e-57e9-4c32-9a0e-e7613dd98ba6,a387745f-4bca-44ca-903e-a05690a5472e,c3,c2,691,?,p2,
1768591964.1870282,RECEIVED,ecdbabf0-dcf1-4ff2-a38b-7f5e2ee87358,ff8639b5-6b85-4f9c-b02b-573c098956a1,c3,c1,1015,i12,?,
1768591964.8852603,RECEIVED,ecd12477-12db-40bb-9004-5cf5fa26d12f,c15a5b85-3df3-483f-975b-b86fcaffdf25,c4,DROP,687,i7,?,
1768591964.952342,RECEIVED,23d23e84-8e45-4449-be90-9750d7ab3c99,404c6423-22b2-4c35-98e1-0bcf47203cdd,c3,DROP,684,i2,?,
1768591965.1253536,SENT,ecd12477-12db-40bb-9004-5cf5fa26d12f,c15a5b85-3df3-483f-975b-b86fcaffdf25,c4,DROP,442,?,e2,
1768591965.1258314,FORWARDED,ecd12477-12db-40bb-9004-5cf5fa26d12f,c15a5b85-3df3-483f-975b-b86fcaffdf25,c4,DROP,442,?,e2,
1768591965.1324415,SENT,b83ae666-596c-442e-87c9-83d18301223d,03aad2f3-66ba-4c0b-98e0-f0157dbf2d70,c2,c4,688,?,p1,
1768591965.132599,FORWARDED,b83ae666-596c-442e-87c9-83d18301223d,03aad2f3-66ba-4c0b-98e0-f0157dbf2d70,c2,c4,688,?,p1,
1768591965.1459093,SENT,23d23e84-8e45-4449-be90-9750d7ab3c99,404c6423-22b2-4c35-98e1-0bcf47203cdd,c3,DROP,441,?,x5,
1768591965.1459491,FORWARDED,23d23e84-8e45-4449-be90-9750d7ab3c99,404c6423-22b2-4c35-98e1-0bcf47203cdd,c3,DROP,441,?,x5,
1768591965.448855,RECEIVED,3f16bbb3-d516-4a0d-bd72-5a58d4c5c685,987add22-39fc-4948-b5b1-0f20451f4093,c2,c4,1016,i2,?,
1768591965.576079,SENT,ecdbabf0-dcf1-4ff2-a38b-7f5e2ee87358,ff8639b5-6b85-4f9c-b02b-573c098956a1,c3,c1,688,?,p1,
1768591965.5761218,FORWARDED,ecdbabf0-dcf1-4ff2-a38b-7f5e2ee87358,ff8639b5-6b85-4f9c-b02b-573c098956a1,c3,c1,688,?,p1,
1768591965.6416404,RECEIVED,f1cc2a94-c037-49c4-83e2-5be0df0c437b,9d7fa61b-03d1-46da-86d4-d8f6f0d57990,c5,c1,1017,i8,?,
1768591965.656163,RECEIVED,9b0032ee-a35f-4086-a320-9efe4ce51bce,4202927c-82d0-48c8-a678-b85881b9a57c,c5,c2,1015,i6,?,
1768591965.6851778,SENT,f1cc2a94-c037-49c4-83e2-5be0df0c437b,9d7fa61b-03d1-46da-86d4-d8f6f0d57990,c5,c1,688,?,p1,
1768591965.6852188,FORWARDED,f1cc2a94-c037-49c4-83e2-5be0df0c437b,9d7fa61b-03d1-46da-86d4-d8f6f0d57990,c5,c1,688,?,p1,
1768591965.6967525,SENT,3f16bbb3-d516-4a0d-bd72-5a58d4c5c685,987add22-39fc-4948-b5b1-0f20451f4093,c2,c4,689,?,p1,
1768591965.6967943,FORWARDED,3f16bbb3-d516-4a0d-bd72-5a58d4c5c685,987add22-39fc-4948-b5b1-0f20451f4093,c2,c4,689,?,p1,
1768591965.9409838,RECEIVED,e69d6d8e-eb88-449c-93e7-f7d9689d3521,a15eea8b-d85f-46bc-981b-d1acdc6dac27,c5,c4,1020,i4,?,
1768591965.999845,SENT,e69d6d8e-eb88-449c-93e7-f7d9689d3521,a15eea8b-d85f-46bc-981b-d1acdc6dac27,c5,c4,692,?,p1,
1768591965.99989,FORWARDED,e69d6d8e-eb88-449c-93e7-f7d9689d3521,a15eea8b-d85f-46bc-981b-d1acdc6dac27,c5,c4,692,?,p1,
1768591966.0239496,RECEIVED,246c25ad-8ed4-4ef8-af7f-174204041ed0,26abadfc-3939-4165-87b3-56f055606fe8,c2,c4,1019,i7,?,
1768591966.2271683,SENT,9b0032ee-a35f-4086-a320-9efe4ce51bce,4202927c-82d0-48c8-a678-b85881b9a57c,c5,c2,689,?,p2,
1768591966.2272117,FORWARDED,9b0032ee-a35f-4086-a320-9efe4ce51bce,4202927c-82d0-48c8-a678-b85881b9a57c,c5,c2,689,?,p2,
1768591966.3616173,RECEIVED,b96b54ee-b5fa-4db2-ac5f-d7b090b3beae,459420d5-2e04-473a-ac92-38f96540658a,c3,c5,1020,i11,?,
1768591966.4334722,RECEIVED,7a61b863-5970-4e14-af3d-5dd9cc00d3a3,26420a80-e380-450c-bc48-c7b183584502,c4,c2,1015,i4,?,
1768591966.471858,SENT,b96b54ee-b5fa-4db2-ac5f-d7b090b3beae,459420d5-2e04-473a-ac92-38f96540658a,c3,c5,692,?,p2,
1768591966.4719012,FORWARDED,b96b54ee-b5fa-4db2-ac5f-d7b090b3beae,459420d5-2e04-473a-ac92-38f96540658a,c3,c5,692,?,p2,
1768591966.71615,SENT,246c25ad-8ed4-4ef8-af7f-174204041ed0,26abadfc-3939-4165-87b3-56f055606fe8,c2,c4,691,?,p1,
1768591966.7161915,FORWARDED,246c25ad-8ed4-4ef8-af7f-174204041ed0,26abadfc-3939-4165-87b3-56f055606fe8,c2,c4,691,?,p1,
1768591966.913219,RECEIVED,5d20e20a-fde6-4726-afa8-2536430ee5be,614ef1fe-7bde-4a6d-9622-63293fb29222,c5,c3,1019,i11,?,
1768591967.159849,RECEIVED,c4c255ba-2de8-43c8-8c4e-5f695ddca583,ab348551-8b04-4450-bed3-2956314a43f7,c5,c3,1025,i11,?,
1768591967.2199068,SENT,c4c255ba-2de8-43c8-8c4e-5f695ddca583,ab348551-8b04-4450-bed3-2956314a43f7,c5,c3,696,?,p3,
1768591967.2199483,FORWARDED,c4c255ba-2de8-43c8-8c4e-5f695ddca583,ab348551-8b04-4450-bed3-2956314a43f7,c5,c3,696,?,p3,
1768591967.3142617,RECEIVED,ad178c33-d9c8-4de3-aa54-9cc1225270a9,2d1639c7-ef8e-45cf-9595-3a468cbfa33b,c1,c2,1015,i6,?,
1768591967.4081879,RECEIVED,55a1efb3-16eb-4160-a1af-7671bc9def05,648c8dde-05ef-47d8-9166-05a4f68eaf1a,c4,c5,1015,i8,?,
1768591967.4379914,SENT,7a61b863-5970-4e14-af3d-5dd9cc00d3a3,26420a80-e380-450c-bc48-c7b183584502,c4,c2,688,?,p2,
1768591967.4380326,FORWARDED,7a61b863-5970-4e14-af3d-5dd9cc00d3a3,26420a80-e380-450c-bc48-c7b183584502,c4,c2,688,?,p2,
1768591967.526636,SENT,ad178c33-d9c8-4de3-aa54-9cc1225270a9,2d1639c7-ef8e-45cf-9595-3a468cbfa33b,c1,c2,688,?,p2,
1768591967.526688,FORWARDED,ad178c33-d9c8-4de3-aa54-9cc1225270a9,2d1639c7-ef8e-45cf-9595-3a468cbfa33b,c1,c2,688,?,p2,
1768591967.6191566,RECEIVED,00bf5274-ba19-4fe7-ac26-79f6135aa1d0,2795575a-abf7-4456-b604-8c969e41ae16,c5,c4,1016,i4,?,
1768591967.6824753,SENT,55a1efb3-16eb-4160-a1af-7671bc9def05,648c8dde-05ef-47d8-9166-05a4f68eaf1a,c4,c5,688,?,p2,
1768591967.6825142,FORWARDED,55a1efb3-16eb-4160-a1af-7671bc9def05,648c8dde-05ef-47d8-9166-05a4f68eaf1a,c4,c5,688,?,p2,
1768591967.7647476,RECEIVED,486dae6a-859d-4030-8ddd-e7038ac98dd0,17a9c6b9-c9ee-4646-97bb-c206b9d9c096,c3,c2,1015,i8,?,
1768591967.7754817,SENT,00bf5274-ba19-4fe7-ac26-79f6135aa1d0,2795575a-abf7-4456-b604-8c969e41ae16,c5,c4,688,?,p1,
1768591967.7755225,FORWARDED,00bf5274-ba19-4fe7-ac26-79f6135aa1d0,2795575a-abf7-4456-b604-8c969e41ae16,c5,c4,688,?,p1,
1768591967.8165824,SENT,5d20e20a-fde6-4726-afa8-2536430ee5be,614ef1fe-7bde-4a6d-9622-63293fb29222,c5,c3,691,?,p3,
1768591967.8166232,FORWARDED,5d20e20a-fde6-4726-afa8-2536430ee5be,614ef1fe-7bde-4a6d-9622-63293fb29222,c5,c3,691,?,p3,
1768591967.8480632,RECEIVED,45ce432f-f4c2-4f80-85dd-d9cd9e5c2e26,1079d3cd-4ef6-46a0-8b98-404a98f6b049,c5,c2,1011,i1,?,
1768591968.1650157,RECEIVED,6c637fa8-f9b1-47e2-bfb1-27bb4a5a274f,1138fbe3-6028-46b4-b5e4-e1e11158e4fc,c3,c4,1015,i2,?,
1768591968.2695587,SENT,486dae6a-859d-4030-8ddd-e7038ac98dd0,17a9c6b9-c9ee-4646-97bb-c206b9d9c096,c3,c2,688,?,p2,
1768591968.2696009,FORWARDED,486dae6a-859d-4030-8ddd-e7038ac98dd0,17a9c6b9-c9ee-4646-97bb-c206b9d9c096,c3,c2,688,?,p2,
1768591968.2709987,RECEIVED,b93a4eb3-28c4-4677-aa23-9f5605ed51b5,21164649-f4ca-44b7-8339-c5e806300c46,c2,c3,1011,i8,?,
1768591968.524196,SENT,45ce432f-f4c2-4f80-85dd-d9cd9e5c2e26,1079d3cd-4ef6-46a0-8b98-404a98f6b049,c5,c2,687,?,p2,
1768591968.524233,FORWARDED,45ce432f-f4c2-4f80-85dd-d9cd9e5c2e26,1079d3cd-4ef6-46a0-8b98-404a98f6b049,c5,c2,687,?,p2,
1768591968.5634887,RECEIVED,81328207-ed31-42b6-b590-6c668c34e55c,28bf414a-9b6f-4579-a5b8-76e3d826f135,c3,c4,1022,i9,?,
1768591969.0363202,SENT,b93a4eb3-28c4-4677-aa23-9f5605ed51b5,21164649-f4ca-44b7-8339-c5e806300c46,c2,c3,687,?,p3,
1768591969.0363667,FORWARDED,b93a4eb3-28c4-4677-aa23-9f5605ed51b5,21164649-f4ca-44b7-8339-c5e806300c46,c2,c3,687,?,p3,
1768591969.0705254,RECEIVED,f16bdf07-65f9-4ddd-9ab1-a9fc705aedf2,73c4fda6-df17-4cdc-814e-63b5f2318f6e,c3,c1,1015,i1,?,
1768591969.5766234,RECEIVED,30f4c8bd-14d6-4926-8eaf-d6f2a4d6eca8,0e9c76d8-7dea-4fad-b3d8-4120b13035f0,c5,c3,1010,i7,?,
1768591969.6528316,SENT,f16bdf07-65f9-4ddd-9ab1-a9fc705aedf2,73c4fda6-df17-4cdc-814e-63b5f2318f6e,c3,c1,689,?,p1,
1768591969.6528692,FORWARDED,f16bdf07-65f9-4ddd-9ab1-a9fc705aedf2,73c4fda6-df17-4cdc-814e-63b5f2318f6e,c3,c1,689,?,p1,
1768591969.7273257,SENT,81328207-ed31-42b6-b590-6c668c34e55c,28bf414a-9b6f-4579-a5b8-76e3d826f135,c3,c4,695,?,p1,
1768591969.7273674,FORWARDED,81328207-ed31-42b6-b590-6c668c34e55c,28bf414a-9b6f-4579-a5b8-76e3d826f135,c3,c4,695,?,p1,
1768591969.88802,RECEIVED,76b2a900-c3c7-4442-a075-12d9e2ad6d07,c4cfb090-2609-4a07-87eb-4090d2992bef,c5,c4,1011,i2,?,
1768591970.1527078,RECEIVED,2b0821fa-0977-4364-a2d7-435111483fe4,48f1b331-f1cf-4a36-92ad-339ccf2d5a14,c3,c2,1020,i9,?,
1768591970.2341413,SENT,2b0821fa-0977-4364-a2d7-435111483fe4,48f1b331-f1cf-4a36-92ad-339ccf2d5a14,c3,c2,693,?,p2,
1768591970.2341845,FORWARDED,2b0821fa-0977-4364-a2d7-435111483fe4,48f1b331-f1cf-4a36-92ad-339ccf2d5a14,c3,c2,693,?,p2,
1768591970.3407183,RECEIVED,6e5423c0-0cd7-4765-b4ca-5cccd2c8162c,04a2cd0f-b321-4c73-8727-daeb53fe38ce,c4,c1,1011,i8,?,
1768591970.3564901,RECEIVED,40bc094c-6e44-4d8e-aced-e4b0c795454a,299f5df6-e3e9-411c-aa42-2222ba66e3be,c4,c2,1023,i8,?,
1768591970.42227,RECEIVED,6425b460-dc0c-46b9-aa92-b25aac83e9b8,fdfae6bd-4397-4a48-a214-6e88518ae5db,c4,c2,1023,i11,?,
1768591970.444209,SENT,40bc094c-6e44-4d8e-aced-e4b0c795454a,299f5df6-e3e9-411c-aa42-2222ba66e3be,c4,c2,696,?,p2,
1768591970.4442503,FORWARDED,40bc094c-6e44-4d8e-aced-e4b0c795454a,299f5df6-e3e9-411c-aa42-2222ba66e3be,c4,c2,696,?,p2,
1768591970.5533762,RECEIVED,25231477-9d9b-457a-92de-d08615965498,943d0673-e0c0-429b-b3be-6ea2b21160b0,c2,c5,1016,i1,?,
1768591970.6110888,SENT,6c637fa8-f9b1-47e2-bfb1-27bb4a5a274f,1138fbe3-6028-46b4-b5e4-e1e11158e4fc,c3,c4,690,?,p1,
1768591970.6111312,FORWARDED,6c637fa8-f9b1-47e2-bfb1-27bb4a5a274f,1138fbe3-6028-46b4-b5e4-e1e11158e4fc,c3,c4,690,?,p1,
1768591970.6207297,SENT,25231477-9d9b-457a-92de-d08615965498,943d0673-e0c0-429b-b3be-6ea2b21160b0,c2,c5,688,?,p2,
1768591970.6207721,FORWARDED,25231477-9d9b-457a-92de-d08615965498,943d0673-e0c0-429b-b3be-6ea2b21160b0,c2,c5,688,?,p2,
1768591970.7387006,RECEIVED,a0e98c41-663e-4e5a-a36f-7014e2cd94fe,a7656344-60a2-4ffb-a28c-3407aa056359,c1,c5,1012,i5,?,
1768591970.7768126,SENT,6425b460-dc0c-46b9-aa92-b25aac83e9b8,fdfae6bd-4397-4a48-a214-6e88518ae5db,c4,c2,696,?,p2,
1768591970.7768524,FORWARDED,6425b460-dc0c-46b9-aa92-b25aac83e9b8,fdfae6bd-4397-4a48-a214-6e88518ae5db,c4,c2,696,?,p2,
1768591970.8326302,SENT,30f4c8bd-14d6-4926-8eaf-d6f2a4d6eca8,0e9c76d8-7dea-4fad-b3d8-4120b13035f0,c5,c3,687,?,p3,
1768591970.8326716,FORWARDED,30f4c8bd-14d6-4926-8eaf-d6f2a4d6eca8,0e9c76d8-7dea-4fad-b3d8-4120b13035f0,c5,c3,687,?,p3,
1768591970.929887,SENT,a0e98c41-663e-4e5a-a36f-7014e2cd94fe,a7656344-60a2-4ffb-a28c-3407aa056359,c1,c5,687,?,p2,
1768591970.9299252,FORWARDED,a0e98c41-663e-4e5a-a36f-7014e2cd94fe,a7656344-60a2-4ffb-a28c-3407aa056359,c1,c5,687,?,p2,
1768591970.9364767,RECEIVED,085f9b14-2338-4e77-a941-fa8ce8967653,0674ab0f-5205-4d68-bed6-2e951089f51f,c2,c4,1012,i4,?,
1768591971.0730996,RECEIVED,bcd9b04c-cc3c-4da4-b984-50c119c7e1bd,533ba2e2-346a-4067-a1d4-16ee3103e111,c5,c1,1016,i4,?,
1768591971.2200031,SENT,bcd9b04c-cc3c-4da4-b984-50c119c7e1bd,533ba2e2-346a-4067-a1d4-16ee3103e111,c5,c1,688,?,p1,
1768591971.2200437,FORWARDED,bcd9b04c-cc3c-4da4-b984-50c119c7e1bd,533ba2e2-346a-4067-a1d4-16ee3103e111,c5,c1,688,?,p1,
1768591971.3323607,SENT,76b2a900-c3c7-4442-a075-12d9e2ad6d07,c4cfb090-2609-4a07-87eb-4090d2992bef,c5,c4,687,?,p1,
1768591971.3324034,FORWARDED,76b2a900-c3c7-4442-a075-12d9e2ad6d07,c4cfb090-2609-4a07-87eb-4090d2992bef,c5,c4,687,?,p1,
1768591971.397788,SENT,085f9b14-2338-4e77-a941-fa8ce8967653,0674ab0f-5205-4d68-bed6-2e951089f51f,c2,c4,685,?,p1,
1768591971.3978314,FORWARDED,085f9b14-2338-4e77-a941-fa8ce8967653,0674ab0f-5205-4d68-bed6-2e951089f51f,c2,c4,685,?,p1,
1768591971.586045,SENT,6e5423c0-0cd7-4765-b4ca-5cccd2c8162c,04a2cd0f-b321-4c73-8727-daeb53fe38ce,c4,c1,687,?,p1,
1768591971.5861163,FORWARDED,6e5423c0-0cd7-4765-b4ca-5cccd2c8162c,04a2cd0f-b321-4c73-8727-daeb53fe38ce,c4,c1,687,?,p1,
1768591971.8260233,RECEIVED,1f7d66a5-07d5-4dfb-ba68-599aa80fdf7f,66593bdf-0680-4c07-80fb-615212cffe88,c5,c1,1021,i9,?,
1768591971.8482704,SENT,1f7d66a5-07d5-4dfb-ba68-599aa80fdf7f,66593bdf-0680-4c07-80fb-615212cffe88,c5,c1,691,?,p1,
1768591971.8483126,FORWARDED,1f7d66a5-07d5-4dfb-ba68-599aa80fdf7f,66593bdf-0680-4c07-80fb-615212cffe88,c5,c1,691,?,p1,
1768591972.0054307,RECEIVED,66321878-4172-4765-a887-84fc5b5db244,aea548e4-2ff0-4c0b-9a37-03a73ff10cf7,c3,c1,1020,i11,?,
1768591972.1146119,RECEIVED,aec465be-2ec2-4cfc-b7d7-dc065777e375,a113a0c7-89c5-42b6-a757-81bc8c7e0429,c4,c1,1011,i9,?,
1768591972.1930933,RECEIVED,2a931d5b-56af-4d6d-81ba-119797169913,c8c64772-1849-4fe8-b95a-9fa89bc3289d,c5,DROP,688,i9,?,
1768591972.3665905,RECEIVED,ebec79a5-6cde-4aaa-aedb-a4a9c1b85246,3d028065-d187-4b93-afc6-4a796264c64e,c1,c4,1015,i9,?,
1768591972.407855,SENT,aec465be-2ec2-4cfc-b7d7-dc065777e375,a113a0c7-89c5-42b6-a757-81bc8c7e0429,c4,c1,686,?,p1,
1768591972.4078972,FORWARDED,aec465be-2ec2-4cfc-b7d7-dc065777e375,a113a0c7-89c5-42b6-a757-81bc8c7e0429,c4,c1,686,?,p1,
1768591972.4589849,SENT,66321878-4172-4765-a887-84fc5b5db244,aea548e4-2ff0-4c0b-9a37-03a73ff10cf7,c3,c1,692,?,p1,
1768591972.4590266,FORWARDED,66321878-4172-4765-a887-84fc5b5db244,aea548e4-2ff0-4c0b-9a37-03a73ff10cf7,c3,c1,692,?,p1,
1768591972.4958284,RECEIVED,25ea3e03-12cd-4e2c-abfd-e562f1b824cf,2da6b4f0-6932-482b-9df6-150692b95be3,c1,c4,1011,i5,?,
1768591972.6591828,RECEIVED,39ad04d8-c24b-4bb3-a2ef-ddb3c7dc2ba7,37731462-9144-42b7-bac4-81dc690abbf5,c4,c1,1012,i1,?,
1768591972.7196853,SENT,25ea3e03-12cd-4e2c-abfd-e562f1b824cf,2da6b4f0-6932-482b-9df6-150692b95be3,c1,c4,685,?,p1,
1768591972.719721,FORWARDED,25ea3e03-12cd-4e2c-abfd-e562f1b824cf,2da6b4f0-6932-482b-9df6-150692b95be3,c1,c4,685,?,p1,
1768591972.7445176,SENT,ebec79a5-6cde-4aaa-aedb-a4a9c1b85246,3d028065-d187-4b93-afc6-4a796264c64e,c1,c4,688,?,p1,
1768591972.7445533,FORWARDED,ebec79a5-6cde-4aaa-aedb-a4a9c1b85246,3d028065-d187-4b93-afc6-4a796264c64e,c1,c4,688,?,p1,
1768591972.7939198,SENT,39ad04d8-c24b-4bb3-a2ef-ddb3c7dc2ba7,37731462-9144-42b7-bac4-81dc690abbf5,c4,c1,686,?,p1,
1768591972.7939603,FORWARDED,39ad04d8-c24b-4bb3-a2ef-ddb3c7dc2ba7,37731462-9144-42b7-bac4-81dc690abbf5,c4,c1,686,?,p1,
1768591972.8736212,RECEIVED,eae0658e-3b94-4fc4-90e9-ecb74da6fc10,ceb3bdcc-b79c-4bc8-86a4-c88c5ee33697,c3,c1,1015,i8,?,
1768591973.017999,SENT,2a931d5b-56af-4d6d-81ba-119797169913,c8c64772-1849-4fe8-b95a-9fa89bc3289d,c5,DROP,442,?,e11,
1768591973.0180423,FORWARDED,2a931d5b-56af-4d6d-81ba-119797169913,c8c64772-1849-4fe8-b95a-9fa89bc3289d,c5,DROP,442,?,e11,
1768591973.4058437,SENT,eae0658e-3b94-4fc4-90e9-ecb74da6fc10,ceb3bdcc-b79c-4bc8-86a4-c88c5ee33697,c3,c1,688,?,p1,
1768591973.405895,FORWARDED,eae0658e-3b94-4fc4-90e9-ecb74da6fc10,ceb3bdcc-b79c-4bc8-86a4-c88c5ee33697,c3,c1,688,?,p1,
1768591973.7299376,RECEIVED,d2804c92-58d5-4e7d-93cd-7a66affcb2c4,c6698b32-39f1-4855-b8be-e62098fb4169,c5,c3,1019,i12,?,
1768591973.8042529,RECEIVED,ed253283-d060-4056-84f1-ac8b9fef1446,7f8af228-f944-4561-a926-e079dc4b3637,c3,c1,1012,i12,?,
1768591973.807152,SENT,d2804c92-58d5-4e7d-93cd-7a66affcb2c4,c6698b32-39f1-4855-b8be-e62098fb4169,c5,c3,691,?,p3,
1768591973.8071935,FORWARDED,d2804c92-58d5-4e7d-93cd-7a66affcb2c4,c6698b32-39f1-4855-b8be-e62098fb4169,c5,c3,691,?,p3,
1768591973.959455,SENT,ed253283-d060-4056-84f1-ac8b9fef1446,7f8af228-f944-4561-a926-e079dc4b3637,c3,c1,687,?,p1,
1768591973.9594905,FORWARDED,ed253283-d060-4056-84f1-ac8b9fef1446,7f8af228-f944-4561-a926-e079dc4b3637,c3,c1,687,?,p1,
1768591973.9762335,RECEIVED,4282b7a8-5645-47f1-bd37-0b6a1d572242,b59fe361-446f-4144-938a-442e9fc88c4c,c4,c1,1012,i2,?,
1768591974.1403387,SENT,4282b7a8-5645-47f1-bd37-0b6a1d572242,b59fe361-446f-4144-938a-442e9fc88c4c,c4,c1,687,?,p1,
1768591974.140379,FORWARDED,4282b7a8-5645-47f1-bd37-0b6a1d572242,b59fe361-446f-4144-938a-442e9fc88c4c,c4,c1,687,?,p1,
1768591974.2982874,RECEIVED,20efb042-d6da-4cf0-86b7-4ee9410cbbf5,c2c39650-92d5-4838-91d8-f1366bbda9bb,c3,c4,1012,i4,?,
1768591974.3108888,RECEIVED,e5cf05eb-bce0-4448-9f07-feb8eb9d3f32,f46df27c-04ab-498e-b725-9e7a401d84d3,c4,c5,1012,i8,?,
1768591974.4462566,RECEIVED,401a7ece-e580-4c17-85f4-1d432567c913,88a94ceb-8b9b-4a7b-bfed-4bf993adef35,c2,c3,1020,i11,?,
1768591974.4802988,SENT,e5cf05eb-bce0-4448-9f07-feb8eb9d3f32,f46df27c-04ab-498e-b725-9e7a401d84d3,c4,c5,686,?,p2,
1768591974.4803398,FORWARDED,e5cf05eb-bce0-4448-9f07-feb8eb9d3f32,f46df27c-04ab-498e-b725-9e7a401d84d3,c4,c5,686,?,p2,
1768591974.5089083,RECEIVED,9dbcfc0c-c46a-4814-9626-dbc2ae1f52ff,2d659dca-1c7c-42f6-80e7-8482e8399e1d,c2,c4,1011,i2,?,
1768591974.5455165,SENT,20efb042-d6da-4cf0-86b7-4ee9410cbbf5,c2c39650-92d5-4838-91d8-f1366bbda9bb,c3,c4,687,?,p1,
1768591974.5455585,FORWARDED,20efb042-d6da-4cf0-86b7-4ee9410cbbf5,c2c39650-92d5-4838-91d8-f1366bbda9bb,c3,c4,687,?,p1,
1768591974.62436,SENT,401a7ece-e580-4c17-85f4-1d432567c913,88a94ceb-8b9b-4a7b-bfed-4bf993adef35,c2,c3,693,?,p3,
1768591974.6244023,FORWARDED,401a7ece-e580-4c17-85f4-1d432567c913,88a94ceb-8b9b-4a7b-bfed-4bf993adef35,c2,c3,693,?,p3,
1768591974.7733335,RECEIVED,873f1be9-085f-4e9b-80cc-858dc5548509,aca95f3f-fa44-4dd2-b585-40cac78d2eda,c3,DROP,441,x3,?,
1768591974.813101,RECEIVED,782be24f-761e-445b-9e1d-23f0a86bb27d,0c45b14f-6846-4c15-8594-ffa6b0a9616d,c2,c5,1020,i11,?,
1768591974.8179884,RECEIVED,da723ca6-cab0-44b5-918b-094008c57560,24d27919-6288-4ff1-8d2e-9451e1b88958,c1,c2,1013,i7,?,
1768591974.8334005,SENT,da723ca6-cab0-44b5-918b-094008c57560,24d27919-6288-4ff1-8d2e-9451e1b88958,c1,c2,687,?,p2,
1768591974.8334436,FORWARDED,da723ca6-cab0-44b5-918b-094008c57560,24d27919-6288-4ff1-8d2e-9451e1b88958,c1,c2,687,?,p2,
1768591974.9679763,SENT,782be24f-761e-445b-9e1d-23f0a86bb27d,0c45b14f-6846-4c15-8594-ffa6b0a9616d,c2,c5,692,?,p2,
1768591974.9680178,FORWARDED,782be24f-761e-445b-9e1d-23f0a86bb27d,0c45b14f-6846-4c15-8594-ffa6b0a9616d,c2,c5,692,?,p2,
1768591975.0403836,RECEIVED,8cb4c1d7-595a-4aa6-9666-d74c461a3039,1c68dfaf-8e13-4f3c-84ce-09cd5bfa4549,c3,c5,1015,i1,?,
1768591975.164023,SENT,9dbcfc0c-c46a-4814-9626-dbc2ae1f52ff,2d659dca-1c7c-42f6-80e7-8482e8399e1d,c2,c4,687,?,p1,
1768591975.1643927,FORWARDED,9dbcfc0c-c46a-4814-9626-dbc2ae1f52ff,2d659dca-1c7c-42f6-80e7-8482e8399e1d,c2,c4,687,?,p1,
1768591975.2421608,RECEIVED,9d8f18df-f74b-4fe6-80c0-6936a550b5fd,20fbeb9c-edcf-401d-8f29-6af08cdfac4d,c2,c5,1011,i1,?,
1768591975.487838,RECEIVED,9632a84d-7fa4-456e-afad-23342cd10c64,936aa6b5-9949-4a97-8cc6-dece6349b667,c1,DROP,687,i9,?,
1768591975.493654,SENT,9d8f18df-f74b-4fe6-80c0-6936a550b5fd,20fbeb9c-edcf-401d-8f29-6af08cdfac4d,c2,c5,687,?,p2,
1768591975.4936962,FORWARDED,9d8f18df-f74b-4fe6-80c0-6936a550b5fd,20fbeb9c-edcf-401d-8f29-6af08cdfac4d,c2,c5,687,?,p2,
1768591975.69217,RECEIVED,94e4c867-469f-490f-9bb3-1dbc919fb8ee,7a4e4f6f-a3a4-4840-8a38-947f7af9968d,c1,c3,1019,i4,?,
1768591975.699198,SENT,8cb4c1d7-595a-4aa6-9666-d74c461a3039,1c68dfaf-8e13-4f3c-84ce-09cd5bfa4549,c3,c5,689,?,p2,
1768591975.6992404,FORWARDED,8cb4c1d7-595a-4aa6-9666-d74c461a3039,1c68dfaf-8e13-4f3c-84ce-09cd5bfa4549,c3,c5,689,?,p2,
1768591975.7726994,RECEIVED,328b5d10-0249-46e5-8329-20446b3e5a3a,52abf3bc-ba02-43f1-a696-fec37d76676b,c4,c1,1020,i4,?,
1768591975.8895204,SENT,328b5d10-0249-46e5-8329-20446b3e5a3a,52abf3bc-ba02-43f1-a696-fec37d76676b,c4,c1,692,?,p1,
1768591975.8895593,FORWARDED,328b5d10-0249-46e5-8329-20446b3e5a3a,52abf3bc-ba02-43f1-a696-fec37d76676b,c4,c1,692,?,p1,
1768591975.967442,RECEIVED,8a93dd5b-10a8-4829-b7ab-178f5db06b23,ebebbae9-d0a9-4982-bcd1-7dd8f56f48f5,c1,c3,1015,i11,?,
1768591975.982994,RECEIVED,5aa28c81-7fc7-40aa-b7e3-8b3700e7ec70,7233d32f-d152-4b60-927a-422db81aa254,c4,c2,1027,i11,?,
1768591976.179152,SENT,5aa28c81-7fc7-40aa-b7e3-8b3700e7ec70,7233d32f-d152-4b60-927a-422db81aa254,c4,c2,697,?,p2,
1768591976.1792605,FORWARDED,5aa28c81-7fc7-40aa-b7e3-8b3700e7ec70,7233d32f-d152-4b60-927a-422db81aa254,c4,c2,697,?,p2,
1768591976.2737057,SENT,94e4c867-469f-490f-9bb3-1dbc919fb8ee,7a4e4f6f-a3a4-4840-8a38-947f7af9968d,c1,c3,691,?,p3,
1768591976.2737467,FORWARDED,94e4c867-469f-490f-9bb3-1dbc919fb8ee,7a4e4f6f-a3a4-4840-8a38-947f7af9968d,c1,c3,691,?,p3,
1768591976.2906816,RECEIVED,100cac8f-7773-4bfd-bbc6-9226983a1415,43c906ee-191f-4748-a799-76780fd66b68,c5,c2,1023,i4,?,
1768591976.5548012,RECEIVED,84d4b571-415e-4bc4-aab0-f0af0d234c6e,aba84ffd-4420-4e22-a954-343a203948ff,c1,c3,1016,i1,?,
1768591976.578898,SENT,84d4b571-415e-4bc4-aab0-f0af0d234c6e,aba84ffd-4420-4e22-a954-343a203948ff,c1,c3,689,?,p3,
1768591976.579531,FORWARDED,84d4b571-415e-4bc4-aab0-f0af0d234c6e,aba84ffd-4420-4e22-a954-343a203948ff,c1,c3,689,?,p3,
1768591976.6185086,SENT,100cac8f-7773-4bfd-bbc6-9226983a1415,43c906ee-191f-4748-a799-76780fd66b68,c5,c2,696,?,p2,
1768591976.6185465,FORWARDED,100cac8f-7773-4bfd-bbc6-9226983a1415,43c906ee-191f-4748-a799-76780fd66b68,c5,c2,696,?,p2,
1768591976.8191783,SENT,8a93dd5b-10a8-4829-b7ab-178f5db06b23,ebebbae9-d0a9-4982-bcd1-7dd8f56f48f5,c1,c3,690,?,p3,
1768591976.8192132,FORWARDED,8a93dd5b-10a8-4829-b7ab-178f5db06b23,ebebbae9-d0a9-4982-bcd1-7dd8f56f48f5,c1,c3,690,?,p3,
1768591976.9945557,RECEIVED,6cfe00cb-8c74-468a-8049-01e5c74bde85,9e43a672-0e49-4c94-b5f8-c7634ff2b296,c3,c2,1019,i5,?,
1768591977.270192,RECEIVED,9f8bd592-d3fa-4e3d-ac06-e8f983ce3e4f,61d82d94-9c82-4c30-872a-404ea64112eb,c5,c1,1019,i11,?,
1768591977.780262,RECEIVED,1e13e938-b7a2-484f-be12-745279b8c850,06db9c56-575a-445e-b843-cc2730383458,c4,c3,1016,i7,?,
1768591977.8293083,SENT,9632a84d-7fa4-456e-afad-23342cd10c64,936aa6b5-9949-4a97-8cc6-dece6349b667,c1,DROP,442,?,x1,
1768591977.8293595,FORWARDED,9632a84d-7fa4-456e-afad-23342cd10c64,936aa6b5-9949-4a97-8cc6-dece6349b667,c1,DROP,442,?,x1,
1768591977.9066641,SENT,1e13e938-b7a2-484f-be12-745279b8c850,06db9c56-575a-445e-b843-cc2730383458,c4,c3,688,?,p3,
1768591977.9067063,FORWARDED,1e13e938-b7a2-484f-be12-745279b8c850,06db9c56-575a-445e-b843-cc2730383458,c4,c3,688,?,p3,
1768591978.4117193,SENT,6cfe00cb-8c74-468a-8049-01e5c74bde85,9e43a672-0e49-4c94-b5f8-c7634ff2b296,c3,c2,692,?,p2,
1768591978.4117527,FORWARDED,6cfe00cb-8c74-468a-8049-01e5c74bde85,9e43a672-0e49-4c94-b5f8-c7634ff2b296,c3,c2,692,?,p2,
1768591978.5009477,SENT,9f8bd592-d3fa-4e3d-ac06-e8f983ce3e4f,61d82d94-9c82-4c30-872a-404ea64112eb,c5,c1,691,?,p1,
1768591978.5009868,FORWARDED,9f8bd592-d3fa-4e3d-ac06-e8f983ce3e4f,61d82d94-9c82-4c30-872a-404ea64112eb,c5,c1,691,?,p1,
1768591978.512365,RECEIVED,3332f497-2423-427b-897d-c67efff88977,1c3e4cc8-7515-41ae-b808-d8fed2854e6f,c2,c1,1019,i11,?,
1768591978.6643574,RECEIVED,753cac49-3ffa-4638-9109-896612a7c58e,14156809-e5da-40bc-bce5-c2c0265eeefb,c3,c5,1015,i1,?,
1768591978.8232386,RECEIVED,0b05314c-ca97-41c1-b041-448af396f241,8894206f-a98d-4345-b037-b58f13da8097,c3,c2,1012,i1,?,
1768591978.9172606,RECEIVED,34187d98-bb23-4fb8-a046-3036593c595b,d0108977-b282-4abe-ad6c-27c1bc69438b,c3,DROP,687,i4,?,
1768591978.992485,SENT,753cac49-3ffa-4638-9109-896612a7c58e,14156809-e5da-40bc-bce5-c2c0265eeefb,c3,c5,688,?,p2,
1768591978.9925263,FORWARDED,753cac49-3ffa-4638-9109-896612a7c58e,14156809-e5da-40bc-bce5-c2c0265eeefb,c3,c5,688,?,p2,
1768591979.2157989,SENT,0b05314c-ca97-41c1-b041-448af396f241,8894206f-a98d-4345-b037-b58f13da8097,c3,c2,687,?,p2,
1768591979.2158425,FORWARDED,0b05314c-ca97-41c1-b041-448af396f241,8894206f-a98d-4345-b037-b58f13da8097,c3,c2,687,?,p2,
1768591979.3106632,RECEIVED,f616a633-30dd-4c06-849f-65b2a31f65e9,86d49afd-304a-4ddf-b9d7-db9d7a422cf2,c5,c3,1016,i8,?,
1768591979.463948,SENT,f616a633-30dd-4c06-849f-65b2a31f65e9,86d49afd-304a-4ddf-b9d7-db9d7a422cf2,c5,c3,688,?,p3,
1768591979.4639874,FORWARDED,f616a633-30dd-4c06-849f-65b2a31f65e9,86d49afd-304a-4ddf-b9d7-db9d7a422cf2,c5,c3,688,?,p3,
1768591979.5685573,RECEIVED,ffb2c9f7-bae9-4219-90b4-868f19a82c7a,e4fe05c1-65f9-4048-8367-4dd7e4a69f30,c4,DROP,685,i7,?,
1768591979.7048075,SENT,34187d98-bb23-4fb8-a046-3036593c595b,d0108977-b282-4abe-ad6c-27c1bc69438b,c3,DROP,442,?,x5,
1768591979.7048497,FORWARDED,34187d98-bb23-4fb8-a046-3036593c595b,d0108977-b282-4abe-ad6c-27c1bc69438b,c3,DROP,442,?,x5,
1768591979.8132238,RECEIVED,5eca354d-e516-4f09-a622-13039683d7a0,80cde85d-f4be-4c60-a5ff-062c4763c4db,c3,c5,1018,i1,?,
1768591979.8806648,SENT,ffb2c9f7-bae9-4219-90b4-868f19a82c7a,e4fe05c1-65f9-4048-8367-4dd7e4a69f30,c4,DROP,440,?,e10,
1768591979.8807182,FORWARDED,ffb2c9f7-bae9-4219-90b4-868f19a82c7a,e4fe05c1-65f9-4048-8367-4dd7e4a69f30,c4,DROP,440,?,e10,
1768591979.979608,RECEIVED,c55d837e-7185-4ecb-8415-3e56aee33d96,3a7e2ebc-b99c-4701-b974-d97f84793b0a,c5,c2,1011,i1,?,
1768591980.4759572,SENT,3332f497-2423-427b-897d-c67efff88977,1c3e4cc8-7515-41ae-b808-d8fed2854e6f,c2,c1,691,?,p1,
1768591980.4759977,FORWARDED,3332f497-2423-427b-897d-c67efff88977,1c3e4cc8-7515-41ae-b808-d8fed2854e6f,c2,c1,691,?,p1,
1768591980.8598654,SENT,c55d837e-7185-4ecb-8415-3e56aee33d96,3a7e2ebc-b99c-4701-b974-d97f84793b0a,c5,c2,687,?,p2,
1768591980.859906,FORWARDED,c55d837e-7185-4ecb-8415-3e56aee33d96,3a7e2ebc-b99c-4701-b974-d97f84793b0a,c5,c2,687,?,p2,
1768591980.9336936,SENT,5eca354d-e516-4f09-a622-13039683d7a0,80cde85d-f4be-4c60-a5ff-062c4763c4db,c3,c5,692,?,p2,
1768591980.9337344,FORWARDED,5eca354d-e516-4f09-a622-13039683d7a0,80cde85d-f4be-4c60-a5ff-062c4763c4db,c3,c5,692,?,p2,
1768591980.9613311,RECEIVED,347e4014-4518-4497-8683-e3a0b251c0b8,3fcbbb53-13e4-4955-9e79-ff3f90529822,c5,c3,1011,i8,?,
1768591981.741973,RECEIVED,17dd5923-4867-46b3-92f5-e48cd60865eb,7ca66595-b757-4886-88a3-e59277ed156e,c5,c3,1011,i12,?,
1768591981.9641964,SENT,347e4014-4518-4497-8683-e3a0b251c0b8,3fcbbb53-13e4-4955-9e79-ff3f90529822,c5,c3,686,?,p3,
1768591981.9642391,FORWARDED,347e4014-4518-4497-8683-e3a0b251c0b8,3fcbbb53-13e4-4955-9e79-ff3f90529822,c5,c3,686,?,p3,
1768591981.9952831,RECEIVED,72168e68-47ca-443d-9713-342b5a371c68,f9bb54c4-6506-49a4-86f9-b420e6b9d6f7,c3,c2,1015,i11,?,
1768591982.0351067,RECEIVED,61b1876f-ab84-4284-a137-ec83936f1efa,df5da41c-f207-4093-87cb-1b530219fb2a,c1,c5,1020,i7,?,
1768591982.1615202,RECEIVED,46090022-bcc0-4b9a-aaa1-0f98bb67999c,5d586af7-995b-40af-a52e-fa20e5386491,c1,c4,1016,i8,?,
1768591982.224593,SENT,46090022-bcc0-4b9a-aaa1-0f98bb67999c,5d586af7-995b-40af-a52e-fa20e5386491,c1,c4,688,?,p1,
1768591982.2246351,FORWARDED,46090022-bcc0-4b9a-aaa1-0f98bb67999c,5d586af7-995b-40af-a52e-fa20e5386491,c1,c4,688,?,p1,
1768591982.2329643,RECEIVED,72978f7f-ad33-490b-9842-dba84cdefbff,c2b40d29-46c3-479d-9750-5cc24b54d1b3,c1,c2,1020,i12,?,
1768591982.2507977,SENT,61b1876f-ab84-4284-a137-ec83936f1efa,df5da41c-f207-4093-87cb-1b530219fb2a,c1,c5,692,?,p2,
1768591982.2508416,FORWARDED,61b1876f-ab84-4284-a137-ec83936f1efa,df5da41c-f207-4093-87cb-1b530219fb2a,c1,c5,692,?,p2,
1768591982.411736,RECEIVED,2ab9c62e-da26-4f3a-9e1b-9ca9bbb3c139,f00294cd-3953-49ed-90e7-9d949489a6dd,c2,c5,1011,i2,?,
1768591982.4315376,RECEIVED,f98228a5-d6d2-4fba-8129-0dede618843a,5a2c08da-7232-4d70-9af7-46ee1a713760,c2,c3,1024,i8,?,
1768591982.5815716,SENT,72978f7f-ad33-490b-9842-dba84cdefbff,c2b40d29-46c3-479d-9750-5cc24b54d1b3,c1,c2,693,?,p2,
1768591982.5816123,FORWARDED,72978f7f-ad33-490b-9842-dba84cdefbff,c2b40d29-46c3-479d-9750-5cc24b54d1b3,c1,c2,693,?,p2,
1768591982.6460974,SENT,f98228a5-d6d2-4fba-8129-0dede618843a,5a2c08da-7232-4d70-9af7-46ee1a713760,c2,c3,696,?,p3,
1768591982.6461384,FORWARDED,f98228a5-d6d2-4fba-8129-0dede618843a,5a2c08da-7232-4d70-9af7-46ee1a713760,c2,c3,696,?,p3,
1768591982.6575816,SENT,17dd5923-4867-46b3-92f5-e48cd60865eb,7ca66595-b757-4886-88a3-e59277ed156e,c5,c3,687,?,p3,
1768591982.65762,FORWARDED,17dd5923-4867-46b3-92f5-e48cd60865eb,7ca66595-b757-4886-88a3-e59277ed156e,c5,c3,687,?,p3,
1768591982.9127626,RECEIVED,332abe49-dcac-450b-a7f8-aeda397ced02,4e118e3d-637a-4993-973c-a58dcb05c7d2,c2,c3,1019,i5,?,
1768591982.971145,RECEIVED,91eb9ad4-914b-40f1-a937-177d87f8151a,7c95a299-9ec0-48ef-8031-2102bc19514b,c1,c5,1011,i5,?,
1768591983.0614438,SENT,72168e68-47ca-443d-9713-342b5a371c68,f9bb54c4-6506-49a4-86f9-b420e6b9d6f7,c3,c2,688,?,p2,
1768591983.0614855,FORWARDED,72168e68-47ca-443d-9713-342b5a371c68,f9bb54c4-6506-49a4-86f9-b420e6b9d6f7,c3,c2,688,?,p2,
1768591983.1482184,RECEIVED,46fe73ba-6996-4ab8-8091-823095058535,790e19c2-029e-4223-b6b0-a7f713b3b9d9,c1,c5,1011,i7,?,
1768591983.242909,SENT,91eb9ad4-914b-40f1-a937-177d87f8151a,7c95a299-9ec0-48ef-8031-2102bc19514b,c1,c5,686,?,p2,
1768591983.24295,FORWARDED,91eb9ad4-914b-40f1-a937-177d87f8151a,7c95a299-9ec0-48ef-8031-2102bc19514b,c1,c5,686,?,p2,
1768591983.2798884,SENT,2ab9c62e-da26-4f3a-9e1b-9ca9bbb3c139,f00294cd-3953-49ed-90e7-9d949489a6dd,c2,c5,687,?,p2,
1768591983.279935,FORWARDED,2ab9c62e-da26-4f3a-9e1b-9ca9bbb3c139,f00294cd-3953-49ed-90e7-9d949489a6dd,c2,c5,687,?,p2,
1768591983.403094,RECEIVED,bff50f9b-8d88-4a57-a388-d3ec390c6d7d,453a162d-dffe-4334-9499-0fc432cb52d1,c4,DROP,438,x3,?,
1768591983.4536982,SENT,332abe49-dcac-450b-a7f8-aeda397ced02,4e118e3d-637a-4993-973c-a58dcb05c7d2,c2,c3,692,?,p3,
1768591983.4537373,FORWARDED,332abe49-dcac-450b-a7f8-aeda397ced02,4e118e3d-637a-4993-973c-a58dcb05c7d2,c2,c3,692,?,p3,
1768591983.5701306,RECEIVED,885723a0-1e4d-4e25-ad3a-7be0bc26bc38,46132479-6edf-4be8-ba39-4ec55dba4010,c1,c5,1016,i9,?,
1768591983.658543,RECEIVED,9bd390a3-fc4a-4ae2-847d-dc888e9969c8,e49d5e69-0e0a-4ea9-8d0b-7a310c34cf81,c4,c2,1011,i7,?,
1768591983.7131765,RECEIVED,1437dd09-0396-4750-8350-bb4eb43a9410,87a9a1d5-a05b-40aa-b762-648e7ced1d3f,c2,c5,1012,i9,?,
1768591983.7628672,SENT,46fe73ba-6996-4ab8-8091-823095058535,790e19c2-029e-4223-b6b0-a7f713b3b9d9,c1,c5,687,?,p2,
1768591983.7629077,FORWARDED,46fe73ba-6996-4ab8-8091-823095058535,790e19c2-029e-4223-b6b0-a7f713b3b9d9,c1,c5,687,?,p2,
1768591983.7945557,SENT,1437dd09-0396-4750-8350-bb4eb43a9410,87a9a1d5-a05b-40aa-b762-648e7ced1d3f,c2,c5,686,?,p2,
1768591983.7945979,FORWARDED,1437dd09-0396-4750-8350-bb4eb43a9410,87a9a1d5-a05b-40aa-b762-648e7ced1d3f,c2,c5,686,?,p2,
1768591983.804525,RECEIVED,f4485eeb-f4c5-414e-b087-7e0ff5d13e62,d8048c8c-dd80-4d2a-874e-c95321b7a011,c5,c4,1008,i9,?,
1768591983.9162276,RECEIVED,7631c7ee-c769-4929-95a2-27800c256b05,463717f9-909b-417a-9eeb-c0b439ef6187,c1,c5,1019,i11,?,
1768591983.9303436,SENT,885723a0-1e4d-4e25-ad3a-7be0bc26bc38,46132479-6edf-4be8-ba39-4ec55dba4010,c1,c5,688,?,p2,
1768591983.9303925,FORWARDED,885723a0-1e4d-4e25-ad3a-7be0bc26bc38,46132479-6edf-4be8-ba39-4ec55dba4010,c1,c5,688,?,p2,
1768591983.946008,RECEIVED,3de1d6a4-eecc-4836-8cba-a39c0d115c3e,d076fd1b-caaa-46d6-bb95-19291ae7fd03,c2,c3,1011,i8,?,
1768591983.9888413,RECEIVED,35da9f9e-460b-4d57-ae68-5f937bc92200,bdec206e-7af2-411a-bd97-5e96f7b22d62,c4,c2,1011,i12,?,
1768591983.9995348,SENT,f4485eeb-f4c5-414e-b087-7e0ff5d13e62,d8048c8c-dd80-4d2a-874e-c95321b7a011,c5,c4,687,?,p1,
1768591983.9996445,FORWARDED,f4485eeb-f4c5-414e-b087-7e0ff5d13e62,d8048c8c-dd80-4d2a-874e-c95321b7a011,c5,c4,687,?,p1,
1768591984.0210223,SENT,9bd390a3-fc4a-4ae2-847d-dc888e9969c8,e49d5e69-0e0a-4ea9-8d0b-7a310c34cf81,c4,c2,687,?,p2,
1768591984.0226119,FORWARDED,9bd390a3-fc4a-4ae2-847d-dc888e9969c8,e49d5e69-0e0a-4ea9-8d0b-7a310c34cf81,c4,c2,687,?,p2,
1768591984.0225072,RECEIVED,875bded9-009e-4907-adfa-3f11e7497dcf,c20c8d36-d65c-49bd-8ff8-cb9632734249,c4,c1,1014,i9,?,
1768591984.1584632,RECEIVED,56fd0bac-f79f-47b4-85bd-3021f47e1569,7f660533-560c-41e0-81f0-7a7a8c07d608,c1,c4,1012,i7,?,
1768591984.2268045,SENT,56fd0bac-f79f-47b4-85bd-3021f47e1569,7f660533-560c-41e0-81f0-7a7a8c07d608,c1,c4,686,?,p1,
1768591984.226849,FORWARDED,56fd0bac-f79f-47b4-85bd-3021f47e1569,7f660533-560c-41e0-81f0-7a7a8c07d608,c1,c4,686,?,p1,
1768591984.380435,SENT,3de1d6a4-eecc-4836-8cba-a39c0d115c3e,d076fd1b-caaa-46d6-bb95-19291ae7fd03,c2,c3,687,?,p3,
1768591984.3804731,FORWARDED,3de1d6a4-eecc-4836-8cba-a39c0d115c3e,d076fd1b-caaa-46d6-bb95-19291ae7fd03,c2,c3,687,?,p3,
1768591984.642672,SENT,7631c7ee-c769-4929-95a2-27800c256b05,463717f9-909b-417a-9eeb-c0b439ef6187,c1,c5,692,?,p2,
1768591984.64271,FORWARDED,7631c7ee-c769-4929-95a2-27800c256b05,463717f9-909b-417a-9eeb-c0b439ef6187,c1,c5,692,?,p2,
1768591984.6910439,RECEIVED,786ac32d-ee64-42e1-9074-06a27ca0a075,e44cad4a-c68f-4337-ab26-b8997bdb05f0,c5,c2,1012,i4,?,
1768591984.757467,RECEIVED,73b974b0-63ec-4d6c-9874-8e9d0053b952,3b7cd544-9f92-4ae6-bdd3-c1b77c1d7331,c3,c2,1017,i1,?,
1768591984.8241348,RECEIVED,8338ea51-eb01-4c5d-b6d5-423f535371bc,fe17de45-a674-42a7-a084-6b6f46bf14b8,c5,c3,1020,i12,?,
1768591984.824569,SENT,73b974b0-63ec-4d6c-9874-8e9d0053b952,3b7cd544-9f92-4ae6-bdd3-c1b77c1d7331,c3,c2,688,?,p2,
1768591984.8246171,FORWARDED,73b974b0-63ec-4d6c-9874-8e9d0053b952,3b7cd544-9f92-4ae6-bdd3-c1b77c1d7331,c3,c2,688,?,p2,
1768591984.8273227,SENT,786ac32d-ee64-42e1-9074-06a27ca0a075,e44cad4a-c68f-4337-ab26-b8997bdb05f0,c5,c2,687,?,p2,
1768591984.827376,FORWARDED,786ac32d-ee64-42e1-9074-06a27ca0a075,e44cad4a-c68f-4337-ab26-b8997bdb05f0,c5,c2,687,?,p2,
1768591984.894281,RECEIVED,f5d005af-6eb5-482f-bde4-5067fb39177c,e50dbe4c-a6dd-4ab7-9ae2-b7bea4057236,c5,c4,1011,i6,?,
1768591984.9025679,SENT,8338ea51-eb01-4c5d-b6d5-423f535371bc,fe17de45-a674-42a7-a084-6b6f46bf14b8,c5,c3,691,?,p3,
1768591984.902609,FORWARDED,8338ea51-eb01-4c5d-b6d5-423f535371bc,fe17de45-a674-42a7-a084-6b6f46bf14b8,c5,c3,691,?,p3,
1768591984.9815564,RECEIVED,408e5fce-fc01-4bff-9f7c-84fe74cfde68,d40c8f5c-c127-4270-ae6f-99ad9d97d171,c4,c3,1016,i7,?,
1768591985.042002,RECEIVED,3ce05acd-d07d-4e70-afdb-f65c371c1a6c,e96be701-5fdf-41a4-900d-847145972604,c1,c5,1012,i4,?,
1768591985.1454124,RECEIVED,b3e099bd-8c71-4030-aba8-fbb42e9d170c,ac50fc61-b90f-4d93-80bd-ba0b6fa757fd,c3,c2,1020,i11,?,
1768591985.1659904,SENT,875bded9-009e-4907-adfa-3f11e7497dcf,c20c8d36-d65c-49bd-8ff8-cb9632734249,c4,c1,688,?,p1,
1768591985.1660328,FORWARDED,875bded9-009e-4907-adfa-3f11e7497dcf,c20c8d36-d65c-49bd-8ff8-cb9632734249,c4,c1,688,?,p1,
1768591985.2027843,RECEIVED,c75517c9-779c-41b3-95dc-a0ce82e77182,59ff579a-6851-4179-a582-1febfab97721,c3,c4,1020,i5,?,
1768591985.2742798,SENT,408e5fce-fc01-4bff-9f7c-84fe74cfde68,d40c8f5c-c127-4270-ae6f-99ad9d97d171,c4,c3,688,?,p3,
1768591985.2743201,FORWARDED,408e5fce-fc01-4bff-9f7c-84fe74cfde68,d40c8f5c-c127-4270-ae6f-99ad9d97d171,c4,c3,688,?,p3,
1768591985.3089795,RECEIVED,b8e3f86f-fff9-4880-81ee-e055ffeb44f2,34b7c722-b731-457e-be27-09f2bdbd54dd,c3,c4,1019,i5,?,
1768591985.4373271,SENT,3ce05acd-d07d-4e70-afdb-f65c371c1a6c,e96be701-5fdf-41a4-900d-847145972604,c1,c5,687,?,p2,
1768591985.437368,FORWARDED,3ce05acd-d07d-4e70-afdb-f65c371c1a6c,e96be701-5fdf-41a4-900d-847145972604,c1,c5,687,?,p2,
1768591985.4721417,SENT,c75517c9-779c-41b3-95dc-a0ce82e77182,59ff579a-6851-4179-a582-1febfab97721,c3,c4,691,?,p1,
1768591985.4723306,FORWARDED,c75517c9-779c-41b3-95dc-a0ce82e77182,59ff579a-6851-4179-a582-1febfab97721,c3,c4,691,?,p1,
1768591985.5350032,SENT,b3e099bd-8c71-4030-aba8-fbb42e9d170c,ac50fc61-b90f-4d93-80bd-ba0b6fa757fd,c3,c2,692,?,p2,
1768591985.5350559,FORWARDED,b3e099bd-8c71-4030-aba8-fbb42e9d170c,ac50fc61-b90f-4d93-80bd-ba0b6fa757fd,c3,c2,692,?,p2,
1768591985.6635556,RECEIVED,f4f5e290-7e6f-4d16-ad76-181da5e993b7,216f2e48-36a7-477e-8143-e231a52d99f1,c1,c3,1015,i9,?,
1768591985.84846,SENT,35da9f9e-460b-4d57-ae68-5f937bc92200,bdec206e-7af2-411a-bd97-5e96f7b22d62,c4,c2,686,?,p2,
1768591985.8485007,FORWARDED,35da9f9e-460b-4d57-ae68-5f937bc92200,bdec206e-7af2-411a-bd97-5e96f7b22d62,c4,c2,686,?,p2,
1768591985.860193,SENT,b8e3f86f-fff9-4880-81ee-e055ffeb44f2,34b7c722-b731-457e-be27-09f2bdbd54dd,c3,c4,692,?,p1,
1768591985.8602355,FORWARDED,b8e3f86f-fff9-4880-81ee-e055ffeb44f2,34b7c722-b731-457e-be27-09f2bdbd54dd,c3,c4,692,?,p1,
1768591985.889093,RECEIVED,02335133-c64b-41d8-a8e3-744e088f4b10,46855c40-5a68-4db9-80d6-59366c220380,c5,c3,1023,i8,?,
1768591985.8931105,RECEIVED,8c33a839-e0fb-4c8a-896e-5e6e4e6c5c00,746ce800-f671-40b2-ae29-4195c7cc38f1,c2,DROP,683,i11,?,
1768591985.951078,SENT,f5d005af-6eb5-482f-bde4-5067fb39177c,e50dbe4c-a6dd-4ab7-9ae2-b7bea4057236,c5,c4,687,?,p1,
1768591985.951119,FORWARDED,f5d005af-6eb5-482f-bde4-5067fb39177c,e50dbe4c-a6dd-4ab7-9ae2-b7bea4057236,c5,c4,687,?,p1,
1768591986.0039701,RECEIVED,69587138-8084-4dc1-95fb-3c285ea201cf,f860a569-62aa-4f34-9e30-5f96f33e9645,c3,c1,1010,i4,?,
1768591986.2962012,RECEIVED,d9b890b5-6f65-4e91-b2f7-afda61020488,a7c68e58-7351-4142-9d6b-f4d66ee0d84b,c1,c2,1016,i5,?,
1768591986.329273,RECEIVED,e8c4d7dd-a571-4bed-92c6-5a613af6c696,0efdc72e-43a1-4822-88f9-05b6e575a445,c1,c5,1023,i11,?,
1768591986.4034646,SENT,d9b890b5-6f65-4e91-b2f7-afda61020488,a7c68e58-7351-4142-9d6b-f4d66ee0d84b,c1,c2,688,?,p2,
1768591986.403507,FORWARDED,d9b890b5-6f65-4e91-b2f7-afda61020488,a7c68e58-7351-4142-9d6b-f4d66ee0d84b,c1,c2,688,?,p2,
1768591986.416635,SENT,f4f5e290-7e6f-4d16-ad76-181da5e993b7,216f2e48-36a7-477e-8143-e231a52d99f1,c1,c3,688,?,p3,
1768591986.4167004,FORWARDED,f4f5e290-7e6f-4d16-ad76-181da5e993b7,216f2e48-36a7-477e-8143-e231a52d99f1,c1,c3,688,?,p3,
1768591986.4537349,SENT,8c33a839-e0fb-4c8a-896e-5e6e4e6c5c00,746ce800-f671-40b2-ae29-4195c7cc38f1,c2,DROP,440,?,x6,
1768591986.453776,FORWARDED,8c33a839-e0fb-4c8a-896e-5e6e4e6c5c00,746ce800-f671-40b2-ae29-4195c7cc38f1,c2,DROP,440,?,x6,
1768591986.4675617,SENT,69587138-8084-4dc1-95fb-3c285ea201cf,f860a569-62aa-4f34-9e30-5f96f33e9645,c3,c1,687,?,p1,
1768591986.4676187,FORWARDED,69587138-8084-4dc1-95fb-3c285ea201cf,f860a569-62aa-4f34-9e30-5f96f33e9645,c3,c1,687,?,p1,
1768591986.5026898,SENT,02335133-c64b-41d8-a8e3-744e088f4b10,46855c40-5a68-4db9-80d6-59366c220380,c5,c3,695,?,p3,
1768591986.5027328,FORWARDED,02335133-c64b-41d8-a8e3-744e088f4b10,46855c40-5a68-4db9-80d6-59366c220380,c5,c3,695,?,p3,
1768591986.5156088,SENT,e8c4d7dd-a571-4bed-92c6-5a613af6c696,0efdc72e-43a1-4822-88f9-05b6e575a445,c1,c5,695,?,p2,
1768591986.515652,FORWARDED,e8c4d7dd-a571-4bed-92c6-5a613af6c696,0efdc72e-43a1-4822-88f9-05b6e575a445,c1,c5,695,?,p2,
1768591986.6111848,RECEIVED,9dc3c04e-56e9-4937-af31-9ba125d272ae,04028738-7548-4cec-adee-3346de22f4b1,c3,c4,1011,i11,?,
1768591986.820298,RECEIVED,c61bb92c-22a9-4319-9f17-0a6868657540,e67b1d9b-e27f-4865-bdd6-f81877cd4997,c3,c4,1025,i11,?,
1768591986.9185936,SENT,c61bb92c-22a9-4319-9f17-0a6868657540,e67b1d9b-e27f-4865-bdd6-f81877cd4997,c3,c4,696,?,p1,
1768591986.918641,FORWARDED,c61bb92c-22a9-4319-9f17-0a6868657540,e67b1d9b-e27f-4865-bdd6-f81877cd4997,c3,c4,696,?,p1,
1768591986.9825406,RECEIVED,568941fe-1027-4b85-b5d4-a5ff17c7e42e,3297d84b-82ef-4be8-bf31-9161758dcc7f,c2,c1,1015,i4,?,
1768591987.026585,RECEIVED,3718f535-55f6-49f0-a796-182a217b95c2,fff4043d-31d2-47eb-8506-1622c70611b2,c1,c4,1013,i11,?,
1768591987.1224053,SENT,3718f535-55f6-49f0-a796-182a217b95c2,fff4043d-31d2-47eb-8506-1622c70611b2,c1,c4,687,?,p1,
1768591987.1224535,FORWARDED,3718f535-55f6-49f0-a796-182a217b95c2,fff4043d-31d2-47eb-8506-1622c70611b2,c1,c4,687,?,p1,
1768591987.2508042,RECEIVED,51628df6-f178-4af8-9a04-cbc29e398cb6,afd15e7c-971b-4d7b-b8a2-b8a7f373c10f,c5,c1,1020,i8,?,
1768591987.3239257,SENT,51628df6-f178-4af8-9a04-cbc29e398cb6,afd15e7c-971b-4d7b-b8a2-b8a7f373c10f,c5,c1,691,?,p1,
1768591987.3241296,FORWARDED,51628df6-f178-4af8-9a04-cbc29e398cb6,afd15e7c-971b-4d7b-b8a2-b8a7f373c10f,c5,c1,691,?,p1,
1768591987.5589404,RECEIVED,307657c2-4980-427e-b40c-864386c486c9,3d666285-15fd-4934-8efb-91bb829cf5c4,c5,c4,1019,i12,?,
1768591987.6293771,SENT,568941fe-1027-4b85-b5d4-a5ff17c7e42e,3297d84b-82ef-4be8-bf31-9161758dcc7f,c2,c1,688,?,p1,
1768591987.6294277,FORWARDED,568941fe-1027-4b85-b5d4-a5ff17c7e42e,3297d84b-82ef-4be8-bf31-9161758dcc7f,c2,c1,688,?,p1,
1768591987.7834432,SENT,307657c2-4980-427e-b40c-864386c486c9,3d666285-15fd-4934-8efb-91bb829cf5c4,c5,c4,692,?,p1,
1768591987.7834876,FORWARDED,307657c2-4980-427e-b40c-864386c486c9,3d666285-15fd-4934-8efb-91bb829cf5c4,c5,c4,692,?,p1,
1768591987.9606857,RECEIVED,38d5c2f4-80db-45bd-88c1-0963f350533b,58feb97e-2a98-4a9f-a96d-426ddc474a8b,c3,c4,1024,i11,?,
1768591988.1158354,SENT,38d5c2f4-80db-45bd-88c1-0963f350533b,58feb97e-2a98-4a9f-a96d-426ddc474a8b,c3,c4,696,?,p1,
1768591988.1158779,FORWARDED,38d5c2f4-80db-45bd-88c1-0963f350533b,58feb97e-2a98-4a9f-a96d-426ddc474a8b,c3,c4,696,?,p1,
1768591988.409948,RECEIVED,df17effe-e3c9-4d87-b706-c898b55bf1e4,d8dbca6c-28e0-4897-a540-9c11c40876c0,c5,c4,1024,i11,?,
1768591988.6453063,SENT,df17effe-e3c9-4d87-b706-c898b55bf1e4,d8dbca6c-28e0-4897-a540-9c11c40876c0,c5,c4,696,?,p1,
1768591988.6470833,FORWARDED,df17effe-e3c9-4d87-b706-c898b55bf1e4,d8dbca6c-28e0-4897-a540-9c11c40876c0,c5,c4,696,?,p1,
1768591988.7129755,RECEIVED,c21d6186-4ff0-4c97-8cac-281f4b04fac5,06cd521b-300d-48d9-b056-4e3f1f5dce78,c5,c4,1021,i4,?,
1768591988.7493372,SENT,c21d6186-4ff0-4c97-8cac-281f4b04fac5,06cd521b-300d-48d9-b056-4e3f1f5dce78,c5,c4,691,?,p1,
1768591988.7493775,FORWARDED,c21d6186-4ff0-4c97-8cac-281f4b04fac5,06cd521b-300d-48d9-b056-4e3f1f5dce78,c5,c4,691,?,p1,
1768591988.7732813,RECEIVED,e5f0b3a7-cd79-4b4b-ae58-b40f872e0de6,37cb490c-2035-4f5d-80c7-f46771a42683,c2,c3,1015,i7,?,
1768591988.9948533,RECEIVED,3ce2ae89-387e-4658-977e-1825b321ca69,217b415a-6204-45b2-b28a-896212fe34a4,c1,c4,1016,i7,?,
1768591989.1735544,RECEIVED,7abbed4a-a4aa-4d75-be9e-959ba9e8ba5e,9b8d3fcc-41f6-41be-a535-59af35dcd7a1,c2,DROP,685,i5,?,
1768591989.2563727,SENT,7abbed4a-a4aa-4d75-be9e-959ba9e8ba5e,9b8d3fcc-41f6-41be-a535-59af35dcd7a1,c2,DROP,441,?,e9,
1768591989.2564135,FORWARDED,7abbed4a-a4aa-4d75-be9e-959ba9e8ba5e,9b8d3fcc-41f6-41be-a535-59af35dcd7a1,c2,DROP,441,?,e9,
1768591989.2691293,SENT,3ce2ae89-387e-4658-977e-1825b321ca69,217b415a-6204-45b2-b28a-896212fe34a4,c1,c4,688,?,p1,
1768591989.2691796,FORWARDED,3ce2ae89-387e-4658-977e-1825b321ca69,217b415a-6204-45b2-b28a-896212fe34a4,c1,c4,688,?,p1,
1768591989.297003,SENT,e5f0b3a7-cd79-4b4b-ae58-b40f872e0de6,37cb490c-2035-4f5d-80c7-f46771a42683,c2,c3,688,?,p3,
1768591989.2970414,FORWARDED,e5f0b3a7-cd79-4b4b-ae58-b40f872e0de6,37cb490c-2035-4f5d-80c7-f46771a42683,c2,c3,688,?,p3,
1768591989.512028,RECEIVED,90bc943a-de1f-4d84-8b0d-270970063535,09d3ab46-62e7-4bc9-a645-0c2556f64fdb,c2,c3,1015,i2,?,
1768591989.8047094,RECEIVED,05a5cd59-9a98-4869-9fa5-f153501d6f5e,3657b3a9-9a4f-430a-a639-0f18b436cc4f,c3,c2,1012,i5,?,
1768591989.9443045,SENT,05a5cd59-9a98-4869-9fa5-f153501d6f5e,3657b3a9-9a4f-430a-a639-0f18b436cc4f,c3,c2,687,?,p2,
1768591989.9443445,FORWARDED,05a5cd59-9a98-4869-9fa5-f153501d6f5e,3657b3a9-9a4f-430a-a639-0f18b436cc4f,c3,c2,687,?,p2,
1768591990.0429013,RECEIVED,6a54e175-a0d4-4fe8-b4a6-7cbf9ffb35c3,e2c78716-e6cb-4ca7-8710-46b30724452f,c3,c2,1017,i1,?,
1768591990.0624707,SENT,6a54e175-a0d4-4fe8-b4a6-7cbf9ffb35c3,e2c78716-e6cb-4ca7-8710-46b30724452f,c3,c2,688,?,p2,
1768591990.0625122,FORWARDED,6a54e175-a0d4-4fe8-b4a6-7cbf9ffb35c3,e2c78716-e6cb-4ca7-8710-46b30724452f,c3,c2,688,?,p2,
1768591990.2921853,SENT,90bc943a-de1f-4d84-8b0d-270970063535,09d3ab46-62e7-4bc9-a645-0c2556f64fdb,c2,c3,688,?,p3,
1768591990.2922304,FORWARDED,90bc943a-de1f-4d84-8b0d-270970063535,09d3ab46-62e7-4bc9-a645-0c2556f64fdb,c2,c3,688,?,p3,
1768591990.2973392,RECEIVED,946226d5-1345-41da-af79-62c6600c827c,093f6c23-0ca3-43f8-add5-d57112f9c1ad,c3,c5,1011,i7,?,
1768591990.3315015,SENT,9dc3c04e-56e9-4937-af31-9ba125d272ae,04028738-7548-4cec-adee-3346de22f4b1,c3,c4,687,?,p1,
1768591990.3315446,FORWARDED,9dc3c04e-56e9-4937-af31-9ba125d272ae,04028738-7548-4cec-adee-3346de22f4b1,c3,c4,687,?,p1,
1768591990.8266168,SENT,946226d5-1345-41da-af79-62c6600c827c,093f6c23-0ca3-43f8-add5-d57112f9c1ad,c3,c5,686,?,p2,
1768591990.8266604,FORWARDED,946226d5-1345-41da-af79-62c6600c827c,093f6c23-0ca3-43f8-add5-d57112f9c1ad,c3,c5,686,?,p2,
1768591990.9973688,RECEIVED,528b093e-5705-428d-98a2-48cb1271a5e5,304568bb-9951-4662-b4f9-9c7bf90534ce,c1,c3,1014,i8,?,
1768591991.2771404,SENT,528b093e-5705-428d-98a2-48cb1271a5e5,304568bb-9951-4662-b4f9-9c7bf90534ce,c1,c3,688,?,p3,
1768591991.2772741,FORWARDED,528b093e-5705-428d-98a2-48cb1271a5e5,304568bb-9951-4662-b4f9-9c7bf90534ce,c1,c3,688,?,p3,
1768591991.6016347,RECEIVED,2f67288c-ab01-4f13-a8c9-a2da03869f22,21091262-36c5-4a48-9e1e-9dada76b1b5f,c1,c5,1011,i4,?,
1768591991.6965935,RECEIVED,2e236f62-82f2-4343-9c15-fb750ffd3ec0,18ff2b56-f716-403b-82a4-fbe9c06d2d59,c3,DROP,694,i11,?,
1768591991.7117996,SENT,2e236f62-82f2-4343-9c15-fb750ffd3ec0,18ff2b56-f716-403b-82a4-fbe9c06d2d59,c3,DROP,446,?,e10,
1768591991.711841,FORWARDED,2e236f62-82f2-4343-9c15-fb750ffd3ec0,18ff2b56-f716-403b-82a4-fbe9c06d2d59,c3,DROP,446,?,e10,
1768591991.771015,RECEIVED,b1455d2b-5755-406f-b085-1720cad4ea13,e646780a-d8f6-465a-94fd-e6c73770293d,c2,c3,1011,i11,?,
1768591991.7875183,RECEIVED,f854f778-2b84-4d51-b861-d62c1a5e5081,28cf3689-0ee8-4f9c-9f33-bcdec52b6757,c4,c3,1019,i8,?,
1768591991.9185688,RECEIVED,b13d3fe0-56a2-44ec-b383-1c87bae80ab4,a06ef6f3-c0ba-4d4e-b259-202c9c2edff8,c1,c2,1012,i7,?,
1768591992.0217469,SENT,b13d3fe0-56a2-44ec-b383-1c87bae80ab4,a06ef6f3-c0ba-4d4e-b259-202c9c2edff8,c1,c2,687,?,p2,
1768591992.0217888,FORWARDED,b13d3fe0-56a2-44ec-b383-1c87bae80ab4,a06ef6f3-c0ba-4d4e-b259-202c9c2edff8,c1,c2,687,?,p2,
1768591992.05222,SENT,2f67288c-ab01-4f13-a8c9-a2da03869f22,21091262-36c5-4a48-9e1e-9dada76b1b5f,c1,c5,685,?,p2,
1768591992.0522678,FORWARDED,2f67288c-ab01-4f13-a8c9-a2da03869f22,21091262-36c5-4a48-9e1e-9dada76b1b5f,c1,c5,685,?,p2,
1768591992.0662541,RECEIVED,28bc419a-2d91-4cba-bb58-807467e6b9c7,1cca13c7-7b41-4493-8baa-901516b2a0a8,c1,c3,1012,i8,?,
1768591992.1290214,RECEIVED,8aad6b35-f3c5-4d3b-9294-a13936d00f63,0181523b-3250-4e2b-bab4-6c573f0a6b4c,c4,c3,1011,i11,?,
1768591992.1540008,SENT,28bc419a-2d91-4cba-bb58-807467e6b9c7,1cca13c7-7b41-4493-8baa-901516b2a0a8,c1,c3,687,?,p3,
1768591992.1540432,FORWARDED,28bc419a-2d91-4cba-bb58-807467e6b9c7,1cca13c7-7b41-4493-8baa-901516b2a0a8,c1,c3,687,?,p3,
1768591992.2876296,RECEIVED,81bffa23-4b00-4844-a8e2-c2442a6fb9c8,b96a720a-5629-4a81-996f-e3bbc519a4ea,c4,c2,1010,i2,?,
1768591992.3201907,SENT,8aad6b35-f3c5-4d3b-9294-a13936d00f63,0181523b-3250-4e2b-bab4-6c573f0a6b4c,c4,c3,687,?,p3,
1768591992.3202329,FORWARDED,8aad6b35-f3c5-4d3b-9294-a13936d00f63,0181523b-3250-4e2b-bab4-6c573f0a6b4c,c4,c3,687,?,p3,
1768591992.4066272,SENT,b1455d2b-5755-406f-b085-1720cad4ea13,e646780a-d8f6-465a-94fd-e6c73770293d,c2,c3,687,?,p3,
1768591992.4066699,FORWARDED,b1455d2b-5755-406f-b085-1720cad4ea13,e646780a-d8f6-465a-94fd-e6c73770293d,c2,c3,687,?,p3,
1768591992.682411,SENT,f854f778-2b84-4d51-b861-d62c1a5e5081,28cf3689-0ee8-4f9c-9f33-bcdec52b6757,c4,c3,692,?,p3,
1768591992.682451,FORWARDED,f854f778-2b84-4d51-b861-d62c1a5e5081,28cf3689-0ee8-4f9c-9f33-bcdec52b6757,c4,c3,692,?,p3,
1768591992.8864503,SENT,81bffa23-4b00-4844-a8e2-c2442a6fb9c8,b96a720a-5629-4a81-996f-e3bbc519a4ea,c4,c2,687,?,p2,
1768591992.8864937,FORWARDED,81bffa23-4b00-4844-a8e2-c2442a6fb9c8,b96a720a-5629-4a81-996f-e3bbc519a4ea,c4,c2,687,?,p2,
1768591992.9351265,RECEIVED,6229cff7-2305-4ee1-88df-b4834c843e19,242b994e-017f-4c6c-8d23-cc0ff9d76b07,c5,c1,1025,i4,?,
1768591992.9666102,SENT,6229cff7-2305-4ee1-88df-b4834c843e19,242b994e-017f-4c6c-8d23-cc0ff9d76b07,c5,c1,694,?,p1,
1768591992.9666524,FORWARDED,6229cff7-2305-4ee1-88df-b4834c843e19,242b994e-017f-4c6c-8d23-cc0ff9d76b07,c5,c1,694,?,p1,
1768591993.1457808,RECEIVED,7461fa86-3016-4f58-b8fe-a63d01c59a69,f304f1bc-cffb-45f6-bcb1-bbc9757acf1e,c1,DROP,693,i11,?,
1768591993.3581467,RECEIVED,61636cba-0941-40f2-bf01-6e7eeb762b9e,fa5af9c1-8eca-4327-9c27-be610ec842e5,c1,DROP,441,x10,?,
1768591993.4038796,SENT,7461fa86-3016-4f58-b8fe-a63d01c59a69,f304f1bc-cffb-45f6-bcb1-bbc9757acf1e,c1,DROP,446,?,x10,
1768591993.4039195,FORWARDED,7461fa86-3016-4f58-b8fe-a63d01c59a69,f304f1bc-cffb-45f6-bcb1-bbc9757acf1e,c1,DROP,446,?,x10,
1768591993.5432003,RECEIVED,165ade1c-4b88-47ca-bd5b-b3c1a8221e38,82691013-d826-41f1-8152-ede10a9ed940,c2,c4,1012,i4,?,
1768591993.6906412,RECEIVED,ae0ba15d-cf3c-479d-80da-1ea3b6781738,29f4efe7-cec4-4a26-9dfe-a31f378576d9,c2,c3,1015,i8,?,
1768591993.702822,SENT,165ade1c-4b88-47ca-bd5b-b3c1a8221e38,82691013-d826-41f1-8152-ede10a9ed940,c2,c4,687,?,p1,
1768591993.703041,FORWARDED,165ade1c-4b88-47ca-bd5b-b3c1a8221e38,82691013-d826-41f1-8152-ede10a9ed940,c2,c4,687,?,p1,
1768591994.0136228,RECEIVED,9704ee98-5d68-4c7d-9fef-af92e917fca8,6c8e29bb-ccb5-4861-a088-b6f7fd95c1c7,c4,c5,1011,i11,?,
1768591994.363519,SENT,ae0ba15d-cf3c-479d-80da-1ea3b6781738,29f4efe7-cec4-4a26-9dfe-a31f378576d9,c2,c3,688,?,p3,
1768591994.3635566,FORWARDED,ae0ba15d-cf3c-479d-80da-1ea3b6781738,29f4efe7-cec4-4a26-9dfe-a31f378576d9,c2,c3,688,?,p3,
1768591994.5990336,RECEIVED,24ff2812-2ac8-43af-87cd-361bdf4cefb6,3a0efb49-bdcb-4bf9-ba15-ce1e7ea3f5d8,c5,c3,1019,i7,?,
1768591994.9173849,SENT,24ff2812-2ac8-43af-87cd-361bdf4cefb6,3a0efb49-bdcb-4bf9-ba15-ce1e7ea3f5d8,c5,c3,691,?,p3,
1768591994.9174273,FORWARDED,24ff2812-2ac8-43af-87cd-361bdf4cefb6,3a0efb49-bdcb-4bf9-ba15-ce1e7ea3f5d8,c5,c3,691,?,p3,
1768591994.9920833,RECEIVED,b9f46ab8-c64f-45f0-a70f-6ca7c43e0536,28384c02-267c-4786-b49b-c93a79d78d8d,c3,c1,1015,i7,?,
1768591995.0390599,RECEIVED,3c8f92b6-9c3d-445a-8d9c-f1207ef9c2f9,5c4f0e5e-0820-41c8-b8e8-4b99f7750511,c5,c2,1011,i11,?,
1768591995.0864224,RECEIVED,bf4eef79-b2fb-428e-a7c0-7918209320b8,fb83b889-c37d-43db-9460-8ddfb3062626,c2,c1,1016,i11,?,
1768591995.1672487,RECEIVED,93a95170-102a-4bf3-b13c-8846bb65cdd8,0d89d482-2ae4-49d7-8fca-d90215d9d163,c2,c4,1024,i12,?,
1768591995.2173445,SENT,93a95170-102a-4bf3-b13c-8846bb65cdd8,0d89d482-2ae4-49d7-8fca-d90215d9d163,c2,c4,696,?,p1,
1768591995.2173862,FORWARDED,93a95170-102a-4bf3-b13c-8846bb65cdd8,0d89d482-2ae4-49d7-8fca-d90215d9d163,c2,c4,696,?,p1,
1768591995.2221472,SENT,bf4eef79-b2fb-428e-a7c0-7918209320b8,fb83b889-c37d-43db-9460-8ddfb3062626,c2,c1,688,?,p1,
1768591995.2221894,FORWARDED,bf4eef79-b2fb-428e-a7c0-7918209320b8,fb83b889-c37d-43db-9460-8ddfb3062626,c2,c1,688,?,p1,
1768591995.3082814,RECEIVED,9b58fb34-25bd-4511-ae81-cfd43552dbd6,47a2bacd-fb39-45bd-a91c-59437104080c,c1,c3,1011,i11,?,
1768591995.3748353,RECEIVED,1937ef53-3313-4357-8783-6b7f2af4b066,f21026c4-bb6e-43ff-b752-c8fbbbe47cf5,c2,c3,1011,i7,?,
1768591995.416481,SENT,9704ee98-5d68-4c7d-9fef-af92e917fca8,6c8e29bb-ccb5-4861-a088-b6f7fd95c1c7,c4,c5,685,?,p2,
1768591995.416523,FORWARDED,9704ee98-5d68-4c7d-9fef-af92e917fca8,6c8e29bb-ccb5-4861-a088-b6f7fd95c1c7,c4,c5,685,?,p2,
1768591995.5805051,RECEIVED,6a29eebe-62b8-418d-a613-0e0481042d94,4a36b371-1d78-41e3-a3e3-489d14a45d94,c1,c3,1016,i5,?,
1768591995.5920413,SENT,3c8f92b6-9c3d-445a-8d9c-f1207ef9c2f9,5c4f0e5e-0820-41c8-b8e8-4b99f7750511,c5,c2,687,?,p2,
1768591995.5920913,FORWARDED,3c8f92b6-9c3d-445a-8d9c-f1207ef9c2f9,5c4f0e5e-0820-41c8-b8e8-4b99f7750511,c5,c2,687,?,p2,
1768591995.6793473,RECEIVED,1316a2ac-600c-4920-8068-c87d48948f0e,de7fdf06-b779-4fd5-a3f5-780d3f0e9516,c2,c3,1015,i7,?,
1768591995.7189896,RECEIVED,65ae9a28-edef-49f9-a6f2-6f307e957c45,2f145d2f-7362-4120-84a8-7d18ec6c43f2,c5,c3,1015,i5,?,
1768591995.7623231,SENT,1937ef53-3313-4357-8783-6b7f2af4b066,f21026c4-bb6e-43ff-b752-c8fbbbe47cf5,c2,c3,687,?,p3,
1768591995.7623737,FORWARDED,1937ef53-3313-4357-8783-6b7f2af4b066,f21026c4-bb6e-43ff-b752-c8fbbbe47cf5,c2,c3,687,?,p3,
1768591995.9031725,SENT,6a29eebe-62b8-418d-a613-0e0481042d94,4a36b371-1d78-41e3-a3e3-489d14a45d94,c1,c3,688,?,p3,
1768591995.903214,FORWARDED,6a29eebe-62b8-418d-a613-0e0481042d94,4a36b371-1d78-41e3-a3e3-489d14a45d94,c1,c3,688,?,p3,
1768591995.9231563,RECEIVED,f7062d89-3f9d-437a-a697-a777bcc6b615,e55daa73-2b26-4eeb-9534-054311561844,c5,DROP,692,i6,?,
1768591995.9565277,RECEIVED,7075ae1b-2c3f-4ec8-bf0f-42a5c62a5b2b,2eace914-939b-4dc4-bc01-37a080dc0069,c5,c3,1018,i5,?,
1768591995.9936616,SENT,7075ae1b-2c3f-4ec8-bf0f-42a5c62a5b2b,2eace914-939b-4dc4-bc01-37a080dc0069,c5,c3,688,?,p3,
1768591995.993702,FORWARDED,7075ae1b-2c3f-4ec8-bf0f-42a5c62a5b2b,2eace914-939b-4dc4-bc01-37a080dc0069,c5,c3,688,?,p3,
1768591995.995791,SENT,b9f46ab8-c64f-45f0-a70f-6ca7c43e0536,28384c02-267c-4786-b49b-c93a79d78d8d,c3,c1,688,?,p1,
1768591995.9959521,FORWARDED,b9f46ab8-c64f-45f0-a70f-6ca7c43e0536,28384c02-267c-4786-b49b-c93a79d78d8d,c3,c1,688,?,p1,
1768591996.0165153,SENT,9b58fb34-25bd-4511-ae81-cfd43552dbd6,47a2bacd-fb39-45bd-a91c-59437104080c,c1,c3,687,?,p3,
1768591996.0165567,FORWARDED,9b58fb34-25bd-4511-ae81-cfd43552dbd6,47a2bacd-fb39-45bd-a91c-59437104080c,c1,c3,687,?,p3,
1768591996.1634848,RECEIVED,43d0b29a-c487-46ba-ab17-cb63e4459e51,784eeac7-ea60-43cb-970f-9876fd738123,c4,c3,1011,i9,?,
1768591996.4141707,SENT,65ae9a28-edef-49f9-a6f2-6f307e957c45,2f145d2f-7362-4120-84a8-7d18ec6c43f2,c5,c3,689,?,p3,
1768591996.4142134,FORWARDED,65ae9a28-edef-49f9-a6f2-6f307e957c45,2f145d2f-7362-4120-84a8-7d18ec6c43f2,c5,c3,689,?,p3,
1768591996.508457,SENT,1316a2ac-600c-4920-8068-c87d48948f0e,de7fdf06-b779-4fd5-a3f5-780d3f0e9516,c2,c3,689,?,p3,
1768591996.5084984,FORWARDED,1316a2ac-600c-4920-8068-c87d48948f0e,de7fdf06-b779-4fd5-a3f5-780d3f0e9516,c2,c3,689,?,p3,
1768591996.5123568,RECEIVED,850c0442-4510-4402-b448-a3368bdb04c5,4d1363a0-f589-47d6-a744-0246883048b7,c4,c5,1016,i5,?,
1768591996.6195405,RECEIVED,805e4e63-096d-4165-917d-9b2b126404d8,a3cbe591-a33e-40b9-8f22-23f280ef21e2,c3,c5,1015,i7,?,
1768591996.6248171,SENT,850c0442-4510-4402-b448-a3368bdb04c5,4d1363a0-f589-47d6-a744-0246883048b7,c4,c5,689,?,p2,
1768591996.6248512,FORWARDED,850c0442-4510-4402-b448-a3368bdb04c5,4d1363a0-f589-47d6-a744-0246883048b7,c4,c5,689,?,p2,
1768591996.656542,RECEIVED,fc6ed80a-fd5e-4e0b-ac58-2401e2f47db7,635a3a7e-a806-423e-9fb6-61dd31a330f7,c2,c3,1023,i4,?,
1768591996.7204313,RECEIVED,a24fcc82-f118-4fda-9a38-5ef1b33b4c73,f7699289-bd89-4743-9f87-2503f9ce9c5e,c4,c1,1011,i5,?,
1768591996.7722225,SENT,805e4e63-096d-4165-917d-9b2b126404d8,a3cbe591-a33e-40b9-8f22-23f280ef21e2,c3,c5,688,?,p2,
1768591996.772268,FORWARDED,805e4e63-096d-4165-917d-9b2b126404d8,a3cbe591-a33e-40b9-8f22-23f280ef21e2,c3,c5,688,?,p2,
1768591996.8260057,RECEIVED,7690c251-7c10-4728-983e-69cfb7fbcebc,4866626c-b5aa-4cd7-8f7a-1b379900b5a0,c5,c2,1012,i5,?,
1768591996.9281027,SENT,43d0b29a-c487-46ba-ab17-cb63e4459e51,784eeac7-ea60-43cb-970f-9876fd738123,c4,c3,686,?,p3,
1768591996.928145,FORWARDED,43d0b29a-c487-46ba-ab17-cb63e4459e51,784eeac7-ea60-43cb-970f-9876fd738123,c4,c3,686,?,p3,
1768591996.9365268,SENT,f7062d89-3f9d-437a-a697-a777bcc6b615,e55daa73-2b26-4eeb-9534-054311561844,c5,DROP,446,?,x12,
1768591996.9365675,FORWARDED,f7062d89-3f9d-437a-a697-a777bcc6b615,e55daa73-2b26-4eeb-9534-054311561844,c5,DROP,446,?,x12,
1768591996.9845574,SENT,fc6ed80a-fd5e-4e0b-ac58-2401e2f47db7,635a3a7e-a806-423e-9fb6-61dd31a330f7,c2,c3,696,?,p3,
1768591996.9845996,FORWARDED,fc6ed80a-fd5e-4e0b-ac58-2401e2f47db7,635a3a7e-a806-423e-9fb6-61dd31a330f7,c2,c3,696,?,p3,
1768591997.2155247,SENT,7690c251-7c10-4728-983e-69cfb7fbcebc,4866626c-b5aa-4cd7-8f7a-1b379900b5a0,c5,c2,687,?,p2,
1768591997.2155664,FORWARDED,7690c251-7c10-4728-983e-69cfb7fbcebc,4866626c-b5aa-4cd7-8f7a-1b379900b5a0,c5,c2,687,?,p2,
1768591997.2504678,RECEIVED,3e20dd07-faea-4654-8f21-b04f9a2c012d,2a06e1a8-731c-41a9-9e33-2f4e2b44379a,c3,c5,1011,i11,?,
1768591997.322211,RECEIVED,9d178f32-23e1-4ef3-b6bb-fe4644293e06,c9831702-7835-4f23-8bde-d4aeb9df4c6a,c5,c2,1011,i4,?,
1768591997.335914,RECEIVED,0c1eebf1-95cb-4a66-a55b-b13011f97d6a,2dc6dacf-e750-43c5-aca4-f8ad06b2e7ac,c3,c2,1011,i4,?,
1768591997.6088455,SENT,0c1eebf1-95cb-4a66-a55b-b13011f97d6a,2dc6dacf-e750-43c5-aca4-f8ad06b2e7ac,c3,c2,687,?,p2,
1768591997.6088843,FORWARDED,0c1eebf1-95cb-4a66-a55b-b13011f97d6a,2dc6dacf-e750-43c5-aca4-f8ad06b2e7ac,c3,c2,687,?,p2,
1768591997.7288308,RECEIVED,b979ee2b-cc55-4185-90a1-05643be23c1b,a4b72912-bae1-4d75-a539-2fbc04c3eecb,c1,c4,1016,i2,?,
1768591997.8803942,SENT,a24fcc82-f118-4fda-9a38-5ef1b33b4c73,f7699289-bd89-4743-9f87-2503f9ce9c5e,c4,c1,686,?,p1,
1768591997.8804352,FORWARDED,a24fcc82-f118-4fda-9a38-5ef1b33b4c73,f7699289-bd89-4743-9f87-2503f9ce9c5e,c4,c1,686,?,p1,
1768591997.9559906,RECEIVED,38e3addf-0ca4-4f91-95d4-4d459e1d7ded,1c1f2507-7a1d-4ccf-bfa9-7fedc2982524,c1,c3,1011,i7,?,
1768591997.983034,SENT,b979ee2b-cc55-4185-90a1-05643be23c1b,a4b72912-bae1-4d75-a539-2fbc04c3eecb,c1,c4,688,?,p1,
1768591997.9832897,FORWARDED,b979ee2b-cc55-4185-90a1-05643be23c1b,a4b72912-bae1-4d75-a539-2fbc04c3eecb,c1,c4,688,?,p1,
1768591998.1183186,RECEIVED,b7a87bf4-bde9-49a5-982e-94f85c939ab6,d56b0b85-edd6-4bbb-8302-412ddedd63b8,c3,DROP,683,i9,?,
1768591998.205454,SENT,3e20dd07-faea-4654-8f21-b04f9a2c012d,2a06e1a8-731c-41a9-9e33-2f4e2b44379a,c3,c5,687,?,p2,
1768591998.2054949,FORWARDED,3e20dd07-faea-4654-8f21-b04f9a2c012d,2a06e1a8-731c-41a9-9e33-2f4e2b44379a,c3,c5,687,?,p2,
1768591998.2440264,SENT,9d178f32-23e1-4ef3-b6bb-fe4644293e06,c9831702-7835-4f23-8bde-d4aeb9df4c6a,c5,c2,687,?,p2,
1768591998.244629,FORWARDED,9d178f32-23e1-4ef3-b6bb-fe4644293e06,c9831702-7835-4f23-8bde-d4aeb9df4c6a,c5,c2,687,?,p2,
1768591998.4498448,SENT,38e3addf-0ca4-4f91-95d4-4d459e1d7ded,1c1f2507-7a1d-4ccf-bfa9-7fedc2982524,c1,c3,687,?,p3,
1768591998.449885,FORWARDED,38e3addf-0ca4-4f91-95d4-4d459e1d7ded,1c1f2507-7a1d-4ccf-bfa9-7fedc2982524,c1,c3,687,?,p3,
1768591998.4647603,RECEIVED,1f773809-e061-4dec-b704-a863b0ca50c8,4e666f44-6378-4a88-bc8c-cba646c9403b,c3,c2,1015,i2,?,
1768591998.503106,RECEIVED,dfa37006-f290-4869-b409-d2fdbd882e86,0526e1f3-91d0-4e0e-bb89-386fa37f3a9c,c1,c4,1021,i4,?,
1768591998.551154,SENT,dfa37006-f290-4869-b409-d2fdbd882e86,0526e1f3-91d0-4e0e-bb89-386fa37f3a9c,c1,c4,692,?,p1,
1768591998.5511963,FORWARDED,dfa37006-f290-4869-b409-d2fdbd882e86,0526e1f3-91d0-4e0e-bb89-386fa37f3a9c,c1,c4,692,?,p1,
1768591998.606331,SENT,1f773809-e061-4dec-b704-a863b0ca50c8,4e666f44-6378-4a88-bc8c-cba646c9403b,c3,c2,688,?,p2,
1768591998.606373,FORWARDED,1f773809-e061-4dec-b704-a863b0ca50c8,4e666f44-6378-4a88-bc8c-cba646c9403b,c3,c2,688,?,p2,
1768591998.7593098,SENT,b7a87bf4-bde9-49a5-982e-94f85c939ab6,d56b0b85-edd6-4bbb-8302-412ddedd63b8,c3,DROP,441,?,i7,
1768591998.759351,FORWARDED,b7a87bf4-bde9-49a5-982e-94f85c939ab6,d56b0b85-edd6-4bbb-8302-412ddedd63b8,c3,DROP,441,?,i7,
1768591998.8104246,RECEIVED,c97ecf31-485e-4666-b834-f4f063f38ca3,08053084-35bd-4eb8-8d51-32bccb1ac63d,c4,c3,1013,i1,?,
1768591998.8257158,SENT,c97ecf31-485e-4666-b834-f4f063f38ca3,08053084-35bd-4eb8-8d51-32bccb1ac63d,c4,c3,687,?,p3,
1768591998.8257575,FORWARDED,c97ecf31-485e-4666-b834-f4f063f38ca3,08053084-35bd-4eb8-8d51-32bccb1ac63d,c4,c3,687,?,p3,
1768591998.9236643,RECEIVED,d7f57ca4-1259-47ec-bfd2-d814653bd6a7,3bcc7e94-d60b-4a9a-b753-2674c45461c3,c5,c2,1011,i8,?,
1768591998.9473279,SENT,d7f57ca4-1259-47ec-bfd2-d814653bd6a7,3bcc7e94-d60b-4a9a-b753-2674c45461c3,c5,c2,687,?,p2,
1768591998.9473748,FORWARDED,d7f57ca4-1259-47ec-bfd2-d814653bd6a7,3bcc7e94-d60b-4a9a-b753-2674c45461c3,c5,c2,687,?,p2,
1768591999.4188206,RECEIVED,30c47933-712d-458d-93c3-98994dc0d5b5,7d682605-19ce-4c31-b58f-89f3b105a92e,c5,c1,1016,i2,?,
1768591999.5255783,SENT,30c47933-712d-458d-93c3-98994dc0d5b5,7d682605-19ce-4c31-b58f-89f3b105a92e,c5,c1,688,?,p1,
1768591999.5256212,FORWARDED,30c47933-712d-458d-93c3-98994dc0d5b5,7d682605-19ce-4c31-b58f-89f3b105a92e,c5,c1,688,?,p1,
1768591999.5491252,RECEIVED,bb45b146-3664-4be1-a46d-7e2975841b54,8e22f91d-c1cb-4a6f-ab03-03ecb104ca2d,c4,c1,1016,i2,?,
1768591999.7454436,SENT,bb45b146-3664-4be1-a46d-7e2975841b54,8e22f91d-c1cb-4a6f-ab03-03ecb104ca2d,c4,c1,688,?,p1,
1768591999.7455475,FORWARDED,bb45b146-3664-4be1-a46d-7e2975841b54,8e22f91d-c1cb-4a6f-ab03-03ecb104ca2d,c4,c1,688,?,p1,
1768591999.8309278,RECEIVED,727ae9f5-5a89-413d-9979-e39bdc938646,c5b3893c-bbdf-4cae-ba59-464d15aa7d59,c4,c1,1023,i11,?,
1768591999.8746564,RECEIVED,769ddd2d-cb8c-4a8e-858d-f8ca0691d948,3c2a014b-3e81-40e2-b457-61c3f34ab4aa,c1,c2,1011,i4,?,
1768591999.9931846,SENT,727ae9f5-5a89-413d-9979-e39bdc938646,c5b3893c-bbdf-4cae-ba59-464d15aa7d59,c4,c1,695,?,p1,
1768591999.9932275,FORWARDED,727ae9f5-5a89-413d-9979-e39bdc938646,c5b3893c-bbdf-4cae-ba59-464d15aa7d59,c4,c1,695,?,p1,
1768592000.2756765,RECEIVED,f9bb9a21-9182-4eb2-92d8-7d1963462138,241e283b-fc9d-4198-b6ee-773ff6e088c7,c1,c2,1023,i12,?,
1768592000.304811,RECEIVED,a1d398f6-1bcc-40fc-bdbd-e0fc116aad14,2d1862d9-a1a1-4e0e-8c1b-ac7080ede4de,c1,c3,1011,i4,?,
1768592000.3712943,RECEIVED,0ba3358b-0730-4e71-855d-538771d7376b,88f49d9e-105a-4379-b05a-54e85ccecb0e,c3,c2,1011,i9,?,
1768592000.6653109,SENT,769ddd2d-cb8c-4a8e-858d-f8ca0691d948,3c2a014b-3e81-40e2-b457-61c3f34ab4aa,c1,c2,686,?,p2,
1768592000.6653543,FORWARDED,769ddd2d-cb8c-4a8e-858d-f8ca0691d948,3c2a014b-3e81-40e2-b457-61c3f34ab4aa,c1,c2,686,?,p2,
1768592000.6746745,SENT,a1d398f6-1bcc-40fc-bdbd-e0fc116aad14,2d1862d9-a1a1-4e0e-8c1b-ac7080ede4de,c1,c3,686,?,p3,
1768592000.674734,FORWARDED,a1d398f6-1bcc-40fc-bdbd-e0fc116aad14,2d1862d9-a1a1-4e0e-8c1b-ac7080ede4de,c1,c3,686,?,p3,
1768592000.7635605,RECEIVED,3b41c187-56c2-42cd-81c5-2e16429699ba,284b4a07-b1a0-4492-8e80-2bf668ba926b,c4,c3,1012,i9,?,
1768592000.781824,RECEIVED,79218ad3-5adf-4494-8d46-08bce0fde63d,d675781e-cc49-44e4-973b-821a24e8498c,c1,c3,1015,i4,?,
1768592000.853984,SENT,3b41c187-56c2-42cd-81c5-2e16429699ba,284b4a07-b1a0-4492-8e80-2bf668ba926b,c4,c3,687,?,p3,
1768592000.8540316,FORWARDED,3b41c187-56c2-42cd-81c5-2e16429699ba,284b4a07-b1a0-4492-8e80-2bf668ba926b,c4,c3,687,?,p3,
1768592001.1429605,SENT,0ba3358b-0730-4e71-855d-538771d7376b,88f49d9e-105a-4379-b05a-54e85ccecb0e,c3,c2,687,?,p2,
1768592001.1430016,FORWARDED,0ba3358b-0730-4e71-855d-538771d7376b,88f49d9e-105a-4379-b05a-54e85ccecb0e,c3,c2,687,?,p2,
1768592001.3400688,SENT,f9bb9a21-9182-4eb2-92d8-7d1963462138,241e283b-fc9d-4198-b6ee-773ff6e088c7,c1,c2,696,?,p2,
1768592001.3401158,FORWARDED,f9bb9a21-9182-4eb2-92d8-7d1963462138,241e283b-fc9d-4198-b6ee-773ff6e088c7,c1,c2,696,?,p2,
1768592001.4153783,RECEIVED,0c980bb1-7036-4b3d-878c-1713490aff92,9dcdc306-1211-4c91-91ea-7d4fd78ed268,c2,c4,1011,i1,?,
1768592001.7718248,RECEIVED,ab979c99-0e65-4d2f-adeb-f5b46842bf76,0f14c8a5-4103-4005-87ab-361a962811d0,c5,c1,1012,i4,?,
1768592001.904519,SENT,79218ad3-5adf-4494-8d46-08bce0fde63d,d675781e-cc49-44e4-973b-821a24e8498c,c1,c3,688,?,p3,
1768592001.9045615,FORWARDED,79218ad3-5adf-4494-8d46-08bce0fde63d,d675781e-cc49-44e4-973b-821a24e8498c,c1,c3,688,?,p3,
1768592001.9808474,SENT,0c980bb1-7036-4b3d-878c-1713490aff92,9dcdc306-1211-4c91-91ea-7d4fd78ed268,c2,c4,687,?,p1,
1768592001.9808877,FORWARDED,0c980bb1-7036-4b3d-878c-1713490aff92,9dcdc306-1211-4c91-91ea-7d4fd78ed268,c2,c4,687,?,p1,
1768592002.2602513,SENT,ab979c99-0e65-4d2f-adeb-f5b46842bf76,0f14c8a5-4103-4005-87ab-361a962811d0,c5,c1,687,?,p1,
1768592002.2602975,FORWARDED,ab979c99-0e65-4d2f-adeb-f5b46842bf76,0f14c8a5-4103-4005-87ab-361a962811d0,c5,c1,687,?,p1,
1768592002.3913035,RECEIVED,3844e706-b5d8-401e-9945-011edc380f3f,4fa78873-1eea-4b54-a70b-7c1ba5b72f58,c1,c2,1012,i4,?,
1768592002.4293435,SENT,3844e706-b5d8-401e-9945-011edc380f3f,4fa78873-1eea-4b54-a70b-7c1ba5b72f58,c1,c2,687,?,p2,
1768592002.4294293,FORWARDED,3844e706-b5d8-401e-9945-011edc380f3f,4fa78873-1eea-4b54-a70b-7c1ba5b72f58,c1,c2,687,?,p2,
1768592002.6369715,RECEIVED,eefc6a1c-981d-4481-bac4-73f90924d7bc,c8b225c6-4837-40b2-a687-bad42df3f28d,c3,c1,1024,i4,?,
1768592002.6546643,SENT,eefc6a1c-981d-4481-bac4-73f90924d7bc,c8b225c6-4837-40b2-a687-bad42df3f28d,c3,c1,696,?,p1,
1768592002.6547008,FORWARDED,eefc6a1c-981d-4481-bac4-73f90924d7bc,c8b225c6-4837-40b2-a687-bad42df3f28d,c3,c1,696,?,p1,
1768592002.7017672,RECEIVED,f89b0bb2-f123-4fbf-8d6f-dd46b2821aae,44950175-d7f8-4b46-99f7-019ad7566b39,c3,DROP,441,x2,?,
1768592002.8027394,RECEIVED,d9e1e45c-abf2-4b5b-9fdf-5d4c49f83098,654ff2bf-fb95-47bb-85ee-25a153601865,c4,c2,1019,i11,?,
1768592002.8151758,RECEIVED,790cf835-ccd9-4e06-ad82-7720c8f1dd63,5a4f42ca-cc80-4a87-8c92-10f7fce346b3,c2,DROP,441,x9,?,
1768592003.2334425,SENT,d9e1e45c-abf2-4b5b-9fdf-5d4c49f83098,654ff2bf-fb95-47bb-85ee-25a153601865,c4,c2,692,?,p2,
1768592003.2334821,FORWARDED,d9e1e45c-abf2-4b5b-9fdf-5d4c49f83098,654ff2bf-fb95-47bb-85ee-25a153601865,c4,c2,692,?,p2,
1768592003.6844146,RECEIVED,e5f8b6ce-ef3f-488e-a9e2-a69008963701,fe94be4b-76d7-466c-b654-29ba7ef3f76e,c3,c4,1013,i7,?,
1768592003.7498145,SENT,e5f8b6ce-ef3f-488e-a9e2-a69008963701,fe94be4b-76d7-466c-b654-29ba7ef3f76e,c3,c4,687,?,p1,
1768592003.7498565,FORWARDED,e5f8b6ce-ef3f-488e-a9e2-a69008963701,fe94be4b-76d7-466c-b654-29ba7ef3f76e,c3,c4,687,?,p1,
1768592003.8882072,RECEIVED,a3176f35-ceaf-441c-bd64-b29455541479,ed7e595a-ca5c-47fa-aa61-14aab6720388,c4,c5,1016,i6,?,
1768592003.8932884,RECEIVED,4f18e1f9-eeaa-45ca-9f71-19e6805d5083,211a1a80-670a-4f8d-93ca-91e4f4ca26c3,c1,c2,1015,i6,?,
1768592003.9888732,SENT,a3176f35-ceaf-441c-bd64-b29455541479,ed7e595a-ca5c-47fa-aa61-14aab6720388,c4,c5,688,?,p2,
1768592003.9889154,FORWARDED,a3176f35-ceaf-441c-bd64-b29455541479,ed7e595a-ca5c-47fa-aa61-14aab6720388,c4,c5,688,?,p2,
1768592004.5875401,RECEIVED,81a98b0d-0bce-488f-b9b4-b5373064002f,fbc375e9-3467-4a56-a4dd-b509953f2252,c2,c3,1019,i9,?,
1768592004.9511547,RECEIVED,e03d9a4c-91ef-4a6d-a068-9e39130fc576,a6d36cc1-d0aa-411b-8179-91b665a58d56,c1,c3,1023,i11,?,
1768592005.0247355,SENT,4f18e1f9-eeaa-45ca-9f71-19e6805d5083,211a1a80-670a-4f8d-93ca-91e4f4ca26c3,c1,c2,688,?,p2,
1768592005.0247798,FORWARDED,4f18e1f9-eeaa-45ca-9f71-19e6805d5083,211a1a80-670a-4f8d-93ca-91e4f4ca26c3,c1,c2,688,?,p2,
1768592005.1393323,SENT,e03d9a4c-91ef-4a6d-a068-9e39130fc576,a6d36cc1-d0aa-411b-8179-91b665a58d56,c1,c3,695,?,p3,
1768592005.1400795,FORWARDED,e03d9a4c-91ef-4a6d-a068-9e39130fc576,a6d36cc1-d0aa-411b-8179-91b665a58d56,c1,c3,695,?,p3,
1768592005.2624469,SENT,81a98b0d-0bce-488f-b9b4-b5373064002f,fbc375e9-3467-4a56-a4dd-b509953f2252,c2,c3,691,?,p3,
1768592005.2624874,FORWARDED,81a98b0d-0bce-488f-b9b4-b5373064002f,fbc375e9-3467-4a56-a4dd-b509953f2252,c2,c3,691,?,p3,
1768592005.3260245,RECEIVED,a2495ad9-a62a-4cc1-aebf-0f22ee51effb,6212e1f1-9b6d-4395-9bea-b6c320454221,c2,c1,1012,i2,?,
1768592005.3708215,RECEIVED,4309f3cf-c356-4119-a411-41d3127b3ebe,2fcfc5b0-05d5-4cd4-b46d-89706dc99378,c2,c3,1015,i7,?,
1768592005.679553,RECEIVED,5da3dcbd-b223-49e4-bd78-38fc055870ff,957beeb6-5ebb-48e5-a2d6-df004c5e01ff,c5,c1,1019,i12,?,
1768592005.8060365,SENT,a2495ad9-a62a-4cc1-aebf-0f22ee51effb,6212e1f1-9b6d-4395-9bea-b6c320454221,c2,c1,687,?,p1,
1768592005.8060892,FORWARDED,a2495ad9-a62a-4cc1-aebf-0f22ee51effb,6212e1f1-9b6d-4395-9bea-b6c320454221,c2,c1,687,?,p1,
1768592005.9394045,SENT,4309f3cf-c356-4119-a411-41d3127b3ebe,2fcfc5b0-05d5-4cd4-b46d-89706dc99378,c2,c3,689,?,p3,
1768592005.939444,FORWARDED,4309f3cf-c356-4119-a411-41d3127b3ebe,2fcfc5b0-05d5-4cd4-b46d-89706dc99378,c2,c3,689,?,p3,
1768592005.998897,RECEIVED,901ebb88-1d51-44f4-841b-902e3095dfc3,35eda67a-b440-4fce-be52-9343fabce5cb,c2,c3,1015,i7,?,
1768592006.0674355,RECEIVED,1119dbcc-d38f-4a24-a613-05f068775389,f2404fbe-13ce-48be-8b65-addc53b8b7cb,c2,c5,1016,i9,?,
1768592006.1779904,SENT,1119dbcc-d38f-4a24-a613-05f068775389,f2404fbe-13ce-48be-8b65-addc53b8b7cb,c2,c5,688,?,p2,
1768592006.178064,FORWARDED,1119dbcc-d38f-4a24-a613-05f068775389,f2404fbe-13ce-48be-8b65-addc53b8b7cb,c2,c5,688,?,p2,
1768592006.2743726,SENT,5da3dcbd-b223-49e4-bd78-38fc055870ff,957beeb6-5ebb-48e5-a2d6-df004c5e01ff,c5,c1,692,?,p1,
1768592006.274412,FORWARDED,5da3dcbd-b223-49e4-bd78-38fc055870ff,957beeb6-5ebb-48e5-a2d6-df004c5e01ff,c5,c1,692,?,p1,
1768592006.2860808,RECEIVED,c76de8c1-702f-4066-aa8d-d2f9ece7c458,46596f99-89b2-451c-a405-eeade73963c1,c4,c2,1015,i5,?,
1768592006.3332086,RECEIVED,af1bcb17-e9bc-4497-90e2-9e45a3327d63,ac22bedd-ed22-4fe2-9652-4d47aece1ea0,c4,c2,1015,i4,?,
1768592006.589867,RECEIVED,4efbca63-7581-40f8-b2ce-ca7ddaa7d74c,c2c0e12d-0515-42a8-85fa-a9e01a44fe0e,c1,c2,1015,i8,?,
1768592006.7286363,RECEIVED,1fd35a71-08cc-43b1-a940-6cfe02be755c,2f38f827-8578-4efe-8671-d2e4c6df2126,c5,c2,1019,i8,?,
1768592006.980159,SENT,4efbca63-7581-40f8-b2ce-ca7ddaa7d74c,c2c0e12d-0515-42a8-85fa-a9e01a44fe0e,c1,c2,688,?,p2,
1768592006.980195,FORWARDED,4efbca63-7581-40f8-b2ce-ca7ddaa7d74c,c2c0e12d-0515-42a8-85fa-a9e01a44fe0e,c1,c2,688,?,p2,
1768592006.9907165,RECEIVED,c6474009-c7c2-494d-acc2-6f9425cc326a,c6bbf06b-5f72-4bb0-9d0b-d83e45e23df9,c4,c3,1019,i1,?,
1768592007.0144002,RECEIVED,05e94660-7e6b-4e70-aff4-4070ad673bf3,a0ff3c20-59ed-458e-b096-3bbc7b441ae4,c3,c4,1011,i8,?,
1768592007.0274947,SENT,af1bcb17-e9bc-4497-90e2-9e45a3327d63,ac22bedd-ed22-4fe2-9652-4d47aece1ea0,c4,c2,688,?,p2,
1768592007.0275376,FORWARDED,af1bcb17-e9bc-4497-90e2-9e45a3327d63,ac22bedd-ed22-4fe2-9652-4d47aece1ea0,c4,c2,688,?,p2,
1768592007.0417624,RECEIVED,93a43ee6-3ef1-4343-ac76-53f04828af1f,01af6df8-15d5-41bd-aa22-b279a1b28dea,c5,c4,1011,i5,?,
1768592007.0480053,RECEIVED,1c67cf19-5c3c-40af-85fa-27bc836b729c,13717ae8-c954-4018-826d-d0cb18b786d0,c1,c3,1015,i2,?,
1768592007.08839,SENT,05e94660-7e6b-4e70-aff4-4070ad673bf3,a0ff3c20-59ed-458e-b096-3bbc7b441ae4,c3,c4,686,?,p1,
1768592007.0884326,FORWARDED,05e94660-7e6b-4e70-aff4-4070ad673bf3,a0ff3c20-59ed-458e-b096-3bbc7b441ae4,c3,c4,686,?,p1,
1768592007.1121562,RECEIVED,8f718511-b01b-4d8f-82c2-b897ff2d0d0f,7687c682-2e11-413c-9469-397287ec33b0,c2,c3,1012,i1,?,
1768592007.1365998,SENT,1fd35a71-08cc-43b1-a940-6cfe02be755c,2f38f827-8578-4efe-8671-d2e4c6df2126,c5,c2,692,?,p2,
1768592007.1366956,FORWARDED,1fd35a71-08cc-43b1-a940-6cfe02be755c,2f38f827-8578-4efe-8671-d2e4c6df2126,c5,c2,692,?,p2,
1768592007.1549098,SENT,8f718511-b01b-4d8f-82c2-b897ff2d0d0f,7687c682-2e11-413c-9469-397287ec33b0,c2,c3,687,?,p3,
1768592007.1549528,FORWARDED,8f718511-b01b-4d8f-82c2-b897ff2d0d0f,7687c682-2e11-413c-9469-397287ec33b0,c2,c3,687,?,p3,
1768592007.1577876,SENT,901ebb88-1d51-44f4-841b-902e3095dfc3,35eda67a-b440-4fce-be52-9343fabce5cb,c2,c3,688,?,p3,
1768592007.1578286,FORWARDED,901ebb88-1d51-44f4-841b-902e3095dfc3,35eda67a-b440-4fce-be52-9343fabce5cb,c2,c3,688,?,p3,
1768592007.2802248,SENT,c6474009-c7c2-494d-acc2-6f9425cc326a,c6bbf06b-5f72-4bb0-9d0b-d83e45e23df9,c4,c3,692,?,p3,
1768592007.2802947,FORWARDED,c6474009-c7c2-494d-acc2-6f9425cc326a,c6bbf06b-5f72-4bb0-9d0b-d83e45e23df9,c4,c3,692,?,p3,
1768592007.3042204,RECEIVED,b04899cb-8fe0-4afa-9853-e287d2baeddd,2a9e753a-f6d2-4c99-8647-02e8b67254e2,c5,c3,1021,i9,?,
1768592007.3296998,RECEIVED,1a2dcc35-4392-48e3-85a7-7c2310ca8581,d89b9ec2-1af5-4531-ba08-7db562a5f297,c2,c4,1011,i8,?,
1768592007.3815997,SENT,b04899cb-8fe0-4afa-9853-e287d2baeddd,2a9e753a-f6d2-4c99-8647-02e8b67254e2,c5,c3,691,?,p3,
1768592007.38164,FORWARDED,b04899cb-8fe0-4afa-9853-e287d2baeddd,2a9e753a-f6d2-4c99-8647-02e8b67254e2,c5,c3,691,?,p3,
1768592007.4424107,RECEIVED,ba3a6d5c-60a9-429d-9c96-a8cdd3d7d1a7,ca046640-8a25-44a2-9a37-d1251061dfed,c4,c3,1015,i12,?,
1768592007.5755417,SENT,1c67cf19-5c3c-40af-85fa-27bc836b729c,13717ae8-c954-4018-826d-d0cb18b786d0,c1,c3,688,?,p3,
1768592007.5755801,FORWARDED,1c67cf19-5c3c-40af-85fa-27bc836b729c,13717ae8-c954-4018-826d-d0cb18b786d0,c1,c3,688,?,p3,
1768592007.7632205,RECEIVED,400b9d5d-55e5-4b26-b5a4-75f0ea471ddc,56cae845-6bbb-4618-9429-d6260cbc9d3c,c1,c5,1019,i7,?,
1768592007.7731755,SENT,c76de8c1-702f-4066-aa8d-d2f9ece7c458,46596f99-89b2-451c-a405-eeade73963c1,c4,c2,689,?,p2,
1768592007.7732186,FORWARDED,c76de8c1-702f-4066-aa8d-d2f9ece7c458,46596f99-89b2-451c-a405-eeade73963c1,c4,c2,689,?,p2,
1768592008.007572,SENT,93a43ee6-3ef1-4343-ac76-53f04828af1f,01af6df8-15d5-41bd-aa22-b279a1b28dea,c5,c4,686,?,p1,
1768592008.0076144,FORWARDED,93a43ee6-3ef1-4343-ac76-53f04828af1f,01af6df8-15d5-41bd-aa22-b279a1b28dea,c5,c4,686,?,p1,
1768592008.082934,RECEIVED,198d5075-a499-4fde-9c41-76262baf8021,1fe54533-02f9-4085-90af-a5c43cb51a14,c1,c5,1019,i9,?,
1768592008.2187135,SENT,400b9d5d-55e5-4b26-b5a4-75f0ea471ddc,56cae845-6bbb-4618-9429-d6260cbc9d3c,c1,c5,691,?,p2,
1768592008.2187529,FORWARDED,400b9d5d-55e5-4b26-b5a4-75f0ea471ddc,56cae845-6bbb-4618-9429-d6260cbc9d3c,c1,c5,691,?,p2,
1768592008.2669334,RECEIVED,5e3a5832-00b4-409d-b31e-a3674f18b5b3,5c6a5601-06af-4301-ba86-57c27d5dfe35,c2,c3,1024,i6,?,
1768592008.3682609,SENT,1a2dcc35-4392-48e3-85a7-7c2310ca8581,d89b9ec2-1af5-4531-ba08-7db562a5f297,c2,c4,687,?,p1,
1768592008.3682992,FORWARDED,1a2dcc35-4392-48e3-85a7-7c2310ca8581,d89b9ec2-1af5-4531-ba08-7db562a5f297,c2,c4,687,?,p1,
1768592008.5767577,RECEIVED,c926df19-4de6-4f9c-9767-1a72ed590303,0fa5af82-e418-4edd-9d9c-497f3eaae763,c3,c5,1011,i4,?,
1768592008.6124663,SENT,198d5075-a499-4fde-9c41-76262baf8021,1fe54533-02f9-4085-90af-a5c43cb51a14,c1,c5,692,?,p2,
1768592008.6125062,FORWARDED,198d5075-a499-4fde-9c41-76262baf8021,1fe54533-02f9-4085-90af-a5c43cb51a14,c1,c5,692,?,p2,
1768592008.6610253,SENT,5e3a5832-00b4-409d-b31e-a3674f18b5b3,5c6a5601-06af-4301-ba86-57c27d5dfe35,c2,c3,695,?,p3,
1768592008.6612236,FORWARDED,5e3a5832-00b4-409d-b31e-a3674f18b5b3,5c6a5601-06af-4301-ba86-57c27d5dfe35,c2,c3,695,?,p3,
1768592008.6735477,SENT,c926df19-4de6-4f9c-9767-1a72ed590303,0fa5af82-e418-4edd-9d9c-497f3eaae763,c3,c5,686,?,p2,
1768592008.6735883,FORWARDED,c926df19-4de6-4f9c-9767-1a72ed590303,0fa5af82-e418-4edd-9d9c-497f3eaae763,c3,c5,686,?,p2,
1768592008.7435231,SENT,ba3a6d5c-60a9-429d-9c96-a8cdd3d7d1a7,ca046640-8a25-44a2-9a37-d1251061dfed,c4,c3,688,?,p3,
1768592008.7435608,FORWARDED,ba3a6d5c-60a9-429d-9c96-a8cdd3d7d1a7,ca046640-8a25-44a2-9a37-d1251061dfed,c4,c3,688,?,p3,
1768592008.7888596,RECEIVED,5d512440-98d2-414a-87e5-7a63914b6e6f,775f2cce-1773-474b-b766-3768ad00d7d5,c5,c2,1015,i6,?,
1768592008.8993928,RECEIVED,b19b9d19-43d4-4db5-98a9-7af156f30ed4,0d70c370-82ca-46f5-9244-9cc92eee03a9,c2,c5,1016,i1,?,
1768592009.087662,SENT,b19b9d19-43d4-4db5-98a9-7af156f30ed4,0d70c370-82ca-46f5-9244-9cc92eee03a9,c2,c5,688,?,p2,
1768592009.087702,FORWARDED,b19b9d19-43d4-4db5-98a9-7af156f30ed4,0d70c370-82ca-46f5-9244-9cc92eee03a9,c2,c5,688,?,p2,
1768592009.7364755,RECEIVED,7fa7b44c-d76d-43bd-871b-dfb2c04d71f1,733e2fde-49ed-4bec-97d5-8c0cd6dbbda8,c4,c2,1015,i1,?,
1768592009.8147843,RECEIVED,7ef0f230-0399-4eef-9ea6-2ae1841ab6ee,822e5e4c-07b8-480f-8fea-7be54b1dd9d4,c2,c4,1015,i5,?,
1768592009.9952478,RECEIVED,06401209-e5c2-45cc-b862-e669060fb40f,aee71b53-964b-4758-804d-fd1b1379687f,c3,DROP,687,i4,?,
1768592010.040102,SENT,5d512440-98d2-414a-87e5-7a63914b6e6f,775f2cce-1773-474b-b766-3768ad00d7d5,c5,c2,688,?,p2,
1768592010.0401943,FORWARDED,5d512440-98d2-414a-87e5-7a63914b6e6f,775f2cce-1773-474b-b766-3768ad00d7d5,c5,c2,688,?,p2,
1768592010.1841185,RECEIVED,7a0028ee-5ea5-4d6f-a4d7-4745f48336b2,975405d1-25cf-477b-99df-a66948c70b80,c4,c2,1015,i2,?,
1768592010.1979651,RECEIVED,8d31aab2-7841-476f-a861-851bc3a60328,84392085-5edd-4661-bac2-6b4bad33a3a9,c3,c4,1020,i11,?,
1768592010.358033,RECEIVED,c43ca4c2-b564-43fb-ba39-06bf4f69e244,833d94b4-b6a7-4128-9723-028a3128847d,c1,c4,1018,i7,?,
1768592010.3802133,SENT,7fa7b44c-d76d-43bd-871b-dfb2c04d71f1,733e2fde-49ed-4bec-97d5-8c0cd6dbbda8,c4,c2,688,?,p2,
1768592010.3802545,FORWARDED,7fa7b44c-d76d-43bd-871b-dfb2c04d71f1,733e2fde-49ed-4bec-97d5-8c0cd6dbbda8,c4,c2,688,?,p2,
1768592010.548457,SENT,c43ca4c2-b564-43fb-ba39-06bf4f69e244,833d94b4-b6a7-4128-9723-028a3128847d,c1,c4,693,?,p1,
1768592010.5485485,FORWARDED,c43ca4c2-b564-43fb-ba39-06bf4f69e244,833d94b4-b6a7-4128-9723-028a3128847d,c1,c4,693,?,p1,
1768592010.6218307,SENT,06401209-e5c2-45cc-b862-e669060fb40f,aee71b53-964b-4758-804d-fd1b1379687f,c3,DROP,442,?,x5,
1768592010.6218722,FORWARDED,06401209-e5c2-45cc-b862-e669060fb40f,aee71b53-964b-4758-804d-fd1b1379687f,c3,DROP,442,?,x5,
1768592010.681635,SENT,7ef0f230-0399-4eef-9ea6-2ae1841ab6ee,822e5e4c-07b8-480f-8fea-7be54b1dd9d4,c2,c4,688,?,p1,
1768592010.6816807,FORWARDED,7ef0f230-0399-4eef-9ea6-2ae1841ab6ee,822e5e4c-07b8-480f-8fea-7be54b1dd9d4,c2,c4,688,?,p1,
1768592010.6842804,RECEIVED,abafdcd3-9d00-4e69-a73e-b98b922b4c3a,3e7f700f-715a-4e74-abd2-559a70110d85,c4,c1,1011,i9,?,
1768592010.6976116,SENT,8d31aab2-7841-476f-a861-851bc3a60328,84392085-5edd-4661-bac2-6b4bad33a3a9,c3,c4,691,?,p1,
1768592010.6976502,FORWARDED,8d31aab2-7841-476f-a861-851bc3a60328,84392085-5edd-4661-bac2-6b4bad33a3a9,c3,c4,691,?,p1,
1768592010.7163503,RECEIVED,d85d1030-7e91-4543-9ba0-412a7de35c1c,c4aa948f-3f3a-4270-9753-8b8b24177e44,c1,c4,1015,i1,?,
1768592010.8166583,RECEIVED,706dd0bf-7f1a-43fb-ac05-02adcf6a4e60,3be5a61f-a855-43e5-ae67-a13d295edfb5,c1,c5,1024,i1,?,
1768592010.864149,RECEIVED,ddc82108-3f7c-4393-acd1-e0673b2bb7bd,bfbc4fe6-45ff-433c-8e81-4dfa47538973,c4,c1,1020,i11,?,
1768592010.8740284,RECEIVED,98065f5f-6d32-494e-8b83-4d02ff452bf7,3228f329-91d2-4ff1-a085-46d590a69143,c2,c4,1028,i12,?,
1768592010.8994493,SENT,706dd0bf-7f1a-43fb-ac05-02adcf6a4e60,3be5a61f-a855-43e5-ae67-a13d295edfb5,c1,c5,696,?,p2,
1768592010.8997679,FORWARDED,706dd0bf-7f1a-43fb-ac05-02adcf6a4e60,3be5a61f-a855-43e5-ae67-a13d295edfb5,c1,c5,696,?,p2,
1768592010.923253,RECEIVED,ca6c44dd-4852-488e-98ed-5df1d1946088,802f6054-e58d-4216-b204-fb03b86ebe76,c4,c2,1012,i7,?,
1768592010.9321368,RECEIVED,8572c5fe-b5ec-4fa1-b672-2bbac848ac43,bba29856-be14-48c8-a77d-2dba102f7453,c4,c2,1011,i9,?,
1768592011.0023417,SENT,ca6c44dd-4852-488e-98ed-5df1d1946088,802f6054-e58d-4216-b204-fb03b86ebe76,c4,c2,687,?,p2,
1768592011.002382,FORWARDED,ca6c44dd-4852-488e-98ed-5df1d1946088,802f6054-e58d-4216-b204-fb03b86ebe76,c4,c2,687,?,p2,
1768592011.0054436,SENT,98065f5f-6d32-494e-8b83-4d02ff452bf7,3228f329-91d2-4ff1-a085-46d590a69143,c2,c4,697,?,p1,
1768592011.0054917,FORWARDED,98065f5f-6d32-494e-8b83-4d02ff452bf7,3228f329-91d2-4ff1-a085-46d590a69143,c2,c4,697,?,p1,
1768592011.0191166,RECEIVED,4a2cf9e9-2f86-4d14-b496-da070851582a,9daa6a21-c8a3-435d-bd2f-943398c3ebb6,c5,c4,1011,i4,?,
1768592011.0310345,SENT,ddc82108-3f7c-4393-acd1-e0673b2bb7bd,bfbc4fe6-45ff-433c-8e81-4dfa47538973,c4,c1,692,?,p1,
1768592011.0311103,FORWARDED,ddc82108-3f7c-4393-acd1-e0673b2bb7bd,bfbc4fe6-45ff-433c-8e81-4dfa47538973,c4,c1,692,?,p1,
1768592011.0775945,RECEIVED,407aa4f6-d00c-48f2-a3e1-f2137843d84c,7cd18bad-d446-4545-9761-2f98d26c5891,c4,c2,1015,i5,?,
1768592011.212774,SENT,abafdcd3-9d00-4e69-a73e-b98b922b4c3a,3e7f700f-715a-4e74-abd2-559a70110d85,c4,c1,687,?,p1,
1768592011.212815,FORWARDED,abafdcd3-9d00-4e69-a73e-b98b922b4c3a,3e7f700f-715a-4e74-abd2-559a70110d85,c4,c1,687,?,p1,
1768592011.4448771,SENT,7a0028ee-5ea5-4d6f-a4d7-4745f48336b2,975405d1-25cf-477b-99df-a66948c70b80,c4,c2,688,?,p2,
1768592011.4449167,FORWARDED,7a0028ee-5ea5-4d6f-a4d7-4745f48336b2,975405d1-25cf-477b-99df-a66948c70b80,c4,c2,688,?,p2,
1768592011.6591585,SENT,d85d1030-7e91-4543-9ba0-412a7de35c1c,c4aa948f-3f3a-4270-9753-8b8b24177e44,c1,c4,688,?,p1,
1768592011.6595519,FORWARDED,d85d1030-7e91-4543-9ba0-412a7de35c1c,c4aa948f-3f3a-4270-9753-8b8b24177e44,c1,c4,688,?,p1,
1768592011.742416,SENT,407aa4f6-d00c-48f2-a3e1-f2137843d84c,7cd18bad-d446-4545-9761-2f98d26c5891,c4,c2,688,?,p2,
1768592011.7424648,FORWARDED,407aa4f6-d00c-48f2-a3e1-f2137843d84c,7cd18bad-d446-4545-9761-2f98d26c5891,c4,c2,688,?,p2,
1768592011.7588823,RECEIVED,dec2c1e8-7402-48af-86a7-4a81dd505959,51fa2d60-dd19-427c-9593-72b255e329d2,c1,c2,1012,i1,?,
1768592011.765731,SENT,4a2cf9e9-2f86-4d14-b496-da070851582a,9daa6a21-c8a3-435d-bd2f-943398c3ebb6,c5,c4,687,?,p1,
1768592011.7657683,FORWARDED,4a2cf9e9-2f86-4d14-b496-da070851582a,9daa6a21-c8a3-435d-bd2f-943398c3ebb6,c5,c4,687,?,p1,
1768592011.8487544,SENT,dec2c1e8-7402-48af-86a7-4a81dd505959,51fa2d60-dd19-427c-9593-72b255e329d2,c1,c2,687,?,p2,
1768592011.848797,FORWARDED,dec2c1e8-7402-48af-86a7-4a81dd505959,51fa2d60-dd19-427c-9593-72b255e329d2,c1,c2,687,?,p2,
1768592011.876031,RECEIVED,46da0d95-c710-4dbc-ae5e-c30fab7eadbb,a55772d4-a822-4ae6-b846-7e5d940281d9,c4,c2,1011,i2,?,
1768592012.1990385,RECEIVED,d674c9c5-4551-45fc-9d15-20be7d5978f7,a6249c72-6514-4cc8-a7cd-ddebafebf27e,c3,DROP,685,i8,?,
1768592012.2655714,SENT,d674c9c5-4551-45fc-9d15-20be7d5978f7,a6249c72-6514-4cc8-a7cd-ddebafebf27e,c3,DROP,441,?,x10,
1768592012.265616,FORWARDED,d674c9c5-4551-45fc-9d15-20be7d5978f7,a6249c72-6514-4cc8-a7cd-ddebafebf27e,c3,DROP,441,?,x10,
1768592012.323079,RECEIVED,7fb3fd0d-f6c1-4eb3-b444-45a3ac9f9a8c,6d3e1b31-c451-4d6b-8617-1f79d093a9cd,c1,c3,1015,i5,?,
1768592012.3378692,RECEIVED,ea23e36b-9ca1-4d82-a7f8-fa9faed3f5f9,21df40c8-272b-4ca5-b7d3-85e62ca75bdf,c4,c1,1019,i11,?,
1768592012.4007723,SENT,46da0d95-c710-4dbc-ae5e-c30fab7eadbb,a55772d4-a822-4ae6-b846-7e5d940281d9,c4,c2,687,?,p2,
1768592012.400814,FORWARDED,46da0d95-c710-4dbc-ae5e-c30fab7eadbb,a55772d4-a822-4ae6-b846-7e5d940281d9,c4,c2,687,?,p2,
1768592012.7294014,RECEIVED,8713e588-1c3b-4b01-a462-d073183f8716,9e9862da-9d74-4f7d-9cb6-52b1c0397c3a,c5,c2,1012,i8,?,
1768592012.8054016,SENT,8713e588-1c3b-4b01-a462-d073183f8716,9e9862da-9d74-4f7d-9cb6-52b1c0397c3a,c5,c2,687,?,p2,
1768592012.805446,FORWARDED,8713e588-1c3b-4b01-a462-d073183f8716,9e9862da-9d74-4f7d-9cb6-52b1c0397c3a,c5,c2,687,?,p2,
1768592012.8349276,RECEIVED,3483f0ab-fcec-4126-a59b-3c63fce364e3,71f13b8e-d0e9-4980-8b2f-80293c5a1845,c2,c5,1016,i8,?,
1768592012.8694828,RECEIVED,d1b1ef79-300a-4cec-929b-042486f3c1a8,6aae1eb4-fb89-4c8f-b750-cc77c9a7477e,c2,c1,1011,i8,?,
1768592012.8698463,SENT,8572c5fe-b5ec-4fa1-b672-2bbac848ac43,bba29856-be14-48c8-a77d-2dba102f7453,c4,c2,687,?,p2,
1768592012.8698955,FORWARDED,8572c5fe-b5ec-4fa1-b672-2bbac848ac43,bba29856-be14-48c8-a77d-2dba102f7453,c4,c2,687,?,p2,
1768592012.8770323,RECEIVED,0148510c-582b-404e-adcd-54d0786856c3,c2797ff6-8b8c-4231-8b2c-4493fc76ded5,c4,c3,1020,i11,?,
1768592013.0450785,SENT,3483f0ab-fcec-4126-a59b-3c63fce364e3,71f13b8e-d0e9-4980-8b2f-80293c5a1845,c2,c5,688,?,p2,
1768592013.0451233,FORWARDED,3483f0ab-fcec-4126-a59b-3c63fce364e3,71f13b8e-d0e9-4980-8b2f-80293c5a1845,c2,c5,688,?,p2,
1768592013.0522568,RECEIVED,96aa8fe8-813f-4149-bb2d-37425d328c48,004dbd6d-ea6e-4ed1-8898-a18ba42c2a03,c4,c2,1012,i12,?,
1768592013.0593781,RECEIVED,5b302bb9-814b-43e0-b776-ff23306f7ab3,b5742708-3b90-49c8-80ef-ffae2e01616c,c2,c4,1011,i8,?,
1768592013.0995543,SENT,0148510c-582b-404e-adcd-54d0786856c3,c2797ff6-8b8c-4231-8b2c-4493fc76ded5,c4,c3,693,?,p3,
1768592013.0995946,FORWARDED,0148510c-582b-404e-adcd-54d0786856c3,c2797ff6-8b8c-4231-8b2c-4493fc76ded5,c4,c3,693,?,p3,
1768592013.3495033,SENT,7fb3fd0d-f6c1-4eb3-b444-45a3ac9f9a8c,6d3e1b31-c451-4d6b-8617-1f79d093a9cd,c1,c3,688,?,p3,
1768592013.3495426,FORWARDED,7fb3fd0d-f6c1-4eb3-b444-45a3ac9f9a8c,6d3e1b31-c451-4d6b-8617-1f79d093a9cd,c1,c3,688,?,p3,
1768592013.444912,RECEIVED,2195484b-ed87-443e-ba64-4602254d8442,951520b6-813c-4fe4-87e6-34b8e0e8db20,c1,c5,1007,i1,?,
1768592013.4853048,SENT,96aa8fe8-813f-4149-bb2d-37425d328c48,004dbd6d-ea6e-4ed1-8898-a18ba42c2a03,c4,c2,687,?,p2,
1768592013.4855561,FORWARDED,96aa8fe8-813f-4149-bb2d-37425d328c48,004dbd6d-ea6e-4ed1-8898-a18ba42c2a03,c4,c2,687,?,p2,
1768592013.5290086,RECEIVED,583d3c3a-c93b-4368-9020-a1ba69913114,b57fed49-a668-4ab0-ad13-666fe2985309,c3,c1,1011,i7,?,
1768592013.5924375,RECEIVED,df35fc40-ff8b-43ca-84af-6b640e50707f,3847ddbf-176a-4650-95aa-3d1a2358bb68,c5,c1,1011,i11,?,
1768592013.5936468,SENT,ea23e36b-9ca1-4d82-a7f8-fa9faed3f5f9,21df40c8-272b-4ca5-b7d3-85e62ca75bdf,c4,c1,692,?,p1,
1768592013.5936844,FORWARDED,ea23e36b-9ca1-4d82-a7f8-fa9faed3f5f9,21df40c8-272b-4ca5-b7d3-85e62ca75bdf,c4,c1,692,?,p1,
1768592013.6021514,SENT,5b302bb9-814b-43e0-b776-ff23306f7ab3,b5742708-3b90-49c8-80ef-ffae2e01616c,c2,c4,687,?,p1,
1768592013.6021924,FORWARDED,5b302bb9-814b-43e0-b776-ff23306f7ab3,b5742708-3b90-49c8-80ef-ffae2e01616c,c2,c4,687,?,p1,
1768592013.6235104,SENT,583d3c3a-c93b-4368-9020-a1ba69913114,b57fed49-a668-4ab0-ad13-666fe2985309,c3,c1,687,?,p1,
1768592013.6235478,FORWARDED,583d3c3a-c93b-4368-9020-a1ba69913114,b57fed49-a668-4ab0-ad13-666fe2985309,c3,c1,687,?,p1,
1768592013.6247172,RECEIVED,dfbdcecc-d299-4542-b667-04b519245f2c,81066c0d-c483-4ec3-88e6-da84de4d7cb8,c1,c3,1021,i4,?,
1768592013.727685,SENT,dfbdcecc-d299-4542-b667-04b519245f2c,81066c0d-c483-4ec3-88e6-da84de4d7cb8,c1,c3,692,?,p3,
1768592013.7277253,FORWARDED,dfbdcecc-d299-4542-b667-04b519245f2c,81066c0d-c483-4ec3-88e6-da84de4d7cb8,c1,c3,692,?,p3,
1768592013.7352035,SENT,d1b1ef79-300a-4cec-929b-042486f3c1a8,6aae1eb4-fb89-4c8f-b750-cc77c9a7477e,c2,c1,687,?,p1,
1768592013.735251,FORWARDED,d1b1ef79-300a-4cec-929b-042486f3c1a8,6aae1eb4-fb89-4c8f-b750-cc77c9a7477e,c2,c1,687,?,p1,
1768592014.0414124,RECEIVED,60f4fd5a-14d0-4c6b-b1c2-8c3e9bc58a30,2aae8e0d-165c-4b74-9bbb-ee6ceccf47e4,c1,c2,1011,i4,?,
1768592014.077632,RECEIVED,66341d06-6c2c-46e2-a008-7727c5f05d5c,3478cc35-2afb-4a26-ada5-d2cc99af3fb1,c5,c3,1013,i2,?,
1768592014.1185644,SENT,66341d06-6c2c-46e2-a008-7727c5f05d5c,3478cc35-2afb-4a26-ada5-d2cc99af3fb1,c5,c3,687,?,p3,
1768592014.1186035,FORWARDED,66341d06-6c2c-46e2-a008-7727c5f05d5c,3478cc35-2afb-4a26-ada5-d2cc99af3fb1,c5,c3,687,?,p3,
1768592014.1209996,SENT,2195484b-ed87-443e-ba64-4602254d8442,951520b6-813c-4fe4-87e6-34b8e0e8db20,c1,c5,684,?,p2,
1768592014.121042,FORWARDED,2195484b-ed87-443e-ba64-4602254d8442,951520b6-813c-4fe4-87e6-34b8e0e8db20,c1,c5,684,?,p2,
1768592014.1414046,SENT,df35fc40-ff8b-43ca-84af-6b640e50707f,3847ddbf-176a-4650-95aa-3d1a2358bb68,c5,c1,687,?,p1,
1768592014.1414442,FORWARDED,df35fc40-ff8b-43ca-84af-6b640e50707f,3847ddbf-176a-4650-95aa-3d1a2358bb68,c5,c1,687,?,p1,
1768592014.4963248,SENT,60f4fd5a-14d0-4c6b-b1c2-8c3e9bc58a30,2aae8e0d-165c-4b74-9bbb-ee6ceccf47e4,c1,c2,687,?,p2,
1768592014.4963655,FORWARDED,60f4fd5a-14d0-4c6b-b1c2-8c3e9bc58a30,2aae8e0d-165c-4b74-9bbb-ee6ceccf47e4,c1,c2,687,?,p2,
1768592014.6932256,RECEIVED,50011b28-746b-4608-9602-62a077411fb2,81945292-0e29-446e-b1fd-8036ff10ffab,c4,c2,1016,i7,?,
1768592014.8284864,RECEIVED,1db45b10-a5ed-48b2-96cc-b4d448467bcf,93643ad7-9257-4971-901e-643dc4b1e7cf,c2,DROP,689,i12,?,
1768592014.8773887,RECEIVED,a939dd4a-a52c-4268-a678-331a1be6b813,7af43099-d596-4eeb-997c-8f240b147631,c1,c2,1016,i4,?,
1768592014.9036658,SENT,1db45b10-a5ed-48b2-96cc-b4d448467bcf,93643ad7-9257-4971-901e-643dc4b1e7cf,c2,DROP,442,?,e4,
1768592014.903708,FORWARDED,1db45b10-a5ed-48b2-96cc-b4d448467bcf,93643ad7-9257-4971-901e-643dc4b1e7cf,c2,DROP,442,?,e4,
1768592014.9755497,SENT,50011b28-746b-4608-9602-62a077411fb2,81945292-0e29-446e-b1fd-8036ff10ffab,c4,c2,688,?,p2,
1768592014.9755929,FORWARDED,50011b28-746b-4608-9602-62a077411fb2,81945292-0e29-446e-b1fd-8036ff10ffab,c4,c2,688,?,p2,
1768592015.0078478,RECEIVED,710cc3c4-3deb-4e6f-a88a-02e56c44e1ca,e9f19349-d38a-4d3b-903f-2387f46662da,c3,c5,1023,i1,?,
1768592015.0170348,SENT,a939dd4a-a52c-4268-a678-331a1be6b813,7af43099-d596-4eeb-997c-8f240b147631,c1,c2,688,?,p2,
1768592015.0171037,FORWARDED,a939dd4a-a52c-4268-a678-331a1be6b813,7af43099-d596-4eeb-997c-8f240b147631,c1,c2,688,?,p2,
1768592015.1002731,RECEIVED,28198d7b-fd8e-4628-9808-c68d35a85d9b,1e74367d-cfcf-4375-8a37-d0a96fe9b961,c1,c5,1011,i6,?,
1768592015.1679196,RECEIVED,8508ba17-5101-4217-9f24-09f315b05fce,5f3b6813-6a5d-46e6-83e6-d71e273fb5b6,c3,c2,1012,i2,?,
1768592015.2213538,SENT,8508ba17-5101-4217-9f24-09f315b05fce,5f3b6813-6a5d-46e6-83e6-d71e273fb5b6,c3,c2,687,?,p2,
1768592015.2215648,FORWARDED,8508ba17-5101-4217-9f24-09f315b05fce,5f3b6813-6a5d-46e6-83e6-d71e273fb5b6,c3,c2,687,?,p2,
1768592015.385693,SENT,28198d7b-fd8e-4628-9808-c68d35a85d9b,1e74367d-cfcf-4375-8a37-d0a96fe9b961,c1,c5,686,?,p2,
1768592015.3857343,FORWARDED,28198d7b-fd8e-4628-9808-c68d35a85d9b,1e74367d-cfcf-4375-8a37-d0a96fe9b961,c1,c5,686,?,p2,
1768592015.5498197,RECEIVED,9205901e-f2f6-4189-9e94-d6a6559e387a,0f4c82fd-8be1-48e4-a148-eb5df23c3547,c3,c2,1015,i8,?,
1768592015.5983033,RECEIVED,83f2f859-2f85-427b-b7e9-1b894dc9f7e6,02fe28de-29fb-4dfe-b0cc-a4fa178c15b7,c1,c3,1016,i7,?,
1768592015.7914073,RECEIVED,a92f5232-9504-476a-a79f-d03ce7d45aea,39b92aab-2b5b-4b1e-9705-cd2d45175995,c5,c3,1012,i9,?,
1768592015.894576,RECEIVED,43fe44be-3750-4912-81c2-37decb783335,28a653b6-2a6b-4494-91bc-1e03a3b79c3f,c1,c3,1011,i5,?,
1768592015.9049637,SENT,83f2f859-2f85-427b-b7e9-1b894dc9f7e6,02fe28de-29fb-4dfe-b0cc-a4fa178c15b7,c1,c3,688,?,p3,
1768592015.9050047,FORWARDED,83f2f859-2f85-427b-b7e9-1b894dc9f7e6,02fe28de-29fb-4dfe-b0cc-a4fa178c15b7,c1,c3,688,?,p3,
1768592015.9861407,SENT,a92f5232-9504-476a-a79f-d03ce7d45aea,39b92aab-2b5b-4b1e-9705-cd2d45175995,c5,c3,687,?,p3,
1768592015.9861853,FORWARDED,a92f5232-9504-476a-a79f-d03ce7d45aea,39b92aab-2b5b-4b1e-9705-cd2d45175995,c5,c3,687,?,p3,
1768592016.062762,SENT,9205901e-f2f6-4189-9e94-d6a6559e387a,0f4c82fd-8be1-48e4-a148-eb5df23c3547,c3,c2,689,?,p2,
1768592016.062803,FORWARDED,9205901e-f2f6-4189-9e94-d6a6559e387a,0f4c82fd-8be1-48e4-a148-eb5df23c3547,c3,c2,689,?,p2,
1768592016.0926316,RECEIVED,f66b2293-eee4-407b-a4a9-b06f69a90ebc,e7662284-5532-4d71-adc9-fa41e912321a,c4,c3,1014,i12,?,
1768592016.3694322,SENT,f66b2293-eee4-407b-a4a9-b06f69a90ebc,e7662284-5532-4d71-adc9-fa41e912321a,c4,c3,688,?,p3,
1768592016.3694763,FORWARDED,f66b2293-eee4-407b-a4a9-b06f69a90ebc,e7662284-5532-4d71-adc9-fa41e912321a,c4,c3,688,?,p3,
1768592016.4668555,SENT,710cc3c4-3deb-4e6f-a88a-02e56c44e1ca,e9f19349-d38a-4d3b-903f-2387f46662da,c3,c5,695,?,p2,
1768592016.466901,FORWARDED,710cc3c4-3deb-4e6f-a88a-02e56c44e1ca,e9f19349-d38a-4d3b-903f-2387f46662da,c3,c5,695,?,p2,
1768592016.530487,RECEIVED,e6c962cc-ec34-449e-a8b5-032348c3cf2e,6a409a90-e0ad-4077-a495-7f48922e2a4d,c1,c3,1012,i4,?,
1768592016.5808897,SENT,43fe44be-3750-4912-81c2-37decb783335,28a653b6-2a6b-4494-91bc-1e03a3b79c3f,c1,c3,687,?,p3,
1768592016.580928,FORWARDED,43fe44be-3750-4912-81c2-37decb783335,28a653b6-2a6b-4494-91bc-1e03a3b79c3f,c1,c3,687,?,p3,
1768592016.730851,RECEIVED,e24cf5da-d711-425c-9c58-066124f4eb98,f8e0aed1-6e58-4230-a7b0-ae9a26ddf7de,c4,c1,1015,i2,?,
1768592016.797118,SENT,e6c962cc-ec34-449e-a8b5-032348c3cf2e,6a409a90-e0ad-4077-a495-7f48922e2a4d,c1,c3,686,?,p3,
1768592016.79716,FORWARDED,e6c962cc-ec34-449e-a8b5-032348c3cf2e,6a409a90-e0ad-4077-a495-7f48922e2a4d,c1,c3,686,?,p3,
1768592016.8422487,SENT,e24cf5da-d711-425c-9c58-066124f4eb98,f8e0aed1-6e58-4230-a7b0-ae9a26ddf7de,c4,c1,688,?,p1,
1768592016.8422916,FORWARDED,e24cf5da-d711-425c-9c58-066124f4eb98,f8e0aed1-6e58-4230-a7b0-ae9a26ddf7de,c4,c1,688,?,p1,
1768592017.0464265,RECEIVED,7b202de9-0a57-4140-b304-f7d9ac99ef54,1eb7b486-d941-4381-a0a1-cfff2ec3eb63,c1,c5,1023,i4,?,
1768592017.0866525,RECEIVED,bd3cd9d3-8802-4b56-a6ba-585fb5de1f4c,c7da254a-0ef0-4edc-a312-7754ba7f61d4,c1,c3,1020,i12,?,
1768592017.257636,SENT,bd3cd9d3-8802-4b56-a6ba-585fb5de1f4c,c7da254a-0ef0-4edc-a312-7754ba7f61d4,c1,c3,693,?,p3,
1768592017.2576787,FORWARDED,bd3cd9d3-8802-4b56-a6ba-585fb5de1f4c,c7da254a-0ef0-4edc-a312-7754ba7f61d4,c1,c3,693,?,p3,
1768592017.3093421,RECEIVED,521c6ca8-e61c-4c94-8a01-22418a14d557,7edf605f-777f-4e7a-bf53-8b7614fcff21,c5,c2,1015,i5,?,
1768592017.5038645,SENT,7b202de9-0a57-4140-b304-f7d9ac99ef54,1eb7b486-d941-4381-a0a1-cfff2ec3eb63,c1,c5,696,?,p2,
1768592017.5039077,FORWARDED,7b202de9-0a57-4140-b304-f7d9ac99ef54,1eb7b486-d941-4381-a0a1-cfff2ec3eb63,c1,c5,696,?,p2,
1768592017.533474,SENT,521c6ca8-e61c-4c94-8a01-22418a14d557,7edf605f-777f-4e7a-bf53-8b7614fcff21,c5,c2,688,?,p2,
1768592017.5335174,FORWARDED,521c6ca8-e61c-4c94-8a01-22418a14d557,7edf605f-777f-4e7a-bf53-8b7614fcff21,c5,c2,688,?,p2,
1768592017.6279142,RECEIVED,19ef30f4-c02c-4095-a94f-5353de692d82,7526bc36-2b29-4429-9a16-732a1cba914d,c3,c5,1013,i6,?,
1768592017.6448536,RECEIVED,232415e7-8513-41f1-a0aa-864484d46119,ebd2c562-68ff-4026-8194-044999f822c7,c4,c5,1019,i12,?,
1768592017.7236764,RECEIVED,a2cb7079-ca59-4267-94ac-48322a9570ce,e7b20586-b7d5-452e-97ac-d790feb98c39,c3,c5,1023,i12,?,
1768592017.822795,RECEIVED,197ff183-77ae-4189-b5e0-27a29751a93c,b544b63b-7124-49f2-92f6-cfd0cee12898,c3,c5,1019,i12,?,
1768592018.02193,RECEIVED,aff8ba22-31c2-4ef1-ac1b-9933a5775611,df5bcbc3-bbb7-4bd8-a63a-f2e025979719,c1,c4,1015,i8,?,
1768592018.034212,RECEIVED,4705594c-560f-49de-8426-a748024c30d3,8097a762-2246-44a8-983b-5e24db769aeb,c1,c5,1020,i12,?,
1768592018.167691,RECEIVED,c721a907-bdfb-416e-9ad8-a31434ff2a08,d2541ba3-ba21-49f2-8f3c-a50f793c8a61,c3,DROP,684,i6,?,
1768592018.1685421,SENT,a2cb7079-ca59-4267-94ac-48322a9570ce,e7b20586-b7d5-452e-97ac-d790feb98c39,c3,c5,696,?,p2,
1768592018.1685832,FORWARDED,a2cb7079-ca59-4267-94ac-48322a9570ce,e7b20586-b7d5-452e-97ac-d790feb98c39,c3,c5,696,?,p2,
1768592018.1837993,RECEIVED,3d253bb5-87b0-47d5-97ac-1c4a4f3ae81b,28b0e45c-365c-4819-a6c3-181504615e81,c1,c5,1018,i12,?,
1768592018.1964786,RECEIVED,fb9ec3ea-acda-4eac-a3a8-3387c2208638,8bc59172-6897-4766-863a-e537affe9cc8,c2,c5,1016,i5,?,
1768592018.3953633,SENT,4705594c-560f-49de-8426-a748024c30d3,8097a762-2246-44a8-983b-5e24db769aeb,c1,c5,691,?,p2,
1768592018.3954027,FORWARDED,4705594c-560f-49de-8426-a748024c30d3,8097a762-2246-44a8-983b-5e24db769aeb,c1,c5,691,?,p2,
1768592018.4547646,SENT,fb9ec3ea-acda-4eac-a3a8-3387c2208638,8bc59172-6897-4766-863a-e537affe9cc8,c2,c5,688,?,p2,
1768592018.454805,FORWARDED,fb9ec3ea-acda-4eac-a3a8-3387c2208638,8bc59172-6897-4766-863a-e537affe9cc8,c2,c5,688,?,p2,
1768592018.4849625,RECEIVED,3558d920-a854-4606-b6a3-aa34aae239f5,75d53403-b1d1-425d-9036-268b7cac972c,c3,c4,1011,i1,?,
1768592018.5260305,SENT,19ef30f4-c02c-4095-a94f-5353de692d82,7526bc36-2b29-4429-9a16-732a1cba914d,c3,c5,688,?,p2,
1768592018.5260851,FORWARDED,19ef30f4-c02c-4095-a94f-5353de692d82,7526bc36-2b29-4429-9a16-732a1cba914d,c3,c5,688,?,p2,
1768592018.5378423,SENT,232415e7-8513-41f1-a0aa-864484d46119,ebd2c562-68ff-4026-8194-044999f822c7,c4,c5,692,?,p2,
1768592018.5378857,FORWARDED,232415e7-8513-41f1-a0aa-864484d46119,ebd2c562-68ff-4026-8194-044999f822c7,c4,c5,692,?,p2,
1768592018.570558,SENT,c721a907-bdfb-416e-9ad8-a31434ff2a08,d2541ba3-ba21-49f2-8f3c-a50f793c8a61,c3,DROP,441,?,i4,
1768592018.5706,FORWARDED,c721a907-bdfb-416e-9ad8-a31434ff2a08,d2541ba3-ba21-49f2-8f3c-a50f793c8a61,c3,DROP,441,?,i4,
1768592018.6650732,SENT,197ff183-77ae-4189-b5e0-27a29751a93c,b544b63b-7124-49f2-92f6-cfd0cee12898,c3,c5,692,?,p2,
1768592018.6651542,FORWARDED,197ff183-77ae-4189-b5e0-27a29751a93c,b544b63b-7124-49f2-92f6-cfd0cee12898,c3,c5,692,?,p2,
1768592018.7573037,SENT,3d253bb5-87b0-47d5-97ac-1c4a4f3ae81b,28b0e45c-365c-4819-a6c3-181504615e81,c1,c5,691,?,p2,
1768592018.7573535,FORWARDED,3d253bb5-87b0-47d5-97ac-1c4a4f3ae81b,28b0e45c-365c-4819-a6c3-181504615e81,c1,c5,691,?,p2,
1768592018.8102417,RECEIVED,820b70af-1966-4acc-900f-abe7aa40bbed,60b25f75-45fa-4d1b-ae1b-2fa133d52284,c1,DROP,688,i8,?,
1768592019.1273673,RECEIVED,8941aef3-b411-4e95-9e3a-1cf649be511c,82f56aac-4ca0-4e66-af59-4165aca11089,c2,c1,1015,i7,?,
1768592019.1889064,RECEIVED,4221fbc6-d3fc-418e-9855-77149efc9d23,9b5301be-6b4b-486c-aea7-00c077c36d32,c3,c5,1016,i11,?,
1768592019.2242992,RECEIVED,aa37996f-b592-4b1e-937b-e215f2f0ee86,9647f659-2be3-4afb-be4f-4c7fcf4a27f5,c5,c4,1020,i11,?,
1768592019.2817001,SENT,820b70af-1966-4acc-900f-abe7aa40bbed,60b25f75-45fa-4d1b-ae1b-2fa133d52284,c1,DROP,442,?,e3,
1768592019.2819657,FORWARDED,820b70af-1966-4acc-900f-abe7aa40bbed,60b25f75-45fa-4d1b-ae1b-2fa133d52284,c1,DROP,442,?,e3,
1768592019.3572075,SENT,4221fbc6-d3fc-418e-9855-77149efc9d23,9b5301be-6b4b-486c-aea7-00c077c36d32,c3,c5,688,?,p2,
1768592019.3572578,FORWARDED,4221fbc6-d3fc-418e-9855-77149efc9d23,9b5301be-6b4b-486c-aea7-00c077c36d32,c3,c5,688,?,p2,
1768592019.3935533,SENT,aa37996f-b592-4b1e-937b-e215f2f0ee86,9647f659-2be3-4afb-be4f-4c7fcf4a27f5,c5,c4,692,?,p1,
1768592019.3935905,FORWARDED,aa37996f-b592-4b1e-937b-e215f2f0ee86,9647f659-2be3-4afb-be4f-4c7fcf4a27f5,c5,c4,692,?,p1,
1768592019.4463913,RECEIVED,7066e209-63db-4b29-96b2-84a99314b401,1e2ba853-cacc-4045-a4d1-6b24dca0a309,c4,c5,1023,i1,?,
1768592019.484112,SENT,7066e209-63db-4b29-96b2-84a99314b401,1e2ba853-cacc-4045-a4d1-6b24dca0a309,c4,c5,695,?,p2,
1768592019.4841568,FORWARDED,7066e209-63db-4b29-96b2-84a99314b401,1e2ba853-cacc-4045-a4d1-6b24dca0a309,c4,c5,695,?,p2,
1768592019.485961,SENT,aff8ba22-31c2-4ef1-ac1b-9933a5775611,df5bcbc3-bbb7-4bd8-a63a-f2e025979719,c1,c4,689,?,p1,
1768592019.4860022,FORWARDED,aff8ba22-31c2-4ef1-ac1b-9933a5775611,df5bcbc3-bbb7-4bd8-a63a-f2e025979719,c1,c4,689,?,p1,
1768592019.5062633,RECEIVED,96e376d6-853a-49aa-9f18-dfe936dc71db,14bb7495-6711-42dc-a9bd-e64a70a94450,c1,c4,1015,i11,?,
1768592019.6536818,RECEIVED,2355082e-e57b-4552-84bf-0b8ef254c4c6,691c06e9-d16d-4add-a8ad-586b522fa62d,c5,c3,1020,i1,?,
1768592019.706544,RECEIVED,7f4165cf-566b-43a3-8414-dd1082e25c59,1e11e41f-3ec1-466b-b97b-de95366ccdbe,c5,c1,1016,i9,?,
1768592019.7441187,RECEIVED,195b51b7-49af-4860-8b73-08060c74d914,1c7196d1-7340-4435-a529-e89cacdb7df4,c5,c1,1024,i11,?,
1768592019.7915232,SENT,2355082e-e57b-4552-84bf-0b8ef254c4c6,691c06e9-d16d-4add-a8ad-586b522fa62d,c5,c3,692,?,p3,
1768592019.791889,FORWARDED,2355082e-e57b-4552-84bf-0b8ef254c4c6,691c06e9-d16d-4add-a8ad-586b522fa62d,c5,c3,692,?,p3,
1768592019.8062336,SENT,96e376d6-853a-49aa-9f18-dfe936dc71db,14bb7495-6711-42dc-a9bd-e64a70a94450,c1,c4,689,?,p1,
1768592019.8062737,FORWARDED,96e376d6-853a-49aa-9f18-dfe936dc71db,14bb7495-6711-42dc-a9bd-e64a70a94450,c1,c4,689,?,p1,
1768592019.8286197,RECEIVED,67a9ac69-184f-4c67-a63f-b784a934afb4,2524e8b0-0692-479d-83ba-611a5c289b00,c2,c4,1024,i5,?,
1768592019.908652,SENT,67a9ac69-184f-4c67-a63f-b784a934afb4,2524e8b0-0692-479d-83ba-611a5c289b00,c2,c4,695,?,p1,
1768592019.9086974,FORWARDED,67a9ac69-184f-4c67-a63f-b784a934afb4,2524e8b0-0692-479d-83ba-611a5c289b00,c2,c4,695,?,p1,
1768592019.9119515,SENT,7f4165cf-566b-43a3-8414-dd1082e25c59,1e11e41f-3ec1-466b-b97b-de95366ccdbe,c5,c1,688,?,p1,
1768592019.9120033,FORWARDED,7f4165cf-566b-43a3-8414-dd1082e25c59,1e11e41f-3ec1-466b-b97b-de95366ccdbe,c5,c1,688,?,p1,
1768592019.957128,SENT,195b51b7-49af-4860-8b73-08060c74d914,1c7196d1-7340-4435-a529-e89cacdb7df4,c5,c1,695,?,p1,
1768592019.9571693,FORWARDED,195b51b7-49af-4860-8b73-08060c74d914,1c7196d1-7340-4435-a529-e89cacdb7df4,c5,c1,695,?,p1,
1768592019.9684532,RECEIVED,f57b5bcf-9d88-4305-8e0a-0fe9dc25f973,452e3d1d-ef4f-4b47-aa5a-7a31a1e3b5d1,c4,c3,1020,i2,?,
1768592020.1221168,RECEIVED,b802eb8c-bb87-4577-8858-123113fb5c6a,6542c6c2-f14a-4507-84e4-9987c324f7d4,c3,c4,1019,i11,?,
1768592020.1260052,RECEIVED,194566c1-e264-4dcc-8672-66e79553a516,eb933644-389f-404f-bc16-5dc06b547d86,c4,c3,1020,i5,?,
1768592020.2038991,SENT,8941aef3-b411-4e95-9e3a-1cf649be511c,82f56aac-4ca0-4e66-af59-4165aca11089,c2,c1,688,?,p1,
1768592020.203938,FORWARDED,8941aef3-b411-4e95-9e3a-1cf649be511c,82f56aac-4ca0-4e66-af59-4165aca11089,c2,c1,688,?,p1,
1768592020.2334032,SENT,f57b5bcf-9d88-4305-8e0a-0fe9dc25f973,452e3d1d-ef4f-4b47-aa5a-7a31a1e3b5d1,c4,c3,691,?,p3,
1768592020.2334619,FORWARDED,f57b5bcf-9d88-4305-8e0a-0fe9dc25f973,452e3d1d-ef4f-4b47-aa5a-7a31a1e3b5d1,c4,c3,691,?,p3,
1768592020.2840743,SENT,3558d920-a854-4606-b6a3-aa34aae239f5,75d53403-b1d1-425d-9036-268b7cac972c,c3,c4,687,?,p1,
1768592020.2841127,FORWARDED,3558d920-a854-4606-b6a3-aa34aae239f5,75d53403-b1d1-425d-9036-268b7cac972c,c3,c4,687,?,p1,
1768592020.316295,SENT,194566c1-e264-4dcc-8672-66e79553a516,eb933644-389f-404f-bc16-5dc06b547d86,c4,c3,691,?,p3,
1768592020.316332,FORWARDED,194566c1-e264-4dcc-8672-66e79553a516,eb933644-389f-404f-bc16-5dc06b547d86,c4,c3,691,?,p3,
1768592020.3623528,RECEIVED,c906a4a8-afe6-447d-8dc6-4d36b2288dce,bd6fbfbc-0526-4115-b213-80a1c2ffea2a,c3,c2,1020,i11,?,
1768592020.5625231,SENT,c906a4a8-afe6-447d-8dc6-4d36b2288dce,bd6fbfbc-0526-4115-b213-80a1c2ffea2a,c3,c2,692,?,p2,
1768592020.562562,FORWARDED,c906a4a8-afe6-447d-8dc6-4d36b2288dce,bd6fbfbc-0526-4115-b213-80a1c2ffea2a,c3,c2,692,?,p2,
1768592020.6952922,SENT,b802eb8c-bb87-4577-8858-123113fb5c6a,6542c6c2-f14a-4507-84e4-9987c324f7d4,c3,c4,692,?,p1,
1768592020.695338,FORWARDED,b802eb8c-bb87-4577-8858-123113fb5c6a,6542c6c2-f14a-4507-84e4-9987c324f7d4,c3,c4,692,?,p1,
1768592020.994633,RECEIVED,a6e6c7a8-86de-486f-8862-0c31954783ca,41d52b43-961d-43b2-beb7-13407031c973,c5,c2,1015,i4,?,
1768592021.2101417,RECEIVED,5ee62950-2ba9-4d16-ae25-931e2b5a94bc,9274351b-5d5b-4bd9-9a3b-78a88b948345,c5,c1,1015,i11,?,
1768592021.232403,RECEIVED,9bef1d44-3ed8-48bc-b588-d2abd415c9ae,edc5b41f-39f8-4e23-bb43-565d17c12020,c2,c4,1012,i2,?,
1768592021.3732202,RECEIVED,df4fe443-cb96-4441-8b7e-3a9d8110ec1e,53f42d11-eac3-4ff0-9e23-aa9544284f48,c2,c5,1013,i6,?,
1768592021.3885589,SENT,9bef1d44-3ed8-48bc-b588-d2abd415c9ae,edc5b41f-39f8-4e23-bb43-565d17c12020,c2,c4,687,?,p1,
1768592021.3886085,FORWARDED,9bef1d44-3ed8-48bc-b588-d2abd415c9ae,edc5b41f-39f8-4e23-bb43-565d17c12020,c2,c4,687,?,p1,
1768592021.4598796,SENT,df4fe443-cb96-4441-8b7e-3a9d8110ec1e,53f42d11-eac3-4ff0-9e23-aa9544284f48,c2,c5,688,?,p2,
1768592021.459924,FORWARDED,df4fe443-cb96-4441-8b7e-3a9d8110ec1e,53f42d11-eac3-4ff0-9e23-aa9544284f48,c2,c5,688,?,p2,
1768592021.4722695,RECEIVED,3c48c1b1-d6cb-4c6b-93bb-801c523f9aed,28195ec1-4144-41c8-b251-3ce470e5cce2,c5,c4,1011,i2,?,
1768592021.7078462,SENT,a6e6c7a8-86de-486f-8862-0c31954783ca,41d52b43-961d-43b2-beb7-13407031c973,c5,c2,690,?,p2,
1768592021.707897,FORWARDED,a6e6c7a8-86de-486f-8862-0c31954783ca,41d52b43-961d-43b2-beb7-13407031c973,c5,c2,690,?,p2,
1768592021.8571916,SENT,5ee62950-2ba9-4d16-ae25-931e2b5a94bc,9274351b-5d5b-4bd9-9a3b-78a88b948345,c5,c1,688,?,p1,
1768592021.857244,FORWARDED,5ee62950-2ba9-4d16-ae25-931e2b5a94bc,9274351b-5d5b-4bd9-9a3b-78a88b948345,c5,c1,688,?,p1,
1768592021.8912048,RECEIVED,7f3a9836-700e-4368-b003-92c505bf43e7,b10b3b29-0b95-481d-95eb-b06eddade5a3,c4,c2,1011,i2,?,
1768592021.9210885,RECEIVED,61c7cacf-af39-47a5-b32c-6f1ffc728c7d,80dd7316-9745-4900-9b76-addcbcf8eb85,c3,c1,1015,i9,?,
1768592022.1221027,RECEIVED,e0eabd84-f37e-44d2-bd52-ba6b90ab08ff,6a4a1578-1b91-4e09-b59c-90624008109f,c4,DROP,442,x2,?,
1768592022.1319954,SENT,61c7cacf-af39-47a5-b32c-6f1ffc728c7d,80dd7316-9745-4900-9b76-addcbcf8eb85,c3,c1,688,?,p1,
1768592022.1320364,FORWARDED,61c7cacf-af39-47a5-b32c-6f1ffc728c7d,80dd7316-9745-4900-9b76-addcbcf8eb85,c3,c1,688,?,p1,
1768592022.2307541,SENT,7f3a9836-700e-4368-b003-92c505bf43e7,b10b3b29-0b95-481d-95eb-b06eddade5a3,c4,c2,687,?,p2,
1768592022.2307968,FORWARDED,7f3a9836-700e-4368-b003-92c505bf43e7,b10b3b29-0b95-481d-95eb-b06eddade5a3,c4,c2,687,?,p2,
1768592022.4162161,SENT,3c48c1b1-d6cb-4c6b-93bb-801c523f9aed,28195ec1-4144-41c8-b251-3ce470e5cce2,c5,c4,687,?,p1,
1768592022.4162574,FORWARDED,3c48c1b1-d6cb-4c6b-93bb-801c523f9aed,28195ec1-4144-41c8-b251-3ce470e5cce2,c5,c4,687,?,p1,
1768592023.4787219,RECEIVED,93f7cc45-f7c6-41d3-953d-07c7f0be3c2c,b95548d9-2a9c-4247-a322-5bcb6d2b9714,c2,c4,1012,i1,?,
1768592023.854845,RECEIVED,13f8d710-3d1c-4cbb-a2ac-cf194ea2327e,dcb50d9c-7ac3-4cfc-af20-edf3256e6e09,c2,DROP,689,i5,?,
1768592023.9490721,SENT,93f7cc45-f7c6-41d3-953d-07c7f0be3c2c,b95548d9-2a9c-4247-a322-5bcb6d2b9714,c2,c4,687,?,p1,
1768592023.9491138,FORWARDED,93f7cc45-f7c6-41d3-953d-07c7f0be3c2c,b95548d9-2a9c-4247-a322-5bcb6d2b9714,c2,c4,687,?,p1,
1768592023.9631019,RECEIVED,f716f5e4-8c0c-47f7-bb18-37e1e477c4ea,3ac4f391-a59c-49ca-acf7-573adfa5733d,c4,c5,1019,i7,?,
1768592023.9742665,SENT,13f8d710-3d1c-4cbb-a2ac-cf194ea2327e,dcb50d9c-7ac3-4cfc-af20-edf3256e6e09,c2,DROP,442,?,e11,
1768592023.974307,FORWARDED,13f8d710-3d1c-4cbb-a2ac-cf194ea2327e,dcb50d9c-7ac3-4cfc-af20-edf3256e6e09,c2,DROP,442,?,e11,
1768592024.0762482,RECEIVED,298c6912-5ebf-479d-99dd-21b6dabe93b7,6a037948-3d0f-400b-8632-bf5c845f0a03,c3,c5,1015,i7,?,
1768592024.1986003,RECEIVED,ab3cf92d-2c72-405b-9f19-3f3586f8436f,8589c989-70b1-49ad-bc6a-7a4b1a5c6b9e,c3,c5,1019,i11,?,
1768592024.3919659,RECEIVED,15bd68d9-04ec-4e8b-a72e-204282836efc,d9dc6d02-cc6b-42ae-a417-8e52579954af,c4,c2,1021,i7,?,
1768592024.4797072,SENT,15bd68d9-04ec-4e8b-a72e-204282836efc,d9dc6d02-cc6b-42ae-a417-8e52579954af,c4,c2,691,?,p2,
1768592024.4797473,FORWARDED,15bd68d9-04ec-4e8b-a72e-204282836efc,d9dc6d02-cc6b-42ae-a417-8e52579954af,c4,c2,691,?,p2,
1768592024.5489867,RECEIVED,2a71f712-674a-45fa-90a1-920134d3f1ef,7b1fdcf5-aad1-47d8-a4cf-d13d2584320a,c1,c4,1019,i11,?,
1768592024.589874,SENT,ab3cf92d-2c72-405b-9f19-3f3586f8436f,8589c989-70b1-49ad-bc6a-7a4b1a5c6b9e,c3,c5,692,?,p2,
1768592024.5899146,FORWARDED,ab3cf92d-2c72-405b-9f19-3f3586f8436f,8589c989-70b1-49ad-bc6a-7a4b1a5c6b9e,c3,c5,692,?,p2,
1768592024.6429355,RECEIVED,c17de44f-ce4f-44ad-84ed-73308f3fba80,3fc5ec4c-9217-4958-bf72-36f1491c58b2,c3,c4,1023,i5,?,
1768592024.8260322,RECEIVED,89c6bed5-3506-436f-81cd-a5845937d1a6,bd4e3478-d047-40dd-b91b-dc6023b8953f,c3,c5,1017,i6,?,
1768592024.8904202,SENT,89c6bed5-3506-436f-81cd-a5845937d1a6,bd4e3478-d047-40dd-b91b-dc6023b8953f,c3,c5,688,?,p2,
1768592024.890462,FORWARDED,89c6bed5-3506-436f-81cd-a5845937d1a6,bd4e3478-d047-40dd-b91b-dc6023b8953f,c3,c5,688,?,p2,
1768592024.897967,SENT,298c6912-5ebf-479d-99dd-21b6dabe93b7,6a037948-3d0f-400b-8632-bf5c845f0a03,c3,c5,688,?,p2,
1768592024.8980017,FORWARDED,298c6912-5ebf-479d-99dd-21b6dabe93b7,6a037948-3d0f-400b-8632-bf5c845f0a03,c3,c5,688,?,p2,
1768592025.0244935,SENT,f716f5e4-8c0c-47f7-bb18-37e1e477c4ea,3ac4f391-a59c-49ca-acf7-573adfa5733d,c4,c5,692,?,p2,
1768592025.0245335,FORWARDED,f716f5e4-8c0c-47f7-bb18-37e1e477c4ea,3ac4f391-a59c-49ca-acf7-573adfa5733d,c4,c5,692,?,p2,
1768592025.3309004,SENT,2a71f712-674a-45fa-90a1-920134d3f1ef,7b1fdcf5-aad1-47d8-a4cf-d13d2584320a,c1,c4,691,?,p1,
1768592025.3309424,FORWARDED,2a71f712-674a-45fa-90a1-920134d3f1ef,7b1fdcf5-aad1-47d8-a4cf-d13d2584320a,c1,c4,691,?,p1,
1768592025.3465915,RECEIVED,aee957ad-7470-406d-97e8-fa0071ce1067,f9287b47-88b6-4432-b3a3-5b128e855cb0,c5,DROP,684,i7,?,
1768592025.5063539,SENT,aee957ad-7470-406d-97e8-fa0071ce1067,f9287b47-88b6-4432-b3a3-5b128e855cb0,c5,DROP,441,?,x3,
1768592025.506395,FORWARDED,aee957ad-7470-406d-97e8-fa0071ce1067,f9287b47-88b6-4432-b3a3-5b128e855cb0,c5,DROP,441,?,x3,
1768592025.6921332,RECEIVED,df3ae5e8-6e62-45ff-9172-0fb4995cffb9,f42fc617-3ea7-437a-90fc-316ffdeec97f,c5,c1,1025,i7,?,
1768592025.7085652,SENT,df3ae5e8-6e62-45ff-9172-0fb4995cffb9,f42fc617-3ea7-437a-90fc-316ffdeec97f,c5,c1,695,?,p1,
1768592025.7086062,FORWARDED,df3ae5e8-6e62-45ff-9172-0fb4995cffb9,f42fc617-3ea7-437a-90fc-316ffdeec97f,c5,c1,695,?,p1,
1768592025.7593887,RECEIVED,4ae7476d-1ca1-4b83-b024-5acfb9baeaac,dabeef58-f364-4e59-9ff3-05576a39f730,c5,c4,1023,i11,?,
1768592025.9432375,SENT,c17de44f-ce4f-44ad-84ed-73308f3fba80,3fc5ec4c-9217-4958-bf72-36f1491c58b2,c3,c4,696,?,p1,
1768592025.9432795,FORWARDED,c17de44f-ce4f-44ad-84ed-73308f3fba80,3fc5ec4c-9217-4958-bf72-36f1491c58b2,c3,c4,696,?,p1,
1768592026.1158242,RECEIVED,c8059bdf-88d8-499c-b68c-58773b95ebae,1a49a541-d81d-4134-8e33-ae1150db4ba1,c5,c4,1016,i1,?,
1768592026.206554,SENT,c8059bdf-88d8-499c-b68c-58773b95ebae,1a49a541-d81d-4134-8e33-ae1150db4ba1,c5,c4,688,?,p1,
1768592026.2065942,FORWARDED,c8059bdf-88d8-499c-b68c-58773b95ebae,1a49a541-d81d-4134-8e33-ae1150db4ba1,c5,c4,688,?,p1,
1768592026.3189332,SENT,4ae7476d-1ca1-4b83-b024-5acfb9baeaac,dabeef58-f364-4e59-9ff3-05576a39f730,c5,c4,695,?,p1,
1768592026.3189764,FORWARDED,4ae7476d-1ca1-4b83-b024-5acfb9baeaac,dabeef58-f364-4e59-9ff3-05576a39f730,c5,c4,695,?,p1,
1768592026.6638558,RECEIVED,9304e877-1f2b-4da7-a4e3-12fff22a961f,7664a363-ace0-4a39-8770-b4a12ef95fe3,c1,c4,1019,i4,?,
1768592026.8010056,RECEIVED,cbf1cb9b-a6c3-4c6c-bbfa-6f7454a7f2f0,cf663299-83d8-49ab-ad09-f8d8cf424196,c5,c1,1014,i8,?,
1768592026.8569052,RECEIVED,0b54e1b5-766c-40f8-b59d-9e70128f325c,96092257-3dbf-4d43-95c9-41655ad4309a,c1,DROP,443,x2,?,
1768592026.9517725,SENT,cbf1cb9b-a6c3-4c6c-bbfa-6f7454a7f2f0,cf663299-83d8-49ab-ad09-f8d8cf424196,c5,c1,689,?,p1,
1768592026.9518197,FORWARDED,cbf1cb9b-a6c3-4c6c-bbfa-6f7454a7f2f0,cf663299-83d8-49ab-ad09-f8d8cf424196,c5,c1,689,?,p1,
1768592027.1758685,RECEIVED,80bb0e55-42c4-411c-ab20-a81fc9611f92,22075811-b87c-4fbb-a66c-3e3e204aba85,c1,c4,1024,i12,?,
1768592027.2537348,SENT,80bb0e55-42c4-411c-ab20-a81fc9611f92,22075811-b87c-4fbb-a66c-3e3e204aba85,c1,c4,695,?,p1,
1768592027.2537746,FORWARDED,80bb0e55-42c4-411c-ab20-a81fc9611f92,22075811-b87c-4fbb-a66c-3e3e204aba85,c1,c4,695,?,p1,
1768592027.2896545,RECEIVED,318f7777-e6d5-4662-bd72-d4b752af3e11,f202940a-bdec-43cb-a468-8b5d4cc2d308,c5,c3,1016,i1,?,
1768592027.3992655,SENT,318f7777-e6d5-4662-bd72-d4b752af3e11,f202940a-bdec-43cb-a468-8b5d4cc2d308,c5,c3,690,?,p3,
1768592027.3993082,FORWARDED,318f7777-e6d5-4662-bd72-d4b752af3e11,f202940a-bdec-43cb-a468-8b5d4cc2d308,c5,c3,690,?,p3,
1768592027.6119192,RECEIVED,a4d67c4b-5e42-4ced-b13f-7b582a61ca4d,da8bdddd-e869-4d49-9e1a-62dfdc3461fa,c5,c2,1015,i6,?,
1768592027.6276789,RECEIVED,5cebef19-8bdc-4cee-865a-ffb1b25e188e,05c6e5cc-af70-433b-bdb3-5f500598c7af,c5,DROP,687,i11,?,
1768592027.6374466,RECEIVED,78d95f1d-91b5-4c65-9dec-5ce4f21240b9,52d42104-b1dd-4109-bec7-3de5d0af5390,c3,c2,1011,i4,?,
1768592027.7967157,SENT,a4d67c4b-5e42-4ced-b13f-7b582a61ca4d,da8bdddd-e869-4d49-9e1a-62dfdc3461fa,c5,c2,688,?,p2,
1768592027.7967565,FORWARDED,a4d67c4b-5e42-4ced-b13f-7b582a61ca4d,da8bdddd-e869-4d49-9e1a-62dfdc3461fa,c5,c2,688,?,p2,
1768592027.8463714,SENT,9304e877-1f2b-4da7-a4e3-12fff22a961f,7664a363-ace0-4a39-8770-b4a12ef95fe3,c1,c4,692,?,p1,
1768592027.8464131,FORWARDED,9304e877-1f2b-4da7-a4e3-12fff22a961f,7664a363-ace0-4a39-8770-b4a12ef95fe3,c1,c4,692,?,p1,
1768592027.8709362,SENT,5cebef19-8bdc-4cee-865a-ffb1b25e188e,05c6e5cc-af70-433b-bdb3-5f500598c7af,c5,DROP,442,?,x6,
1768592027.8709793,FORWARDED,5cebef19-8bdc-4cee-865a-ffb1b25e188e,05c6e5cc-af70-433b-bdb3-5f500598c7af,c5,DROP,442,?,x6,
1768592028.2267885,RECEIVED,8780c71f-bed8-4a5e-adee-555ed6588992,d2a1150b-62f0-4c92-86b7-cf9de340429e,c5,c1,1015,i6,?,
1768592028.4869418,SENT,78d95f1d-91b5-4c65-9dec-5ce4f21240b9,52d42104-b1dd-4109-bec7-3de5d0af5390,c3,c2,687,?,p2,
1768592028.486982,FORWARDED,78d95f1d-91b5-4c65-9dec-5ce4f21240b9,52d42104-b1dd-4109-bec7-3de5d0af5390,c3,c2,687,?,p2,
1768592028.5921898,RECEIVED,58488456-7ae3-4ad8-a164-21e0f27c80ac,826afe12-ce8e-4889-a9f8-5014b3fee4a0,c4,c1,1016,i7,?,
1768592028.6650155,RECEIVED,052a1b30-c25a-4f44-aba5-2c8177570fcd,49330f27-db19-480c-b678-44f974172d38,c4,c2,1011,i11,?,
1768592028.8166018,SENT,58488456-7ae3-4ad8-a164-21e0f27c80ac,826afe12-ce8e-4889-a9f8-5014b3fee4a0,c4,c1,689,?,p1,
1768592028.8166509,FORWARDED,58488456-7ae3-4ad8-a164-21e0f27c80ac,826afe12-ce8e-4889-a9f8-5014b3fee4a0,c4,c1,689,?,p1,
1768592029.053169,SENT,052a1b30-c25a-4f44-aba5-2c8177570fcd,49330f27-db19-480c-b678-44f974172d38,c4,c2,687,?,p2,
1768592029.05322,FORWARDED,052a1b30-c25a-4f44-aba5-2c8177570fcd,49330f27-db19-480c-b678-44f974172d38,c4,c2,687,?,p2,
1768592029.0669994,RECEIVED,355c1429-e25c-4ca8-b17d-2bf180f42fdf,ccb6e2d3-be7d-4fdf-9601-171b837445c7,c2,c5,1011,i4,?,
1768592029.4002292,SENT,8780c71f-bed8-4a5e-adee-555ed6588992,d2a1150b-62f0-4c92-86b7-cf9de340429e,c5,c1,689,?,p1,
1768592029.4002638,FORWARDED,8780c71f-bed8-4a5e-adee-555ed6588992,d2a1150b-62f0-4c92-86b7-cf9de340429e,c5,c1,689,?,p1,
1768592029.4359875,RECEIVED,71e19bed-717c-47b7-93c3-3e01b4f89349,a3207de3-aa6e-4040-875a-3632d7b0f622,c2,c4,1012,i9,?,
1768592029.656716,SENT,71e19bed-717c-47b7-93c3-3e01b4f89349,a3207de3-aa6e-4040-875a-3632d7b0f622,c2,c4,687,?,p1,
1768592029.656758,FORWARDED,71e19bed-717c-47b7-93c3-3e01b4f89349,a3207de3-aa6e-4040-875a-3632d7b0f622,c2,c4,687,?,p1,
1768592029.9289393,SENT,355c1429-e25c-4ca8-b17d-2bf180f42fdf,ccb6e2d3-be7d-4fdf-9601-171b837445c7,c2,c5,687,?,p2,
1768592029.9289854,FORWARDED,355c1429-e25c-4ca8-b17d-2bf180f42fdf,ccb6e2d3-be7d-4fdf-9601-171b837445c7,c2,c5,687,?,p2,
1768592030.2132473,RECEIVED,fbc45e43-5a66-4bd3-bdb8-0888ca1be95d,f5e8cea4-5f43-4e90-a6c7-7122c9b060de,c4,c1,1020,i4,?,
1768592030.2421684,RECEIVED,ddda084a-f222-4b2d-9550-1142b0b9fae8,7f2aa41a-379c-4343-ad99-f18f8545fa0c,c4,c1,1019,i12,?,
1768592030.3226278,SENT,fbc45e43-5a66-4bd3-bdb8-0888ca1be95d,f5e8cea4-5f43-4e90-a6c7-7122c9b060de,c4,c1,693,?,p1,
1768592030.3226714,FORWARDED,fbc45e43-5a66-4bd3-bdb8-0888ca1be95d,f5e8cea4-5f43-4e90-a6c7-7122c9b060de,c4,c1,693,?,p1,
1768592030.7839963,RECEIVED,fd117752-2192-476e-af11-d6a69f83a524,d2448a92-4b99-4dd6-8dd0-48ea6afa60fe,c3,c4,1016,i11,?,
1768592030.9392624,RECEIVED,cc1d3c18-57df-428b-8290-8b03579d5783,576c141e-f2eb-4e3f-95a7-455f4236c5ed,c3,DROP,688,i6,?,
1768592031.0309024,SENT,cc1d3c18-57df-428b-8290-8b03579d5783,576c141e-f2eb-4e3f-95a7-455f4236c5ed,c3,DROP,441,?,i12,
1768592031.030945,FORWARDED,cc1d3c18-57df-428b-8290-8b03579d5783,576c141e-f2eb-4e3f-95a7-455f4236c5ed,c3,DROP,441,?,i12,
1768592031.0591164,SENT,ddda084a-f222-4b2d-9550-1142b0b9fae8,7f2aa41a-379c-4343-ad99-f18f8545fa0c,c4,c1,691,?,p1,
1768592031.0591645,FORWARDED,ddda084a-f222-4b2d-9550-1142b0b9fae8,7f2aa41a-379c-4343-ad99-f18f8545fa0c,c4,c1,691,?,p1,
1768592031.1464064,RECEIVED,b198cc43-d250-473f-89df-e56e09c5767b,a4bc115c-a5a0-4b4e-8e2c-9b7f26e68f72,c3,c5,1015,i4,?,
1768592031.1487849,RECEIVED,2df335ec-2366-4465-9480-84b78fd6f1df,9d710095-2cf0-40f4-8474-ebc3bf8aa987,c5,c4,1010,i11,?,
1768592031.1953335,SENT,fd117752-2192-476e-af11-d6a69f83a524,d2448a92-4b99-4dd6-8dd0-48ea6afa60fe,c3,c4,688,?,p1,
1768592031.1953738,FORWARDED,fd117752-2192-476e-af11-d6a69f83a524,d2448a92-4b99-4dd6-8dd0-48ea6afa60fe,c3,c4,688,?,p1,
1768592031.241033,RECEIVED,dce73318-2153-42cd-89de-573173c6203f,9c3d527a-56f2-4f3e-be81-52872686eae2,c1,c2,1011,i5,?,
1768592031.2773523,RECEIVED,04e3fa54-1a61-4738-be62-8aed88f7729f,1c934fe3-e114-41ae-a8ba-6d77b236affb,c4,c1,1016,i9,?,
1768592031.3843083,RECEIVED,3298e626-bcf0-4814-8a59-ac0d29f3c4bd,ad9c8f6c-5adf-4c26-bc8c-9cd1449d38fe,c4,c5,1018,i9,?,
1768592031.3966231,RECEIVED,28fd66d7-01ca-4e4f-bbb9-b396c52f29e5,278dcb30-101e-4ae6-b5b3-328d173cdbe7,c3,DROP,689,i4,?,
1768592031.3980873,SENT,3298e626-bcf0-4814-8a59-ac0d29f3c4bd,ad9c8f6c-5adf-4c26-bc8c-9cd1449d38fe,c4,c5,688,?,p2,
1768592031.3981328,FORWARDED,3298e626-bcf0-4814-8a59-ac0d29f3c4bd,ad9c8f6c-5adf-4c26-bc8c-9cd1449d38fe,c4,c5,688,?,p2,
1768592031.4671626,SENT,28fd66d7-01ca-4e4f-bbb9-b396c52f29e5,278dcb30-101e-4ae6-b5b3-328d173cdbe7,c3,DROP,442,?,e11,
1768592031.4671972,FORWARDED,28fd66d7-01ca-4e4f-bbb9-b396c52f29e5,278dcb30-101e-4ae6-b5b3-328d173cdbe7,c3,DROP,442,?,e11,
1768592031.4798827,SENT,04e3fa54-1a61-4738-be62-8aed88f7729f,1c934fe3-e114-41ae-a8ba-6d77b236affb,c4,c1,688,?,p1,
1768592031.4799259,FORWARDED,04e3fa54-1a61-4738-be62-8aed88f7729f,1c934fe3-e114-41ae-a8ba-6d77b236affb,c4,c1,688,?,p1,
1768592031.53421,RECEIVED,1cadde79-7510-41f7-9682-227a2680ef7b,ee1eaee9-278f-43fc-85dd-b156a0a2ddb2,c1,c2,1027,i11,?,
1768592031.707664,SENT,2df335ec-2366-4465-9480-84b78fd6f1df,9d710095-2cf0-40f4-8474-ebc3bf8aa987,c5,c4,687,?,p1,
1768592031.7077017,FORWARDED,2df335ec-2366-4465-9480-84b78fd6f1df,9d710095-2cf0-40f4-8474-ebc3bf8aa987,c5,c4,687,?,p1,
1768592031.8859653,SENT,b198cc43-d250-473f-89df-e56e09c5767b,a4bc115c-a5a0-4b4e-8e2c-9b7f26e68f72,c3,c5,688,?,p2,
1768592031.8860085,FORWARDED,b198cc43-d250-473f-89df-e56e09c5767b,a4bc115c-a5a0-4b4e-8e2c-9b7f26e68f72,c3,c5,688,?,p2,
1768592032.0732527,RECEIVED,c09cfae3-37b5-4711-8054-7eaef960a411,63dc3232-a742-47ea-aaa7-9243020a5416,c3,c2,1025,i11,?,
1768592032.077525,RECEIVED,ef6a4aaf-e3e8-457f-a02a-d64d03143736,3ec9a254-ae8b-4a63-ac21-4584065bee5a,c5,c3,1011,i4,?,
1768592032.0898547,SENT,c09cfae3-37b5-4711-8054-7eaef960a411,63dc3232-a742-47ea-aaa7-9243020a5416,c3,c2,695,?,p2,
1768592032.0898964,FORWARDED,c09cfae3-37b5-4711-8054-7eaef960a411,63dc3232-a742-47ea-aaa7-9243020a5416,c3,c2,695,?,p2,
1768592032.1114159,RECEIVED,22ffc1af-f4b0-4c49-afb2-a840d69dc137,4c4f05e4-0a71-46cb-a2c0-14483699c1a8,c4,c2,1022,i4,?,
1768592032.241515,SENT,dce73318-2153-42cd-89de-573173c6203f,9c3d527a-56f2-4f3e-be81-52872686eae2,c1,c2,687,?,p2,
1768592032.2415578,FORWARDED,dce73318-2153-42cd-89de-573173c6203f,9c3d527a-56f2-4f3e-be81-52872686eae2,c1,c2,687,?,p2,
1768592032.431434,SENT,22ffc1af-f4b0-4c49-afb2-a840d69dc137,4c4f05e4-0a71-46cb-a2c0-14483699c1a8,c4,c2,696,?,p2,
1768592032.4314811,FORWARDED,22ffc1af-f4b0-4c49-afb2-a840d69dc137,4c4f05e4-0a71-46cb-a2c0-14483699c1a8,c4,c2,696,?,p2,
1768592032.7265956,RECEIVED,5dc7b81b-31e0-4610-b11f-e179d294e204,5915b4f3-7dad-432a-8775-fe7273144e66,c3,c1,1011,i8,?,
1768592032.7584743,RECEIVED,81875768-83ea-4ff9-bc40-32a41e9e1ec0,b8420e3d-0918-410a-94c7-1d26f2053a1c,c1,DROP,442,x12,?,
1768592033.0486927,RECEIVED,4303371b-5d5a-4389-9be1-5ccc2da566b9,49414331-6ae7-41b6-92fe-33d8166f266f,c4,DROP,683,i5,?,
1768592033.0823603,SENT,ef6a4aaf-e3e8-457f-a02a-d64d03143736,3ec9a254-ae8b-4a63-ac21-4584065bee5a,c5,c3,687,?,p3,
1768592033.0824015,FORWARDED,ef6a4aaf-e3e8-457f-a02a-d64d03143736,3ec9a254-ae8b-4a63-ac21-4584065bee5a,c5,c3,687,?,p3,
1768592033.292686,RECEIVED,5ea4b732-e8f6-4498-8ee7-2f94c0975ed7,cd77aa9e-6e83-4d45-bfe3-453045f538b6,c4,c5,1016,i1,?,
1768592033.4040828,SENT,1cadde79-7510-41f7-9682-227a2680ef7b,ee1eaee9-278f-43fc-85dd-b156a0a2ddb2,c1,c2,697,?,p2,
1768592033.40413,FORWARDED,1cadde79-7510-41f7-9682-227a2680ef7b,ee1eaee9-278f-43fc-85dd-b156a0a2ddb2,c1,c2,697,?,p2,
1768592033.4587524,SENT,4303371b-5d5a-4389-9be1-5ccc2da566b9,49414331-6ae7-41b6-92fe-33d8166f266f,c4,DROP,441,?,e6,
1768592033.4590855,FORWARDED,4303371b-5d5a-4389-9be1-5ccc2da566b9,49414331-6ae7-41b6-92fe-33d8166f266f,c4,DROP,441,?,e6,
1768592033.4714782,SENT,5ea4b732-e8f6-4498-8ee7-2f94c0975ed7,cd77aa9e-6e83-4d45-bfe3-453045f538b6,c4,c5,688,?,p2,
1768592033.47152,FORWARDED,5ea4b732-e8f6-4498-8ee7-2f94c0975ed7,cd77aa9e-6e83-4d45-bfe3-453045f538b6,c4,c5,688,?,p2,
1768592033.8033793,RECEIVED,c2e0c16f-737c-4164-bdc9-2f8ce4fbe7ec,608342ee-1bc9-477c-8d0d-69461fdd10ad,c1,c4,1015,i8,?,
1768592033.8803391,SENT,5dc7b81b-31e0-4610-b11f-e179d294e204,5915b4f3-7dad-432a-8775-fe7273144e66,c3,c1,687,?,p1,
1768592033.8803816,FORWARDED,5dc7b81b-31e0-4610-b11f-e179d294e204,5915b4f3-7dad-432a-8775-fe7273144e66,c3,c1,687,?,p1,
1768592033.9392138,RECEIVED,e27332cc-89dd-4215-b723-ea3debba2f26,09eb446d-eac4-4386-9439-31f541e6c947,c5,c3,1016,i8,?,
1768592034.0645113,RECEIVED,cd8a1f37-3f19-43b4-9ac3-a70fe8d550e2,8b864305-9dcb-4fd5-9183-d68a93ef3f9d,c2,c5,1015,i4,?,
1768592034.1038058,RECEIVED,aa850a00-6807-40db-8526-f4aefdbc4c1e,51d30502-02b3-4901-9f55-47fe862f5f01,c3,c5,1011,i6,?,
1768592034.2597997,RECEIVED,a677a229-7cad-44ad-a248-fd99614f6281,ece5101a-b030-41a4-8110-69eb2ad2ee88,c3,c5,1024,i12,?,
1768592034.2663262,RECEIVED,dc638999-7eae-431b-8ed1-5f827f73356b,f082b9c2-2338-4acd-b611-ae26556e1ad1,c2,c1,1012,i6,?,
1768592034.3031788,SENT,a677a229-7cad-44ad-a248-fd99614f6281,ece5101a-b030-41a4-8110-69eb2ad2ee88,c3,c5,696,?,p2,
1768592034.30322,FORWARDED,a677a229-7cad-44ad-a248-fd99614f6281,ece5101a-b030-41a4-8110-69eb2ad2ee88,c3,c5,696,?,p2,
1768592034.354578,SENT,e27332cc-89dd-4215-b723-ea3debba2f26,09eb446d-eac4-4386-9439-31f541e6c947,c5,c3,688,?,p3,
1768592034.3546207,FORWARDED,e27332cc-89dd-4215-b723-ea3debba2f26,09eb446d-eac4-4386-9439-31f541e6c947,c5,c3,688,?,p3,
1768592034.3627958,SENT,dc638999-7eae-431b-8ed1-5f827f73356b,f082b9c2-2338-4acd-b611-ae26556e1ad1,c2,c1,687,?,p1,
1768592034.3628364,FORWARDED,dc638999-7eae-431b-8ed1-5f827f73356b,f082b9c2-2338-4acd-b611-ae26556e1ad1,c2,c1,687,?,p1,
1768592034.5796094,RECEIVED,91747ba3-30d5-49e8-8f4a-791324d0fbf2,fb1b0c45-ae52-44c0-be1a-578c6217d968,c3,c4,1012,i4,?,
1768592034.5961785,RECEIVED,bb06a5c0-b18b-4310-9eda-bfbf62599523,0b6a89a7-8d28-4a04-b8df-ba7d2aaf3113,c5,c4,1012,i9,?,
1768592034.6356616,SENT,aa850a00-6807-40db-8526-f4aefdbc4c1e,51d30502-02b3-4901-9f55-47fe862f5f01,c3,c5,686,?,p2,
1768592034.6357017,FORWARDED,aa850a00-6807-40db-8526-f4aefdbc4c1e,51d30502-02b3-4901-9f55-47fe862f5f01,c3,c5,686,?,p2,
1768592034.701716,RECEIVED,18bb2086-118f-4fd1-bab2-f2649dee433e,8aa61e93-9afa-44c8-9b08-9938f0de8887,c3,c4,1011,i9,?,
1768592034.727247,SENT,91747ba3-30d5-49e8-8f4a-791324d0fbf2,fb1b0c45-ae52-44c0-be1a-578c6217d968,c3,c4,687,?,p1,
1768592034.7275991,FORWARDED,91747ba3-30d5-49e8-8f4a-791324d0fbf2,fb1b0c45-ae52-44c0-be1a-578c6217d968,c3,c4,687,?,p1,
1768592034.7649064,RECEIVED,96620bbb-cea2-48ec-aa80-38c59d70af21,5f3dc392-aca3-43c9-b872-972e3a61166e,c5,c3,1019,i11,?,
1768592035.0375543,SENT,bb06a5c0-b18b-4310-9eda-bfbf62599523,0b6a89a7-8d28-4a04-b8df-ba7d2aaf3113,c5,c4,687,?,p1,
1768592035.037596,FORWARDED,bb06a5c0-b18b-4310-9eda-bfbf62599523,0b6a89a7-8d28-4a04-b8df-ba7d2aaf3113,c5,c4,687,?,p1,
1768592035.1802607,RECEIVED,ca18f947-8092-48c2-ada7-10d19419079a,ac34320c-87aa-48f4-b1ba-af9ebb60ff33,c1,c3,1019,i7,?,
1768592035.3640425,SENT,c2e0c16f-737c-4164-bdc9-2f8ce4fbe7ec,608342ee-1bc9-477c-8d0d-69461fdd10ad,c1,c4,689,?,p1,
1768592035.3640964,FORWARDED,c2e0c16f-737c-4164-bdc9-2f8ce4fbe7ec,608342ee-1bc9-477c-8d0d-69461fdd10ad,c1,c4,689,?,p1,
1768592035.3778362,SENT,cd8a1f37-3f19-43b4-9ac3-a70fe8d550e2,8b864305-9dcb-4fd5-9183-d68a93ef3f9d,c2,c5,688,?,p2,
1768592035.3778703,FORWARDED,cd8a1f37-3f19-43b4-9ac3-a70fe8d550e2,8b864305-9dcb-4fd5-9183-d68a93ef3f9d,c2,c5,688,?,p2,
1768592035.4847517,SENT,18bb2086-118f-4fd1-bab2-f2649dee433e,8aa61e93-9afa-44c8-9b08-9938f0de8887,c3,c4,686,?,p1,
1768592035.4847934,FORWARDED,18bb2086-118f-4fd1-bab2-f2649dee433e,8aa61e93-9afa-44c8-9b08-9938f0de8887,c3,c4,686,?,p1,
1768592035.78833,RECEIVED,9ad2be29-cc7e-4ae5-9d5b-7d28ab9e8a51,fa78c89e-9728-4be9-8d7a-f175efdd65f1,c3,c1,1013,i9,?,
1768592035.8565724,SENT,9ad2be29-cc7e-4ae5-9d5b-7d28ab9e8a51,fa78c89e-9728-4be9-8d7a-f175efdd65f1,c3,c1,687,?,p1,
1768592035.8566132,FORWARDED,9ad2be29-cc7e-4ae5-9d5b-7d28ab9e8a51,fa78c89e-9728-4be9-8d7a-f175efdd65f1,c3,c1,687,?,p1,
1768592035.8599143,SENT,ca18f947-8092-48c2-ada7-10d19419079a,ac34320c-87aa-48f4-b1ba-af9ebb60ff33,c1,c3,691,?,p3,
1768592035.8599575,FORWARDED,ca18f947-8092-48c2-ada7-10d19419079a,ac34320c-87aa-48f4-b1ba-af9ebb60ff33,c1,c3,691,?,p3,
1768592035.9965603,RECEIVED,903dbddd-46b2-437f-9057-4e50403b5c79,5b9ea99a-c91f-4592-98b3-85af75dc0592,c5,c1,1020,i11,?,
1768592036.070773,RECEIVED,5ca7a692-5c3a-4525-990b-e5339a6294b8,9de8f3fd-310f-42c0-9c4e-d41043837b7d,c2,c1,1012,i4,?,
1768592036.1819668,SENT,5ca7a692-5c3a-4525-990b-e5339a6294b8,9de8f3fd-310f-42c0-9c4e-d41043837b7d,c2,c1,687,?,p1,
1768592036.182008,FORWARDED,5ca7a692-5c3a-4525-990b-e5339a6294b8,9de8f3fd-310f-42c0-9c4e-d41043837b7d,c2,c1,687,?,p1,
1768592036.2154431,RECEIVED,8fcd3fde-b324-48c7-b7e4-449875a38210,14743a0b-bd12-4caa-bd6e-234b22f5430e,c3,c5,1011,i6,?,
1768592036.3289404,SENT,903dbddd-46b2-437f-9057-4e50403b5c79,5b9ea99a-c91f-4592-98b3-85af75dc0592,c5,c1,691,?,p1,
1768592036.3289804,FORWARDED,903dbddd-46b2-437f-9057-4e50403b5c79,5b9ea99a-c91f-4592-98b3-85af75dc0592,c5,c1,691,?,p1,
1768592036.345907,SENT,8fcd3fde-b324-48c7-b7e4-449875a38210,14743a0b-bd12-4caa-bd6e-234b22f5430e,c3,c5,686,?,p2,
1768592036.345949,FORWARDED,8fcd3fde-b324-48c7-b7e4-449875a38210,14743a0b-bd12-4caa-bd6e-234b22f5430e,c3,c5,686,?,p2,
1768592036.6859553,RECEIVED,396af155-aac9-4845-bba0-e70b264ef261,3aba5136-0679-4530-89e9-f522fa10b708,c5,c3,1012,i7,?,
1768592036.699944,RECEIVED,24192bdf-48e8-464b-9035-c80878145a2e,d9941e3d-0392-48c9-bf70-853f270d48b6,c1,c4,1017,i1,?,
1768592036.7174916,RECEIVED,55a1ddab-1459-453b-b2b9-46d78f9f44bb,4b982188-396a-4ed0-8693-7ab3916a8a47,c5,c3,1019,i9,?,
1768592036.748847,SENT,24192bdf-48e8-464b-9035-c80878145a2e,d9941e3d-0392-48c9-bf70-853f270d48b6,c1,c4,688,?,p1,
1768592036.7491035,FORWARDED,24192bdf-48e8-464b-9035-c80878145a2e,d9941e3d-0392-48c9-bf70-853f270d48b6,c1,c4,688,?,p1,
1768592036.802934,SENT,396af155-aac9-4845-bba0-e70b264ef261,3aba5136-0679-4530-89e9-f522fa10b708,c5,c3,687,?,p3,
1768592036.8029757,FORWARDED,396af155-aac9-4845-bba0-e70b264ef261,3aba5136-0679-4530-89e9-f522fa10b708,c5,c3,687,?,p3,
1768592036.8735795,SENT,55a1ddab-1459-453b-b2b9-46d78f9f44bb,4b982188-396a-4ed0-8693-7ab3916a8a47,c5,c3,691,?,p3,
1768592036.8736205,FORWARDED,55a1ddab-1459-453b-b2b9-46d78f9f44bb,4b982188-396a-4ed0-8693-7ab3916a8a47,c5,c3,691,?,p3,
1768592037.0735052,RECEIVED,f392fba1-6592-43c6-b94f-403088460edb,b8213f3c-4457-415c-a402-022f983ab260,c2,c3,1023,i2,?,
1768592037.1892889,RECEIVED,8db32810-0f92-4f8a-8840-90344a8bc1ad,7916f766-943c-40f1-aa46-3fe91051b2f6,c3,c4,1020,i11,?,
1768592037.2132084,SENT,96620bbb-cea2-48ec-aa80-38c59d70af21,5f3dc392-aca3-43c9-b872-972e3a61166e,c5,c3,691,?,p3,
1768592037.2132583,FORWARDED,96620bbb-cea2-48ec-aa80-38c59d70af21,5f3dc392-aca3-43c9-b872-972e3a61166e,c5,c3,691,?,p3,
1768592037.2946837,RECEIVED,c461e22e-d863-468b-b5dc-5ee23fea3db5,df4737af-d12b-449c-950d-1960a9e23319,c1,c3,1014,i8,?,
1768592037.3855083,SENT,8db32810-0f92-4f8a-8840-90344a8bc1ad,7916f766-943c-40f1-aa46-3fe91051b2f6,c3,c4,692,?,p1,
1768592037.3862894,FORWARDED,8db32810-0f92-4f8a-8840-90344a8bc1ad,7916f766-943c-40f1-aa46-3fe91051b2f6,c3,c4,692,?,p1,
1768592037.3965716,SENT,f392fba1-6592-43c6-b94f-403088460edb,b8213f3c-4457-415c-a402-022f983ab260,c2,c3,696,?,p3,
1768592037.3966143,FORWARDED,f392fba1-6592-43c6-b94f-403088460edb,b8213f3c-4457-415c-a402-022f983ab260,c2,c3,696,?,p3,
1768592037.6092255,RECEIVED,7ae8a1ef-116e-4488-a4c5-2a2bc6b9b530,9dfd4494-7536-4360-93b4-c0c81f57e9fa,c1,c5,1023,i4,?,
1768592037.7607703,RECEIVED,824cd3f6-156b-4486-a037-75fe734b589d,5a171325-ffa2-4423-a960-22f09be8ca74,c2,c1,1012,i1,?,
1768592037.8322828,SENT,c461e22e-d863-468b-b5dc-5ee23fea3db5,df4737af-d12b-449c-950d-1960a9e23319,c1,c3,688,?,p3,
1768592037.8323288,FORWARDED,c461e22e-d863-468b-b5dc-5ee23fea3db5,df4737af-d12b-449c-950d-1960a9e23319,c1,c3,688,?,p3,
1768592037.8487597,SENT,824cd3f6-156b-4486-a037-75fe734b589d,5a171325-ffa2-4423-a960-22f09be8ca74,c2,c1,687,?,p1,
1768592037.8488011,FORWARDED,824cd3f6-156b-4486-a037-75fe734b589d,5a171325-ffa2-4423-a960-22f09be8ca74,c2,c1,687,?,p1,
1768592037.8662763,RECEIVED,f636fecf-a7c9-42f3-a52f-a58f4045b705,ea38c58f-5c73-44c8-9675-f9e8c544e845,c2,c1,1013,i9,?,
1768592037.8697226,RECEIVED,c314db12-e3fa-4745-9723-a717e7636a70,d8ecfbc6-a76c-4b0c-ae85-88a0859dbc3b,c1,c5,1015,i7,?,
1768592037.9543617,SENT,f636fecf-a7c9-42f3-a52f-a58f4045b705,ea38c58f-5c73-44c8-9675-f9e8c544e845,c2,c1,687,?,p1,
1768592037.9544036,FORWARDED,f636fecf-a7c9-42f3-a52f-a58f4045b705,ea38c58f-5c73-44c8-9675-f9e8c544e845,c2,c1,687,?,p1,
1768592038.2851207,RECEIVED,3780dd10-c6be-4b7a-b166-41bbffb53d0d,ba988de4-1c02-4f17-adef-99d1a571075e,c1,c4,1012,i4,?,
1768592038.3068576,RECEIVED,43120f5f-b2ef-4372-87e2-12f5f359465c,cbccf671-d531-4410-ad20-f9abb484241b,c3,c4,1020,i11,?,
1768592038.3512003,SENT,c314db12-e3fa-4745-9723-a717e7636a70,d8ecfbc6-a76c-4b0c-ae85-88a0859dbc3b,c1,c5,688,?,p2,
1768592038.351241,FORWARDED,c314db12-e3fa-4745-9723-a717e7636a70,d8ecfbc6-a76c-4b0c-ae85-88a0859dbc3b,c1,c5,688,?,p2,
1768592038.3900614,RECEIVED,eb94bafc-a9b7-4c7d-add6-5f3ea9d7e3fa,8633c058-e9d8-44e0-b4da-f9686dcf71bf,c1,c2,1012,i6,?,
1768592038.420236,SENT,43120f5f-b2ef-4372-87e2-12f5f359465c,cbccf671-d531-4410-ad20-f9abb484241b,c3,c4,691,?,p1,
1768592038.4202766,FORWARDED,43120f5f-b2ef-4372-87e2-12f5f359465c,cbccf671-d531-4410-ad20-f9abb484241b,c3,c4,691,?,p1,
1768592038.4539382,SENT,3780dd10-c6be-4b7a-b166-41bbffb53d0d,ba988de4-1c02-4f17-adef-99d1a571075e,c1,c4,687,?,p1,
1768592038.4539735,FORWARDED,3780dd10-c6be-4b7a-b166-41bbffb53d0d,ba988de4-1c02-4f17-adef-99d1a571075e,c1,c4,687,?,p1,
1768592038.5235555,SENT,eb94bafc-a9b7-4c7d-add6-5f3ea9d7e3fa,8633c058-e9d8-44e0-b4da-f9686dcf71bf,c1,c2,687,?,p2,
1768592038.5235968,FORWARDED,eb94bafc-a9b7-4c7d-add6-5f3ea9d7e3fa,8633c058-e9d8-44e0-b4da-f9686dcf71bf,c1,c2,687,?,p2,
1768592038.5614579,RECEIVED,3dc28ccc-ce37-4c9d-8333-c6de7b88cd24,bbf382f5-4788-4ffc-9b7e-b9246c8896d0,c4,c3,1012,i2,?,
1768592038.6953187,SENT,3dc28ccc-ce37-4c9d-8333-c6de7b88cd24,bbf382f5-4788-4ffc-9b7e-b9246c8896d0,c4,c3,686,?,p3,
1768592038.6953623,FORWARDED,3dc28ccc-ce37-4c9d-8333-c6de7b88cd24,bbf382f5-4788-4ffc-9b7e-b9246c8896d0,c4,c3,686,?,p3,
1768592038.7008908,RECEIVED,14ee0f78-02c5-4982-82df-4a7c373c1db2,9ce8ebf0-cef5-4593-a558-5b7b97bbc249,c4,c1,1019,i6,?,
1768592039.0077586,RECEIVED,81bc9a37-07cb-4947-a191-58964a4afb5c,c87b3367-509e-4a34-be44-59840d0975f4,c4,c2,1016,i5,?,
1768592039.0191112,SENT,14ee0f78-02c5-4982-82df-4a7c373c1db2,9ce8ebf0-cef5-4593-a558-5b7b97bbc249,c4,c1,691,?,p1,
1768592039.0191526,FORWARDED,14ee0f78-02c5-4982-82df-4a7c373c1db2,9ce8ebf0-cef5-4593-a558-5b7b97bbc249,c4,c1,691,?,p1,
1768592039.1654058,SENT,81bc9a37-07cb-4947-a191-58964a4afb5c,c87b3367-509e-4a34-be44-59840d0975f4,c4,c2,688,?,p2,
1768592039.1654608,FORWARDED,81bc9a37-07cb-4947-a191-58964a4afb5c,c87b3367-509e-4a34-be44-59840d0975f4,c4,c2,688,?,p2,
1768592039.223093,RECEIVED,a46429b1-decd-4cb2-8e09-eec6be908391,6115b399-fd2a-4bc6-8b17-efc3379190c3,c4,c2,1024,i11,?,
1768592039.257418,RECEIVED,719bf292-ba03-4685-a5c3-40fd92a41303,232f756c-a7f3-491c-bf07-e22e27bf64a0,c5,DROP,439,x11,?,
1768592039.3723094,SENT,a46429b1-decd-4cb2-8e09-eec6be908391,6115b399-fd2a-4bc6-8b17-efc3379190c3,c4,c2,696,?,p2,
1768592039.3723495,FORWARDED,a46429b1-decd-4cb2-8e09-eec6be908391,6115b399-fd2a-4bc6-8b17-efc3379190c3,c4,c2,696,?,p2,
1768592039.4401457,RECEIVED,816dc48b-c5c5-406f-802f-ce832abed678,0e311937-c6b7-4a4b-9008-ca304ef40e6e,c5,DROP,684,i5,?,
1768592039.506402,SENT,816dc48b-c5c5-406f-802f-ce832abed678,0e311937-c6b7-4a4b-9008-ca304ef40e6e,c5,DROP,441,?,e2,
1768592039.5064542,FORWARDED,816dc48b-c5c5-406f-802f-ce832abed678,0e311937-c6b7-4a4b-9008-ca304ef40e6e,c5,DROP,441,?,e2,
1768592039.8873203,SENT,7ae8a1ef-116e-4488-a4c5-2a2bc6b9b530,9dfd4494-7536-4360-93b4-c0c81f57e9fa,c1,c5,695,?,p2,
1768592039.8873634,FORWARDED,7ae8a1ef-116e-4488-a4c5-2a2bc6b9b530,9dfd4494-7536-4360-93b4-c0c81f57e9fa,c1,c5,695,?,p2,
1768592040.1659408,RECEIVED,2be47fe7-66c5-470f-8c1c-44736d6d9fa7,19d08baf-8801-4365-9cfa-6bc2f8c6e33e,c3,c4,1015,i6,?,
1768592040.3693244,RECEIVED,c68d2d20-c735-467e-9d68-9f626246ee7e,27d06a8b-9911-47ba-8b6b-755696d3cd70,c4,c1,1012,i11,?,
1768592040.6519125,RECEIVED,e46db91f-4755-469b-b167-a3e03ccef4b2,2c2a275d-079e-467d-9e7b-7032c931f8e2,c4,DROP,685,i7,?,
1768592040.7127519,SENT,c68d2d20-c735-467e-9d68-9f626246ee7e,27d06a8b-9911-47ba-8b6b-755696d3cd70,c4,c1,687,?,p1,
1768592040.7127924,FORWARDED,c68d2d20-c735-467e-9d68-9f626246ee7e,27d06a8b-9911-47ba-8b6b-755696d3cd70,c4,c1,687,?,p1,
1768592040.7427285,RECEIVED,60023d29-b23e-4460-a1a8-c52bb9e235db,78a0cb81-44a4-4c80-830f-f614cb8db982,c1,c4,1015,i5,?,
1768592040.7466495,SENT,e46db91f-4755-469b-b167-a3e03ccef4b2,2c2a275d-079e-467d-9e7b-7032c931f8e2,c4,DROP,441,?,e12,
1768592040.7466996,FORWARDED,e46db91f-4755-469b-b167-a3e03ccef4b2,2c2a275d-079e-467d-9e7b-7032c931f8e2,c4,DROP,441,?,e12,
1768592040.7688556,RECEIVED,4c54b28d-76f3-48e2-81a3-728dbbbea08a,ac8f909d-c0c5-40d2-af98-016baa217e7c,c2,c4,1019,i2,?,
1768592040.874854,SENT,2be47fe7-66c5-470f-8c1c-44736d6d9fa7,19d08baf-8801-4365-9cfa-6bc2f8c6e33e,c3,c4,688,?,p1,
1768592040.875058,FORWARDED,2be47fe7-66c5-470f-8c1c-44736d6d9fa7,19d08baf-8801-4365-9cfa-6bc2f8c6e33e,c3,c4,688,?,p1,
1768592041.1465604,RECEIVED,8974f96c-32a8-4868-818c-93d896fec905,f7bfa0d7-c3e3-4ef1-9378-fb9060c8aee8,c4,c5,1011,i1,?,
1768592041.372799,RECEIVED,53d38b89-aa73-46c3-ba0a-e7154dfb55d6,28d285ef-ae1b-448f-8c14-8efe5a8791e6,c5,c1,1011,i6,?,
1768592041.5855083,RECEIVED,d06c886a-2878-4bb2-ac29-31cd449a07bd,bb43fb08-b98d-4de3-b458-c7acdc98b9d3,c4,c2,1016,i9,?,
1768592041.6768718,SENT,d06c886a-2878-4bb2-ac29-31cd449a07bd,bb43fb08-b98d-4de3-b458-c7acdc98b9d3,c4,c2,688,?,p2,
1768592041.67717,FORWARDED,d06c886a-2878-4bb2-ac29-31cd449a07bd,bb43fb08-b98d-4de3-b458-c7acdc98b9d3,c4,c2,688,?,p2,
1768592041.684199,SENT,8974f96c-32a8-4868-818c-93d896fec905,f7bfa0d7-c3e3-4ef1-9378-fb9060c8aee8,c4,c5,686,?,p2,
1768592041.684244,FORWARDED,8974f96c-32a8-4868-818c-93d896fec905,f7bfa0d7-c3e3-4ef1-9378-fb9060c8aee8,c4,c5,686,?,p2,
1768592041.7249336,RECEIVED,13a7327e-8d55-4d56-9f3b-e382f2fcd4b8,de61126e-9a5b-40ff-8c77-9be3288d1b94,c3,c1,1015,i4,?,
1768592041.7538698,RECEIVED,2cccfa85-9e2e-4f02-a955-1e9e5660bcc9,a7ddbcf9-65c0-417d-a4ee-2ee3edbf429e,c5,c3,1023,i11,?,
1768592041.8924599,SENT,60023d29-b23e-4460-a1a8-c52bb9e235db,78a0cb81-44a4-4c80-830f-f614cb8db982,c1,c4,688,?,p1,
1768592041.892832,FORWARDED,60023d29-b23e-4460-a1a8-c52bb9e235db,78a0cb81-44a4-4c80-830f-f614cb8db982,c1,c4,688,?,p1,
1768592041.9587853,SENT,53d38b89-aa73-46c3-ba0a-e7154dfb55d6,28d285ef-ae1b-448f-8c14-8efe5a8791e6,c5,c1,687,?,p1,
1768592041.9588208,FORWARDED,53d38b89-aa73-46c3-ba0a-e7154dfb55d6,28d285ef-ae1b-448f-8c14-8efe5a8791e6,c5,c1,687,?,p1,
1768592041.9590418,RECEIVED,cec0f80a-3039-46ca-85de-5fe24f9e5495,a8f946b6-04a5-4c12-88fd-d5ae9740c117,c5,c3,1012,i4,?,
1768592042.1401703,RECEIVED,63f73167-1f41-4b43-9bcc-70af3ca3734a,10acce8f-9012-4235-a0ea-0345d9aae0a4,c3,DROP,437,x8,?,
1768592042.2092187,SENT,cec0f80a-3039-46ca-85de-5fe24f9e5495,a8f946b6-04a5-4c12-88fd-d5ae9740c117,c5,c3,687,?,p3,
1768592042.209262,FORWARDED,cec0f80a-3039-46ca-85de-5fe24f9e5495,a8f946b6-04a5-4c12-88fd-d5ae9740c117,c5,c3,687,?,p3,
1768592042.3133621,SENT,13a7327e-8d55-4d56-9f3b-e382f2fcd4b8,de61126e-9a5b-40ff-8c77-9be3288d1b94,c3,c1,688,?,p1,
1768592042.313401,FORWARDED,13a7327e-8d55-4d56-9f3b-e382f2fcd4b8,de61126e-9a5b-40ff-8c77-9be3288d1b94,c3,c1,688,?,p1,
1768592042.4467244,SENT,4c54b28d-76f3-48e2-81a3-728dbbbea08a,ac8f909d-c0c5-40d2-af98-016baa217e7c,c2,c4,692,?,p1,
1768592042.446768,FORWARDED,4c54b28d-76f3-48e2-81a3-728dbbbea08a,ac8f909d-c0c5-40d2-af98-016baa217e7c,c2,c4,692,?,p1,
1768592042.5258834,RECEIVED,da8aa13a-1185-4536-9ba2-92749d832ebc,0fc6cb01-5909-4b7b-b8b0-4aec3fe603b1,c3,DROP,691,i11,?,
1768592042.617259,SENT,2cccfa85-9e2e-4f02-a955-1e9e5660bcc9,a7ddbcf9-65c0-417d-a4ee-2ee3edbf429e,c5,c3,696,?,p3,
1768592042.6173015,FORWARDED,2cccfa85-9e2e-4f02-a955-1e9e5660bcc9,a7ddbcf9-65c0-417d-a4ee-2ee3edbf429e,c5,c3,696,?,p3,
1768592042.635746,RECEIVED,f73a8cef-b48c-4b74-b5fd-4c3e658f9615,fe757a49-08fb-4b76-ae19-47a73fa03c64,c3,DROP,691,i11,?,
1768592042.658782,RECEIVED,412d1717-82fa-4719-9e14-f23e34c3f768,fc802bf2-22dd-426d-9018-7db963bbcf1e,c4,c3,1023,i4,?,
1768592042.840693,SENT,f73a8cef-b48c-4b74-b5fd-4c3e658f9615,fe757a49-08fb-4b76-ae19-47a73fa03c64,c3,DROP,445,?,x2,
1768592042.8407333,FORWARDED,f73a8cef-b48c-4b74-b5fd-4c3e658f9615,fe757a49-08fb-4b76-ae19-47a73fa03c64,c3,DROP,445,?,x2,
1768592042.885899,SENT,da8aa13a-1185-4536-9ba2-92749d832ebc,0fc6cb01-5909-4b7b-b8b0-4aec3fe603b1,c3,DROP,445,?,e7,
1768592042.8859394,FORWARDED,da8aa13a-1185-4536-9ba2-92749d832ebc,0fc6cb01-5909-4b7b-b8b0-4aec3fe603b1,c3,DROP,445,?,e7,
1768592043.4065523,SENT,412d1717-82fa-4719-9e14-f23e34c3f768,fc802bf2-22dd-426d-9018-7db963bbcf1e,c4,c3,695,?,p3,
1768592043.4066105,FORWARDED,412d1717-82fa-4719-9e14-f23e34c3f768,fc802bf2-22dd-426d-9018-7db963bbcf1e,c4,c3,695,?,p3,
1768592043.4309852,RECEIVED,3ebe6134-2e4a-4b30-b2f7-3415efa8009f,b69a0192-818b-4c1d-8311-2e9fa71c6755,c3,c5,1024,i1,?,
1768592043.5659487,RECEIVED,5fa26660-96c0-4cbb-b12f-3dc71ffe059b,cb873018-96ef-4f1b-8915-142f4e980966,c1,c5,1022,i12,?,
1768592043.5995183,SENT,3ebe6134-2e4a-4b30-b2f7-3415efa8009f,b69a0192-818b-4c1d-8311-2e9fa71c6755,c3,c5,695,?,p2,
1768592043.5995605,FORWARDED,3ebe6134-2e4a-4b30-b2f7-3415efa8009f,b69a0192-818b-4c1d-8311-2e9fa71c6755,c3,c5,695,?,p2,
1768592043.952773,RECEIVED,b3f77023-1333-4e43-af30-04ee05392683,5f608e67-b3ee-49a8-add0-17cf2edc0758,c1,c4,1018,i7,?,
1768592044.6193836,RECEIVED,a7b4b927-5468-4052-9922-59fedec64bf7,64d015fa-27d3-4b14-a775-a4bbeeb70254,c3,c2,1016,i2,?,
1768592044.650369,SENT,5fa26660-96c0-4cbb-b12f-3dc71ffe059b,cb873018-96ef-4f1b-8915-142f4e980966,c1,c5,695,?,p2,
1768592044.650417,FORWARDED,5fa26660-96c0-4cbb-b12f-3dc71ffe059b,cb873018-96ef-4f1b-8915-142f4e980966,c1,c5,695,?,p2,
1768592044.785533,SENT,a7b4b927-5468-4052-9922-59fedec64bf7,64d015fa-27d3-4b14-a775-a4bbeeb70254,c3,c2,688,?,p2,
1768592044.7855725,FORWARDED,a7b4b927-5468-4052-9922-59fedec64bf7,64d015fa-27d3-4b14-a775-a4bbeeb70254,c3,c2,688,?,p2,
1768592044.862154,SENT,b3f77023-1333-4e43-af30-04ee05392683,5f608e67-b3ee-49a8-add0-17cf2edc0758,c1,c4,692,?,p1,
1768592044.8621993,FORWARDED,b3f77023-1333-4e43-af30-04ee05392683,5f608e67-b3ee-49a8-add0-17cf2edc0758,c1,c4,692,?,p1,
1768592044.966473,RECEIVED,0016bde3-13e6-419a-a292-356dfff3a9fa,edb00adf-706e-471d-9a34-665802bffa1f,c3,c1,1016,i6,?,
1768592045.1402655,SENT,0016bde3-13e6-419a-a292-356dfff3a9fa,edb00adf-706e-471d-9a34-665802bffa1f,c3,c1,688,?,p1,
1768592045.1403077,FORWARDED,0016bde3-13e6-419a-a292-356dfff3a9fa,edb00adf-706e-471d-9a34-665802bffa1f,c3,c1,688,?,p1,
1768592046.2108636,RECEIVED,2b1b9a14-7cf1-4c90-a024-a50144f5ed5d,a1d5ea50-9272-4233-b2b6-1a3b76ac65ad,c1,c3,1011,i1,?,
1768592046.275204,SENT,2b1b9a14-7cf1-4c90-a024-a50144f5ed5d,a1d5ea50-9272-4233-b2b6-1a3b76ac65ad,c1,c3,687,?,p3,
1768592046.2754414,FORWARDED,2b1b9a14-7cf1-4c90-a024-a50144f5ed5d,a1d5ea50-9272-4233-b2b6-1a3b76ac65ad,c1,c3,687,?,p3,
1768592047.0190034,RECEIVED,72deaa17-ee38-4a83-8ae9-56ed5e862c6e,8ba4d524-0bf5-42fd-8322-8007b2256fb0,c2,c4,1011,i5,?,
1768592047.1659894,RECEIVED,72f6dfc3-eb54-4357-966d-d6f5354d9f74,3d09b9ef-4239-428d-9815-a44b28bb980f,c2,c1,1016,i1,?,
1768592047.2593298,SENT,72f6dfc3-eb54-4357-966d-d6f5354d9f74,3d09b9ef-4239-428d-9815-a44b28bb980f,c2,c1,688,?,p1,
1768592047.2593694,FORWARDED,72f6dfc3-eb54-4357-966d-d6f5354d9f74,3d09b9ef-4239-428d-9815-a44b28bb980f,c2,c1,688,?,p1,
1768592047.3467093,SENT,72deaa17-ee38-4a83-8ae9-56ed5e862c6e,8ba4d524-0bf5-42fd-8322-8007b2256fb0,c2,c4,687,?,p1,
1768592047.3467505,FORWARDED,72deaa17-ee38-4a83-8ae9-56ed5e862c6e,8ba4d524-0bf5-42fd-8322-8007b2256fb0,c2,c4,687,?,p1,
1768592047.4434233,RECEIVED,b42a0114-9dc7-47c8-a405-2a3defd37227,ba95e502-bb9f-4e0f-9514-c3e04a0e600c,c5,c1,1016,i5,?,
1768592047.5931697,SENT,b42a0114-9dc7-47c8-a405-2a3defd37227,ba95e502-bb9f-4e0f-9514-c3e04a0e600c,c5,c1,688,?,p1,
1768592047.5932107,FORWARDED,b42a0114-9dc7-47c8-a405-2a3defd37227,ba95e502-bb9f-4e0f-9514-c3e04a0e600c,c5,c1,688,?,p1,
1768592047.8053386,RECEIVED,bb40bcd7-2905-4fd6-9996-934ba9a98276,c0cfcd9b-7093-4de8-9cb8-96e99c79b627,c3,c4,1012,i4,?,
1768592048.1453352,SENT,bb40bcd7-2905-4fd6-9996-934ba9a98276,c0cfcd9b-7093-4de8-9cb8-96e99c79b627,c3,c4,687,?,p1,
1768592048.145371,FORWARDED,bb40bcd7-2905-4fd6-9996-934ba9a98276,c0cfcd9b-7093-4de8-9cb8-96e99c79b627,c3,c4,687,?,p1,
1768592048.436235,RECEIVED,d642fc29-2440-41e4-9ab5-5a5c8bbba9bc,5dbca3a9-26f9-4a4a-ac6a-32a3eb1f4364,c3,c1,1015,i1,?,
1768592048.618973,RECEIVED,1a1b242a-3b15-439d-8035-ca64e2011b90,d32361c7-0dad-471a-aff0-be976afc0534,c5,c3,1007,i8,?,
1768592048.8171384,RECEIVED,86486875-7e4b-4018-9a39-517431378ac0,162eb69d-f6a5-4dc2-9386-234f42846a8f,c3,c4,1011,i2,?,
1768592049.22915,SENT,d642fc29-2440-41e4-9ab5-5a5c8bbba9bc,5dbca3a9-26f9-4a4a-ac6a-32a3eb1f4364,c3,c1,688,?,p1,
1768592049.2291934,FORWARDED,d642fc29-2440-41e4-9ab5-5a5c8bbba9bc,5dbca3a9-26f9-4a4a-ac6a-32a3eb1f4364,c3,c1,688,?,p1,
1768592049.2302268,RECEIVED,53eefc0e-c8e3-4ca3-91e6-febdcc954e70,739a9d0e-a2c9-4643-b4b1-38bd693eb6c4,c4,c3,1015,i9,?,
1768592049.2897677,RECEIVED,7b57be5f-c46b-41f0-b55f-80a98d0d5a31,d10244bc-dfd7-42f7-b676-e7434dca2270,c5,c3,1012,i12,?,
1768592049.3660629,SENT,1a1b242a-3b15-439d-8035-ca64e2011b90,d32361c7-0dad-471a-aff0-be976afc0534,c5,c3,684,?,p3,
1768592049.3661056,FORWARDED,1a1b242a-3b15-439d-8035-ca64e2011b90,d32361c7-0dad-471a-aff0-be976afc0534,c5,c3,684,?,p3,
1768592049.5518632,RECEIVED,3a17a15c-bf58-4560-9fc7-89845b13e654,b8c18f74-ba35-4158-80db-df803aa2faac,c2,c3,1011,i7,?,
1768592049.5740597,RECEIVED,bc1ec831-f240-441d-8e8e-bc95800d3c04,89e9bc37-4ec3-467f-a7f4-441036cf1fff,c5,c2,1015,i1,?,
1768592049.6162972,RECEIVED,c736e1f2-4ecf-42e6-b0d4-8e47924b005f,496b3b89-1077-4b42-a9da-db68811e6734,c5,c4,1018,i11,?,
1768592049.7181141,SENT,7b57be5f-c46b-41f0-b55f-80a98d0d5a31,d10244bc-dfd7-42f7-b676-e7434dca2270,c5,c3,687,?,p3,
1768592049.7181556,FORWARDED,7b57be5f-c46b-41f0-b55f-80a98d0d5a31,d10244bc-dfd7-42f7-b676-e7434dca2270,c5,c3,687,?,p3,
1768592049.7484505,RECEIVED,e8bd5b84-f6cd-42a5-9c9b-a5dcdfacbf53,46700c9b-729d-4803-b2aa-02b3d6f675ad,c5,c2,1016,i1,?,
1768592049.7565498,RECEIVED,4a5af79f-ddc6-478d-a6a7-af757b0fc0ff,8947ed98-2a66-41cf-8ae6-8f3d779e5a0c,c5,DROP,688,i8,?,
1768592049.820186,SENT,e8bd5b84-f6cd-42a5-9c9b-a5dcdfacbf53,46700c9b-729d-4803-b2aa-02b3d6f675ad,c5,c2,688,?,p2,
1768592049.8202314,FORWARDED,e8bd5b84-f6cd-42a5-9c9b-a5dcdfacbf53,46700c9b-729d-4803-b2aa-02b3d6f675ad,c5,c2,688,?,p2,
1768592049.8752713,SENT,86486875-7e4b-4018-9a39-517431378ac0,162eb69d-f6a5-4dc2-9386-234f42846a8f,c3,c4,687,?,p1,
1768592049.8757052,FORWARDED,86486875-7e4b-4018-9a39-517431378ac0,162eb69d-f6a5-4dc2-9386-234f42846a8f,c3,c4,687,?,p1,
1768592049.8884156,SENT,4a5af79f-ddc6-478d-a6a7-af757b0fc0ff,8947ed98-2a66-41cf-8ae6-8f3d779e5a0c,c5,DROP,442,?,e4,
1768592049.8884635,FORWARDED,4a5af79f-ddc6-478d-a6a7-af757b0fc0ff,8947ed98-2a66-41cf-8ae6-8f3d779e5a0c,c5,DROP,442,?,e4,
1768592049.9027522,SENT,c736e1f2-4ecf-42e6-b0d4-8e47924b005f,496b3b89-1077-4b42-a9da-db68811e6734,c5,c4,691,?,p1,
1768592049.9027915,FORWARDED,c736e1f2-4ecf-42e6-b0d4-8e47924b005f,496b3b89-1077-4b42-a9da-db68811e6734,c5,c4,691,?,p1,
1768592049.9160368,SENT,53eefc0e-c8e3-4ca3-91e6-febdcc954e70,739a9d0e-a2c9-4643-b4b1-38bd693eb6c4,c4,c3,688,?,p3,
1768592049.9161088,FORWARDED,53eefc0e-c8e3-4ca3-91e6-febdcc954e70,739a9d0e-a2c9-4643-b4b1-38bd693eb6c4,c4,c3,688,?,p3,
1768592050.1912024,RECEIVED,2efcacea-c021-44bf-84b8-ca8bfec12ff7,366d7fa8-547f-44af-9e32-77150b3e9469,c2,c5,1015,i4,?,
1768592050.274359,RECEIVED,3bd8451b-ac92-49c8-8910-4f88baf315a9,2ae8a9c8-0cf2-46ea-8842-c70f101525c7,c2,c3,1015,i5,?,
1768592050.286423,RECEIVED,03f1f873-9da9-4b40-8cef-7c641afcbe35,7f754e70-dca0-4299-9f76-91a4375e6f11,c2,c3,1015,i6,?,
1768592050.3629942,SENT,03f1f873-9da9-4b40-8cef-7c641afcbe35,7f754e70-dca0-4299-9f76-91a4375e6f11,c2,c3,688,?,p3,
1768592050.3630362,FORWARDED,03f1f873-9da9-4b40-8cef-7c641afcbe35,7f754e70-dca0-4299-9f76-91a4375e6f11,c2,c3,688,?,p3,
1768592050.4292815,SENT,2efcacea-c021-44bf-84b8-ca8bfec12ff7,366d7fa8-547f-44af-9e32-77150b3e9469,c2,c5,688,?,p2,
1768592050.4299366,FORWARDED,2efcacea-c021-44bf-84b8-ca8bfec12ff7,366d7fa8-547f-44af-9e32-77150b3e9469,c2,c5,688,?,p2,
1768592050.8113399,SENT,3bd8451b-ac92-49c8-8910-4f88baf315a9,2ae8a9c8-0cf2-46ea-8842-c70f101525c7,c2,c3,688,?,p3,
1768592050.8113801,FORWARDED,3bd8451b-ac92-49c8-8910-4f88baf315a9,2ae8a9c8-0cf2-46ea-8842-c70f101525c7,c2,c3,688,?,p3,
1768592050.842249,SENT,bc1ec831-f240-441d-8e8e-bc95800d3c04,89e9bc37-4ec3-467f-a7f4-441036cf1fff,c5,c2,688,?,p2,
1768592050.8422923,FORWARDED,bc1ec831-f240-441d-8e8e-bc95800d3c04,89e9bc37-4ec3-467f-a7f4-441036cf1fff,c5,c2,688,?,p2,
1768592051.2175064,RECEIVED,086d1163-1666-41c9-a70d-b114182a8468,75b85b70-d355-41a8-bc44-8cb2a12228f0,c2,c4,1011,i11,?,
1768592051.2286074,RECEIVED,afd08591-f0b7-4683-b576-1fdf4d8d397e,450b6222-a395-4c20-aaee-4bd0d25f0903,c5,c3,1011,i2,?,
1768592051.3111749,RECEIVED,0a167e77-5e2e-4f8f-ab9f-92615876bbdb,43ba0842-787e-496c-8204-aba3c7b68f25,c3,c1,1015,i5,?,
1768592051.461403,SENT,afd08591-f0b7-4683-b576-1fdf4d8d397e,450b6222-a395-4c20-aaee-4bd0d25f0903,c5,c3,687,?,p3,
1768592051.461451,FORWARDED,afd08591-f0b7-4683-b576-1fdf4d8d397e,450b6222-a395-4c20-aaee-4bd0d25f0903,c5,c3,687,?,p3,
1768592051.601466,RECEIVED,2f56f94e-c2de-494d-a838-a7ef6842814d,50301980-f1dd-480a-825b-4e5ae0937165,c1,c5,1018,i12,?,
1768592051.6086988,SENT,3a17a15c-bf58-4560-9fc7-89845b13e654,b8c18f74-ba35-4158-80db-df803aa2faac,c2,c3,687,?,p3,
1768592051.608737,FORWARDED,3a17a15c-bf58-4560-9fc7-89845b13e654,b8c18f74-ba35-4158-80db-df803aa2faac,c2,c3,687,?,p3,
1768592051.8904233,SENT,086d1163-1666-41c9-a70d-b114182a8468,75b85b70-d355-41a8-bc44-8cb2a12228f0,c2,c4,687,?,p1,
1768592051.8904645,FORWARDED,086d1163-1666-41c9-a70d-b114182a8468,75b85b70-d355-41a8-bc44-8cb2a12228f0,c2,c4,687,?,p1,
1768592051.8948627,SENT,2f56f94e-c2de-494d-a838-a7ef6842814d,50301980-f1dd-480a-825b-4e5ae0937165,c1,c5,691,?,p2,
1768592051.894904,FORWARDED,2f56f94e-c2de-494d-a838-a7ef6842814d,50301980-f1dd-480a-825b-4e5ae0937165,c1,c5,691,?,p2,
1768592051.9359114,SENT,0a167e77-5e2e-4f8f-ab9f-92615876bbdb,43ba0842-787e-496c-8204-aba3c7b68f25,c3,c1,689,?,p1,
1768592051.9359665,FORWARDED,0a167e77-5e2e-4f8f-ab9f-92615876bbdb,43ba0842-787e-496c-8204-aba3c7b68f25,c3,c1,689,?,p1,
1768592052.0223322,RECEIVED,b68846a3-53d2-4880-890d-3070f1808f30,23abfe8f-448a-4f62-9b93-086c5fd50385,c2,DROP,692,i5,?,
1768592052.2354586,RECEIVED,637170d1-a16b-44e2-b6c3-710a9d70de16,7fee1228-4d8d-4960-aef8-ea5663e6efa0,c3,c1,1015,i6,?,
1768592052.3377898,RECEIVED,04d0df62-1abd-4e16-b16b-b4d058e1a574,df83f1e2-e76c-46ec-b1b3-4b5cec783609,c4,c3,1019,i11,?,
1768592052.4790812,RECEIVED,bcd92bdb-8832-4491-81cf-278a3434cc1d,9c8981dd-9fe9-4d27-a337-1d4be7ab7310,c5,c4,1011,i4,?,
1768592052.7864165,SENT,bcd92bdb-8832-4491-81cf-278a3434cc1d,9c8981dd-9fe9-4d27-a337-1d4be7ab7310,c5,c4,687,?,p1,
1768592052.7864628,FORWARDED,bcd92bdb-8832-4491-81cf-278a3434cc1d,9c8981dd-9fe9-4d27-a337-1d4be7ab7310,c5,c4,687,?,p1,
1768592052.797631,SENT,04d0df62-1abd-4e16-b16b-b4d058e1a574,df83f1e2-e76c-46ec-b1b3-4b5cec783609,c4,c3,691,?,p3,
1768592052.7976747,FORWARDED,04d0df62-1abd-4e16-b16b-b4d058e1a574,df83f1e2-e76c-46ec-b1b3-4b5cec783609,c4,c3,691,?,p3,
1768592053.033906,RECEIVED,34d766b7-ee1c-4ffa-949d-6f7efc86d505,a94b4922-0353-423f-a661-e0b3d8cc895f,c3,c1,1015,i11,?,
1768592053.0746045,SENT,637170d1-a16b-44e2-b6c3-710a9d70de16,7fee1228-4d8d-4960-aef8-ea5663e6efa0,c3,c1,689,?,p1,
1768592053.0746386,FORWARDED,637170d1-a16b-44e2-b6c3-710a9d70de16,7fee1228-4d8d-4960-aef8-ea5663e6efa0,c3,c1,689,?,p1,
1768592053.1625786,RECEIVED,3413c442-b83a-4033-ad51-d249502fb222,1bff3aa2-6819-4932-90ec-678cf1f7ef2c,c5,c3,1011,i9,?,
1768592053.211302,RECEIVED,1eba0c96-eba4-4277-aed6-595e18b33dcb,f8ed0cec-7711-4704-9e54-5786f7ee7375,c1,c5,1010,i4,?,
1768592053.376307,SENT,3413c442-b83a-4033-ad51-d249502fb222,1bff3aa2-6819-4932-90ec-678cf1f7ef2c,c5,c3,687,?,p3,
1768592053.376377,FORWARDED,3413c442-b83a-4033-ad51-d249502fb222,1bff3aa2-6819-4932-90ec-678cf1f7ef2c,c5,c3,687,?,p3,
1768592053.421391,RECEIVED,fcfa7739-3d4a-4ad2-8470-0ed3f3b9681a,080e96f2-ebd6-48f4-a38d-a25b11f9c881,c5,c4,1011,i8,?,
1768592053.4974082,SENT,fcfa7739-3d4a-4ad2-8470-0ed3f3b9681a,080e96f2-ebd6-48f4-a38d-a25b11f9c881,c5,c4,687,?,p1,
1768592053.497454,FORWARDED,fcfa7739-3d4a-4ad2-8470-0ed3f3b9681a,080e96f2-ebd6-48f4-a38d-a25b11f9c881,c5,c4,687,?,p1,
1768592053.5807989,SENT,b68846a3-53d2-4880-890d-3070f1808f30,23abfe8f-448a-4f62-9b93-086c5fd50385,c2,DROP,446,?,e10,
1768592053.5808415,FORWARDED,b68846a3-53d2-4880-890d-3070f1808f30,23abfe8f-448a-4f62-9b93-086c5fd50385,c2,DROP,446,?,e10,
1768592053.658393,SENT,34d766b7-ee1c-4ffa-949d-6f7efc86d505,a94b4922-0353-423f-a661-e0b3d8cc895f,c3,c1,688,?,p1,
1768592053.6588976,FORWARDED,34d766b7-ee1c-4ffa-949d-6f7efc86d505,a94b4922-0353-423f-a661-e0b3d8cc895f,c3,c1,688,?,p1,
1768592053.8683538,RECEIVED,afbb2ab4-62d5-4919-9cab-41391e5acec1,4eef5ab0-8c98-4146-89ef-1553c1d33650,c2,c3,1023,i12,?,
1768592054.019084,SENT,afbb2ab4-62d5-4919-9cab-41391e5acec1,4eef5ab0-8c98-4146-89ef-1553c1d33650,c2,c3,695,?,p3,
1768592054.0191274,FORWARDED,afbb2ab4-62d5-4919-9cab-41391e5acec1,4eef5ab0-8c98-4146-89ef-1553c1d33650,c2,c3,695,?,p3,
1768592054.634663,RECEIVED,92376784-9910-408a-92d2-145bafc7810c,78f45349-57fd-4d0b-b4a9-2fecce90c182,c4,c1,1023,i8,?,
1768592054.6607249,RECEIVED,6d432e33-0024-4e0e-8e9d-a21d0bbe6a2f,c09be693-92cb-4da7-8a59-48eb55a34308,c5,c3,1012,i2,?,
1768592054.7081852,SENT,1eba0c96-eba4-4277-aed6-595e18b33dcb,f8ed0cec-7711-4704-9e54-5786f7ee7375,c1,c5,687,?,p2,
1768592054.7082279,FORWARDED,1eba0c96-eba4-4277-aed6-595e18b33dcb,f8ed0cec-7711-4704-9e54-5786f7ee7375,c1,c5,687,?,p2,
1768592054.727951,RECEIVED,6fe1fff0-d20f-4de5-a5bc-9a249457719f,f9c36f2d-9d3e-4229-b8f2-2fdfd1c82d7f,c5,c1,1019,i9,?,
1768592054.9091241,SENT,6d432e33-0024-4e0e-8e9d-a21d0bbe6a2f,c09be693-92cb-4da7-8a59-48eb55a34308,c5,c3,687,?,p3,
1768592054.9091656,FORWARDED,6d432e33-0024-4e0e-8e9d-a21d0bbe6a2f,c09be693-92cb-4da7-8a59-48eb55a34308,c5,c3,687,?,p3,
1768592055.089658,SENT,92376784-9910-408a-92d2-145bafc7810c,78f45349-57fd-4d0b-b4a9-2fecce90c182,c4,c1,696,?,p1,
1768592055.089702,FORWARDED,92376784-9910-408a-92d2-145bafc7810c,78f45349-57fd-4d0b-b4a9-2fecce90c182,c4,c1,696,?,p1,
1768592055.4563258,RECEIVED,6c7c5dc4-c933-47f2-8ea4-21d8ed834777,1ac0486e-990b-41a8-86a5-81b0a56e3d50,c4,c3,1016,i5,?,
1768592055.5003052,RECEIVED,03431f0f-5df9-42e9-9601-0dd1243bee99,9b0526df-8a45-4e80-a8be-228d558395ee,c3,DROP,688,i5,?,
1768592055.6457858,RECEIVED,489f8298-70dc-4e38-969c-4859f33d415f,9cd2d0d6-f85d-479f-a1e8-06dc78dbad6a,c3,c2,1023,i11,?,
1768592055.6595004,RECEIVED,ad25c2f9-0a98-45c6-b13b-4aaa28c446fa,6bf818b2-30c8-4cf3-a8c9-c9e29ecd9719,c5,c4,1012,i11,?,
1768592055.6784234,SENT,03431f0f-5df9-42e9-9601-0dd1243bee99,9b0526df-8a45-4e80-a8be-228d558395ee,c3,DROP,442,?,i9,
1768592055.678464,FORWARDED,03431f0f-5df9-42e9-9601-0dd1243bee99,9b0526df-8a45-4e80-a8be-228d558395ee,c3,DROP,442,?,i9,
1768592055.7804818,SENT,489f8298-70dc-4e38-969c-4859f33d415f,9cd2d0d6-f85d-479f-a1e8-06dc78dbad6a,c3,c2,695,?,p2,
1768592055.7805328,FORWARDED,489f8298-70dc-4e38-969c-4859f33d415f,9cd2d0d6-f85d-479f-a1e8-06dc78dbad6a,c3,c2,695,?,p2,
1768592055.8056047,SENT,ad25c2f9-0a98-45c6-b13b-4aaa28c446fa,6bf818b2-30c8-4cf3-a8c9-c9e29ecd9719,c5,c4,687,?,p1,
1768592055.805647,FORWARDED,ad25c2f9-0a98-45c6-b13b-4aaa28c446fa,6bf818b2-30c8-4cf3-a8c9-c9e29ecd9719,c5,c4,687,?,p1,
1768592055.8795657,RECEIVED,314aab97-a4e7-4e10-a532-fd7cc74b0f0c,93acd730-73ab-44d8-9a73-55223e8d20db,c2,c5,1012,i2,?,
1768592055.916922,SENT,6c7c5dc4-c933-47f2-8ea4-21d8ed834777,1ac0486e-990b-41a8-86a5-81b0a56e3d50,c4,c3,688,?,p3,
1768592055.9169624,FORWARDED,6c7c5dc4-c933-47f2-8ea4-21d8ed834777,1ac0486e-990b-41a8-86a5-81b0a56e3d50,c4,c3,688,?,p3,
1768592056.0103602,RECEIVED,6be370b4-5267-4e80-a05d-99d12fc6b134,1343f99e-9a3e-4267-ad22-bd8c8408984e,c1,c4,1015,i1,?,
1768592056.055175,RECEIVED,d6df3093-2ebd-40a5-a85c-b91eee8bdc26,c33d602f-bbe3-4972-b6d1-946fff4694a5,c5,c2,1014,i6,?,
1768592056.1296444,SENT,314aab97-a4e7-4e10-a532-fd7cc74b0f0c,93acd730-73ab-44d8-9a73-55223e8d20db,c2,c5,687,?,p2,
1768592056.1296868,FORWARDED,314aab97-a4e7-4e10-a532-fd7cc74b0f0c,93acd730-73ab-44d8-9a73-55223e8d20db,c2,c5,687,?,p2,
1768592056.1619835,RECEIVED,f07c9c2a-e07a-49a8-8eff-de02042e9afb,7600ea88-28b8-414c-8619-22c7d0948f5b,c4,c1,1015,i7,?,
1768592056.2900288,SENT,6fe1fff0-d20f-4de5-a5bc-9a249457719f,f9c36f2d-9d3e-4229-b8f2-2fdfd1c82d7f,c5,c1,692,?,p1,
1768592056.2900877,FORWARDED,6fe1fff0-d20f-4de5-a5bc-9a249457719f,f9c36f2d-9d3e-4229-b8f2-2fdfd1c82d7f,c5,c1,692,?,p1,
1768592056.302859,RECEIVED,ab2aad47-7558-4951-8501-2ac925e4bf4e,348104b8-e2a0-4e62-9d19-9417e73a101c,c5,c3,1020,i11,?,
1768592056.3958075,SENT,ab2aad47-7558-4951-8501-2ac925e4bf4e,348104b8-e2a0-4e62-9d19-9417e73a101c,c5,c3,692,?,p3,
1768592056.3958495,FORWARDED,ab2aad47-7558-4951-8501-2ac925e4bf4e,348104b8-e2a0-4e62-9d19-9417e73a101c,c5,c3,692,?,p3,
1768592056.4646544,SENT,6be370b4-5267-4e80-a05d-99d12fc6b134,1343f99e-9a3e-4267-ad22-bd8c8408984e,c1,c4,688,?,p1,
1768592056.4646933,FORWARDED,6be370b4-5267-4e80-a05d-99d12fc6b134,1343f99e-9a3e-4267-ad22-bd8c8408984e,c1,c4,688,?,p1,
1768592056.7177868,SENT,f07c9c2a-e07a-49a8-8eff-de02042e9afb,7600ea88-28b8-414c-8619-22c7d0948f5b,c4,c1,688,?,p1,
1768592056.7178285,FORWARDED,f07c9c2a-e07a-49a8-8eff-de02042e9afb,7600ea88-28b8-414c-8619-22c7d0948f5b,c4,c1,688,?,p1,
1768592056.9473827,RECEIVED,57cbf9ec-eef6-4905-a040-4ce640e46f3d,26f96b0c-7848-47c3-b4c7-a0be5c82815c,c1,c5,1011,i7,?,
1768592057.3315027,SENT,d6df3093-2ebd-40a5-a85c-b91eee8bdc26,c33d602f-bbe3-4972-b6d1-946fff4694a5,c5,c2,690,?,p2,
1768592057.33158,FORWARDED,d6df3093-2ebd-40a5-a85c-b91eee8bdc26,c33d602f-bbe3-4972-b6d1-946fff4694a5,c5,c2,690,?,p2,
1768592057.3420053,RECEIVED,ca715506-7462-41ec-b498-e016818bda2e,673beb14-efa8-4368-97a8-816504d0cce0,c2,c3,1019,i11,?,
1768592057.5772953,RECEIVED,e7cbda6e-cd93-4f2a-93eb-cf0cb1883922,7276ee9d-15b8-4362-aa06-bc544b3e3d56,c5,c2,1015,i7,?,
1768592057.765578,SENT,e7cbda6e-cd93-4f2a-93eb-cf0cb1883922,7276ee9d-15b8-4362-aa06-bc544b3e3d56,c5,c2,688,?,p2,
1768592057.7656171,FORWARDED,e7cbda6e-cd93-4f2a-93eb-cf0cb1883922,7276ee9d-15b8-4362-aa06-bc544b3e3d56,c5,c2,688,?,p2,
1768592057.784072,RECEIVED,5595b22d-6546-4185-be63-e917776252c1,681d58a2-42bc-413a-932c-a9c3452705b6,c4,c2,1015,i2,?,
1768592057.8289163,SENT,ca715506-7462-41ec-b498-e016818bda2e,673beb14-efa8-4368-97a8-816504d0cce0,c2,c3,691,?,p3,
1768592057.8289583,FORWARDED,ca715506-7462-41ec-b498-e016818bda2e,673beb14-efa8-4368-97a8-816504d0cce0,c2,c3,691,?,p3,
1768592057.8333879,SENT,57cbf9ec-eef6-4905-a040-4ce640e46f3d,26f96b0c-7848-47c3-b4c7-a0be5c82815c,c1,c5,686,?,p2,
1768592057.8334296,FORWARDED,57cbf9ec-eef6-4905-a040-4ce640e46f3d,26f96b0c-7848-47c3-b4c7-a0be5c82815c,c1,c5,686,?,p2,
1768592057.8917506,RECEIVED,b4ab2033-dd4b-4db7-9295-e0bfa0d454d9,269be808-f2b6-4d8e-80e6-09c3595d7cd7,c4,c1,1015,i11,?,
1768592058.1043997,SENT,b4ab2033-dd4b-4db7-9295-e0bfa0d454d9,269be808-f2b6-4d8e-80e6-09c3595d7cd7,c4,c1,688,?,p1,
1768592058.1044526,FORWARDED,b4ab2033-dd4b-4db7-9295-e0bfa0d454d9,269be808-f2b6-4d8e-80e6-09c3595d7cd7,c4,c1,688,?,p1,
1768592058.1205335,RECEIVED,c69188e1-cf65-423d-ab07-71dc97527a14,18d7b920-da3f-4b3e-886e-933f390b9823,c5,c3,1020,i1,?,
1768592058.2349482,SENT,c69188e1-cf65-423d-ab07-71dc97527a14,18d7b920-da3f-4b3e-886e-933f390b9823,c5,c3,691,?,p3,
1768592058.2352517,FORWARDED,c69188e1-cf65-423d-ab07-71dc97527a14,18d7b920-da3f-4b3e-886e-933f390b9823,c5,c3,691,?,p3,
1768592058.2364488,RECEIVED,c4e78df7-126a-40a4-8b55-0d5a79a10a16,71bfae3f-c194-46d2-999d-6ada26182924,c3,c5,1016,i2,?,
1768592058.4906986,RECEIVED,867a04e0-aabf-4c19-bf67-85f298ed8cdf,23742761-53f2-42f8-a617-7db06a899207,c5,c2,1024,i11,?,
1768592058.541012,SENT,c4e78df7-126a-40a4-8b55-0d5a79a10a16,71bfae3f-c194-46d2-999d-6ada26182924,c3,c5,688,?,p2,
1768592058.5411272,FORWARDED,c4e78df7-126a-40a4-8b55-0d5a79a10a16,71bfae3f-c194-46d2-999d-6ada26182924,c3,c5,688,?,p2,
1768592058.554092,SENT,867a04e0-aabf-4c19-bf67-85f298ed8cdf,23742761-53f2-42f8-a617-7db06a899207,c5,c2,695,?,p2,
1768592058.554133,FORWARDED,867a04e0-aabf-4c19-bf67-85f298ed8cdf,23742761-53f2-42f8-a617-7db06a899207,c5,c2,695,?,p2,
1768592058.5551264,RECEIVED,5f268645-7a4f-4062-aaf2-e76ed3fc1115,95070307-b47b-4a55-8d92-4a902647955f,c5,c3,1017,i4,?,
1768592058.6563737,SENT,5f268645-7a4f-4062-aaf2-e76ed3fc1115,95070307-b47b-4a55-8d92-4a902647955f,c5,c3,688,?,p3,
1768592058.6564229,FORWARDED,5f268645-7a4f-4062-aaf2-e76ed3fc1115,95070307-b47b-4a55-8d92-4a902647955f,c5,c3,688,?,p3,
1768592058.783063,RECEIVED,1a071f16-bcb6-4f58-9c36-baba9fbcc2cb,ee78f230-848a-401e-b7ec-dd55bcf68692,c3,c1,1016,i5,?,
1768592058.859686,SENT,1a071f16-bcb6-4f58-9c36-baba9fbcc2cb,ee78f230-848a-401e-b7ec-dd55bcf68692,c3,c1,688,?,p1,
1768592058.859727,FORWARDED,1a071f16-bcb6-4f58-9c36-baba9fbcc2cb,ee78f230-848a-401e-b7ec-dd55bcf68692,c3,c1,688,?,p1,
1768592058.8999617,RECEIVED,07feb6b0-2e29-401e-a02d-a5c7688b3632,bce654fc-8a9c-4ae3-8070-7129e7dcd216,c4,DROP,689,i7,?,
1768592059.006975,SENT,07feb6b0-2e29-401e-a02d-a5c7688b3632,bce654fc-8a9c-4ae3-8070-7129e7dcd216,c4,DROP,442,?,i11,
1768592059.0070155,REDIRECTED,07feb6b0-2e29-401e-a02d-a5c7688b3632,bce654fc-8a9c-4ae3-8070-7129e7dcd216,c4,DROP,442,?,i11,
1768592059.0070436,FORWARDED,07feb6b0-2e29-401e-a02d-a5c7688b3632,bce654fc-8a9c-4ae3-8070-7129e7dcd216,c4,DROP,442,?,i10,
1768592059.0724103,SENT,5595b22d-6546-4185-be63-e917776252c1,681d58a2-42bc-413a-932c-a9c3452705b6,c4,c2,690,?,p2,
1768592059.0724525,FORWARDED,5595b22d-6546-4185-be63-e917776252c1,681d58a2-42bc-413a-932c-a9c3452705b6,c4,c2,690,?,p2,
1768592059.1653018,RECEIVED,67328471-e104-4917-9d11-876d39c2cace,43f8f440-f916-4286-8928-31da413f3a87,c5,c4,1014,i7,?,
1768592059.176641,SENT,67328471-e104-4917-9d11-876d39c2cace,43f8f440-f916-4286-8928-31da413f3a87,c5,c4,687,?,p1,
1768592059.1766827,FORWARDED,67328471-e104-4917-9d11-876d39c2cace,43f8f440-f916-4286-8928-31da413f3a87,c5,c4,687,?,p1,
1768592059.8318765,RECEIVED,938fc91e-0fb5-425f-aad0-906d5704fdab,39a4a715-3567-49f0-9014-0f5337cd3b71,c1,c2,1012,i1,?,
1768592059.9247835,SENT,938fc91e-0fb5-425f-aad0-906d5704fdab,39a4a715-3567-49f0-9014-0f5337cd3b71,c1,c2,685,?,p2,
1768592059.9248247,FORWARDED,938fc91e-0fb5-425f-aad0-906d5704fdab,39a4a715-3567-49f0-9014-0f5337cd3b71,c1,c2,685,?,p2,
1768592060.223657,RECEIVED,8dcbe134-50be-4e3e-84be-3ac567bb34f8,609d7fa5-0b4f-482c-a7f8-a83fc48ccda4,c3,c5,1012,i7,?,
1768592060.2617874,SENT,8dcbe134-50be-4e3e-84be-3ac567bb34f8,609d7fa5-0b4f-482c-a7f8-a83fc48ccda4,c3,c5,685,?,p2,
1768592060.2618303,FORWARDED,8dcbe134-50be-4e3e-84be-3ac567bb34f8,609d7fa5-0b4f-482c-a7f8-a83fc48ccda4,c3,c5,685,?,p2,
1768592060.3195057,RECEIVED,b1e48d1e-8f04-4bcd-98e4-46d4d69b124a,e6219f10-cc3e-4841-8daf-a9dc24275fe6,c2,c4,1012,i2,?,
1768592060.3845334,RECEIVED,5e9ffa30-159e-4a3a-b6e7-cdd391eaf53f,e4514891-ef1e-472e-b67e-ee498b8712a1,c5,c3,1011,i7,?,
1768592060.480478,SENT,b1e48d1e-8f04-4bcd-98e4-46d4d69b124a,e6219f10-cc3e-4841-8daf-a9dc24275fe6,c2,c4,687,?,p1,
1768592060.4805152,FORWARDED,b1e48d1e-8f04-4bcd-98e4-46d4d69b124a,e6219f10-cc3e-4841-8daf-a9dc24275fe6,c2,c4,687,?,p1,
1768592061.109345,RECEIVED,cfccb496-5ad6-4d0b-8af1-ea160a0c40b2,2755b2b2-9a0f-4de7-a57d-3cefd8e6827c,c2,DROP,442,x11,?,
1768592061.19911,RECEIVED,6e9ed492-2c71-4061-8336-c384d87f2b51,e42eea71-291b-4fdb-88b2-1db81eaf7e84,c1,c3,1012,i4,?,
1768592061.238421,SENT,5e9ffa30-159e-4a3a-b6e7-cdd391eaf53f,e4514891-ef1e-472e-b67e-ee498b8712a1,c5,c3,687,?,p3,
1768592061.2384613,FORWARDED,5e9ffa30-159e-4a3a-b6e7-cdd391eaf53f,e4514891-ef1e-472e-b67e-ee498b8712a1,c5,c3,687,?,p3,
1768592061.3927941,RECEIVED,cfbd2ea8-ae6a-452c-949e-eb2d1f869828,4d60a5e1-fb08-451d-bbc3-78ef5360094e,c5,DROP,688,i1,?,
1768592061.4091656,RECEIVED,b622b30b-5ceb-40a3-a3b3-d97f99268e9b,38a0b39e-9c9d-4420-af1c-c3cb625b3225,c1,c5,1015,i2,?,
1768592061.6307552,SENT,6e9ed492-2c71-4061-8336-c384d87f2b51,e42eea71-291b-4fdb-88b2-1db81eaf7e84,c1,c3,687,?,p3,
1768592061.6308055,FORWARDED,6e9ed492-2c71-4061-8336-c384d87f2b51,e42eea71-291b-4fdb-88b2-1db81eaf7e84,c1,c3,687,?,p3,
1768592061.7227015,SENT,cfbd2ea8-ae6a-452c-949e-eb2d1f869828,4d60a5e1-fb08-451d-bbc3-78ef5360094e,c5,DROP,442,?,x12,
1768592061.722746,FORWARDED,cfbd2ea8-ae6a-452c-949e-eb2d1f869828,4d60a5e1-fb08-451d-bbc3-78ef5360094e,c5,DROP,442,?,x12,
1768592062.168614,SENT,b622b30b-5ceb-40a3-a3b3-d97f99268e9b,38a0b39e-9c9d-4420-af1c-c3cb625b3225,c1,c5,688,?,p2,
1768592062.1686554,FORWARDED,b622b30b-5ceb-40a3-a3b3-d97f99268e9b,38a0b39e-9c9d-4420-af1c-c3cb625b3225,c1,c5,688,?,p2,
1768592062.3239279,RECEIVED,b2d4f880-eb64-49f6-bd8e-2a2b9a79e3bf,5153f761-f2f4-4961-9285-4b97bb869094,c4,DROP,688,i5,?,
1768592062.625798,RECEIVED,ecb858d4-70a5-4bfa-99dc-17d668c4730c,0476a24f-f12e-4efd-8479-da8db3c2a91f,c4,c3,1012,i11,?,
1768592062.7275257,SENT,ecb858d4-70a5-4bfa-99dc-17d668c4730c,0476a24f-f12e-4efd-8479-da8db3c2a91f,c4,c3,687,?,p3,
1768592062.7275689,FORWARDED,ecb858d4-70a5-4bfa-99dc-17d668c4730c,0476a24f-f12e-4efd-8479-da8db3c2a91f,c4,c3,687,?,p3,
1768592062.884338,RECEIVED,61244ae0-f4ec-4ee2-9aae-a6f1575dc676,e869c448-191f-4567-85a1-bffbd90c5dd5,c5,c2,1022,i12,?,
1768592062.900774,RECEIVED,b2bd09e3-3679-4f63-8424-a55881a96ecc,0defc276-1b2b-4b1a-9030-95b36b6c99cf,c1,c5,1020,i11,?,
1768592062.9354525,SENT,61244ae0-f4ec-4ee2-9aae-a6f1575dc676,e869c448-191f-4567-85a1-bffbd90c5dd5,c5,c2,692,?,p2,
1768592062.9355004,FORWARDED,61244ae0-f4ec-4ee2-9aae-a6f1575dc676,e869c448-191f-4567-85a1-bffbd90c5dd5,c5,c2,692,?,p2,
1768592062.9772453,RECEIVED,2875f9f4-feaa-4862-8919-eb534ee2f204,98b61566-ce3b-4e17-97a4-f5c6b00ea5a5,c1,c2,1012,i5,?,
1768592063.202277,SENT,2875f9f4-feaa-4862-8919-eb534ee2f204,98b61566-ce3b-4e17-97a4-f5c6b00ea5a5,c1,c2,687,?,p2,
1768592063.2023199,FORWARDED,2875f9f4-feaa-4862-8919-eb534ee2f204,98b61566-ce3b-4e17-97a4-f5c6b00ea5a5,c1,c2,687,?,p2,
1768592063.2144241,SENT,b2bd09e3-3679-4f63-8424-a55881a96ecc,0defc276-1b2b-4b1a-9030-95b36b6c99cf,c1,c5,691,?,p2,
1768592063.2144659,FORWARDED,b2bd09e3-3679-4f63-8424-a55881a96ecc,0defc276-1b2b-4b1a-9030-95b36b6c99cf,c1,c5,691,?,p2,
1768592063.3735538,RECEIVED,36d51acb-455f-4658-9d74-a3c2e3e4dd7d,0a51de8e-1047-4bb0-95f2-6e19cc92b692,c5,c1,1016,i5,?,
1768592063.3833382,SENT,b2d4f880-eb64-49f6-bd8e-2a2b9a79e3bf,5153f761-f2f4-4961-9285-4b97bb869094,c4,DROP,442,?,x11,
1768592063.3833795,FORWARDED,b2d4f880-eb64-49f6-bd8e-2a2b9a79e3bf,5153f761-f2f4-4961-9285-4b97bb869094,c4,DROP,442,?,x11,
1768592063.414266,RECEIVED,d5216aaa-9b13-433d-846a-4401534294ab,d82ee147-0bb1-481c-bd32-1527d7ecc04a,c2,c1,1024,i11,?,
1768592063.6067235,SENT,36d51acb-455f-4658-9d74-a3c2e3e4dd7d,0a51de8e-1047-4bb0-95f2-6e19cc92b692,c5,c1,688,?,p1,
1768592063.6067822,FORWARDED,36d51acb-455f-4658-9d74-a3c2e3e4dd7d,0a51de8e-1047-4bb0-95f2-6e19cc92b692,c5,c1,688,?,p1,
1768592063.6470091,SENT,d5216aaa-9b13-433d-846a-4401534294ab,d82ee147-0bb1-481c-bd32-1527d7ecc04a,c2,c1,696,?,p1,
1768592063.647063,FORWARDED,d5216aaa-9b13-433d-846a-4401534294ab,d82ee147-0bb1-481c-bd32-1527d7ecc04a,c2,c1,696,?,p1,
1768592064.3284144,RECEIVED,96882973-f416-44ba-80ad-12d26097f550,8eee0195-5afe-44b2-a39c-a07da9c8e3d3,c2,c1,1014,i2,?,
1768592064.432576,SENT,96882973-f416-44ba-80ad-12d26097f550,8eee0195-5afe-44b2-a39c-a07da9c8e3d3,c2,c1,688,?,p1,
1768592064.4326482,FORWARDED,96882973-f416-44ba-80ad-12d26097f550,8eee0195-5afe-44b2-a39c-a07da9c8e3d3,c2,c1,688,?,p1,
1768592065.0394797,RECEIVED,5d2c0db2-9bbc-4475-9cfc-7c0bf3ce5025,70af8365-1135-40bf-b0c4-b88d802100a5,c1,c4,1012,i5,?,
1768592065.3609674,SENT,5d2c0db2-9bbc-4475-9cfc-7c0bf3ce5025,70af8365-1135-40bf-b0c4-b88d802100a5,c1,c4,687,?,p1,
1768592065.361012,FORWARDED,5d2c0db2-9bbc-4475-9cfc-7c0bf3ce5025,70af8365-1135-40bf-b0c4-b88d802100a5,c1,c4,687,?,p1,
1768592065.5371706,RECEIVED,e7ee258a-abb3-4ee8-86b6-214efd254efd,9ed10998-53da-4bb1-8ad9-846240ba4b80,c4,c2,1019,i8,?,
1768592065.5548835,RECEIVED,137f7702-cb56-40d2-9fb8-04dce7a0f5b6,ffa3dd7a-da44-4a41-8d02-54c236c97e4d,c4,c2,1012,i7,?,
1768592065.7675393,SENT,137f7702-cb56-40d2-9fb8-04dce7a0f5b6,ffa3dd7a-da44-4a41-8d02-54c236c97e4d,c4,c2,687,?,p2,
1768592065.7675834,FORWARDED,137f7702-cb56-40d2-9fb8-04dce7a0f5b6,ffa3dd7a-da44-4a41-8d02-54c236c97e4d,c4,c2,687,?,p2,
1768592065.9372199,RECEIVED,d4626723-ee5c-4bae-9c0e-a9241de241dc,9bc155ea-1390-4a07-8217-5600dfa5ddc5,c2,c4,1019,i5,?,
1768592065.9716794,SENT,d4626723-ee5c-4bae-9c0e-a9241de241dc,9bc155ea-1390-4a07-8217-5600dfa5ddc5,c2,c4,688,?,p1,
1768592065.9717276,FORWARDED,d4626723-ee5c-4bae-9c0e-a9241de241dc,9bc155ea-1390-4a07-8217-5600dfa5ddc5,c2,c4,688,?,p1,
1768592066.0574636,RECEIVED,5bfc3866-f4c7-4736-b968-2d892f5da3bb,604543de-9ab5-453e-bb3d-f10642d784d1,c3,c1,1015,i7,?,
1768592066.415776,RECEIVED,033e6d23-7bee-42ce-aec8-592e8b08fbef,481cb0be-5423-47cb-b056-a77c94b93c26,c5,c1,1010,i11,?,
1768592066.615294,SENT,5bfc3866-f4c7-4736-b968-2d892f5da3bb,604543de-9ab5-453e-bb3d-f10642d784d1,c3,c1,688,?,p1,
1768592066.6153328,FORWARDED,5bfc3866-f4c7-4736-b968-2d892f5da3bb,604543de-9ab5-453e-bb3d-f10642d784d1,c3,c1,688,?,p1,
1768592066.644504,SENT,e7ee258a-abb3-4ee8-86b6-214efd254efd,9ed10998-53da-4bb1-8ad9-846240ba4b80,c4,c2,691,?,p2,
1768592066.6445508,FORWARDED,e7ee258a-abb3-4ee8-86b6-214efd254efd,9ed10998-53da-4bb1-8ad9-846240ba4b80,c4,c2,691,?,p2,
1768592066.7209136,SENT,033e6d23-7bee-42ce-aec8-592e8b08fbef,481cb0be-5423-47cb-b056-a77c94b93c26,c5,c1,686,?,p1,
1768592066.7209592,FORWARDED,033e6d23-7bee-42ce-aec8-592e8b08fbef,481cb0be-5423-47cb-b056-a77c94b93c26,c5,c1,686,?,p1,
1768592067.0433383,RECEIVED,c059b11e-cce5-40dc-bfbd-0ea588e7a5f1,95a09fe7-5eec-44cb-ae5b-27c7aa269280,c4,c5,1012,i9,?,
1768592067.1238713,RECEIVED,c8429b26-5083-4163-9e45-d33d180a29a4,3e237e41-fa07-4d56-beb3-4a36072c70a8,c3,c2,1015,i11,?,
1768592067.1315887,SENT,c059b11e-cce5-40dc-bfbd-0ea588e7a5f1,95a09fe7-5eec-44cb-ae5b-27c7aa269280,c4,c5,687,?,p2,
1768592067.1316304,FORWARDED,c059b11e-cce5-40dc-bfbd-0ea588e7a5f1,95a09fe7-5eec-44cb-ae5b-27c7aa269280,c4,c5,687,?,p2,
1768592067.3678913,SENT,c8429b26-5083-4163-9e45-d33d180a29a4,3e237e41-fa07-4d56-beb3-4a36072c70a8,c3,c2,688,?,p2,
1768592067.3679342,FORWARDED,c8429b26-5083-4163-9e45-d33d180a29a4,3e237e41-fa07-4d56-beb3-4a36072c70a8,c3,c2,688,?,p2,
1768592067.3921826,RECEIVED,120a5094-52c4-4dc5-b9c4-55befe336e82,466056a9-38e4-4517-bed4-e1d2b8db3a8b,c3,c1,1012,i7,?,
1768592067.4453015,RECEIVED,f0a01443-90b1-4b2f-921f-608a473eddc4,59a579ab-dac9-4b62-b2b8-a2c324a60c73,c2,c3,1019,i2,?,
1768592067.5289102,SENT,120a5094-52c4-4dc5-b9c4-55befe336e82,466056a9-38e4-4517-bed4-e1d2b8db3a8b,c3,c1,686,?,p1,
1768592067.5289524,FORWARDED,120a5094-52c4-4dc5-b9c4-55befe336e82,466056a9-38e4-4517-bed4-e1d2b8db3a8b,c3,c1,686,?,p1,
1768592067.5791068,RECEIVED,14e824ae-22d5-4aec-ba67-e1f11abe3120,784c6c71-adc5-41b1-b1f8-01ccd1223c4c,c4,DROP,441,x1,?,
1768592067.6547873,RECEIVED,5386eea9-0973-49ae-adb0-64c6ef333d33,020af477-360a-4667-96d4-371feb4d24d3,c2,DROP,687,i6,?,
1768592067.7391472,SENT,f0a01443-90b1-4b2f-921f-608a473eddc4,59a579ab-dac9-4b62-b2b8-a2c324a60c73,c2,c3,691,?,p3,
1768592067.7391887,FORWARDED,f0a01443-90b1-4b2f-921f-608a473eddc4,59a579ab-dac9-4b62-b2b8-a2c324a60c73,c2,c3,691,?,p3,
1768592067.8344758,RECEIVED,d59f91a7-26e1-4c5f-87a7-58d8354447e0,bd2f5521-02ef-4548-a09f-fbe99faf8537,c1,c5,1015,i8,?,
1768592067.861745,RECEIVED,76d8ee8c-c814-46e5-9811-29595be2b75d,8067cc0a-f1ee-41f7-aecf-574eca2d553e,c1,c5,1012,i12,?,
1768592067.9302151,RECEIVED,3e37bbcc-eeb1-40ae-bbfd-f719ea322f32,63196b3c-111e-4a41-8f88-a6f5ba461d59,c5,c2,1023,i11,?,
1768592068.0557532,RECEIVED,b8dbde4f-29d9-4a94-a370-8553221a3179,54ca34bf-43a8-432a-80b1-efbd043e6fdb,c1,c5,1008,i7,?,
1768592068.1177459,RECEIVED,58d679d6-a86b-4fc5-b2da-cbb0d1fb0be7,e5748684-725b-4b7c-8698-7514d3d73b20,c1,c2,1013,i1,?,
1768592068.1550648,SENT,b8dbde4f-29d9-4a94-a370-8553221a3179,54ca34bf-43a8-432a-80b1-efbd043e6fdb,c1,c5,683,?,p2,
1768592068.1551073,FORWARDED,b8dbde4f-29d9-4a94-a370-8553221a3179,54ca34bf-43a8-432a-80b1-efbd043e6fdb,c1,c5,683,?,p2,
1768592068.1664479,SENT,58d679d6-a86b-4fc5-b2da-cbb0d1fb0be7,e5748684-725b-4b7c-8698-7514d3d73b20,c1,c2,687,?,p2,
1768592068.1664894,FORWARDED,58d679d6-a86b-4fc5-b2da-cbb0d1fb0be7,e5748684-725b-4b7c-8698-7514d3d73b20,c1,c2,687,?,p2,
1768592068.1763022,RECEIVED,9599f493-ad54-4b9c-9534-2b401bf12440,a0ce375b-0064-433e-acb2-bcad6b8c1bab,c1,DROP,442,x5,?,
1768592068.224642,SENT,3e37bbcc-eeb1-40ae-bbfd-f719ea322f32,63196b3c-111e-4a41-8f88-a6f5ba461d59,c5,c2,696,?,p2,
1768592068.224738,FORWARDED,3e37bbcc-eeb1-40ae-bbfd-f719ea322f32,63196b3c-111e-4a41-8f88-a6f5ba461d59,c5,c2,696,?,p2,
1768592068.2694764,RECEIVED,ac3b181a-fd34-4a1b-9aef-4d7af28cd56d,de1d5823-d33b-4aba-bb6a-77cd0ffc8aec,c1,c4,1011,i7,?,
1768592068.2866936,RECEIVED,03bbfec2-9bce-4bb4-911b-029c14e75169,64aa443a-8cc5-47a0-a628-cc4664f11f60,c2,c1,1024,i5,?,
1768592068.3578217,SENT,76d8ee8c-c814-46e5-9811-29595be2b75d,8067cc0a-f1ee-41f7-aecf-574eca2d553e,c1,c5,686,?,p2,
1768592068.3578696,FORWARDED,76d8ee8c-c814-46e5-9811-29595be2b75d,8067cc0a-f1ee-41f7-aecf-574eca2d553e,c1,c5,686,?,p2,
1768592068.3927057,RECEIVED,4639ca2d-4799-4a85-96a8-2dc2f0fe93e1,7713893a-5670-4679-9ea7-9423227b491d,c3,c2,1013,i12,?,
1768592068.4326808,SENT,4639ca2d-4799-4a85-96a8-2dc2f0fe93e1,7713893a-5670-4679-9ea7-9423227b491d,c3,c2,686,?,p2,
1768592068.4327228,FORWARDED,4639ca2d-4799-4a85-96a8-2dc2f0fe93e1,7713893a-5670-4679-9ea7-9423227b491d,c3,c2,686,?,p2,
1768592068.4468913,SENT,03bbfec2-9bce-4bb4-911b-029c14e75169,64aa443a-8cc5-47a0-a628-cc4664f11f60,c2,c1,695,?,p1,
1768592068.4474623,FORWARDED,03bbfec2-9bce-4bb4-911b-029c14e75169,64aa443a-8cc5-47a0-a628-cc4664f11f60,c2,c1,695,?,p1,
1768592068.5021777,RECEIVED,d42b929a-830f-4bbe-acb6-836f807291e3,3a0fb0bc-b354-4804-b88a-85f9be409717,c2,DROP,443,x1,?,
1768592068.6788769,RECEIVED,4b5db40a-53c9-4a11-bfe8-d7b1bf75cb42,788df3ca-e2c4-4db3-b5c0-5e0e08b666ee,c5,c1,1016,i8,?,
1768592068.7504382,SENT,4b5db40a-53c9-4a11-bfe8-d7b1bf75cb42,788df3ca-e2c4-4db3-b5c0-5e0e08b666ee,c5,c1,688,?,p1,
1768592068.7504795,FORWARDED,4b5db40a-53c9-4a11-bfe8-d7b1bf75cb42,788df3ca-e2c4-4db3-b5c0-5e0e08b666ee,c5,c1,688,?,p1,
1768592068.791849,SENT,d59f91a7-26e1-4c5f-87a7-58d8354447e0,bd2f5521-02ef-4548-a09f-fbe99faf8537,c1,c5,688,?,p2,
1768592068.7921245,FORWARDED,d59f91a7-26e1-4c5f-87a7-58d8354447e0,bd2f5521-02ef-4548-a09f-fbe99faf8537,c1,c5,688,?,p2,
1768592068.8362482,RECEIVED,27320d74-91a0-42a1-bcfb-bab6778a92cf,aefd1363-f04e-4a73-9e6d-3ce54c947cd9,c5,c3,1015,i2,?,
1768592068.8732455,SENT,5386eea9-0973-49ae-adb0-64c6ef333d33,020af477-360a-4667-96d4-371feb4d24d3,c2,DROP,442,?,e1,
1768592068.873288,FORWARDED,5386eea9-0973-49ae-adb0-64c6ef333d33,020af477-360a-4667-96d4-371feb4d24d3,c2,DROP,442,?,e1,
1768592068.9259896,RECEIVED,42525e98-e36c-4e52-956e-8a38e6571c75,54ee87f8-7ddf-432d-93ba-6c5fad540e53,c2,c5,1011,i4,?,
1768592068.9756978,SENT,ac3b181a-fd34-4a1b-9aef-4d7af28cd56d,de1d5823-d33b-4aba-bb6a-77cd0ffc8aec,c1,c4,687,?,p1,
1768592068.97574,FORWARDED,ac3b181a-fd34-4a1b-9aef-4d7af28cd56d,de1d5823-d33b-4aba-bb6a-77cd0ffc8aec,c1,c4,687,?,p1,
1768592069.0960097,RECEIVED,cf9b58b4-df24-4fdd-93ee-f8caf1dfc82b,25493873-64df-45d7-8fd5-7b3e910771f8,c2,DROP,687,i7,?,
1768592069.1845903,SENT,cf9b58b4-df24-4fdd-93ee-f8caf1dfc82b,25493873-64df-45d7-8fd5-7b3e910771f8,c2,DROP,442,?,x8,
1768592069.1846328,FORWARDED,cf9b58b4-df24-4fdd-93ee-f8caf1dfc82b,25493873-64df-45d7-8fd5-7b3e910771f8,c2,DROP,442,?,x8,
1768592069.4165258,SENT,42525e98-e36c-4e52-956e-8a38e6571c75,54ee87f8-7ddf-432d-93ba-6c5fad540e53,c2,c5,686,?,p2,
1768592069.416575,FORWARDED,42525e98-e36c-4e52-956e-8a38e6571c75,54ee87f8-7ddf-432d-93ba-6c5fad540e53,c2,c5,686,?,p2,
1768592069.555333,RECEIVED,ca16498d-5355-4fa3-bf24-a2682b074eba,0f6b039c-2a90-4054-b632-6c7a4ed7fb36,c3,c5,1011,i11,?,
1768592069.6301246,SENT,27320d74-91a0-42a1-bcfb-bab6778a92cf,aefd1363-f04e-4a73-9e6d-3ce54c947cd9,c5,c3,688,?,p3,
1768592069.630166,FORWARDED,27320d74-91a0-42a1-bcfb-bab6778a92cf,aefd1363-f04e-4a73-9e6d-3ce54c947cd9,c5,c3,688,?,p3,
1768592069.7062676,RECEIVED,a8983d24-855a-4977-8328-7d7c99ceb639,1db30a25-d6b7-420d-b65f-f9e6dea964e9,c1,c2,1015,i1,?,
1768592070.1546302,SENT,ca16498d-5355-4fa3-bf24-a2682b074eba,0f6b039c-2a90-4054-b632-6c7a4ed7fb36,c3,c5,686,?,p2,
1768592070.1546724,FORWARDED,ca16498d-5355-4fa3-bf24-a2682b074eba,0f6b039c-2a90-4054-b632-6c7a4ed7fb36,c3,c5,686,?,p2,
1768592070.356976,RECEIVED,49afd592-59fa-4ea0-9dde-b96ae3d847cf,a377ac5c-57fb-493c-b308-03ff340ee4d5,c4,c3,1023,i6,?,
1768592070.4852598,RECEIVED,9d65c3fc-c231-4385-8a84-397e730fd3cf,953dc344-b075-479e-89e8-804d74a2f0a7,c1,c3,1011,i5,?,
1768592070.54396,RECEIVED,772c402b-d24c-4dc4-b820-ec681a6b1738,e87f6fb5-84be-460b-a9c6-be9724ba5ea0,c1,c2,1011,i8,?,
1768592070.685688,RECEIVED,62ffff84-2d32-4688-9975-8a379c1becfd,2c4266b8-66a4-49c2-b4da-855f8ab80089,c3,c5,1015,i9,?,
1768592070.709037,SENT,a8983d24-855a-4977-8328-7d7c99ceb639,1db30a25-d6b7-420d-b65f-f9e6dea964e9,c1,c2,688,?,p2,
1768592070.709093,FORWARDED,a8983d24-855a-4977-8328-7d7c99ceb639,1db30a25-d6b7-420d-b65f-f9e6dea964e9,c1,c2,688,?,p2,
1768592070.9929943,SENT,772c402b-d24c-4dc4-b820-ec681a6b1738,e87f6fb5-84be-460b-a9c6-be9724ba5ea0,c1,c2,686,?,p2,
1768592070.9930317,FORWARDED,772c402b-d24c-4dc4-b820-ec681a6b1738,e87f6fb5-84be-460b-a9c6-be9724ba5ea0,c1,c2,686,?,p2,
1768592071.1221979,SENT,9d65c3fc-c231-4385-8a84-397e730fd3cf,953dc344-b075-479e-89e8-804d74a2f0a7,c1,c3,687,?,p3,
1768592071.1222398,FORWARDED,9d65c3fc-c231-4385-8a84-397e730fd3cf,953dc344-b075-479e-89e8-804d74a2f0a7,c1,c3,687,?,p3,
1768592071.144598,RECEIVED,28a9ab09-21b6-400f-92c8-99a2e2fd0f86,2137c4ed-5c49-4c0a-85a7-54fa526b6094,c2,c4,1015,i5,?,
1768592071.3768911,RECEIVED,eca8a0fe-229e-4690-baff-a84826e25b29,9c905795-73a3-43a8-89da-adf32b690663,c3,c1,1012,i6,?,
1768592071.4897485,SENT,eca8a0fe-229e-4690-baff-a84826e25b29,9c905795-73a3-43a8-89da-adf32b690663,c3,c1,687,?,p1,
1768592071.4897876,FORWARDED,eca8a0fe-229e-4690-baff-a84826e25b29,9c905795-73a3-43a8-89da-adf32b690663,c3,c1,687,?,p1,
1768592071.5535426,RECEIVED,92c68231-9f1e-4f18-9557-9d7e1e4c903c,3ebdf342-06fb-497a-a8de-755ba04c395a,c3,c1,1016,i5,?,
1768592071.858749,RECEIVED,02f03fb7-5c86-4fde-a388-8cdd966ee784,9d8a3526-13bd-444f-a003-498d357134c2,c5,c3,1015,i11,?,
1768592071.9336689,SENT,02f03fb7-5c86-4fde-a388-8cdd966ee784,9d8a3526-13bd-444f-a003-498d357134c2,c5,c3,688,?,p3,
1768592071.933709,FORWARDED,02f03fb7-5c86-4fde-a388-8cdd966ee784,9d8a3526-13bd-444f-a003-498d357134c2,c5,c3,688,?,p3,
1768592071.9516735,SENT,62ffff84-2d32-4688-9975-8a379c1becfd,2c4266b8-66a4-49c2-b4da-855f8ab80089,c3,c5,688,?,p2,
1768592071.951716,FORWARDED,62ffff84-2d32-4688-9975-8a379c1becfd,2c4266b8-66a4-49c2-b4da-855f8ab80089,c3,c5,688,?,p2,
1768592071.9547474,SENT,92c68231-9f1e-4f18-9557-9d7e1e4c903c,3ebdf342-06fb-497a-a8de-755ba04c395a,c3,c1,688,?,p1,
1768592071.95479,FORWARDED,92c68231-9f1e-4f18-9557-9d7e1e4c903c,3ebdf342-06fb-497a-a8de-755ba04c395a,c3,c1,688,?,p1,
1768592071.9583778,RECEIVED,f73c4639-57fd-44d3-a95a-8e096ce6134c,03a0b452-242e-44e0-b9c5-d43ea5f47e48,c3,DROP,683,i7,?,
1768592071.9938211,SENT,28a9ab09-21b6-400f-92c8-99a2e2fd0f86,2137c4ed-5c49-4c0a-85a7-54fa526b6094,c2,c4,688,?,p1,
1768592071.9938622,FORWARDED,28a9ab09-21b6-400f-92c8-99a2e2fd0f86,2137c4ed-5c49-4c0a-85a7-54fa526b6094,c2,c4,688,?,p1,
1768592072.127555,RECEIVED,8251d270-2b3c-4e90-98c4-15d4059b09ec,ff35f7b7-8e9a-4be4-b07b-5c9f234b94e2,c4,DROP,441,x5,?,
1768592072.1473196,RECEIVED,1fb31421-5313-43f1-a0cf-f27df2e2ed33,cfb12f56-8f0b-4bc4-9b72-93997e5de218,c3,c5,1016,i8,?,
1768592072.3338516,SENT,1fb31421-5313-43f1-a0cf-f27df2e2ed33,cfb12f56-8f0b-4bc4-9b72-93997e5de218,c3,c5,688,?,p2,
1768592072.3338995,FORWARDED,1fb31421-5313-43f1-a0cf-f27df2e2ed33,cfb12f56-8f0b-4bc4-9b72-93997e5de218,c3,c5,688,?,p2,
1768592072.3670218,SENT,f73c4639-57fd-44d3-a95a-8e096ce6134c,03a0b452-242e-44e0-b9c5-d43ea5f47e48,c3,DROP,441,?,e2,
1768592072.3670754,FORWARDED,f73c4639-57fd-44d3-a95a-8e096ce6134c,03a0b452-242e-44e0-b9c5-d43ea5f47e48,c3,DROP,441,?,e2,
1768592072.4168766,RECEIVED,d2412af9-c94f-4070-a2d5-c2b9d4a97555,54e1f1fd-2b3b-48ce-abfa-5132166c6849,c4,c3,1010,i4,?,
1768592072.4523175,SENT,49afd592-59fa-4ea0-9dde-b96ae3d847cf,a377ac5c-57fb-493c-b308-03ff340ee4d5,c4,c3,695,?,p3,
1768592072.4523673,FORWARDED,49afd592-59fa-4ea0-9dde-b96ae3d847cf,a377ac5c-57fb-493c-b308-03ff340ee4d5,c4,c3,695,?,p3,
1768592072.6483567,RECEIVED,e0c1adeb-9fa0-4b34-b4b8-01e708e61fc1,51030222-89b1-4e93-8bfe-4155c1578803,c4,c2,1011,i4,?,
1768592072.667428,RECEIVED,f9258e33-3d26-41c9-b42e-775d12dcf715,43e42a24-9d57-40a2-8ff3-76610aa088f8,c1,c3,1017,i6,?,
1768592072.7558224,SENT,f9258e33-3d26-41c9-b42e-775d12dcf715,43e42a24-9d57-40a2-8ff3-76610aa088f8,c1,c3,688,?,p3,
1768592072.755862,FORWARDED,f9258e33-3d26-41c9-b42e-775d12dcf715,43e42a24-9d57-40a2-8ff3-76610aa088f8,c1,c3,688,?,p3,
1768592072.951796,RECEIVED,9f0bcad7-a220-4347-899c-68e73e7f00df,468c5ae2-ddf7-496c-a1ad-d5b6924855ea,c5,c4,1015,i8,?,
1768592072.973346,RECEIVED,20e44f22-fd5e-410f-aece-c9f55ccd0351,bd897088-8cf0-4e0c-abe6-69a39db7e228,c5,c1,1019,i11,?,
1768592073.0795274,RECEIVED,72eefca5-b53b-45fc-ae3d-b57f63098fa0,58fb7db9-3966-4da6-b7d6-50c13c4a2c39,c1,c2,1016,i4,?,
1768592073.1140285,RECEIVED,2c34bb9c-3ce5-4adf-b4f1-92bb61d0a697,58f50f67-ffb2-401f-9274-3a0004b74eb4,c3,c1,1019,i11,?,
1768592073.1648436,SENT,72eefca5-b53b-45fc-ae3d-b57f63098fa0,58fb7db9-3966-4da6-b7d6-50c13c4a2c39,c1,c2,688,?,p2,
1768592073.164903,FORWARDED,72eefca5-b53b-45fc-ae3d-b57f63098fa0,58fb7db9-3966-4da6-b7d6-50c13c4a2c39,c1,c2,688,?,p2,
1768592073.3085194,SENT,9f0bcad7-a220-4347-899c-68e73e7f00df,468c5ae2-ddf7-496c-a1ad-d5b6924855ea,c5,c4,689,?,p1,
1768592073.3085616,FORWARDED,9f0bcad7-a220-4347-899c-68e73e7f00df,468c5ae2-ddf7-496c-a1ad-d5b6924855ea,c5,c4,689,?,p1,
1768592073.414582,RECEIVED,94d115c5-72cd-488d-966a-d954097f7a79,73a8f000-9d7a-47f9-b2e3-2c39835001ff,c4,c3,1023,i4,?,
1768592073.5529845,RECEIVED,62849285-6853-4a6f-a366-db484303ab29,f25ef00d-6868-4c89-93c8-6cee1c209375,c2,c3,1012,i2,?,
1768592073.5668964,SENT,d2412af9-c94f-4070-a2d5-c2b9d4a97555,54e1f1fd-2b3b-48ce-abfa-5132166c6849,c4,c3,687,?,p3,
1768592073.567544,FORWARDED,d2412af9-c94f-4070-a2d5-c2b9d4a97555,54e1f1fd-2b3b-48ce-abfa-5132166c6849,c4,c3,687,?,p3,
1768592073.6417708,SENT,62849285-6853-4a6f-a366-db484303ab29,f25ef00d-6868-4c89-93c8-6cee1c209375,c2,c3,686,?,p3,
1768592073.6420553,FORWARDED,62849285-6853-4a6f-a366-db484303ab29,f25ef00d-6868-4c89-93c8-6cee1c209375,c2,c3,686,?,p3,
1768592073.6671724,SENT,94d115c5-72cd-488d-966a-d954097f7a79,73a8f000-9d7a-47f9-b2e3-2c39835001ff,c4,c3,695,?,p3,
1768592073.6672132,FORWARDED,94d115c5-72cd-488d-966a-d954097f7a79,73a8f000-9d7a-47f9-b2e3-2c39835001ff,c4,c3,695,?,p3,
1768592073.7194617,RECEIVED,fc485922-a42a-40a5-972d-fb0a855a971e,fb707f27-8a63-4dba-a1c8-16143b5e1c0f,c5,c1,1009,i6,?,
1768592073.7275417,SENT,20e44f22-fd5e-410f-aece-c9f55ccd0351,bd897088-8cf0-4e0c-abe6-69a39db7e228,c5,c1,692,?,p1,
1768592073.727581,FORWARDED,20e44f22-fd5e-410f-aece-c9f55ccd0351,bd897088-8cf0-4e0c-abe6-69a39db7e228,c5,c1,692,?,p1,
1768592073.7689555,SENT,2c34bb9c-3ce5-4adf-b4f1-92bb61d0a697,58f50f67-ffb2-401f-9274-3a0004b74eb4,c3,c1,691,?,p1,
1768592073.7690015,FORWARDED,2c34bb9c-3ce5-4adf-b4f1-92bb61d0a697,58f50f67-ffb2-401f-9274-3a0004b74eb4,c3,c1,691,?,p1,
1768592073.8871858,SENT,e0c1adeb-9fa0-4b34-b4b8-01e708e61fc1,51030222-89b1-4e93-8bfe-4155c1578803,c4,c2,685,?,p2,
1768592073.887228,FORWARDED,e0c1adeb-9fa0-4b34-b4b8-01e708e61fc1,51030222-89b1-4e93-8bfe-4155c1578803,c4,c2,685,?,p2,
1768592074.1896198,RECEIVED,2d2dde23-fff7-4966-90be-f5848d23e4cc,112c6891-0f38-4c9f-a2de-56b9cd8e5c03,c2,c3,1012,i11,?,
1768592074.263702,SENT,fc485922-a42a-40a5-972d-fb0a855a971e,fb707f27-8a63-4dba-a1c8-16143b5e1c0f,c5,c1,687,?,p1,
1768592074.2637732,FORWARDED,fc485922-a42a-40a5-972d-fb0a855a971e,fb707f27-8a63-4dba-a1c8-16143b5e1c0f,c5,c1,687,?,p1,
1768592074.2979028,SENT,2d2dde23-fff7-4966-90be-f5848d23e4cc,112c6891-0f38-4c9f-a2de-56b9cd8e5c03,c2,c3,687,?,p3,
1768592074.2979448,FORWARDED,2d2dde23-fff7-4966-90be-f5848d23e4cc,112c6891-0f38-4c9f-a2de-56b9cd8e5c03,c2,c3,687,?,p3,
1768592074.7979116,RECEIVED,937d3793-fe11-419f-bfd4-1634f658e54b,bed1ab5b-9255-4bbb-8bad-2b450761ff1f,c3,DROP,441,x3,?,
1768592075.547173,RECEIVED,26f36355-6321-46ac-b5c2-6cbc50dccc02,e0b809c9-ac2b-4661-ab68-653eda08a246,c1,c3,1015,i5,?,
1768592076.5746818,SENT,26f36355-6321-46ac-b5c2-6cbc50dccc02,e0b809c9-ac2b-4661-ab68-653eda08a246,c1,c3,688,?,p3,
1768592076.5747244,FORWARDED,26f36355-6321-46ac-b5c2-6cbc50dccc02,e0b809c9-ac2b-4661-ab68-653eda08a246,c1,c3,688,?,p3,
1768592076.8017948,RECEIVED,22fdad66-6e34-46b0-b70b-5d08e2472706,460fe342-5e7b-457a-8bc0-f7b478a91d75,c3,c1,1013,i1,?,
1768592076.8564408,SENT,22fdad66-6e34-46b0-b70b-5d08e2472706,460fe342-5e7b-457a-8bc0-f7b478a91d75,c3,c1,687,?,p1,
1768592076.8564851,FORWARDED,22fdad66-6e34-46b0-b70b-5d08e2472706,460fe342-5e7b-457a-8bc0-f7b478a91d75,c3,c1,687,?,p1,
1768592077.0625842,RECEIVED,1b8bef73-ada6-4b43-a31e-5c4610dd3642,b8bd469c-b48a-458a-b092-cc6893fec51c,c2,DROP,686,i12,?,
1768592077.5102415,RECEIVED,4cb7f903-a8c7-44fc-a332-6c50b37c59d4,b1b8484f-faa5-40ae-b18f-9f48588f3e8e,c2,DROP,683,i12,?,
1768592077.6636276,RECEIVED,74849b7e-7f6b-4dce-96d3-07463a8a7c75,18ec659d-5d8f-45c6-a43e-88f496c369d7,c4,c3,1012,i2,?,
1768592077.9801059,SENT,74849b7e-7f6b-4dce-96d3-07463a8a7c75,18ec659d-5d8f-45c6-a43e-88f496c369d7,c4,c3,687,?,p3,
1768592077.98015,FORWARDED,74849b7e-7f6b-4dce-96d3-07463a8a7c75,18ec659d-5d8f-45c6-a43e-88f496c369d7,c4,c3,687,?,p3,
1768592078.160189,SENT,4cb7f903-a8c7-44fc-a332-6c50b37c59d4,b1b8484f-faa5-40ae-b18f-9f48588f3e8e,c2,DROP,440,?,e5,
1768592078.1602285,FORWARDED,4cb7f903-a8c7-44fc-a332-6c50b37c59d4,b1b8484f-faa5-40ae-b18f-9f48588f3e8e,c2,DROP,440,?,e5,
1768592078.2493632,RECEIVED,1b4b0655-dbb8-417d-8951-3ac520b89343,199edc3e-0cd4-4d0a-b55f-80ab027f9e9d,c2,c3,1013,i11,?,
1768592078.2984786,SENT,1b4b0655-dbb8-417d-8951-3ac520b89343,199edc3e-0cd4-4d0a-b55f-80ab027f9e9d,c2,c3,687,?,p3,
1768592078.2985198,FORWARDED,1b4b0655-dbb8-417d-8951-3ac520b89343,199edc3e-0cd4-4d0a-b55f-80ab027f9e9d,c2,c3,687,?,p3,
1768592078.3853955,RECEIVED,362f1b32-eaad-4a89-8e4e-bae6a89ab32b,a8a002d4-09b1-443e-abe2-ac2f3ddb3a73,c4,c3,1011,i8,?,
1768592078.438734,RECEIVED,d3ffa9f0-7175-4aa4-925a-bd3ecf74d72c,c740ebb6-383d-4350-b39c-65ffb828e72a,c5,c4,1011,i8,?,
1768592078.5141659,RECEIVED,05c81a2b-2032-4239-9b6e-574e43fde1b9,56f242b5-5704-4117-a8ab-7a1fa330b638,c1,c3,1020,i7,?,
1768592078.5311131,RECEIVED,c148de99-411c-49a3-a3be-a2ee5fef2199,47fab32c-da2f-46db-9498-6df455ade961,c3,c5,1011,i8,?,
1768592078.588035,SENT,1b8bef73-ada6-4b43-a31e-5c4610dd3642,b8bd469c-b48a-458a-b092-cc6893fec51c,c2,DROP,442,?,x2,
1768592078.5880904,FORWARDED,1b8bef73-ada6-4b43-a31e-5c4610dd3642,b8bd469c-b48a-458a-b092-cc6893fec51c,c2,DROP,442,?,x2,
1768592078.594854,SENT,05c81a2b-2032-4239-9b6e-574e43fde1b9,56f242b5-5704-4117-a8ab-7a1fa330b638,c1,c3,691,?,p3,
1768592078.5949037,FORWARDED,05c81a2b-2032-4239-9b6e-574e43fde1b9,56f242b5-5704-4117-a8ab-7a1fa330b638,c1,c3,691,?,p3,
1768592078.9798613,SENT,362f1b32-eaad-4a89-8e4e-bae6a89ab32b,a8a002d4-09b1-443e-abe2-ac2f3ddb3a73,c4,c3,686,?,p3,
1768592078.9798949,FORWARDED,362f1b32-eaad-4a89-8e4e-bae6a89ab32b,a8a002d4-09b1-443e-abe2-ac2f3ddb3a73,c4,c3,686,?,p3,
1768592079.205883,RECEIVED,a8de6704-8c47-4699-ab8f-bf63b524b15b,8788fe69-e1a8-4fa0-8979-f78f3de8e00d,c1,c5,1015,i7,?,
1768592079.2411659,RECEIVED,2624eff2-e0aa-497d-9663-98486a7eb6c0,32d11493-7678-4bf8-abf4-b914dc532dcf,c4,c1,1016,i6,?,
1768592079.241733,RECEIVED,e8193cc5-323f-43a2-bcf7-4d3ab2c1e998,db4e7aff-c899-494a-b793-ab9ca87e57dd,c1,c4,1016,i11,?,
1768592079.2677574,RECEIVED,cf5a6fc6-c5ff-44a5-89f3-8d295f06ee40,5c47dbfe-d2ca-498a-9ac4-8a37559d0638,c3,c5,1015,i5,?,
1768592079.3089035,SENT,c148de99-411c-49a3-a3be-a2ee5fef2199,47fab32c-da2f-46db-9498-6df455ade961,c3,c5,687,?,p2,
1768592079.308946,FORWARDED,c148de99-411c-49a3-a3be-a2ee5fef2199,47fab32c-da2f-46db-9498-6df455ade961,c3,c5,687,?,p2,
1768592079.3377447,RECEIVED,430bc130-d131-459d-b513-ad24f475dda8,cb4bc204-91e4-4a5d-abbb-f24c0e3b1af2,c1,c2,1023,i12,?,
1768592079.3698032,SENT,e8193cc5-323f-43a2-bcf7-4d3ab2c1e998,db4e7aff-c899-494a-b793-ab9ca87e57dd,c1,c4,688,?,p1,
1768592079.3698454,FORWARDED,e8193cc5-323f-43a2-bcf7-4d3ab2c1e998,db4e7aff-c899-494a-b793-ab9ca87e57dd,c1,c4,688,?,p1,
1768592079.4139776,SENT,2624eff2-e0aa-497d-9663-98486a7eb6c0,32d11493-7678-4bf8-abf4-b914dc532dcf,c4,c1,688,?,p1,
1768592079.414019,FORWARDED,2624eff2-e0aa-497d-9663-98486a7eb6c0,32d11493-7678-4bf8-abf4-b914dc532dcf,c4,c1,688,?,p1,
1768592079.532752,RECEIVED,2cf3fe3f-10f8-4479-8d7c-34473e8b784f,63bd9bde-d4db-46df-9009-6504a744807f,c4,c2,1024,i9,?,
1768592079.5591462,RECEIVED,7b29c5b2-f29c-404c-b86d-90fee98746ac,acea58ec-3db9-4c25-9064-2b3fbf8b764e,c5,c4,1016,i11,?,
1768592079.6341999,SENT,2cf3fe3f-10f8-4479-8d7c-34473e8b784f,63bd9bde-d4db-46df-9009-6504a744807f,c4,c2,695,?,p2,
1768592079.6342423,FORWARDED,2cf3fe3f-10f8-4479-8d7c-34473e8b784f,63bd9bde-d4db-46df-9009-6504a744807f,c4,c2,695,?,p2,
1768592079.705719,RECEIVED,2674a436-2250-48ac-abc9-0376a2faa96f,66b6d926-37be-42b5-9e62-0eac078f189d,c1,DROP,441,x12,?,
1768592079.7961147,SENT,7b29c5b2-f29c-404c-b86d-90fee98746ac,acea58ec-3db9-4c25-9064-2b3fbf8b764e,c5,c4,690,?,p1,
1768592079.796155,FORWARDED,7b29c5b2-f29c-404c-b86d-90fee98746ac,acea58ec-3db9-4c25-9064-2b3fbf8b764e,c5,c4,690,?,p1,
1768592079.924882,SENT,d3ffa9f0-7175-4aa4-925a-bd3ecf74d72c,c740ebb6-383d-4350-b39c-65ffb828e72a,c5,c4,686,?,p1,
1768592079.9249258,FORWARDED,d3ffa9f0-7175-4aa4-925a-bd3ecf74d72c,c740ebb6-383d-4350-b39c-65ffb828e72a,c5,c4,686,?,p1,
1768592079.9903624,SENT,cf5a6fc6-c5ff-44a5-89f3-8d295f06ee40,5c47dbfe-d2ca-498a-9ac4-8a37559d0638,c3,c5,689,?,p2,
1768592079.9904034,FORWARDED,cf5a6fc6-c5ff-44a5-89f3-8d295f06ee40,5c47dbfe-d2ca-498a-9ac4-8a37559d0638,c3,c5,689,?,p2,
1768592080.0384445,SENT,a8de6704-8c47-4699-ab8f-bf63b524b15b,8788fe69-e1a8-4fa0-8979-f78f3de8e00d,c1,c5,689,?,p2,
1768592080.0384932,FORWARDED,a8de6704-8c47-4699-ab8f-bf63b524b15b,8788fe69-e1a8-4fa0-8979-f78f3de8e00d,c1,c5,689,?,p2,
1768592080.14098,SENT,430bc130-d131-459d-b513-ad24f475dda8,cb4bc204-91e4-4a5d-abbb-f24c0e3b1af2,c1,c2,695,?,p2,
1768592080.141021,FORWARDED,430bc130-d131-459d-b513-ad24f475dda8,cb4bc204-91e4-4a5d-abbb-f24c0e3b1af2,c1,c2,695,?,p2,
1768592080.4461155,RECEIVED,2dd5ca4a-365d-477b-8b25-769bcee4909c,6c8bf8c6-697e-4808-91e0-5d887a08fc03,c1,DROP,688,i12,?,
1768592080.739833,RECEIVED,5f04d653-7dfe-496a-a54a-11f7679cec3c,82ca004f-47b8-4f15-81e6-f2eaab7b4f53,c2,c5,1020,i7,?,
1768592080.7447896,SENT,2dd5ca4a-365d-477b-8b25-769bcee4909c,6c8bf8c6-697e-4808-91e0-5d887a08fc03,c1,DROP,444,?,x5,
1768592080.7448373,FORWARDED,2dd5ca4a-365d-477b-8b25-769bcee4909c,6c8bf8c6-697e-4808-91e0-5d887a08fc03,c1,DROP,444,?,x5,
1768592080.8384442,RECEIVED,12921a60-87d7-4660-9b5a-d7245b181f26,e93ce3b2-6d6a-467e-8d76-d827996a87a6,c3,c4,1015,i12,?,
1768592080.8857481,SENT,5f04d653-7dfe-496a-a54a-11f7679cec3c,82ca004f-47b8-4f15-81e6-f2eaab7b4f53,c2,c5,692,?,p2,
1768592080.8857896,FORWARDED,5f04d653-7dfe-496a-a54a-11f7679cec3c,82ca004f-47b8-4f15-81e6-f2eaab7b4f53,c2,c5,692,?,p2,
1768592081.082862,RECEIVED,469aae89-7327-4aaf-a5db-f37788da56eb,affec718-0897-4796-ac4f-9e460ab0c536,c1,c5,1012,i6,?,
1768592081.168837,SENT,469aae89-7327-4aaf-a5db-f37788da56eb,affec718-0897-4796-ac4f-9e460ab0c536,c1,c5,687,?,p2,
1768592081.1688783,FORWARDED,469aae89-7327-4aaf-a5db-f37788da56eb,affec718-0897-4796-ac4f-9e460ab0c536,c1,c5,687,?,p2,
1768592081.3106544,RECEIVED,620ca781-9363-48a3-97d8-74b02d51ee56,99e0f0b7-7f48-49fe-a5fc-4c0ec62bd19e,c1,c4,1024,i12,?,
1768592081.3559747,RECEIVED,f77297ce-731f-4483-95f4-423d6659cba2,9244352c-c813-4e60-b70a-392f0a75baa2,c2,c5,1016,i5,?,
1768592081.4582102,SENT,12921a60-87d7-4660-9b5a-d7245b181f26,e93ce3b2-6d6a-467e-8d76-d827996a87a6,c3,c4,688,?,p1,
1768592081.458264,FORWARDED,12921a60-87d7-4660-9b5a-d7245b181f26,e93ce3b2-6d6a-467e-8d76-d827996a87a6,c3,c4,688,?,p1,
1768592081.5460844,SENT,620ca781-9363-48a3-97d8-74b02d51ee56,99e0f0b7-7f48-49fe-a5fc-4c0ec62bd19e,c1,c4,695,?,p1,
1768592081.546129,FORWARDED,620ca781-9363-48a3-97d8-74b02d51ee56,99e0f0b7-7f48-49fe-a5fc-4c0ec62bd19e,c1,c4,695,?,p1,
1768592081.6899476,RECEIVED,5afdfad9-5d05-4c4b-a3c8-2d85abbb0945,9438f69c-edd7-43a5-9b91-4177ba81fa8c,c2,c5,1020,i4,?,
1768592081.693398,RECEIVED,3bdf6f7d-c567-40fb-b957-b434025e40f3,695fa404-75da-466b-a20f-1f88f9f6d1b4,c3,c1,1024,i9,?,
1768592081.7073648,SENT,f77297ce-731f-4483-95f4-423d6659cba2,9244352c-c813-4e60-b70a-392f0a75baa2,c2,c5,688,?,p2,
1768592081.707407,FORWARDED,f77297ce-731f-4483-95f4-423d6659cba2,9244352c-c813-4e60-b70a-392f0a75baa2,c2,c5,688,?,p2,
1768592081.9873786,RECEIVED,83808ab4-bd3b-46ac-b10b-697c7e954653,2dc3d86f-62de-4d9d-b231-ddfedc6acaa2,c4,c2,1011,i12,?,
1768592082.0682468,SENT,5afdfad9-5d05-4c4b-a3c8-2d85abbb0945,9438f69c-edd7-43a5-9b91-4177ba81fa8c,c2,c5,691,?,p2,
1768592082.0686774,FORWARDED,5afdfad9-5d05-4c4b-a3c8-2d85abbb0945,9438f69c-edd7-43a5-9b91-4177ba81fa8c,c2,c5,691,?,p2,
1768592082.0864873,SENT,3bdf6f7d-c567-40fb-b957-b434025e40f3,695fa404-75da-466b-a20f-1f88f9f6d1b4,c3,c1,695,?,p1,
1768592082.0865295,FORWARDED,3bdf6f7d-c567-40fb-b957-b434025e40f3,695fa404-75da-466b-a20f-1f88f9f6d1b4,c3,c1,695,?,p1,
1768592082.4348185,RECEIVED,c3265298-84a9-4e67-9a1f-5ee2f57bd3aa,cd037da9-69bc-433b-a03d-ec7209f7eb37,c3,c2,1015,i6,?,
1768592082.5372553,SENT,83808ab4-bd3b-46ac-b10b-697c7e954653,2dc3d86f-62de-4d9d-b231-ddfedc6acaa2,c4,c2,687,?,p2,
1768592082.5372992,FORWARDED,83808ab4-bd3b-46ac-b10b-697c7e954653,2dc3d86f-62de-4d9d-b231-ddfedc6acaa2,c4,c2,687,?,p2,
1768592082.5660357,SENT,c3265298-84a9-4e67-9a1f-5ee2f57bd3aa,cd037da9-69bc-433b-a03d-ec7209f7eb37,c3,c2,689,?,p2,
1768592082.566096,FORWARDED,c3265298-84a9-4e67-9a1f-5ee2f57bd3aa,cd037da9-69bc-433b-a03d-ec7209f7eb37,c3,c2,689,?,p2,
1768592082.5934994,RECEIVED,e5597c2a-edbd-4928-ac58-a4411a1f9122,ad0828dc-203a-44eb-ac96-0e60a1ce5f2b,c1,c3,1016,i11,?,
1768592082.7228549,RECEIVED,0cb7350f-68ba-45bd-9de9-a66bcff13d17,0d8a0c19-39e4-4f86-84a3-fa797b101ac8,c2,c4,1012,i7,?,
1768592082.8168752,SENT,e5597c2a-edbd-4928-ac58-a4411a1f9122,ad0828dc-203a-44eb-ac96-0e60a1ce5f2b,c1,c3,688,?,p3,
1768592082.816922,FORWARDED,e5597c2a-edbd-4928-ac58-a4411a1f9122,ad0828dc-203a-44eb-ac96-0e60a1ce5f2b,c1,c3,688,?,p3,
1768592082.9178386,RECEIVED,82f36f95-66c0-4b1b-936d-9f639d6f1447,211f7ca4-ba9e-442b-80e8-8fe0f4dc72a8,c4,c3,1011,i4,?,
1768592082.9190989,SENT,0cb7350f-68ba-45bd-9de9-a66bcff13d17,0d8a0c19-39e4-4f86-84a3-fa797b101ac8,c2,c4,687,?,p1,
1768592082.9191434,FORWARDED,0cb7350f-68ba-45bd-9de9-a66bcff13d17,0d8a0c19-39e4-4f86-84a3-fa797b101ac8,c2,c4,687,?,p1,
1768592082.9312449,RECEIVED,e29de209-a018-4a89-b27c-f000637bd8ba,642b1b98-8236-4a43-b64e-d2e4b9fca83d,c4,c5,1009,i4,?,
1768592083.1078737,SENT,82f36f95-66c0-4b1b-936d-9f639d6f1447,211f7ca4-ba9e-442b-80e8-8fe0f4dc72a8,c4,c3,687,?,p3,
1768592083.1079154,FORWARDED,82f36f95-66c0-4b1b-936d-9f639d6f1447,211f7ca4-ba9e-442b-80e8-8fe0f4dc72a8,c4,c3,687,?,p3,
1768592084.0852127,SENT,e29de209-a018-4a89-b27c-f000637bd8ba,642b1b98-8236-4a43-b64e-d2e4b9fca83d,c4,c5,687,?,p2,
1768592084.0852535,FORWARDED,e29de209-a018-4a89-b27c-f000637bd8ba,642b1b98-8236-4a43-b64e-d2e4b9fca83d,c4,c5,687,?,p2,
1768592084.088564,RECEIVED,f45c094e-45c4-4d8c-bfca-d3387194a37b,ab77291d-97ae-494f-bbfd-a3b2748339f4,c1,c2,1020,i11,?,
1768592084.406732,RECEIVED,f3b6a789-b40e-4c85-a2b7-1f334bc44e04,a8681f6d-d8c9-4944-a00c-b7a9a62484c9,c4,c5,1011,i1,?,
1768592084.4396517,SENT,f45c094e-45c4-4d8c-bfca-d3387194a37b,ab77291d-97ae-494f-bbfd-a3b2748339f4,c1,c2,692,?,p2,
1768592084.4396887,FORWARDED,f45c094e-45c4-4d8c-bfca-d3387194a37b,ab77291d-97ae-494f-bbfd-a3b2748339f4,c1,c2,692,?,p2,
1768592084.6517346,RECEIVED,00baed8d-676e-43c8-bc3d-02cff96efe13,08802634-3ba0-47f3-a111-f3b52e69f6cf,c5,c2,1013,i4,?,
1768592084.7442968,SENT,00baed8d-676e-43c8-bc3d-02cff96efe13,08802634-3ba0-47f3-a111-f3b52e69f6cf,c5,c2,687,?,p2,
1768592084.7443507,FORWARDED,00baed8d-676e-43c8-bc3d-02cff96efe13,08802634-3ba0-47f3-a111-f3b52e69f6cf,c5,c2,687,?,p2,
1768592084.8179762,RECEIVED,5ff10625-0ebe-4fe1-8960-144af3886313,f49d4c12-a79a-4682-ae98-9ae98e6310c1,c1,DROP,684,i12,?,
1768592084.864633,SENT,f3b6a789-b40e-4c85-a2b7-1f334bc44e04,a8681f6d-d8c9-4944-a00c-b7a9a62484c9,c4,c5,687,?,p2,
1768592084.8646746,FORWARDED,f3b6a789-b40e-4c85-a2b7-1f334bc44e04,a8681f6d-d8c9-4944-a00c-b7a9a62484c9,c4,c5,687,?,p2,
1768592084.8841748,SENT,5ff10625-0ebe-4fe1-8960-144af3886313,f49d4c12-a79a-4682-ae98-9ae98e6310c1,c1,DROP,441,?,i2,
1768592084.8842168,FORWARDED,5ff10625-0ebe-4fe1-8960-144af3886313,f49d4c12-a79a-4682-ae98-9ae98e6310c1,c1,DROP,441,?,i2,
1768592085.0444522,RECEIVED,f06b4766-6c8b-4f13-a3b5-5ac939a8a5d6,155b9e92-e15e-466c-a59c-e5ad1a58cd06,c2,c3,1012,i7,?,
1768592085.2753184,RECEIVED,ac344925-6888-4a35-b1c7-d73e94500b6a,c0c476e2-c9f2-410b-aee6-4630090e5d25,c5,c4,1015,i11,?,
1768592085.3081527,RECEIVED,f4a465b7-39a4-46d2-998a-3ad7027e8952,8ec3cfd1-aa2b-4771-845c-28f0c7b1b6e3,c1,c5,1011,i2,?,
1768592085.5244458,SENT,f06b4766-6c8b-4f13-a3b5-5ac939a8a5d6,155b9e92-e15e-466c-a59c-e5ad1a58cd06,c2,c3,687,?,p3,
1768592085.5244796,FORWARDED,f06b4766-6c8b-4f13-a3b5-5ac939a8a5d6,155b9e92-e15e-466c-a59c-e5ad1a58cd06,c2,c3,687,?,p3,
1768592085.536374,SENT,ac344925-6888-4a35-b1c7-d73e94500b6a,c0c476e2-c9f2-410b-aee6-4630090e5d25,c5,c4,688,?,p1,
1768592085.5364132,FORWARDED,ac344925-6888-4a35-b1c7-d73e94500b6a,c0c476e2-c9f2-410b-aee6-4630090e5d25,c5,c4,688,?,p1,
1768592085.6154144,RECEIVED,059cf091-3cd1-4265-846b-22ceca2b7565,39b23f09-b911-4a67-bef2-82576aea2f15,c4,DROP,684,i8,?,
1768592085.6838012,RECEIVED,fe172753-3332-4cf0-ab47-2b4f577b6ec6,ea9c0866-60ee-43e6-a5b5-4f2f3df683ef,c1,c2,1009,i5,?,
1768592086.0044086,SENT,059cf091-3cd1-4265-846b-22ceca2b7565,39b23f09-b911-4a67-bef2-82576aea2f15,c4,DROP,440,?,i7,
1768592086.0044441,FORWARDED,059cf091-3cd1-4265-846b-22ceca2b7565,39b23f09-b911-4a67-bef2-82576aea2f15,c4,DROP,440,?,i7,
1768592086.0313308,RECEIVED,fd2b6b5d-9607-4b0b-91c0-9d9bae4f1602,99aa76a4-d040-492e-9da4-cae16013502b,c5,c1,1015,i4,?,
1768592086.105841,SENT,fd2b6b5d-9607-4b0b-91c0-9d9bae4f1602,99aa76a4-d040-492e-9da4-cae16013502b,c5,c1,688,?,p1,
1768592086.105882,FORWARDED,fd2b6b5d-9607-4b0b-91c0-9d9bae4f1602,99aa76a4-d040-492e-9da4-cae16013502b,c5,c1,688,?,p1,
1768592086.278766,RECEIVED,12e8c297-539b-463c-9642-181d0ef0d78e,a02e9d4e-dbbd-47eb-810f-3f95647b89b1,c2,c3,1014,i1,?,
1768592086.601591,SENT,f4a465b7-39a4-46d2-998a-3ad7027e8952,8ec3cfd1-aa2b-4771-845c-28f0c7b1b6e3,c1,c5,687,?,p2,
1768592086.601633,FORWARDED,f4a465b7-39a4-46d2-998a-3ad7027e8952,8ec3cfd1-aa2b-4771-845c-28f0c7b1b6e3,c1,c5,687,?,p2,
1768592086.8041487,RECEIVED,b40a80a9-feaa-4c81-82d5-b8ac5c4ec1e9,3e761379-36cb-4f6d-adbd-4c2336e174d4,c2,c1,1016,i6,?,
1768592086.8094602,SENT,12e8c297-539b-463c-9642-181d0ef0d78e,a02e9d4e-dbbd-47eb-810f-3f95647b89b1,c2,c3,688,?,p3,
1768592086.809506,FORWARDED,12e8c297-539b-463c-9642-181d0ef0d78e,a02e9d4e-dbbd-47eb-810f-3f95647b89b1,c2,c3,688,?,p3,
1768592086.897795,SENT,b40a80a9-feaa-4c81-82d5-b8ac5c4ec1e9,3e761379-36cb-4f6d-adbd-4c2336e174d4,c2,c1,688,?,p1,
1768592086.897859,FORWARDED,b40a80a9-feaa-4c81-82d5-b8ac5c4ec1e9,3e761379-36cb-4f6d-adbd-4c2336e174d4,c2,c1,688,?,p1,
1768592086.9466362,RECEIVED,4c14d0cf-b1cb-451c-8503-3d8b51ed51c4,f7494db2-b171-4e60-9072-ba9447ecc6c7,c2,c3,1015,i9,?,
1768592087.2426717,RECEIVED,6805d97b-edb0-4b0e-83aa-08eeeca3e234,48d5ff9a-6db6-4a02-bad4-67f33b99a27c,c2,c3,1019,i12,?,
1768592087.3943458,SENT,6805d97b-edb0-4b0e-83aa-08eeeca3e234,48d5ff9a-6db6-4a02-bad4-67f33b99a27c,c2,c3,691,?,p3,
1768592087.394387,FORWARDED,6805d97b-edb0-4b0e-83aa-08eeeca3e234,48d5ff9a-6db6-4a02-bad4-67f33b99a27c,c2,c3,691,?,p3,
1768592087.5344617,RECEIVED,b4311687-6cc5-4277-a2d5-6e77c72ceaf7,5131d44d-3c40-47dc-8932-dc92da726f6f,c2,c1,1015,i1,?,
1768592087.8002937,SENT,b4311687-6cc5-4277-a2d5-6e77c72ceaf7,5131d44d-3c40-47dc-8932-dc92da726f6f,c2,c1,688,?,p1,
1768592087.800335,FORWARDED,b4311687-6cc5-4277-a2d5-6e77c72ceaf7,5131d44d-3c40-47dc-8932-dc92da726f6f,c2,c1,688,?,p1,
1768592088.0409958,RECEIVED,1ad7be85-9266-4e72-ac3d-d8e1d15b576a,1135c0d6-303a-4dbd-a2fb-fc84f305a0a6,c5,c3,1012,i5,?,
1768592088.1866367,RECEIVED,38505b49-2f20-48e4-9848-ad9b322ed847,a953d004-4b80-4662-8116-7e942db4a85a,c3,DROP,684,i6,?,
1768592088.1974769,SENT,1ad7be85-9266-4e72-ac3d-d8e1d15b576a,1135c0d6-303a-4dbd-a2fb-fc84f305a0a6,c5,c3,687,?,p3,
1768592088.1975117,FORWARDED,1ad7be85-9266-4e72-ac3d-d8e1d15b576a,1135c0d6-303a-4dbd-a2fb-fc84f305a0a6,c5,c3,687,?,p3,
1768592088.217767,RECEIVED,6d5cd46c-4d0c-4c8b-9c62-25920c349b23,1112871f-f18c-4993-bfdf-ba1dcbdc7c43,c1,c3,1014,i2,?,
1768592088.257521,SENT,4c14d0cf-b1cb-451c-8503-3d8b51ed51c4,f7494db2-b171-4e60-9072-ba9447ecc6c7,c2,c3,688,?,p3,
1768592088.2575614,FORWARDED,4c14d0cf-b1cb-451c-8503-3d8b51ed51c4,f7494db2-b171-4e60-9072-ba9447ecc6c7,c2,c3,688,?,p3,
1768592088.3059294,RECEIVED,cf72168b-2682-4d56-acf3-3b654fa92439,12224dcd-06cb-43cc-90f3-7fdfc7d79a34,c2,c1,1024,i2,?,
1768592088.3628154,SENT,38505b49-2f20-48e4-9848-ad9b322ed847,a953d004-4b80-4662-8116-7e942db4a85a,c3,DROP,441,?,i8,
1768592088.362859,FORWARDED,38505b49-2f20-48e4-9848-ad9b322ed847,a953d004-4b80-4662-8116-7e942db4a85a,c3,DROP,441,?,i8,
1768592088.5981822,RECEIVED,68a2cf75-c127-4569-80bc-267af25094a4,b21e04d4-6ee3-4c60-b16a-ca70d96477da,c3,c2,1015,i11,?,
1768592088.665685,SENT,cf72168b-2682-4d56-acf3-3b654fa92439,12224dcd-06cb-43cc-90f3-7fdfc7d79a34,c2,c1,694,?,p1,
1768592088.6657271,FORWARDED,cf72168b-2682-4d56-acf3-3b654fa92439,12224dcd-06cb-43cc-90f3-7fdfc7d79a34,c2,c1,694,?,p1,
1768592088.679931,SENT,6d5cd46c-4d0c-4c8b-9c62-25920c349b23,1112871f-f18c-4993-bfdf-ba1dcbdc7c43,c1,c3,689,?,p3,
1768592088.6799731,FORWARDED,6d5cd46c-4d0c-4c8b-9c62-25920c349b23,1112871f-f18c-4993-bfdf-ba1dcbdc7c43,c1,c3,689,?,p3,
1768592088.7740777,RECEIVED,b6d40af9-6fae-4d12-b111-9bc4cb9196bd,b91a4cc6-c9f7-4378-8e4e-4cdf115834af,c5,c1,1023,i11,?,
1768592088.9503899,SENT,fe172753-3332-4cf0-ab47-2b4f577b6ec6,ea9c0866-60ee-43e6-a5b5-4f2f3df683ef,c1,c2,687,?,p2,
1768592088.9504344,FORWARDED,fe172753-3332-4cf0-ab47-2b4f577b6ec6,ea9c0866-60ee-43e6-a5b5-4f2f3df683ef,c1,c2,687,?,p2,
1768592089.2248704,RECEIVED,2d94c48e-c1aa-423e-97ba-a5a5482f3f1c,ba7dbb6d-9430-4184-919f-7889071baf15,c3,c4,1011,i5,?,
1768592089.291629,SENT,b6d40af9-6fae-4d12-b111-9bc4cb9196bd,b91a4cc6-c9f7-4378-8e4e-4cdf115834af,c5,c1,696,?,p1,
1768592089.291663,FORWARDED,b6d40af9-6fae-4d12-b111-9bc4cb9196bd,b91a4cc6-c9f7-4378-8e4e-4cdf115834af,c5,c1,696,?,p1,
1768592089.3425186,SENT,68a2cf75-c127-4569-80bc-267af25094a4,b21e04d4-6ee3-4c60-b16a-ca70d96477da,c3,c2,690,?,p2,
1768592089.3425608,FORWARDED,68a2cf75-c127-4569-80bc-267af25094a4,b21e04d4-6ee3-4c60-b16a-ca70d96477da,c3,c2,690,?,p2,
1768592089.5618858,RECEIVED,a17bbcc1-b229-4c44-89cf-a33b1722ce31,c5307d04-1197-4037-b31e-e83c3bc8635d,c3,c2,1015,i2,?,
1768592089.6474738,RECEIVED,6e3714d4-9dbe-4df8-91c6-665cec4f0ac0,33b65b08-2442-4db6-80f0-0a4a620e3f64,c4,c3,1011,i4,?,
1768592089.6871839,RECEIVED,ae1131e8-b04b-4e00-b1dc-14393fc10a76,7b776882-14d9-4693-8dc3-a47ec01ba707,c3,c1,1019,i12,?,
1768592089.7007093,RECEIVED,0acdd808-1e1c-4966-8847-6687b8896d38,a72a13bd-4513-40eb-9300-ec82d3710df9,c3,c1,1015,i1,?,
1768592089.751835,RECEIVED,634c5dd0-da4e-49d7-b254-af6f112ae46d,5a919c01-49e7-4e4d-9702-09a710fd8c8c,c2,c3,1016,i12,?,
1768592089.8445525,SENT,634c5dd0-da4e-49d7-b254-af6f112ae46d,5a919c01-49e7-4e4d-9702-09a710fd8c8c,c2,c3,689,?,p3,
1768592089.8445952,FORWARDED,634c5dd0-da4e-49d7-b254-af6f112ae46d,5a919c01-49e7-4e4d-9702-09a710fd8c8c,c2,c3,689,?,p3,
1768592089.9009845,SENT,0acdd808-1e1c-4966-8847-6687b8896d38,a72a13bd-4513-40eb-9300-ec82d3710df9,c3,c1,688,?,p1,
1768592089.9010267,FORWARDED,0acdd808-1e1c-4966-8847-6687b8896d38,a72a13bd-4513-40eb-9300-ec82d3710df9,c3,c1,688,?,p1,
1768592090.073369,SENT,2d94c48e-c1aa-423e-97ba-a5a5482f3f1c,ba7dbb6d-9430-4184-919f-7889071baf15,c3,c4,687,?,p1,
1768592090.073411,FORWARDED,2d94c48e-c1aa-423e-97ba-a5a5482f3f1c,ba7dbb6d-9430-4184-919f-7889071baf15,c3,c4,687,?,p1,
1768592090.1305933,SENT,6e3714d4-9dbe-4df8-91c6-665cec4f0ac0,33b65b08-2442-4db6-80f0-0a4a620e3f64,c4,c3,687,?,p3,
1768592090.1306515,FORWARDED,6e3714d4-9dbe-4df8-91c6-665cec4f0ac0,33b65b08-2442-4db6-80f0-0a4a620e3f64,c4,c3,687,?,p3,
1768592090.1385038,RECEIVED,9ccfc9bc-1127-451e-a01d-0f9f2a4af0b4,6112ad96-1e3d-4913-9221-380ac8b78ef2,c5,c2,1015,i1,?,
1768592090.1451702,SENT,a17bbcc1-b229-4c44-89cf-a33b1722ce31,c5307d04-1197-4037-b31e-e83c3bc8635d,c3,c2,689,?,p2,
1768592090.1452103,FORWARDED,a17bbcc1-b229-4c44-89cf-a33b1722ce31,c5307d04-1197-4037-b31e-e83c3bc8635d,c3,c2,689,?,p2,
1768592090.380135,RECEIVED,b7cb57b7-c28f-42fc-885c-0bd33c71f86a,4a2556e1-8f6f-481f-86ce-a7f3a38604cb,c2,DROP,443,x3,?,
1768592090.4620755,RECEIVED,bfaf2688-9b15-4ee4-bc42-433f2064341e,36db73c9-3d47-4a8b-83d7-b4fd443e4915,c2,c4,1020,i11,?,
1768592090.5435688,SENT,9ccfc9bc-1127-451e-a01d-0f9f2a4af0b4,6112ad96-1e3d-4913-9221-380ac8b78ef2,c5,c2,688,?,p2,
1768592090.5436113,FORWARDED,9ccfc9bc-1127-451e-a01d-0f9f2a4af0b4,6112ad96-1e3d-4913-9221-380ac8b78ef2,c5,c2,688,?,p2,
1768592090.5511293,RECEIVED,4f48921e-2ce9-490d-b8cd-b174736d1d1e,cce88fe8-6153-4d65-b290-19c7d2b850c0,c5,c4,1016,i4,?,
1768592090.5725057,RECEIVED,60bbb992-306e-49d0-8996-d9f09c2069ca,80143725-b75a-46ca-975c-776fe1a9aa34,c3,c1,1011,i11,?,
1768592090.7001426,SENT,bfaf2688-9b15-4ee4-bc42-433f2064341e,36db73c9-3d47-4a8b-83d7-b4fd443e4915,c2,c4,692,?,p1,
1768592090.7001853,FORWARDED,bfaf2688-9b15-4ee4-bc42-433f2064341e,36db73c9-3d47-4a8b-83d7-b4fd443e4915,c2,c4,692,?,p1,
1768592090.8243,RECEIVED,19c3aee1-4bb0-429c-a5fa-85513506d75e,e0c79fd1-9c83-45d5-b7d7-7ff702b5c756,c4,c2,1012,i7,?,
1768592090.8506327,SENT,4f48921e-2ce9-490d-b8cd-b174736d1d1e,cce88fe8-6153-4d65-b290-19c7d2b850c0,c5,c4,688,?,p1,
1768592090.850674,FORWARDED,4f48921e-2ce9-490d-b8cd-b174736d1d1e,cce88fe8-6153-4d65-b290-19c7d2b850c0,c5,c4,688,?,p1,
1768592090.8961675,SENT,19c3aee1-4bb0-429c-a5fa-85513506d75e,e0c79fd1-9c83-45d5-b7d7-7ff702b5c756,c4,c2,687,?,p2,
1768592090.8963206,FORWARDED,19c3aee1-4bb0-429c-a5fa-85513506d75e,e0c79fd1-9c83-45d5-b7d7-7ff702b5c756,c4,c2,687,?,p2,
1768592090.8991325,RECEIVED,bdf9adce-bd52-4cb7-92bc-f6730225aab4,62dbd6e7-59e8-409d-b329-d90d4db61aa4,c5,c1,1011,i11,?,
1768592091.010541,RECEIVED,fdd79336-6714-4565-9f82-47a3c0996156,0f848a1b-3c01-4bd2-b764-6827fc574299,c3,c5,1011,i9,?,
1768592091.0498898,RECEIVED,bee6e1aa-9cc0-4065-8471-a37d45b33cf1,e5eef76b-3381-4842-8b20-6395b6ea6c43,c5,c3,1015,i6,?,
1768592091.0536606,RECEIVED,69cd11c0-487d-45ae-bfe2-bb013e2ea2d5,e64651d1-759e-4985-ae4b-f7d2e63a560d,c1,c3,1019,i7,?,
1768592091.115828,RECEIVED,20f1b500-1f83-4be0-a12a-80bfaed1b712,dd0fe9b0-490c-4da6-b8b9-cbfb7dfc52b6,c4,c3,1024,i8,?,
1768592091.3755798,SENT,69cd11c0-487d-45ae-bfe2-bb013e2ea2d5,e64651d1-759e-4985-ae4b-f7d2e63a560d,c1,c3,692,?,p3,
1768592091.3756177,FORWARDED,69cd11c0-487d-45ae-bfe2-bb013e2ea2d5,e64651d1-759e-4985-ae4b-f7d2e63a560d,c1,c3,692,?,p3,
1768592091.3936539,SENT,20f1b500-1f83-4be0-a12a-80bfaed1b712,dd0fe9b0-490c-4da6-b8b9-cbfb7dfc52b6,c4,c3,695,?,p3,
1768592091.3936963,FORWARDED,20f1b500-1f83-4be0-a12a-80bfaed1b712,dd0fe9b0-490c-4da6-b8b9-cbfb7dfc52b6,c4,c3,695,?,p3,
1768592091.4046676,SENT,ae1131e8-b04b-4e00-b1dc-14393fc10a76,7b776882-14d9-4693-8dc3-a47ec01ba707,c3,c1,692,?,p1,
1768592091.4051456,FORWARDED,ae1131e8-b04b-4e00-b1dc-14393fc10a76,7b776882-14d9-4693-8dc3-a47ec01ba707,c3,c1,692,?,p1,
1768592091.4320962,RECEIVED,84ecf13c-0dd3-4cbf-bb41-1a383f19577e,6bd81996-def8-4a69-a263-69cb296e543a,c4,c2,1011,i9,?,
1768592091.4708958,RECEIVED,32dc5132-3460-4a0a-ad82-b7dfd3d1d49d,f63aab30-52c2-4df5-97ea-d534d5749625,c4,c3,1016,i4,?,
1768592091.4843862,RECEIVED,bf0bc456-03fc-459d-bad1-9c649e062304,55afc2b4-813b-49b8-bff7-cecabc92a337,c1,c4,1011,i6,?,
1768592091.5190234,SENT,32dc5132-3460-4a0a-ad82-b7dfd3d1d49d,f63aab30-52c2-4df5-97ea-d534d5749625,c4,c3,689,?,p3,
1768592091.5190794,FORWARDED,32dc5132-3460-4a0a-ad82-b7dfd3d1d49d,f63aab30-52c2-4df5-97ea-d534d5749625,c4,c3,689,?,p3,
1768592091.5195396,RECEIVED,fd68e43d-a00c-4eec-b81a-bbee8e535be7,8b5999ff-5d5c-4f98-be44-464e35c1f701,c4,c1,1011,i2,?,
1768592091.5275826,SENT,fdd79336-6714-4565-9f82-47a3c0996156,0f848a1b-3c01-4bd2-b764-6827fc574299,c3,c5,687,?,p2,
1768592091.527635,FORWARDED,fdd79336-6714-4565-9f82-47a3c0996156,0f848a1b-3c01-4bd2-b764-6827fc574299,c3,c5,687,?,p2,
1768592091.6281269,SENT,84ecf13c-0dd3-4cbf-bb41-1a383f19577e,6bd81996-def8-4a69-a263-69cb296e543a,c4,c2,687,?,p2,
1768592091.628168,FORWARDED,84ecf13c-0dd3-4cbf-bb41-1a383f19577e,6bd81996-def8-4a69-a263-69cb296e543a,c4,c2,687,?,p2,
1768592091.8606164,SENT,fd68e43d-a00c-4eec-b81a-bbee8e535be7,8b5999ff-5d5c-4f98-be44-464e35c1f701,c4,c1,687,?,p1,
1768592091.8606553,FORWARDED,fd68e43d-a00c-4eec-b81a-bbee8e535be7,8b5999ff-5d5c-4f98-be44-464e35c1f701,c4,c1,687,?,p1,
1768592091.8680148,RECEIVED,1fefca12-ba97-493b-b63a-6e9064f9f9aa,af06e9b1-6e12-42fb-b531-501cb61285ab,c4,c5,1015,i11,?,
1768592091.9298823,RECEIVED,66fa5647-b101-4dee-9a40-a6f1cb1d9aa1,7c6903df-a9b9-4ccf-b855-62e75cd50be8,c5,c2,1024,i11,?,
1768592091.9470346,SENT,bee6e1aa-9cc0-4065-8471-a37d45b33cf1,e5eef76b-3381-4842-8b20-6395b6ea6c43,c5,c3,688,?,p3,
1768592091.9470854,FORWARDED,bee6e1aa-9cc0-4065-8471-a37d45b33cf1,e5eef76b-3381-4842-8b20-6395b6ea6c43,c5,c3,688,?,p3,
1768592091.9587467,RECEIVED,a671a42d-978c-4458-8d80-d8939a8e9e35,b2df2408-7fa8-499d-8528-0cee394ec515,c4,c5,1015,i7,?,
1768592091.9997754,SENT,60bbb992-306e-49d0-8996-d9f09c2069ca,80143725-b75a-46ca-975c-776fe1a9aa34,c3,c1,686,?,p1,
1768592091.999815,FORWARDED,60bbb992-306e-49d0-8996-d9f09c2069ca,80143725-b75a-46ca-975c-776fe1a9aa34,c3,c1,686,?,p1,
1768592092.0288768,RECEIVED,04893a94-eb69-48e7-b25b-0e5a4aedaa00,fab5744d-4619-4e88-9e97-8830478f0bd1,c1,c2,1016,i7,?,
1768592092.0340044,SENT,bdf9adce-bd52-4cb7-92bc-f6730225aab4,62dbd6e7-59e8-409d-b329-d90d4db61aa4,c5,c1,687,?,p1,
1768592092.034045,FORWARDED,bdf9adce-bd52-4cb7-92bc-f6730225aab4,62dbd6e7-59e8-409d-b329-d90d4db61aa4,c5,c1,687,?,p1,
1768592092.1922116,SENT,66fa5647-b101-4dee-9a40-a6f1cb1d9aa1,7c6903df-a9b9-4ccf-b855-62e75cd50be8,c5,c2,695,?,p2,
1768592092.192252,FORWARDED,66fa5647-b101-4dee-9a40-a6f1cb1d9aa1,7c6903df-a9b9-4ccf-b855-62e75cd50be8,c5,c2,695,?,p2,
1768592092.2461696,SENT,04893a94-eb69-48e7-b25b-0e5a4aedaa00,fab5744d-4619-4e88-9e97-8830478f0bd1,c1,c2,688,?,p2,
1768592092.2462106,FORWARDED,04893a94-eb69-48e7-b25b-0e5a4aedaa00,fab5744d-4619-4e88-9e97-8830478f0bd1,c1,c2,688,?,p2,
1768592092.4108336,SENT,bf0bc456-03fc-459d-bad1-9c649e062304,55afc2b4-813b-49b8-bff7-cecabc92a337,c1,c4,687,?,p1,
1768592092.410913,FORWARDED,bf0bc456-03fc-459d-bad1-9c649e062304,55afc2b4-813b-49b8-bff7-cecabc92a337,c1,c4,687,?,p1,
1768592092.473962,RECEIVED,fee17961-6209-4b37-a1a4-1d24c30c9eb7,acf5debd-815b-49de-912c-3e8cc74bc9e8,c5,c3,1023,i11,?,
1768592092.6103792,SENT,1fefca12-ba97-493b-b63a-6e9064f9f9aa,af06e9b1-6e12-42fb-b531-501cb61285ab,c4,c5,690,?,p2,
1768592092.6104212,FORWARDED,1fefca12-ba97-493b-b63a-6e9064f9f9aa,af06e9b1-6e12-42fb-b531-501cb61285ab,c4,c5,690,?,p2,
1768592092.8513076,RECEIVED,8e5f5b9d-e376-4b8c-a5b9-cec9a02affba,4da20555-0a17-4750-b7de-581de5ddabff,c2,c4,1015,i11,?,
1768592093.0154865,SENT,a671a42d-978c-4458-8d80-d8939a8e9e35,b2df2408-7fa8-499d-8528-0cee394ec515,c4,c5,688,?,p2,
1768592093.0155282,FORWARDED,a671a42d-978c-4458-8d80-d8939a8e9e35,b2df2408-7fa8-499d-8528-0cee394ec515,c4,c5,688,?,p2,
1768592093.4799106,RECEIVED,aa050b6d-5f8f-4774-a415-684131198913,c5e88dbc-a013-422a-88c5-cbddc0fa4335,c2,c4,1011,i4,?,
1768592093.5578291,SENT,fee17961-6209-4b37-a1a4-1d24c30c9eb7,acf5debd-815b-49de-912c-3e8cc74bc9e8,c5,c3,695,?,p3,
1768592093.5578718,FORWARDED,fee17961-6209-4b37-a1a4-1d24c30c9eb7,acf5debd-815b-49de-912c-3e8cc74bc9e8,c5,c3,695,?,p3,
1768592093.6361272,SENT,8e5f5b9d-e376-4b8c-a5b9-cec9a02affba,4da20555-0a17-4750-b7de-581de5ddabff,c2,c4,688,?,p1,
1768592093.636169,FORWARDED,8e5f5b9d-e376-4b8c-a5b9-cec9a02affba,4da20555-0a17-4750-b7de-581de5ddabff,c2,c4,688,?,p1,
1768592093.6848812,RECEIVED,a2d354ac-7f8b-4970-8a6a-dced75c14d49,f2a48b43-fb7e-4bbc-a682-7dbe3ff54fb0,c2,c1,1019,i7,?,
1768592093.7949362,SENT,a2d354ac-7f8b-4970-8a6a-dced75c14d49,f2a48b43-fb7e-4bbc-a682-7dbe3ff54fb0,c2,c1,692,?,p1,
1768592093.794972,FORWARDED,a2d354ac-7f8b-4970-8a6a-dced75c14d49,f2a48b43-fb7e-4bbc-a682-7dbe3ff54fb0,c2,c1,692,?,p1,
1768592094.0170662,RECEIVED,3b2e637b-430c-4672-803e-2bff90ca2c82,147f4cf9-780c-42b2-a2b7-940f83977fa4,c1,c4,1024,i11,?,
1768592094.0377486,RECEIVED,0e5f5d6c-7f25-42eb-ac24-d6172debf2b3,3b293636-26a4-458a-a639-111c67cae0f5,c4,DROP,684,i4,?,
1768592094.1005292,SENT,3b2e637b-430c-4672-803e-2bff90ca2c82,147f4cf9-780c-42b2-a2b7-940f83977fa4,c1,c4,694,?,p1,
1768592094.1005704,FORWARDED,3b2e637b-430c-4672-803e-2bff90ca2c82,147f4cf9-780c-42b2-a2b7-940f83977fa4,c1,c4,694,?,p1,
1768592094.1028605,SENT,0e5f5d6c-7f25-42eb-ac24-d6172debf2b3,3b293636-26a4-458a-a639-111c67cae0f5,c4,DROP,441,?,i1,
1768592094.1031506,FORWARDED,0e5f5d6c-7f25-42eb-ac24-d6172debf2b3,3b293636-26a4-458a-a639-111c67cae0f5,c4,DROP,441,?,i1,
1768592094.1094773,RECEIVED,45a924dd-2f44-4ba6-bee5-ce4577665f76,bd04bb6b-6c7a-492e-9f5b-ae88e2cbaddf,c2,c5,1011,i4,?,
1768592094.208636,SENT,aa050b6d-5f8f-4774-a415-684131198913,c5e88dbc-a013-422a-88c5-cbddc0fa4335,c2,c4,687,?,p1,
1768592094.2086782,FORWARDED,aa050b6d-5f8f-4774-a415-684131198913,c5e88dbc-a013-422a-88c5-cbddc0fa4335,c2,c4,687,?,p1,
1768592094.2355454,RECEIVED,17be95c2-a41f-470b-9a34-53b563ab2361,8a4ce542-d768-4727-8e42-c58c809b2459,c2,c1,1019,i12,?,
1768592094.4012372,RECEIVED,5d4b97fa-91c8-4890-a2c1-45c43d534561,e2d7871a-5f08-4e5a-9072-2aa23670c92d,c1,c4,1020,i12,?,
1768592094.5391245,RECEIVED,fbd8b6ec-a444-441a-8565-83b1a84a2312,ccc418f7-7a4b-439f-a4c6-47f3a6cc5232,c2,c4,1013,i12,?,
1768592094.6161141,SENT,fbd8b6ec-a444-441a-8565-83b1a84a2312,ccc418f7-7a4b-439f-a4c6-47f3a6cc5232,c2,c4,687,?,p1,
1768592094.6161559,FORWARDED,fbd8b6ec-a444-441a-8565-83b1a84a2312,ccc418f7-7a4b-439f-a4c6-47f3a6cc5232,c2,c4,687,?,p1,
1768592094.6518195,RECEIVED,db71c1b1-7651-472c-933a-16f686efe7ba,88f38b25-baba-4520-b419-f4b560e9b31c,c2,c1,1023,i11,?,
1768592094.7715032,SENT,17be95c2-a41f-470b-9a34-53b563ab2361,8a4ce542-d768-4727-8e42-c58c809b2459,c2,c1,692,?,p1,
1768592094.7715414,FORWARDED,17be95c2-a41f-470b-9a34-53b563ab2361,8a4ce542-d768-4727-8e42-c58c809b2459,c2,c1,692,?,p1,
1768592094.8477383,RECEIVED,70c36380-f35d-4441-a6e1-dd64deca6e1d,f3a55c98-0244-4153-9eab-51374134aee0,c1,DROP,684,i8,?,
1768592094.874634,RECEIVED,797532b6-31db-478b-a98d-9eb6e4d1b599,a78c7269-4900-4206-bfd1-53f4809312f2,c1,c4,1016,i4,?,
1768592094.9026177,SENT,5d4b97fa-91c8-4890-a2c1-45c43d534561,e2d7871a-5f08-4e5a-9072-2aa23670c92d,c1,c4,691,?,p1,
1768592094.9026625,FORWARDED,5d4b97fa-91c8-4890-a2c1-45c43d534561,e2d7871a-5f08-4e5a-9072-2aa23670c92d,c1,c4,691,?,p1,
1768592094.938283,SENT,70c36380-f35d-4441-a6e1-dd64deca6e1d,f3a55c98-0244-4153-9eab-51374134aee0,c1,DROP,440,?,e5,
1768592094.9383242,FORWARDED,70c36380-f35d-4441-a6e1-dd64deca6e1d,f3a55c98-0244-4153-9eab-51374134aee0,c1,DROP,440,?,e5,
1768592095.0792937,RECEIVED,94aafc11-7743-41e5-b977-f9181bcf3576,d131a328-5354-4318-8cc8-c7b49197b516,c2,c5,1012,i7,?,
1768592095.1727934,SENT,797532b6-31db-478b-a98d-9eb6e4d1b599,a78c7269-4900-4206-bfd1-53f4809312f2,c1,c4,688,?,p1,
1768592095.1728373,FORWARDED,797532b6-31db-478b-a98d-9eb6e4d1b599,a78c7269-4900-4206-bfd1-53f4809312f2,c1,c4,688,?,p1,
1768592095.2214074,SENT,94aafc11-7743-41e5-b977-f9181bcf3576,d131a328-5354-4318-8cc8-c7b49197b516,c2,c5,687,?,p2,
1768592095.221449,FORWARDED,94aafc11-7743-41e5-b977-f9181bcf3576,d131a328-5354-4318-8cc8-c7b49197b516,c2,c5,687,?,p2,
1768592095.2347434,SENT,db71c1b1-7651-472c-933a-16f686efe7ba,88f38b25-baba-4520-b419-f4b560e9b31c,c2,c1,696,?,p1,
1768592095.2347836,FORWARDED,db71c1b1-7651-472c-933a-16f686efe7ba,88f38b25-baba-4520-b419-f4b560e9b31c,c2,c1,696,?,p1,
1768592095.4644248,RECEIVED,de0e0246-5c9d-46f0-a915-d90b37551416,bd594571-429c-4656-a1a5-a45a420798f4,c4,c3,1020,i11,?,
1768592095.5042968,RECEIVED,ed247dd7-afa6-405c-9707-fef031f8ce92,4c97f073-8e96-4534-b140-7567f2641d38,c2,c4,1012,i7,?,
1768592095.536953,SENT,de0e0246-5c9d-46f0-a915-d90b37551416,bd594571-429c-4656-a1a5-a45a420798f4,c4,c3,691,?,p3,
1768592095.5369928,FORWARDED,de0e0246-5c9d-46f0-a915-d90b37551416,bd594571-429c-4656-a1a5-a45a420798f4,c4,c3,691,?,p3,
1768592095.6233091,SENT,45a924dd-2f44-4ba6-bee5-ce4577665f76,bd04bb6b-6c7a-492e-9f5b-ae88e2cbaddf,c2,c5,687,?,p2,
1768592095.623361,FORWARDED,45a924dd-2f44-4ba6-bee5-ce4577665f76,bd04bb6b-6c7a-492e-9f5b-ae88e2cbaddf,c2,c5,687,?,p2,
1768592095.667534,RECEIVED,001ed33d-5dfd-4348-ac19-3e9b62f8bb2c,581a98ab-69ea-46c5-9f0c-d5bcb58ee3b0,c2,DROP,441,x1,?,
1768592095.7293599,RECEIVED,1111fda5-32be-4e9e-a3ff-0a394db556e4,f4bf9427-59cd-4353-ad3a-38636ce53730,c2,c4,1015,i12,?,
1768592095.8704083,RECEIVED,c7c9f825-2581-431f-9abe-12dc8c890792,3f31cf4d-23c1-4cb8-90a6-787d93b68a5a,c1,c5,1011,i5,?,
1768592095.937602,SENT,ed247dd7-afa6-405c-9707-fef031f8ce92,4c97f073-8e96-4534-b140-7567f2641d38,c2,c4,687,?,p1,
1768592095.9376442,FORWARDED,ed247dd7-afa6-405c-9707-fef031f8ce92,4c97f073-8e96-4534-b140-7567f2641d38,c2,c4,687,?,p1,
1768592096.0069873,RECEIVED,9d67f528-a443-4f5e-a0c6-6c214096ad08,76b1bac5-53a7-40f1-89b0-263f42b1361a,c1,c5,1012,i4,?,
1768592096.1068766,RECEIVED,258959ff-6a3f-4ea6-9117-b07c09aa04a3,416522a4-690d-4326-9b15-e649550bfea1,c3,c1,1007,i6,?,
1768592096.1979558,SENT,9d67f528-a443-4f5e-a0c6-6c214096ad08,76b1bac5-53a7-40f1-89b0-263f42b1361a,c1,c5,687,?,p2,
1768592096.1979976,FORWARDED,9d67f528-a443-4f5e-a0c6-6c214096ad08,76b1bac5-53a7-40f1-89b0-263f42b1361a,c1,c5,687,?,p2,
1768592096.4232779,SENT,258959ff-6a3f-4ea6-9117-b07c09aa04a3,416522a4-690d-4326-9b15-e649550bfea1,c3,c1,683,?,p1,
1768592096.4233196,FORWARDED,258959ff-6a3f-4ea6-9117-b07c09aa04a3,416522a4-690d-4326-9b15-e649550bfea1,c3,c1,683,?,p1,
1768592096.4381576,SENT,1111fda5-32be-4e9e-a3ff-0a394db556e4,f4bf9427-59cd-4353-ad3a-38636ce53730,c2,c4,688,?,p1,
1768592096.438287,FORWARDED,1111fda5-32be-4e9e-a3ff-0a394db556e4,f4bf9427-59cd-4353-ad3a-38636ce53730,c2,c4,688,?,p1,
1768592096.4873667,RECEIVED,8434e400-0c6d-4392-b291-715c5d4862c9,1e20abcc-e75f-46f0-a4e1-59ca66fe17a4,c2,c3,1015,i6,?,
1768592096.6805346,RECEIVED,7117f3ad-dcd0-4d35-bdb8-38ea9e3dbdd4,5f922457-313a-4450-b345-59a791e8860a,c3,c2,1024,i1,?,
1768592096.8255093,SENT,7117f3ad-dcd0-4d35-bdb8-38ea9e3dbdd4,5f922457-313a-4450-b345-59a791e8860a,c3,c2,695,?,p2,
1768592096.8255625,FORWARDED,7117f3ad-dcd0-4d35-bdb8-38ea9e3dbdd4,5f922457-313a-4450-b345-59a791e8860a,c3,c2,695,?,p2,
1768592097.0052273,RECEIVED,c9aa52cb-59ae-46ad-90ff-3d82bbc8c6bd,5b94ec31-aed7-4599-8686-96757ed89687,c5,c4,1011,i8,?,
1768592097.047912,RECEIVED,6466365e-d32d-4f45-b5ce-cf0095eccd85,439dc7cd-5d1f-4cfe-a3d3-12c88d2f15e1,c1,c4,1015,i2,?,
1768592097.2854323,RECEIVED,1cf646e4-7499-4c74-8c4a-2adc43f6561b,99926cb2-c83b-4f21-87aa-ca3f0463c555,c3,c5,1019,i11,?,
1768592097.330206,SENT,c7c9f825-2581-431f-9abe-12dc8c890792,3f31cf4d-23c1-4cb8-90a6-787d93b68a5a,c1,c5,687,?,p2,
1768592097.3302495,FORWARDED,c7c9f825-2581-431f-9abe-12dc8c890792,3f31cf4d-23c1-4cb8-90a6-787d93b68a5a,c1,c5,687,?,p2,
1768592097.3883424,SENT,6466365e-d32d-4f45-b5ce-cf0095eccd85,439dc7cd-5d1f-4cfe-a3d3-12c88d2f15e1,c1,c4,688,?,p1,
1768592097.3883853,FORWARDED,6466365e-d32d-4f45-b5ce-cf0095eccd85,439dc7cd-5d1f-4cfe-a3d3-12c88d2f15e1,c1,c4,688,?,p1,
1768592097.4295933,SENT,8434e400-0c6d-4392-b291-715c5d4862c9,1e20abcc-e75f-46f0-a4e1-59ca66fe17a4,c2,c3,688,?,p3,
1768592097.4296377,FORWARDED,8434e400-0c6d-4392-b291-715c5d4862c9,1e20abcc-e75f-46f0-a4e1-59ca66fe17a4,c2,c3,688,?,p3,
1768592097.472304,RECEIVED,825a26a4-9bd5-46c7-89d5-c7286f6cf397,c4c3671d-36a6-405a-ac24-5503639b0020,c4,c5,1015,i2,?,
1768592097.4852765,RECEIVED,a4ffaae5-3f60-447a-987f-0d065dc9a9de,2feda5af-0c53-4e81-b3bb-49e4fd38b4e0,c5,c2,1012,i2,?,
1768592097.6743078,SENT,a4ffaae5-3f60-447a-987f-0d065dc9a9de,2feda5af-0c53-4e81-b3bb-49e4fd38b4e0,c5,c2,687,?,p2,
1768592097.6743498,FORWARDED,a4ffaae5-3f60-447a-987f-0d065dc9a9de,2feda5af-0c53-4e81-b3bb-49e4fd38b4e0,c5,c2,687,?,p2,
1768592097.7494507,RECEIVED,daf341d9-2f95-44db-82e4-1d3d181b4690,6d18da23-2896-49a4-bcff-27146b081a1e,c1,c4,1013,i7,?,
1768592097.7765703,SENT,825a26a4-9bd5-46c7-89d5-c7286f6cf397,c4c3671d-36a6-405a-ac24-5503639b0020,c4,c5,688,?,p2,
1768592097.776611,FORWARDED,825a26a4-9bd5-46c7-89d5-c7286f6cf397,c4c3671d-36a6-405a-ac24-5503639b0020,c4,c5,688,?,p2,
1768592097.7872877,SENT,daf341d9-2f95-44db-82e4-1d3d181b4690,6d18da23-2896-49a4-bcff-27146b081a1e,c1,c4,687,?,p1,
1768592097.7873442,FORWARDED,daf341d9-2f95-44db-82e4-1d3d181b4690,6d18da23-2896-49a4-bcff-27146b081a1e,c1,c4,687,?,p1,
1768592098.0270958,RECEIVED,3b234f26-66e4-4b30-a5be-7e677299868f,6e52beb1-a9c1-45ce-b66e-d9eba2464c64,c4,c5,1020,i4,?,
1768592098.0461853,RECEIVED,a0c5b714-d163-44be-8c76-b5aa09d631e4,e21bdca6-b3cd-4ab9-aab5-86c1dd6a88ec,c2,c1,1023,i2,?,
1768592098.0563152,RECEIVED,cda8cd5a-8707-4ac8-bf87-15a6359d2e3e,a458ff67-4833-48a4-9d0d-d9142a9bfa88,c1,DROP,442,x3,?,
1768592098.1101274,SENT,c9aa52cb-59ae-46ad-90ff-3d82bbc8c6bd,5b94ec31-aed7-4599-8686-96757ed89687,c5,c4,687,?,p1,
1768592098.1101696,FORWARDED,c9aa52cb-59ae-46ad-90ff-3d82bbc8c6bd,5b94ec31-aed7-4599-8686-96757ed89687,c5,c4,687,?,p1,
1768592098.1571145,SENT,3b234f26-66e4-4b30-a5be-7e677299868f,6e52beb1-a9c1-45ce-b66e-d9eba2464c64,c4,c5,692,?,p2,
1768592098.1571565,FORWARDED,3b234f26-66e4-4b30-a5be-7e677299868f,6e52beb1-a9c1-45ce-b66e-d9eba2464c64,c4,c5,692,?,p2,
1768592098.2509863,RECEIVED,fbd89ce7-5f99-4bf6-8e5c-968f4c61bda0,7476c9f0-f580-45ea-b76a-3ec1ab7e28e2,c5,c4,1012,i4,?,
1768592098.2666802,SENT,1cf646e4-7499-4c74-8c4a-2adc43f6561b,99926cb2-c83b-4f21-87aa-ca3f0463c555,c3,c5,691,?,p2,
1768592098.26672,FORWARDED,1cf646e4-7499-4c74-8c4a-2adc43f6561b,99926cb2-c83b-4f21-87aa-ca3f0463c555,c3,c5,691,?,p2,
1768592098.5592637,SENT,a0c5b714-d163-44be-8c76-b5aa09d631e4,e21bdca6-b3cd-4ab9-aab5-86c1dd6a88ec,c2,c1,695,?,p1,
1768592098.5593054,FORWARDED,a0c5b714-d163-44be-8c76-b5aa09d631e4,e21bdca6-b3cd-4ab9-aab5-86c1dd6a88ec,c2,c1,695,?,p1,
1768592098.743691,SENT,fbd89ce7-5f99-4bf6-8e5c-968f4c61bda0,7476c9f0-f580-45ea-b76a-3ec1ab7e28e2,c5,c4,685,?,p1,
1768592098.7437341,FORWARDED,fbd89ce7-5f99-4bf6-8e5c-968f4c61bda0,7476c9f0-f580-45ea-b76a-3ec1ab7e28e2,c5,c4,685,?,p1,
1768592099.0679982,RECEIVED,3979bf75-4b6a-41e2-bc47-9dd45db0b735,9d4b6705-fa1c-42c7-91b1-8ff6d8c3da3a,c2,c5,1014,i1,?,
1768592099.258784,RECEIVED,b9a81421-0a4b-463c-a2e5-53c5d39a060a,f2b2eadf-9745-4e69-9090-be06caeb3c68,c1,c2,1015,i11,?,
1768592099.3814144,RECEIVED,bdd812eb-04e3-4ffe-92af-0add925e2bd4,35be9426-5873-44e9-86cd-360aa01ec6a7,c3,DROP,687,i4,?,
1768592099.4387295,RECEIVED,ffdfc01d-8906-4d80-a546-c879e8396f9b,2b988f98-1147-4597-a5ab-2b978b06550e,c5,c3,1015,i4,?,
1768592099.448503,RECEIVED,92e3853f-6191-426c-89fd-dd5664eb7736,febb7b8c-bf2e-495c-885a-9fe8f8a2d7e1,c2,DROP,685,i9,?,
1768592099.5576925,RECEIVED,1c7547fd-2ab8-4410-b127-30f072814bf8,da36f1b3-caed-42e5-8df0-665fd7e9ba67,c1,c3,1023,i11,?,
1768592099.5971143,SENT,92e3853f-6191-426c-89fd-dd5664eb7736,febb7b8c-bf2e-495c-885a-9fe8f8a2d7e1,c2,DROP,441,?,x12,
1768592099.5971565,FORWARDED,92e3853f-6191-426c-89fd-dd5664eb7736,febb7b8c-bf2e-495c-885a-9fe8f8a2d7e1,c2,DROP,441,?,x12,
1768592099.6282587,SENT,b9a81421-0a4b-463c-a2e5-53c5d39a060a,f2b2eadf-9745-4e69-9090-be06caeb3c68,c1,c2,690,?,p2,
1768592099.6283088,FORWARDED,b9a81421-0a4b-463c-a2e5-53c5d39a060a,f2b2eadf-9745-4e69-9090-be06caeb3c68,c1,c2,690,?,p2,
1768592099.651055,SENT,3979bf75-4b6a-41e2-bc47-9dd45db0b735,9d4b6705-fa1c-42c7-91b1-8ff6d8c3da3a,c2,c5,688,?,p2,
1768592099.6510928,FORWARDED,3979bf75-4b6a-41e2-bc47-9dd45db0b735,9d4b6705-fa1c-42c7-91b1-8ff6d8c3da3a,c2,c5,688,?,p2,
1768592099.7540226,RECEIVED,c18b58e4-d472-4cac-9e82-dd4f8012f74e,9e2abd8f-f188-4858-9727-8bd5906f81fd,c3,c5,1012,i7,?,
1768592099.926282,SENT,ffdfc01d-8906-4d80-a546-c879e8396f9b,2b988f98-1147-4597-a5ab-2b978b06550e,c5,c3,688,?,p3,
1768592099.9263256,FORWARDED,ffdfc01d-8906-4d80-a546-c879e8396f9b,2b988f98-1147-4597-a5ab-2b978b06550e,c5,c3,688,?,p3,
1768592100.0669875,RECEIVED,d8b3b42c-9f97-49a8-af1a-06a4ea231753,6f69c1d9-4b5f-4595-90ea-9687df784a1c,c3,c5,1024,i4,?,
1768592100.1127858,SENT,d8b3b42c-9f97-49a8-af1a-06a4ea231753,6f69c1d9-4b5f-4595-90ea-9687df784a1c,c3,c5,695,?,p2,
1768592100.112835,FORWARDED,d8b3b42c-9f97-49a8-af1a-06a4ea231753,6f69c1d9-4b5f-4595-90ea-9687df784a1c,c3,c5,695,?,p2,
1768592100.1163824,SENT,bdd812eb-04e3-4ffe-92af-0add925e2bd4,35be9426-5873-44e9-86cd-360aa01ec6a7,c3,DROP,442,?,x1,
1768592100.116425,FORWARDED,bdd812eb-04e3-4ffe-92af-0add925e2bd4,35be9426-5873-44e9-86cd-360aa01ec6a7,c3,DROP,442,?,x1,
1768592100.1582062,SENT,c18b58e4-d472-4cac-9e82-dd4f8012f74e,9e2abd8f-f188-4858-9727-8bd5906f81fd,c3,c5,687,?,p2,
1768592100.1582572,FORWARDED,c18b58e4-d472-4cac-9e82-dd4f8012f74e,9e2abd8f-f188-4858-9727-8bd5906f81fd,c3,c5,687,?,p2,
1768592100.4167583,SENT,1c7547fd-2ab8-4410-b127-30f072814bf8,da36f1b3-caed-42e5-8df0-665fd7e9ba67,c1,c3,695,?,p3,
1768592100.4167967,FORWARDED,1c7547fd-2ab8-4410-b127-30f072814bf8,da36f1b3-caed-42e5-8df0-665fd7e9ba67,c1,c3,695,?,p3,
1768592100.63512,RECEIVED,1f127b34-e0b7-422f-824f-e5671c94f001,ab904fbd-0849-4655-91b9-424582e15f9c,c3,DROP,684,i8,?,
1768592100.740341,RECEIVED,5028ec97-4409-4c56-b56b-5cf60acd85d5,7822124e-65e5-4882-9431-91c9c0b272b9,c2,c3,1023,i11,?,
1768592100.9303508,RECEIVED,0de319b8-4146-41b8-9c31-ed29d42dbb1a,eb840347-d7ac-41e1-a37c-48abda630f8e,c5,c1,1015,i5,?,
1768592100.9486043,RECEIVED,5be59f50-ba05-4346-9dae-4bc8f1828a73,e15f1143-7fb2-4430-ae39-a7f26c57ef22,c3,c4,1012,i6,?,
1768592100.967662,SENT,1f127b34-e0b7-422f-824f-e5671c94f001,ab904fbd-0849-4655-91b9-424582e15f9c,c3,DROP,441,?,e3,
1768592100.9677045,FORWARDED,1f127b34-e0b7-422f-824f-e5671c94f001,ab904fbd-0849-4655-91b9-424582e15f9c,c3,DROP,441,?,e3,
1768592101.0735135,SENT,0de319b8-4146-41b8-9c31-ed29d42dbb1a,eb840347-d7ac-41e1-a37c-48abda630f8e,c5,c1,688,?,p1,
1768592101.0735524,FORWARDED,0de319b8-4146-41b8-9c31-ed29d42dbb1a,eb840347-d7ac-41e1-a37c-48abda630f8e,c5,c1,688,?,p1,
1768592101.1324973,SENT,5be59f50-ba05-4346-9dae-4bc8f1828a73,e15f1143-7fb2-4430-ae39-a7f26c57ef22,c3,c4,687,?,p1,
1768592101.132541,FORWARDED,5be59f50-ba05-4346-9dae-4bc8f1828a73,e15f1143-7fb2-4430-ae39-a7f26c57ef22,c3,c4,687,?,p1,
1768592101.6704102,RECEIVED,5b9bca51-3a97-47e8-81d0-0c63609c45f6,edb4ec6c-f748-4554-a8ec-86f7987922f9,c3,c1,1020,i8,?,
1768592101.773778,SENT,5b9bca51-3a97-47e8-81d0-0c63609c45f6,edb4ec6c-f748-4554-a8ec-86f7987922f9,c3,c1,692,?,p1,
1768592101.7738194,FORWARDED,5b9bca51-3a97-47e8-81d0-0c63609c45f6,edb4ec6c-f748-4554-a8ec-86f7987922f9,c3,c1,692,?,p1,
1768592101.9089143,SENT,5028ec97-4409-4c56-b56b-5cf60acd85d5,7822124e-65e5-4882-9431-91c9c0b272b9,c2,c3,695,?,p3,
1768592101.9089541,FORWARDED,5028ec97-4409-4c56-b56b-5cf60acd85d5,7822124e-65e5-4882-9431-91c9c0b272b9,c2,c3,695,?,p3,
1768592102.2284358,RECEIVED,344959af-8603-4199-bd42-b4e440e2f158,46a74343-2936-4986-a2fc-56d77037032d,c4,DROP,442,x6,?,
1768592102.2957456,RECEIVED,77edaf78-fbcb-41f1-803d-e7e4b3e12ba6,993c679f-99cc-47f5-9c47-4aab06fb30ad,c4,c3,1012,i2,?,
1768592102.3838322,RECEIVED,e14cb01e-634c-487d-b072-362d6c2a2de1,bc586e14-6de1-4e22-b8a3-dc2214373cca,c2,c1,1011,i8,?,
1768592102.5027657,SENT,e14cb01e-634c-487d-b072-362d6c2a2de1,bc586e14-6de1-4e22-b8a3-dc2214373cca,c2,c1,687,?,p1,
1768592102.5028095,FORWARDED,e14cb01e-634c-487d-b072-362d6c2a2de1,bc586e14-6de1-4e22-b8a3-dc2214373cca,c2,c1,687,?,p1,
1768592102.5453498,SENT,77edaf78-fbcb-41f1-803d-e7e4b3e12ba6,993c679f-99cc-47f5-9c47-4aab06fb30ad,c4,c3,687,?,p3,
1768592102.545385,FORWARDED,77edaf78-fbcb-41f1-803d-e7e4b3e12ba6,993c679f-99cc-47f5-9c47-4aab06fb30ad,c4,c3,687,?,p3,
1768592102.6373188,RECEIVED,ce918cdc-605b-43e1-956f-16804a7b73f5,86837d9a-ec12-42c9-aa23-9453c1bd316d,c5,c3,1011,i9,?,
1768592102.8053918,RECEIVED,74995f79-bc15-4d63-a24b-78040138a5c0,fb33cee9-c2de-4bb7-95fd-5f873f99f63c,c3,c4,1011,i4,?,
1768592102.8909345,RECEIVED,16d3b59b-2523-4f1f-b7db-6fea29185c1f,b6cdd4d1-4488-48a5-8928-31928c3a0405,c4,c5,1023,i11,?,
1768592103.0797172,SENT,74995f79-bc15-4d63-a24b-78040138a5c0,fb33cee9-c2de-4bb7-95fd-5f873f99f63c,c3,c4,687,?,p1,
1768592103.0797565,FORWARDED,74995f79-bc15-4d63-a24b-78040138a5c0,fb33cee9-c2de-4bb7-95fd-5f873f99f63c,c3,c4,687,?,p1,
1768592103.145306,SENT,ce918cdc-605b-43e1-956f-16804a7b73f5,86837d9a-ec12-42c9-aa23-9453c1bd316d,c5,c3,687,?,p3,
1768592103.1453514,FORWARDED,ce918cdc-605b-43e1-956f-16804a7b73f5,86837d9a-ec12-42c9-aa23-9453c1bd316d,c5,c3,687,?,p3,
1768592103.4754815,RECEIVED,c6304666-d7cf-4300-918e-94ef65b4dc93,18f43e37-47f6-4a35-ae4d-285885e2dcb7,c1,c3,1019,i4,?,
1768592103.5110288,RECEIVED,cf46c874-6eec-46af-abec-f1b7b7906be2,9beb6d1d-615d-42fe-83b8-cd3f3f40e32e,c4,c3,1019,i12,?,
1768592103.9023879,RECEIVED,21b23bb9-06e0-4266-bf07-13e9ef0c00dc,c86835bf-5892-43e4-bbe1-485aeec683bf,c2,c4,1015,i1,?,
1768592103.9830093,SENT,c6304666-d7cf-4300-918e-94ef65b4dc93,18f43e37-47f6-4a35-ae4d-285885e2dcb7,c1,c3,692,?,p3,
1768592103.9831157,FORWARDED,c6304666-d7cf-4300-918e-94ef65b4dc93,18f43e37-47f6-4a35-ae4d-285885e2dcb7,c1,c3,692,?,p3,
1768592104.4558096,RECEIVED,27b11fb3-e17f-429b-84a0-cc79039adaf8,a57700d8-17d3-44b5-96a9-1dcd1ebf18d1,c2,c3,1015,i8,?,
1768592104.4696925,SENT,21b23bb9-06e0-4266-bf07-13e9ef0c00dc,c86835bf-5892-43e4-bbe1-485aeec683bf,c2,c4,688,?,p1,
1768592104.4697347,FORWARDED,21b23bb9-06e0-4266-bf07-13e9ef0c00dc,c86835bf-5892-43e4-bbe1-485aeec683bf,c2,c4,688,?,p1,
1768592104.604281,SENT,16d3b59b-2523-4f1f-b7db-6fea29185c1f,b6cdd4d1-4488-48a5-8928-31928c3a0405,c4,c5,696,?,p2,
1768592104.6043236,FORWARDED,16d3b59b-2523-4f1f-b7db-6fea29185c1f,b6cdd4d1-4488-48a5-8928-31928c3a0405,c4,c5,696,?,p2,
1768592104.6253028,RECEIVED,bc9eb14f-3ccb-44e7-8804-c1b5666d039e,0da12c5c-fca0-42bd-8990-b6b7c13b84df,c4,c5,1012,i4,?,
1768592104.8106232,SENT,cf46c874-6eec-46af-abec-f1b7b7906be2,9beb6d1d-615d-42fe-83b8-cd3f3f40e32e,c4,c3,691,?,p3,
1768592104.8106647,FORWARDED,cf46c874-6eec-46af-abec-f1b7b7906be2,9beb6d1d-615d-42fe-83b8-cd3f3f40e32e,c4,c3,691,?,p3,
1768592104.8457959,SENT,bc9eb14f-3ccb-44e7-8804-c1b5666d039e,0da12c5c-fca0-42bd-8990-b6b7c13b84df,c4,c5,687,?,p2,
1768592104.8458376,FORWARDED,bc9eb14f-3ccb-44e7-8804-c1b5666d039e,0da12c5c-fca0-42bd-8990-b6b7c13b84df,c4,c5,687,?,p2,
1768592105.0128655,SENT,27b11fb3-e17f-429b-84a0-cc79039adaf8,a57700d8-17d3-44b5-96a9-1dcd1ebf18d1,c2,c3,688,?,p3,
1768592105.0129037,FORWARDED,27b11fb3-e17f-429b-84a0-cc79039adaf8,a57700d8-17d3-44b5-96a9-1dcd1ebf18d1,c2,c3,688,?,p3,
1768592105.2953835,RECEIVED,1abe6a61-7df0-44f8-abfe-593d898a1772,9bbf8ed3-6142-4f24-a989-35ec4fb8b975,c4,c3,1015,i5,?,
1768592105.5684276,RECEIVED,165e76bc-fbaf-4501-8737-a6384bbb54a8,0513d487-dff0-4bd0-aa55-d892dafee1ae,c3,c1,1018,i1,?,
1768592105.9197862,SENT,165e76bc-fbaf-4501-8737-a6384bbb54a8,0513d487-dff0-4bd0-aa55-d892dafee1ae,c3,c1,691,?,p1,
1768592105.9198272,FORWARDED,165e76bc-fbaf-4501-8737-a6384bbb54a8,0513d487-dff0-4bd0-aa55-d892dafee1ae,c3,c1,691,?,p1,
1768592105.9317477,SENT,1abe6a61-7df0-44f8-abfe-593d898a1772,9bbf8ed3-6142-4f24-a989-35ec4fb8b975,c4,c3,688,?,p3,
1768592105.9317884,FORWARDED,1abe6a61-7df0-44f8-abfe-593d898a1772,9bbf8ed3-6142-4f24-a989-35ec4fb8b975,c4,c3,688,?,p3,
1768592106.4521902,RECEIVED,8b220568-c589-4962-ad07-cea1a0ac474a,5489033b-0bf0-4db3-aafd-62bc6f67704d,c2,c1,1011,i4,?,
1768592106.5688124,RECEIVED,c533b200-4133-4a74-8b14-dd89a4126abb,afceb9d4-bb88-4285-aaf5-0cf3644d9eee,c5,c1,1020,i8,?,
1768592106.6557817,RECEIVED,994b336b-a308-4662-847c-bf73ffb08db1,195b81f7-b2c6-4781-939e-8bcbce9f1fba,c2,c1,1012,i4,?,
1768592106.6716878,SENT,994b336b-a308-4662-847c-bf73ffb08db1,195b81f7-b2c6-4781-939e-8bcbce9f1fba,c2,c1,686,?,p1,
1768592106.671729,FORWARDED,994b336b-a308-4662-847c-bf73ffb08db1,195b81f7-b2c6-4781-939e-8bcbce9f1fba,c2,c1,686,?,p1,
1768592106.684382,SENT,8b220568-c589-4962-ad07-cea1a0ac474a,5489033b-0bf0-4db3-aafd-62bc6f67704d,c2,c1,687,?,p1,
1768592106.684424,FORWARDED,8b220568-c589-4962-ad07-cea1a0ac474a,5489033b-0bf0-4db3-aafd-62bc6f67704d,c2,c1,687,?,p1,
1768592107.055499,SENT,c533b200-4133-4a74-8b14-dd89a4126abb,afceb9d4-bb88-4285-aaf5-0cf3644d9eee,c5,c1,693,?,p1,
1768592107.056102,FORWARDED,c533b200-4133-4a74-8b14-dd89a4126abb,afceb9d4-bb88-4285-aaf5-0cf3644d9eee,c5,c1,693,?,p1,
1768592107.0929897,RECEIVED,a19c4d38-3988-4452-ac56-dfe6f97ee7e5,07a8348a-af7f-4d5d-babb-92411e1754e6,c3,c4,1024,i4,?,
1768592107.1706116,RECEIVED,e9b5b0cf-a6dc-4d16-83dd-680ce678319e,d968dd7c-c045-4c53-ae5e-02a72fe8e757,c3,c1,1015,i4,?,
1768592107.342792,SENT,a19c4d38-3988-4452-ac56-dfe6f97ee7e5,07a8348a-af7f-4d5d-babb-92411e1754e6,c3,c4,696,?,p1,
1768592107.342842,FORWARDED,a19c4d38-3988-4452-ac56-dfe6f97ee7e5,07a8348a-af7f-4d5d-babb-92411e1754e6,c3,c4,696,?,p1,
1768592107.426561,RECEIVED,bfa32775-2491-4a68-ad69-50bbb313ef01,aa7692dd-455f-49f5-804b-351c503d3577,c1,c4,1015,i4,?,
1768592107.4418654,SENT,e9b5b0cf-a6dc-4d16-83dd-680ce678319e,d968dd7c-c045-4c53-ae5e-02a72fe8e757,c3,c1,688,?,p1,
1768592107.4419112,FORWARDED,e9b5b0cf-a6dc-4d16-83dd-680ce678319e,d968dd7c-c045-4c53-ae5e-02a72fe8e757,c3,c1,688,?,p1,
1768592107.8435216,SENT,bfa32775-2491-4a68-ad69-50bbb313ef01,aa7692dd-455f-49f5-804b-351c503d3577,c1,c4,688,?,p1,
1768592107.843571,FORWARDED,bfa32775-2491-4a68-ad69-50bbb313ef01,aa7692dd-455f-49f5-804b-351c503d3577,c1,c4,688,?,p1,
1768592107.9257221,RECEIVED,9bd0f865-867d-46f8-8995-afcbc9cb7f50,10d329d9-c564-4b71-a734-570ed54143d3,c1,c5,1012,i2,?,
1768592107.978891,RECEIVED,343a9122-7783-407c-af5b-b55ea21e2762,fabf3b1c-1bc8-4fac-9948-420470557b10,c4,c5,1012,i9,?,
1768592108.0485384,RECEIVED,e599d013-a7c6-4011-b58b-408f6eafed5b,84ed95a2-bb8b-49cc-97a5-58355e5cb65b,c3,DROP,679,i11,?,
1768592108.0898855,SENT,343a9122-7783-407c-af5b-b55ea21e2762,fabf3b1c-1bc8-4fac-9948-420470557b10,c4,c5,686,?,p2,
1768592108.0899282,FORWARDED,343a9122-7783-407c-af5b-b55ea21e2762,fabf3b1c-1bc8-4fac-9948-420470557b10,c4,c5,686,?,p2,
1768592108.1038425,RECEIVED,dafeec61-ebcb-4e31-8c0d-dbb1f90ec7e4,e0cebd41-36c8-484c-a6f7-78c84d23f170,c2,c1,1012,i9,?,
1768592108.144687,SENT,9bd0f865-867d-46f8-8995-afcbc9cb7f50,10d329d9-c564-4b71-a734-570ed54143d3,c1,c5,687,?,p2,
1768592108.1447265,FORWARDED,9bd0f865-867d-46f8-8995-afcbc9cb7f50,10d329d9-c564-4b71-a734-570ed54143d3,c1,c5,687,?,p2,
1768592108.253457,RECEIVED,f90eb240-7ba0-490e-8bbc-ff6319e7f869,c5ec9265-e2f2-4ca2-8779-eff5cb87c709,c5,c1,1010,i8,?,
1768592108.268656,SENT,dafeec61-ebcb-4e31-8c0d-dbb1f90ec7e4,e0cebd41-36c8-484c-a6f7-78c84d23f170,c2,c1,687,?,p1,
1768592108.2686982,FORWARDED,dafeec61-ebcb-4e31-8c0d-dbb1f90ec7e4,e0cebd41-36c8-484c-a6f7-78c84d23f170,c2,c1,687,?,p1,
1768592108.6919084,SENT,e599d013-a7c6-4011-b58b-408f6eafed5b,84ed95a2-bb8b-49cc-97a5-58355e5cb65b,c3,DROP,437,?,i7,
1768592108.6919506,FORWARDED,e599d013-a7c6-4011-b58b-408f6eafed5b,84ed95a2-bb8b-49cc-97a5-58355e5cb65b,c3,DROP,437,?,i7,
1768592108.946472,RECEIVED,be882814-f4fa-430d-9847-3fdc1911e28c,15421adc-1b1a-4071-8a02-3438ca5e9219,c3,DROP,688,i6,?,
1768592109.0249503,RECEIVED,d05c9c8e-3b31-43d1-86f9-c2c93a8eaef9,a0bb7406-a615-46a3-8c9a-047ffa534e78,c5,c3,1016,i1,?,
1768592109.0264904,RECEIVED,9f564c0b-8d39-4b9a-b60d-1453b8a75939,4cade74e-d19b-47ba-825a-ea1ce36a1bdb,c3,c1,1016,i7,?,
1768592109.093969,SENT,d05c9c8e-3b31-43d1-86f9-c2c93a8eaef9,a0bb7406-a615-46a3-8c9a-047ffa534e78,c5,c3,688,?,p3,
1768592109.0940104,FORWARDED,d05c9c8e-3b31-43d1-86f9-c2c93a8eaef9,a0bb7406-a615-46a3-8c9a-047ffa534e78,c5,c3,688,?,p3,
1768592109.1558917,SENT,be882814-f4fa-430d-9847-3fdc1911e28c,15421adc-1b1a-4071-8a02-3438ca5e9219,c3,DROP,443,?,i4,
1768592109.1559331,REDIRECTED,be882814-f4fa-430d-9847-3fdc1911e28c,15421adc-1b1a-4071-8a02-3438ca5e9219,c3,DROP,443,?,i4,
1768592109.1559622,FORWARDED,be882814-f4fa-430d-9847-3fdc1911e28c,15421adc-1b1a-4071-8a02-3438ca5e9219,c3,DROP,443,?,i3,
1768592109.196749,SENT,9f564c0b-8d39-4b9a-b60d-1453b8a75939,4cade74e-d19b-47ba-825a-ea1ce36a1bdb,c3,c1,688,?,p1,
1768592109.196792,FORWARDED,9f564c0b-8d39-4b9a-b60d-1453b8a75939,4cade74e-d19b-47ba-825a-ea1ce36a1bdb,c3,c1,688,?,p1,
1768592109.2836854,RECEIVED,edb5e499-7efe-4be3-af58-f477f99335e1,ed15452f-e93d-4cf6-a21f-a05abf449bd1,c1,DROP,688,i11,?,
1768592109.3215933,SENT,edb5e499-7efe-4be3-af58-f477f99335e1,ed15452f-e93d-4cf6-a21f-a05abf449bd1,c1,DROP,442,?,i1,
1768592109.321634,FORWARDED,edb5e499-7efe-4be3-af58-f477f99335e1,ed15452f-e93d-4cf6-a21f-a05abf449bd1,c1,DROP,442,?,i1,
1768592109.369704,SENT,f90eb240-7ba0-490e-8bbc-ff6319e7f869,c5ec9265-e2f2-4ca2-8779-eff5cb87c709,c5,c1,687,?,p1,
1768592109.3697531,FORWARDED,f90eb240-7ba0-490e-8bbc-ff6319e7f869,c5ec9265-e2f2-4ca2-8779-eff5cb87c709,c5,c1,687,?,p1,
1768592109.4892526,RECEIVED,005c9707-8def-4b86-a59a-5b19f40f6f86,1f364551-bc28-48a5-b840-9623ff8a33a0,c4,c2,1012,i4,?,
1768592109.5362198,SENT,005c9707-8def-4b86-a59a-5b19f40f6f86,1f364551-bc28-48a5-b840-9623ff8a33a0,c4,c2,686,?,p2,
1768592109.5362694,FORWARDED,005c9707-8def-4b86-a59a-5b19f40f6f86,1f364551-bc28-48a5-b840-9623ff8a33a0,c4,c2,686,?,p2,
1768592109.5397048,RECEIVED,7673c81c-6c29-46ab-95a9-ced44f0b1df4,42d4c8ee-430e-4729-9ab1-a1b79c26a8a8,c5,c1,1012,i12,?,
1768592109.64363,SENT,7673c81c-6c29-46ab-95a9-ced44f0b1df4,42d4c8ee-430e-4729-9ab1-a1b79c26a8a8,c5,c1,686,?,p1,
1768592109.643672,FORWARDED,7673c81c-6c29-46ab-95a9-ced44f0b1df4,42d4c8ee-430e-4729-9ab1-a1b79c26a8a8,c5,c1,686,?,p1,
1768592109.7056842,RECEIVED,94358052-9a88-4f16-be15-ef91a34083c4,7ea89621-1e16-47a6-8988-5ff88bec39f6,c2,c1,1011,i6,?,
1768592109.8366876,SENT,94358052-9a88-4f16-be15-ef91a34083c4,7ea89621-1e16-47a6-8988-5ff88bec39f6,c2,c1,687,?,p1,
1768592109.8367326,FORWARDED,94358052-9a88-4f16-be15-ef91a34083c4,7ea89621-1e16-47a6-8988-5ff88bec39f6,c2,c1,687,?,p1,
1768592109.9086814,RECEIVED,0aa5a301-8b8a-491e-a80a-645e0017dab1,d179a01d-9788-4860-93cc-a39ed7c00da1,c3,c4,1011,i4,?,
1768592110.299658,RECEIVED,1238bc73-1b88-4992-8650-46bbc0f81722,bee9c4be-b7c4-4a83-9fe6-bd076243d540,c2,c3,1015,i5,?,
1768592110.8242555,RECEIVED,defaff65-12df-46fd-bb88-4a1c512f1fd9,179efa36-9008-47b7-b3a7-045e562c0dc9,c4,c1,1017,i4,?,
1768592110.831006,RECEIVED,d1d8d835-e175-493f-a5a0-da60fc01e435,f215b4aa-3180-42b0-bf79-f0f165134d9a,c5,DROP,687,i4,?,
1768592110.924311,SENT,defaff65-12df-46fd-bb88-4a1c512f1fd9,179efa36-9008-47b7-b3a7-045e562c0dc9,c4,c1,689,?,p1,
1768592110.9249372,FORWARDED,defaff65-12df-46fd-bb88-4a1c512f1fd9,179efa36-9008-47b7-b3a7-045e562c0dc9,c4,c1,689,?,p1,
1768592110.9291406,SENT,0aa5a301-8b8a-491e-a80a-645e0017dab1,d179a01d-9788-4860-93cc-a39ed7c00da1,c3,c4,687,?,p1,
1768592110.9291744,FORWARDED,0aa5a301-8b8a-491e-a80a-645e0017dab1,d179a01d-9788-4860-93cc-a39ed7c00da1,c3,c4,687,?,p1,
1768592111.0170329,RECEIVED,81f9cf26-ee36-4cfb-86ee-189a94bda155,c343cfe1-0310-488b-a967-36ebe4462e69,c2,c1,1011,i12,?,
1768592111.028938,RECEIVED,09416690-3d33-42fb-8965-bba7dd1565f2,4cc3fc97-e812-4187-9532-82095cb8feb6,c2,c1,1019,i4,?,
1768592111.102652,SENT,1238bc73-1b88-4992-8650-46bbc0f81722,bee9c4be-b7c4-4a83-9fe6-bd076243d540,c2,c3,688,?,p3,
1768592111.1026924,FORWARDED,1238bc73-1b88-4992-8650-46bbc0f81722,bee9c4be-b7c4-4a83-9fe6-bd076243d540,c2,c3,688,?,p3,
1768592111.2896435,RECEIVED,9a82f799-46cc-4a6b-b656-e5c8f4762efa,0969ff81-66e3-4fea-827d-c389644e9082,c3,c2,1014,i4,?,
1768592111.3885684,SENT,09416690-3d33-42fb-8965-bba7dd1565f2,4cc3fc97-e812-4187-9532-82095cb8feb6,c2,c1,692,?,p1,
1768592111.3886092,FORWARDED,09416690-3d33-42fb-8965-bba7dd1565f2,4cc3fc97-e812-4187-9532-82095cb8feb6,c2,c1,692,?,p1,
1768592111.6089914,SENT,d1d8d835-e175-493f-a5a0-da60fc01e435,f215b4aa-3180-42b0-bf79-f0f165134d9a,c5,DROP,442,?,i4,
1768592111.6090324,REDIRECTED,d1d8d835-e175-493f-a5a0-da60fc01e435,f215b4aa-3180-42b0-bf79-f0f165134d9a,c5,DROP,442,?,i4,
1768592111.609077,FORWARDED,d1d8d835-e175-493f-a5a0-da60fc01e435,f215b4aa-3180-42b0-bf79-f0f165134d9a,c5,DROP,442,?,i3,
1768592111.7656527,RECEIVED,79e27a18-b1aa-4eb3-b967-fa3aa1965c36,31c51d7a-ead1-49f0-9992-7815c8c22221,c5,c1,1015,i7,?,
1768592111.7837286,RECEIVED,64012abe-4c39-4e29-902a-55172a01b2bc,67dde038-b139-4dd0-96f8-593f531f416d,c1,DROP,686,i7,?,
1768592111.8314033,RECEIVED,a7c75dde-ffee-4ee8-90b1-1940ce29ec52,68e6d2ac-e71b-48f1-a525-1866cba25a38,c3,c1,1019,i8,?,
1768592111.9031317,SENT,79e27a18-b1aa-4eb3-b967-fa3aa1965c36,31c51d7a-ead1-49f0-9992-7815c8c22221,c5,c1,688,?,p1,
1768592111.9031785,FORWARDED,79e27a18-b1aa-4eb3-b967-fa3aa1965c36,31c51d7a-ead1-49f0-9992-7815c8c22221,c5,c1,688,?,p1,
1768592111.9323132,SENT,a7c75dde-ffee-4ee8-90b1-1940ce29ec52,68e6d2ac-e71b-48f1-a525-1866cba25a38,c3,c1,692,?,p1,
1768592111.9323528,FORWARDED,a7c75dde-ffee-4ee8-90b1-1940ce29ec52,68e6d2ac-e71b-48f1-a525-1866cba25a38,c3,c1,692,?,p1,
1768592111.9720597,RECEIVED,4fa30ae8-1929-4819-b516-ded3d1838470,8f665218-096e-4c94-834b-b22300f88223,c3,c2,1015,i5,?,
1768592112.1156487,RECEIVED,c977bff5-32bb-4ebd-a7f6-52044a3ac57a,df392b57-d712-44c2-b25d-4593fe63055a,c4,c2,1024,i11,?,
1768592112.1434555,SENT,c977bff5-32bb-4ebd-a7f6-52044a3ac57a,df392b57-d712-44c2-b25d-4593fe63055a,c4,c2,695,?,p2,
1768592112.1435134,FORWARDED,c977bff5-32bb-4ebd-a7f6-52044a3ac57a,df392b57-d712-44c2-b25d-4593fe63055a,c4,c2,695,?,p2,
1768592112.3468027,SENT,9a82f799-46cc-4a6b-b656-e5c8f4762efa,0969ff81-66e3-4fea-827d-c389644e9082,c3,c2,688,?,p2,
1768592112.3468454,FORWARDED,9a82f799-46cc-4a6b-b656-e5c8f4762efa,0969ff81-66e3-4fea-827d-c389644e9082,c3,c2,688,?,p2,
1768592112.4405594,RECEIVED,8aa980ad-c37e-4f55-9664-db1e12d9b0be,4f3df075-1206-47c1-98cd-84d6b6077a10,c2,c1,1012,i7,?,
1768592112.4702094,SENT,81f9cf26-ee36-4cfb-86ee-189a94bda155,c343cfe1-0310-488b-a967-36ebe4462e69,c2,c1,687,?,p1,
1768592112.4702873,FORWARDED,81f9cf26-ee36-4cfb-86ee-189a94bda155,c343cfe1-0310-488b-a967-36ebe4462e69,c2,c1,687,?,p1,
1768592112.6390095,SENT,8aa980ad-c37e-4f55-9664-db1e12d9b0be,4f3df075-1206-47c1-98cd-84d6b6077a10,c2,c1,686,?,p1,
1768592112.639062,FORWARDED,8aa980ad-c37e-4f55-9664-db1e12d9b0be,4f3df075-1206-47c1-98cd-84d6b6077a10,c2,c1,686,?,p1,
1768592112.653763,SENT,4fa30ae8-1929-4819-b516-ded3d1838470,8f665218-096e-4c94-834b-b22300f88223,c3,c2,688,?,p2,
1768592112.6538012,FORWARDED,4fa30ae8-1929-4819-b516-ded3d1838470,8f665218-096e-4c94-834b-b22300f88223,c3,c2,688,?,p2,
1768592112.7527792,RECEIVED,472d3467-381c-499d-908e-7d8cd61891c9,a1cdad6b-a8a5-45fb-a5b9-1790508729fa,c1,c4,1018,i11,?,
1768592113.2345998,RECEIVED,354bfa89-49a1-4b23-8873-9b08473f4628,da4934d2-3cf1-43aa-9f87-46bc09cb501f,c4,c5,1015,i9,?,
1768592113.2854638,SENT,64012abe-4c39-4e29-902a-55172a01b2bc,67dde038-b139-4dd0-96f8-593f531f416d,c1,DROP,442,?,i4,
1768592113.2855966,REDIRECTED,64012abe-4c39-4e29-902a-55172a01b2bc,67dde038-b139-4dd0-96f8-593f531f416d,c1,DROP,442,?,i4,
1768592113.2856317,FORWARDED,64012abe-4c39-4e29-902a-55172a01b2bc,67dde038-b139-4dd0-96f8-593f531f416d,c1,DROP,442,?,i3,
1768592113.2887578,SENT,472d3467-381c-499d-908e-7d8cd61891c9,a1cdad6b-a8a5-45fb-a5b9-1790508729fa,c1,c4,692,?,p1,
1768592113.2887976,FORWARDED,472d3467-381c-499d-908e-7d8cd61891c9,a1cdad6b-a8a5-45fb-a5b9-1790508729fa,c1,c4,692,?,p1,
1768592113.4719858,RECEIVED,b7e4727d-9d4c-4e77-9f4b-8171555f8ea5,92421b94-b983-4d78-871c-6ae4123a5f28,c3,c4,1016,i12,?,
1768592113.5224268,RECEIVED,2ef65272-3234-4855-b8ca-59de651d707d,9f320116-b818-4bbb-bed6-1dbd90cf9ffc,c1,c3,1015,i2,?,
1768592113.6367128,SENT,b7e4727d-9d4c-4e77-9f4b-8171555f8ea5,92421b94-b983-4d78-871c-6ae4123a5f28,c3,c4,688,?,p1,
1768592113.6367838,FORWARDED,b7e4727d-9d4c-4e77-9f4b-8171555f8ea5,92421b94-b983-4d78-871c-6ae4123a5f28,c3,c4,688,?,p1,
1768592113.7497854,RECEIVED,740ad413-2344-44d1-8616-ca33f2c345b8,a131913f-7b4c-45f3-b986-d4101ece4a34,c4,c3,1012,i2,?,
1768592113.8416517,SENT,740ad413-2344-44d1-8616-ca33f2c345b8,a131913f-7b4c-45f3-b986-d4101ece4a34,c4,c3,687,?,p3,
1768592113.841699,FORWARDED,740ad413-2344-44d1-8616-ca33f2c345b8,a131913f-7b4c-45f3-b986-d4101ece4a34,c4,c3,687,?,p3,
1768592114.0650015,SENT,354bfa89-49a1-4b23-8873-9b08473f4628,da4934d2-3cf1-43aa-9f87-46bc09cb501f,c4,c5,688,?,p2,
1768592114.0650413,FORWARDED,354bfa89-49a1-4b23-8873-9b08473f4628,da4934d2-3cf1-43aa-9f87-46bc09cb501f,c4,c5,688,?,p2,
1768592114.2160385,RECEIVED,ba409e87-e6c3-46a2-8e19-b6dd9b27de9d,243432b1-6c84-4251-8677-88e4909b8ed5,c5,c1,1012,i5,?,
1768592114.2674127,SENT,2ef65272-3234-4855-b8ca-59de651d707d,9f320116-b818-4bbb-bed6-1dbd90cf9ffc,c1,c3,688,?,p3,
1768592114.2674546,FORWARDED,2ef65272-3234-4855-b8ca-59de651d707d,9f320116-b818-4bbb-bed6-1dbd90cf9ffc,c1,c3,688,?,p3,
1768592114.2838576,RECEIVED,f5316680-e27e-40a1-b27d-8e075049a91f,9689ee80-c5e7-4a4e-b9eb-626550708be5,c5,c1,1023,i11,?,
1768592114.295368,SENT,ba409e87-e6c3-46a2-8e19-b6dd9b27de9d,243432b1-6c84-4251-8677-88e4909b8ed5,c5,c1,687,?,p1,
1768592114.295415,FORWARDED,ba409e87-e6c3-46a2-8e19-b6dd9b27de9d,243432b1-6c84-4251-8677-88e4909b8ed5,c5,c1,687,?,p1,
1768592114.4420607,RECEIVED,7f63287e-d70c-4fa6-9f13-2b20c90ad38b,27261575-0372-42c6-941e-b588f6976d3a,c2,c1,1012,i4,?,
1768592114.511613,SENT,7f63287e-d70c-4fa6-9f13-2b20c90ad38b,27261575-0372-42c6-941e-b588f6976d3a,c2,c1,687,?,p1,
1768592114.511655,FORWARDED,7f63287e-d70c-4fa6-9f13-2b20c90ad38b,27261575-0372-42c6-941e-b588f6976d3a,c2,c1,687,?,p1,
1768592114.5658317,SENT,f5316680-e27e-40a1-b27d-8e075049a91f,9689ee80-c5e7-4a4e-b9eb-626550708be5,c5,c1,694,?,p1,
1768592114.5660632,FORWARDED,f5316680-e27e-40a1-b27d-8e075049a91f,9689ee80-c5e7-4a4e-b9eb-626550708be5,c5,c1,694,?,p1,
1768592114.5758426,RECEIVED,f4ac6bb9-b781-455e-bf7e-f941c4ca50a9,0b37da56-6a21-4bcc-9eae-8760f4269a92,c5,c3,1012,i9,?,
1768592114.6120753,RECEIVED,f5086646-bce1-47f7-9b1b-b730d8247848,01b58173-4976-45ce-a85b-66465d588c9e,c5,c4,1015,i5,?,
1768592114.7011435,RECEIVED,7bcb04a8-0446-4837-ad25-802b6696139e,fa759e1e-7f54-442d-9fdd-e27a2f9349b7,c1,c2,1024,i11,?,
1768592114.7096198,SENT,f4ac6bb9-b781-455e-bf7e-f941c4ca50a9,0b37da56-6a21-4bcc-9eae-8760f4269a92,c5,c3,687,?,p3,
1768592114.7096655,FORWARDED,f4ac6bb9-b781-455e-bf7e-f941c4ca50a9,0b37da56-6a21-4bcc-9eae-8760f4269a92,c5,c3,687,?,p3,
1768592114.7526562,RECEIVED,e43e0ae6-3b84-473b-bf1d-4a6d04057629,bba1bda2-82a0-48f8-96b0-29c62b9accbe,c3,c5,1023,i2,?,
1768592114.7677402,SENT,7bcb04a8-0446-4837-ad25-802b6696139e,fa759e1e-7f54-442d-9fdd-e27a2f9349b7,c1,c2,695,?,p2,
1768592114.7677844,FORWARDED,7bcb04a8-0446-4837-ad25-802b6696139e,fa759e1e-7f54-442d-9fdd-e27a2f9349b7,c1,c2,695,?,p2,
1768592114.9813437,RECEIVED,3beb4f27-6896-4081-b566-517b8d6fd844,c362d9a0-cc8a-4176-87c6-eb5425caa452,c4,c5,1012,i4,?,
1768592114.982671,RECEIVED,5f67f30a-95af-44b6-a280-b3f6ba38b144,0541feee-2ec4-44b9-a663-89dd945441f0,c2,c1,1024,i11,?,
1768592115.0971935,SENT,f5086646-bce1-47f7-9b1b-b730d8247848,01b58173-4976-45ce-a85b-66465d588c9e,c5,c4,688,?,p1,
1768592115.097235,FORWARDED,f5086646-bce1-47f7-9b1b-b730d8247848,01b58173-4976-45ce-a85b-66465d588c9e,c5,c4,688,?,p1,
1768592115.1062133,RECEIVED,02f2ffe7-72e9-4c55-81ae-011194942be4,3e1a2561-1b0f-45ed-844e-a65faaa2ea9e,c2,c1,1011,i7,?,
1768592115.1517334,SENT,e43e0ae6-3b84-473b-bf1d-4a6d04057629,bba1bda2-82a0-48f8-96b0-29c62b9accbe,c3,c5,695,?,p2,
1768592115.1518397,FORWARDED,e43e0ae6-3b84-473b-bf1d-4a6d04057629,bba1bda2-82a0-48f8-96b0-29c62b9accbe,c3,c5,695,?,p2,
1768592115.269883,SENT,3beb4f27-6896-4081-b566-517b8d6fd844,c362d9a0-cc8a-4176-87c6-eb5425caa452,c4,c5,687,?,p2,
1768592115.269925,FORWARDED,3beb4f27-6896-4081-b566-517b8d6fd844,c362d9a0-cc8a-4176-87c6-eb5425caa452,c4,c5,687,?,p2,
1768592115.2756999,SENT,5f67f30a-95af-44b6-a280-b3f6ba38b144,0541feee-2ec4-44b9-a663-89dd945441f0,c2,c1,695,?,p1,
1768592115.2757416,FORWARDED,5f67f30a-95af-44b6-a280-b3f6ba38b144,0541feee-2ec4-44b9-a663-89dd945441f0,c2,c1,695,?,p1,
1768592115.3681536,RECEIVED,493aefe2-25de-49d9-92e4-cd2d2dcd091a,7a2a997b-ed84-44c0-9eea-d20b72f80872,c3,c5,1011,i4,?,
1768592115.3892286,RECEIVED,c08bd8f9-fd77-4050-b684-b8218adee1f3,73f04725-fab3-413d-b090-3946dcc3c091,c1,c3,1011,i1,?,
1768592115.6935422,RECEIVED,fe2308d0-217e-498b-bd1e-18979f969bc3,a416f0f3-13b5-4b7f-be52-cbdea2ac249c,c4,c5,1021,i12,?,
1768592115.7789629,SENT,fe2308d0-217e-498b-bd1e-18979f969bc3,a416f0f3-13b5-4b7f-be52-cbdea2ac249c,c4,c5,691,?,p2,
1768592115.779004,FORWARDED,fe2308d0-217e-498b-bd1e-18979f969bc3,a416f0f3-13b5-4b7f-be52-cbdea2ac249c,c4,c5,691,?,p2,
1768592115.809412,SENT,c08bd8f9-fd77-4050-b684-b8218adee1f3,73f04725-fab3-413d-b090-3946dcc3c091,c1,c3,687,?,p3,
1768592115.8095841,FORWARDED,c08bd8f9-fd77-4050-b684-b8218adee1f3,73f04725-fab3-413d-b090-3946dcc3c091,c1,c3,687,?,p3,
1768592115.8449414,RECEIVED,76a0849c-b85e-4d22-a34f-9f0c88fac22d,36bab9db-c11c-4c2e-8679-1e5d0040e6ac,c1,c5,1011,i6,?,
1768592115.8576965,SENT,02f2ffe7-72e9-4c55-81ae-011194942be4,3e1a2561-1b0f-45ed-844e-a65faaa2ea9e,c2,c1,686,?,p1,
1768592115.857739,FORWARDED,02f2ffe7-72e9-4c55-81ae-011194942be4,3e1a2561-1b0f-45ed-844e-a65faaa2ea9e,c2,c1,686,?,p1,
1768592115.8629217,RECEIVED,32480a99-1b6d-455a-8b31-152e02a3db27,fb4f8124-856c-44a2-9462-086e2e607cf5,c5,c4,1011,i8,?,
1768592115.9069264,RECEIVED,1db1dfc5-51c9-4eb6-9e93-0bee6d71f011,a42270c7-7251-4c1a-8783-6517f8c14195,c2,c5,1015,i8,?,
1768592116.069074,RECEIVED,0c87fb3b-1659-4582-8b9c-d382def7ec2b,43feb07b-2dd5-46ef-aa92-33977d3143ff,c5,DROP,679,i5,?,
1768592116.1415923,SENT,493aefe2-25de-49d9-92e4-cd2d2dcd091a,7a2a997b-ed84-44c0-9eea-d20b72f80872,c3,c5,685,?,p2,
1768592116.1416411,FORWARDED,493aefe2-25de-49d9-92e4-cd2d2dcd091a,7a2a997b-ed84-44c0-9eea-d20b72f80872,c3,c5,685,?,p2,
1768592116.2535286,RECEIVED,122428ca-3525-4329-aabc-fe74073bca24,ecf6d2de-838f-4579-95d2-09d659402546,c3,c4,1019,i11,?,
1768592116.295949,RECEIVED,5df9cf76-0656-4fc4-9a75-2196d03631fe,23b17599-1d33-4db6-b919-91d2e32b6d26,c2,c5,1012,i4,?,
1768592116.3613658,SENT,0c87fb3b-1659-4582-8b9c-d382def7ec2b,43feb07b-2dd5-46ef-aa92-33977d3143ff,c5,DROP,437,?,x3,
1768592116.3614051,FORWARDED,0c87fb3b-1659-4582-8b9c-d382def7ec2b,43feb07b-2dd5-46ef-aa92-33977d3143ff,c5,DROP,437,?,x3,
1768592116.3966672,RECEIVED,4ab281d5-35b5-4a82-8919-81ae3fd94a2a,e4ffce6f-4d1f-4763-939d-dd3eb0537c2b,c1,c3,1024,i11,?,
1768592116.4639132,SENT,5df9cf76-0656-4fc4-9a75-2196d03631fe,23b17599-1d33-4db6-b919-91d2e32b6d26,c2,c5,687,?,p2,
1768592116.4639628,FORWARDED,5df9cf76-0656-4fc4-9a75-2196d03631fe,23b17599-1d33-4db6-b919-91d2e32b6d26,c2,c5,687,?,p2,
1768592116.4780154,SENT,32480a99-1b6d-455a-8b31-152e02a3db27,fb4f8124-856c-44a2-9462-086e2e607cf5,c5,c4,687,?,p1,
1768592116.47807,FORWARDED,32480a99-1b6d-455a-8b31-152e02a3db27,fb4f8124-856c-44a2-9462-086e2e607cf5,c5,c4,687,?,p1,
1768592116.5428421,SENT,76a0849c-b85e-4d22-a34f-9f0c88fac22d,36bab9db-c11c-4c2e-8679-1e5d0040e6ac,c1,c5,687,?,p2,
1768592116.5430033,FORWARDED,76a0849c-b85e-4d22-a34f-9f0c88fac22d,36bab9db-c11c-4c2e-8679-1e5d0040e6ac,c1,c5,687,?,p2,
1768592116.5682223,RECEIVED,c2e4b9c6-ee7d-4af8-87a6-367a9a54b3ba,4814e87c-d2b1-48fd-8713-3e100dc68af7,c1,c3,1024,i2,?,
1768592116.6408882,RECEIVED,0ec1e97b-a082-4d10-bace-d64898b81b13,9823dfd9-1ee7-4a9e-86f8-10840f56a3a1,c5,c2,1017,i12,?,
1768592116.6673162,SENT,0ec1e97b-a082-4d10-bace-d64898b81b13,9823dfd9-1ee7-4a9e-86f8-10840f56a3a1,c5,c2,688,?,p2,
1768592116.6673567,FORWARDED,0ec1e97b-a082-4d10-bace-d64898b81b13,9823dfd9-1ee7-4a9e-86f8-10840f56a3a1,c5,c2,688,?,p2,
1768592116.7004406,SENT,c2e4b9c6-ee7d-4af8-87a6-367a9a54b3ba,4814e87c-d2b1-48fd-8713-3e100dc68af7,c1,c3,694,?,p3,
1768592116.700484,FORWARDED,c2e4b9c6-ee7d-4af8-87a6-367a9a54b3ba,4814e87c-d2b1-48fd-8713-3e100dc68af7,c1,c3,694,?,p3,
1768592116.707402,SENT,1db1dfc5-51c9-4eb6-9e93-0bee6d71f011,a42270c7-7251-4c1a-8783-6517f8c14195,c2,c5,688,?,p2,
1768592116.7074432,FORWARDED,1db1dfc5-51c9-4eb6-9e93-0bee6d71f011,a42270c7-7251-4c1a-8783-6517f8c14195,c2,c5,688,?,p2,
1768592116.741366,SENT,4ab281d5-35b5-4a82-8919-81ae3fd94a2a,e4ffce6f-4d1f-4763-939d-dd3eb0537c2b,c1,c3,696,?,p3,
1768592116.741407,FORWARDED,4ab281d5-35b5-4a82-8919-81ae3fd94a2a,e4ffce6f-4d1f-4763-939d-dd3eb0537c2b,c1,c3,696,?,p3,
1768592116.9758177,SENT,122428ca-3525-4329-aabc-fe74073bca24,ecf6d2de-838f-4579-95d2-09d659402546,c3,c4,692,?,p1,
1768592116.9758599,FORWARDED,122428ca-3525-4329-aabc-fe74073bca24,ecf6d2de-838f-4579-95d2-09d659402546,c3,c4,692,?,p1,
1768592117.426516,RECEIVED,28640949-2054-48fe-b640-27146352e3a7,fd4822e9-003d-4494-b3f0-b7469e1cb141,c2,c3,1007,i6,?,
1768592117.4619446,RECEIVED,39135375-4098-4c38-aafd-6b25bee758b2,c9bd5270-9004-4ac1-8b8a-10f88708c29e,c4,c3,1011,i7,?,
1768592117.6615016,RECEIVED,0ef0c6fe-5a87-4e0d-80fd-aef45eff1d9e,79ce9130-2fe7-45f2-aa8f-68d4653d5b9d,c2,c5,1012,i1,?,
1768592117.683732,RECEIVED,5cf0452a-8c54-422c-b8ac-911fb3181d32,d9026c52-83c7-4cac-bbed-d0dae8ddf1c9,c2,c1,1019,i11,?,
1768592117.809722,SENT,0ef0c6fe-5a87-4e0d-80fd-aef45eff1d9e,79ce9130-2fe7-45f2-aa8f-68d4653d5b9d,c2,c5,687,?,p2,
1768592117.8097622,FORWARDED,0ef0c6fe-5a87-4e0d-80fd-aef45eff1d9e,79ce9130-2fe7-45f2-aa8f-68d4653d5b9d,c2,c5,687,?,p2,
1768592117.9639597,SENT,5cf0452a-8c54-422c-b8ac-911fb3181d32,d9026c52-83c7-4cac-bbed-d0dae8ddf1c9,c2,c1,691,?,p1,
1768592117.9640093,FORWARDED,5cf0452a-8c54-422c-b8ac-911fb3181d32,d9026c52-83c7-4cac-bbed-d0dae8ddf1c9,c2,c1,691,?,p1,
1768592118.0934541,RECEIVED,6a3aee84-a651-478a-922c-cd2de310018b,14b919be-b3ab-495d-8bbe-f42dc6da49c6,c3,c2,1011,i9,?,
1768592118.4541376,SENT,6a3aee84-a651-478a-922c-cd2de310018b,14b919be-b3ab-495d-8bbe-f42dc6da49c6,c3,c2,687,?,p2,
1768592118.4542031,FORWARDED,6a3aee84-a651-478a-922c-cd2de310018b,14b919be-b3ab-495d-8bbe-f42dc6da49c6,c3,c2,687,?,p2,
1768592118.5416894,RECEIVED,67cc75d0-a318-4b89-9764-81f3fb68aade,386e1e26-28c7-44c0-a31c-1d9c5ee38361,c4,c1,1020,i9,?,
1768592118.655657,SENT,39135375-4098-4c38-aafd-6b25bee758b2,c9bd5270-9004-4ac1-8b8a-10f88708c29e,c4,c3,686,?,p3,
1768592118.6559212,FORWARDED,39135375-4098-4c38-aafd-6b25bee758b2,c9bd5270-9004-4ac1-8b8a-10f88708c29e,c4,c3,686,?,p3,
1768592118.8442936,SENT,28640949-2054-48fe-b640-27146352e3a7,fd4822e9-003d-4494-b3f0-b7469e1cb141,c2,c3,683,?,p3,
1768592118.8443377,FORWARDED,28640949-2054-48fe-b640-27146352e3a7,fd4822e9-003d-4494-b3f0-b7469e1cb141,c2,c3,683,?,p3,
1768592118.8844743,SENT,67cc75d0-a318-4b89-9764-81f3fb68aade,386e1e26-28c7-44c0-a31c-1d9c5ee38361,c4,c1,692,?,p1,
1768592118.885161,FORWARDED,67cc75d0-a318-4b89-9764-81f3fb68aade,386e1e26-28c7-44c0-a31c-1d9c5ee38361,c4,c1,692,?,p1,
1768592119.008474,RECEIVED,555dd07f-5cca-4ae4-bbe0-f2b45ed5299f,f442624e-4f71-4390-8bc4-0185a67efd4d,c4,c5,1023,i12,?,
1768592119.3561833,RECEIVED,0139d71b-302d-480b-bff6-d91fbc8b81db,23d79117-d147-4058-8afb-38446ef44fa4,c2,c4,1019,i11,?,
1768592119.4421673,RECEIVED,c0c1bf23-2dbf-4bdd-9e57-ee0c388cd7f2,e9157998-a695-4156-a943-5caf1ae94156,c4,c3,1015,i4,?,
1768592119.4456124,RECEIVED,b3fc2720-d8e5-49f2-b266-b451efec9429,fe2088a4-3049-4d29-8a53-c4df7ad3a2ad,c3,c2,1011,i1,?,
1768592119.6549394,RECEIVED,6e433a0f-ffab-4eb1-bb29-04e07ad03973,36b8fbbe-ac6b-4154-9665-c38434beae59,c1,c2,1023,i11,?,
1768592119.7770164,SENT,0139d71b-302d-480b-bff6-d91fbc8b81db,23d79117-d147-4058-8afb-38446ef44fa4,c2,c4,692,?,p1,
1768592119.7770739,FORWARDED,0139d71b-302d-480b-bff6-d91fbc8b81db,23d79117-d147-4058-8afb-38446ef44fa4,c2,c4,692,?,p1,
1768592119.793792,SENT,555dd07f-5cca-4ae4-bbe0-f2b45ed5299f,f442624e-4f71-4390-8bc4-0185a67efd4d,c4,c5,695,?,p2,
1768592119.7938344,FORWARDED,555dd07f-5cca-4ae4-bbe0-f2b45ed5299f,f442624e-4f71-4390-8bc4-0185a67efd4d,c4,c5,695,?,p2,
1768592120.1414557,RECEIVED,90cd51e1-e9f5-49f1-80bb-c62abbce7579,f9f2c699-fb19-4386-b8d4-5aa949341b69,c3,c1,1019,i4,?,
1768592120.2011697,RECEIVED,01bf9c1c-ff64-4c9a-b23a-7026fc47abed,06107f16-e2ce-43dc-aac0-de98af7031bf,c4,DROP,437,x8,?,
1768592120.2622886,RECEIVED,6f1f79f8-70c4-407a-8ed9-a323faa7e152,9f3d7653-0276-4fa7-956a-9838e7c77c3d,c1,c4,1020,i12,?,
1768592120.3689055,SENT,90cd51e1-e9f5-49f1-80bb-c62abbce7579,f9f2c699-fb19-4386-b8d4-5aa949341b69,c3,c1,692,?,p1,
1768592120.368948,FORWARDED,90cd51e1-e9f5-49f1-80bb-c62abbce7579,f9f2c699-fb19-4386-b8d4-5aa949341b69,c3,c1,692,?,p1,
1768592120.389014,SENT,6f1f79f8-70c4-407a-8ed9-a323faa7e152,9f3d7653-0276-4fa7-956a-9838e7c77c3d,c1,c4,692,?,p1,
1768592120.3890707,FORWARDED,6f1f79f8-70c4-407a-8ed9-a323faa7e152,9f3d7653-0276-4fa7-956a-9838e7c77c3d,c1,c4,692,?,p1,
1768592120.4391732,RECEIVED,04ded889-66b8-462c-81b0-5cd0d2cee714,391338da-ef25-4f7c-95ac-451870f0309f,c2,c5,1017,i2,?,
1768592120.49407,SENT,04ded889-66b8-462c-81b0-5cd0d2cee714,391338da-ef25-4f7c-95ac-451870f0309f,c2,c5,688,?,p2,
1768592120.4941185,FORWARDED,04ded889-66b8-462c-81b0-5cd0d2cee714,391338da-ef25-4f7c-95ac-451870f0309f,c2,c5,688,?,p2,
1768592120.5963728,RECEIVED,ddf0166e-d512-48bd-8430-3f4b0c1dafff,06b9f943-b7c2-4832-bb74-435140b2acb4,c2,c3,1015,i11,?,
1768592120.6373746,RECEIVED,b5bffc25-1ab9-493c-bee1-87e70c6f83d4,bdcce959-793f-4a12-8c34-0ddbb7ff3a48,c5,c3,1015,i9,?,
1768592120.7309365,SENT,b5bffc25-1ab9-493c-bee1-87e70c6f83d4,bdcce959-793f-4a12-8c34-0ddbb7ff3a48,c5,c3,689,?,p3,
1768592120.7309778,FORWARDED,b5bffc25-1ab9-493c-bee1-87e70c6f83d4,bdcce959-793f-4a12-8c34-0ddbb7ff3a48,c5,c3,689,?,p3,
1768592120.7430866,SENT,6e433a0f-ffab-4eb1-bb29-04e07ad03973,36b8fbbe-ac6b-4154-9665-c38434beae59,c1,c2,695,?,p2,
1768592120.743136,FORWARDED,6e433a0f-ffab-4eb1-bb29-04e07ad03973,36b8fbbe-ac6b-4154-9665-c38434beae59,c1,c2,695,?,p2,
1768592120.856198,RECEIVED,3f602ff9-05c5-4f00-b73e-3e8fd68dce7f,2886e05b-71fe-4a06-a839-1da5a7e529da,c3,c1,1009,i7,?,
1768592121.085179,SENT,b3fc2720-d8e5-49f2-b266-b451efec9429,fe2088a4-3049-4d29-8a53-c4df7ad3a2ad,c3,c2,686,?,p2,
1768592121.0852191,FORWARDED,b3fc2720-d8e5-49f2-b266-b451efec9429,fe2088a4-3049-4d29-8a53-c4df7ad3a2ad,c3,c2,686,?,p2,
1768592121.090182,RECEIVED,bd384e26-085c-43cb-ab08-8aeb03547234,fec38d6c-cfd9-4c06-8a33-37328072f9e0,c4,c1,1015,i11,?,
1768592121.2021406,SENT,3f602ff9-05c5-4f00-b73e-3e8fd68dce7f,2886e05b-71fe-4a06-a839-1da5a7e529da,c3,c1,687,?,p1,
1768592121.2021835,FORWARDED,3f602ff9-05c5-4f00-b73e-3e8fd68dce7f,2886e05b-71fe-4a06-a839-1da5a7e529da,c3,c1,687,?,p1,
1768592121.2114835,RECEIVED,817d51df-ce5c-4331-850d-b06ab42e445a,1aece478-e3d6-4ce5-a41b-ea291e41aa2f,c2,c4,1011,i2,?,
1768592121.2295237,RECEIVED,6d51b8c6-556e-4d01-8a09-34f75837b0a4,766c07f9-c1fc-413e-8467-775c0e305e5a,c3,c1,1016,i11,?,
1768592121.2779522,RECEIVED,115c4cbd-516a-44a9-9f86-0d76dc2768ad,0a4d39b3-04c3-48ad-b5d7-926e8f46614c,c5,c3,1020,i5,?,
1768592121.355218,SENT,ddf0166e-d512-48bd-8430-3f4b0c1dafff,06b9f943-b7c2-4832-bb74-435140b2acb4,c2,c3,690,?,p3,
1768592121.3552606,FORWARDED,ddf0166e-d512-48bd-8430-3f4b0c1dafff,06b9f943-b7c2-4832-bb74-435140b2acb4,c2,c3,690,?,p3,
1768592121.360761,RECEIVED,e50b4f7b-3c51-4ddb-bc3c-bb0b3d30b774,8995b366-5f04-418b-a76b-e423ac597982,c4,c3,1011,i11,?,
1768592121.5129676,SENT,6d51b8c6-556e-4d01-8a09-34f75837b0a4,766c07f9-c1fc-413e-8467-775c0e305e5a,c3,c1,688,?,p1,
1768592121.5136125,FORWARDED,6d51b8c6-556e-4d01-8a09-34f75837b0a4,766c07f9-c1fc-413e-8467-775c0e305e5a,c3,c1,688,?,p1,
1768592121.670227,SENT,115c4cbd-516a-44a9-9f86-0d76dc2768ad,0a4d39b3-04c3-48ad-b5d7-926e8f46614c,c5,c3,691,?,p3,
1768592121.670267,FORWARDED,115c4cbd-516a-44a9-9f86-0d76dc2768ad,0a4d39b3-04c3-48ad-b5d7-926e8f46614c,c5,c3,691,?,p3,
1768592121.7292402,SENT,817d51df-ce5c-4331-850d-b06ab42e445a,1aece478-e3d6-4ce5-a41b-ea291e41aa2f,c2,c4,687,?,p1,
1768592121.7292802,FORWARDED,817d51df-ce5c-4331-850d-b06ab42e445a,1aece478-e3d6-4ce5-a41b-ea291e41aa2f,c2,c4,687,?,p1,
1768592121.7408025,RECEIVED,64825036-e85b-48a9-9c48-e8c1904c2c15,4027eea3-5f3c-45fb-9cbd-993e99be589f,c5,c4,1023,i11,?,
1768592121.768045,RECEIVED,1c869379-01ba-45e1-bd64-9568959de48f,33f00d10-58c6-4f10-a62b-aab419a88343,c3,c4,1011,i6,?,
1768592121.7762048,RECEIVED,e95250c1-0599-4646-8f7d-ca1b233eecc1,a0f68af8-fe0a-49c6-8e7f-979392436412,c5,c4,1017,i12,?,
1768592121.8308053,SENT,e95250c1-0599-4646-8f7d-ca1b233eecc1,a0f68af8-fe0a-49c6-8e7f-979392436412,c5,c4,690,?,p1,
1768592121.8308477,FORWARDED,e95250c1-0599-4646-8f7d-ca1b233eecc1,a0f68af8-fe0a-49c6-8e7f-979392436412,c5,c4,690,?,p1,
1768592121.8403425,SENT,c0c1bf23-2dbf-4bdd-9e57-ee0c388cd7f2,e9157998-a695-4156-a943-5caf1ae94156,c4,c3,688,?,p3,
1768592121.840396,FORWARDED,c0c1bf23-2dbf-4bdd-9e57-ee0c388cd7f2,e9157998-a695-4156-a943-5caf1ae94156,c4,c3,688,?,p3,
1768592121.8991747,SENT,1c869379-01ba-45e1-bd64-9568959de48f,33f00d10-58c6-4f10-a62b-aab419a88343,c3,c4,686,?,p1,
1768592121.8992174,FORWARDED,1c869379-01ba-45e1-bd64-9568959de48f,33f00d10-58c6-4f10-a62b-aab419a88343,c3,c4,686,?,p1,
1768592121.9296825,SENT,bd384e26-085c-43cb-ab08-8aeb03547234,fec38d6c-cfd9-4c06-8a33-37328072f9e0,c4,c1,690,?,p1,
1768592121.929724,FORWARDED,bd384e26-085c-43cb-ab08-8aeb03547234,fec38d6c-cfd9-4c06-8a33-37328072f9e0,c4,c1,690,?,p1,
1768592122.1174834,RECEIVED,a35fe231-d504-41eb-bb86-ed9e1e8fc621,87b641ea-d75c-4f6e-b176-f77a55252d75,c2,c1,1019,i11,?,
1768592122.3741114,RECEIVED,52cdb868-79af-4e8d-90c9-bee5c3ee6614,1ea794f6-5adc-436c-bd36-e67475439e67,c3,c4,1019,i4,?,
1768592122.638596,RECEIVED,cbc5ceb0-205c-4fc5-a053-b57a6638f026,b660b969-09a9-4495-b9f6-1b095c0fc006,c2,c3,1019,i11,?,
1768592122.884403,SENT,52cdb868-79af-4e8d-90c9-bee5c3ee6614,1ea794f6-5adc-436c-bd36-e67475439e67,c3,c4,692,?,p1,
1768592122.8844442,FORWARDED,52cdb868-79af-4e8d-90c9-bee5c3ee6614,1ea794f6-5adc-436c-bd36-e67475439e67,c3,c4,692,?,p1,
1768592123.277802,SENT,e50b4f7b-3c51-4ddb-bc3c-bb0b3d30b774,8995b366-5f04-418b-a76b-e423ac597982,c4,c3,686,?,p3,
1768592123.2778437,FORWARDED,e50b4f7b-3c51-4ddb-bc3c-bb0b3d30b774,8995b366-5f04-418b-a76b-e423ac597982,c4,c3,686,?,p3,
1768592123.3593152,RECEIVED,ad1a5b1b-949b-48a6-8627-fef0d8a88fac,58e0968b-a3be-4330-aab4-f290aad2ee4b,c1,c4,1016,i8,?,
1768592123.5254893,SENT,a35fe231-d504-41eb-bb86-ed9e1e8fc621,87b641ea-d75c-4f6e-b176-f77a55252d75,c2,c1,692,?,p1,
1768592123.52578,FORWARDED,a35fe231-d504-41eb-bb86-ed9e1e8fc621,87b641ea-d75c-4f6e-b176-f77a55252d75,c2,c1,692,?,p1,
1768592123.5559835,SENT,ad1a5b1b-949b-48a6-8627-fef0d8a88fac,58e0968b-a3be-4330-aab4-f290aad2ee4b,c1,c4,688,?,p1,
1768592123.5560257,FORWARDED,ad1a5b1b-949b-48a6-8627-fef0d8a88fac,58e0968b-a3be-4330-aab4-f290aad2ee4b,c1,c4,688,?,p1,
1768592123.580068,RECEIVED,ae833208-c131-4924-bc1e-4798debfaaa2,745a0837-3469-4050-868a-0d9ffb828304,c2,c3,1011,i6,?,
1768592123.6152403,RECEIVED,f1c9443c-c7d5-45d4-8bdf-961fae8088d4,e044289a-81da-4972-8119-17c2f7834297,c5,c4,1010,i2,?,
1768592123.9367855,RECEIVED,141c799b-e7c6-408f-bf9a-3c9be9136acd,10a031a2-001a-4296-b830-a1ed3c107238,c3,c1,1012,i12,?,
1768592123.992565,SENT,ae833208-c131-4924-bc1e-4798debfaaa2,745a0837-3469-4050-868a-0d9ffb828304,c2,c3,687,?,p3,
1768592123.992606,FORWARDED,ae833208-c131-4924-bc1e-4798debfaaa2,745a0837-3469-4050-868a-0d9ffb828304,c2,c3,687,?,p3,
1768592124.012727,SENT,141c799b-e7c6-408f-bf9a-3c9be9136acd,10a031a2-001a-4296-b830-a1ed3c107238,c3,c1,687,?,p1,
1768592124.0127687,FORWARDED,141c799b-e7c6-408f-bf9a-3c9be9136acd,10a031a2-001a-4296-b830-a1ed3c107238,c3,c1,687,?,p1,
1768592124.026797,SENT,64825036-e85b-48a9-9c48-e8c1904c2c15,4027eea3-5f3c-45fb-9cbd-993e99be589f,c5,c4,695,?,p1,
1768592124.0268383,FORWARDED,64825036-e85b-48a9-9c48-e8c1904c2c15,4027eea3-5f3c-45fb-9cbd-993e99be589f,c5,c4,695,?,p1,
1768592124.1404345,RECEIVED,660ef966-1f41-496d-b49e-d20ba7856c3e,bc1257c5-b0f9-434b-be86-272c38e2c19f,c5,c1,1016,i2,?,
1768592124.216348,RECEIVED,8d57cba0-5764-4fa0-86e2-e2e3db186a40,4c80229c-ac8e-4bd9-b9e7-7452d91cc22e,c1,c4,1023,i1,?,
1768592124.229475,SENT,660ef966-1f41-496d-b49e-d20ba7856c3e,bc1257c5-b0f9-434b-be86-272c38e2c19f,c5,c1,688,?,p1,
1768592124.2296958,FORWARDED,660ef966-1f41-496d-b49e-d20ba7856c3e,bc1257c5-b0f9-434b-be86-272c38e2c19f,c5,c1,688,?,p1,
1768592124.3935819,SENT,8d57cba0-5764-4fa0-86e2-e2e3db186a40,4c80229c-ac8e-4bd9-b9e7-7452d91cc22e,c1,c4,694,?,p1,
1768592124.3936226,FORWARDED,8d57cba0-5764-4fa0-86e2-e2e3db186a40,4c80229c-ac8e-4bd9-b9e7-7452d91cc22e,c1,c4,694,?,p1,
1768592124.4044924,RECEIVED,6e5a87b7-561b-4856-aa4e-e35028f50d0d,06091ae2-61e9-42ef-8123-9739279995f1,c2,c5,1014,i7,?,
1768592124.4442601,SENT,cbc5ceb0-205c-4fc5-a053-b57a6638f026,b660b969-09a9-4495-b9f6-1b095c0fc006,c2,c3,691,?,p3,
1768592124.4443028,FORWARDED,cbc5ceb0-205c-4fc5-a053-b57a6638f026,b660b969-09a9-4495-b9f6-1b095c0fc006,c2,c3,691,?,p3,
1768592124.591207,RECEIVED,3a2df8aa-670c-4566-9462-74840a130835,591b1ef5-6536-4aad-8d28-5921120c655e,c2,c5,1022,i11,?,
1768592124.5938997,RECEIVED,3f20dfa6-982c-40c9-ab41-8a08e7182d6b,ed134f00-2d52-47ff-b336-7e5e53ee26bd,c4,c3,1015,i1,?,
1768592124.617179,SENT,3a2df8aa-670c-4566-9462-74840a130835,591b1ef5-6536-4aad-8d28-5921120c655e,c2,c5,692,?,p2,
1768592124.617219,FORWARDED,3a2df8aa-670c-4566-9462-74840a130835,591b1ef5-6536-4aad-8d28-5921120c655e,c2,c5,692,?,p2,
1768592124.619901,SENT,f1c9443c-c7d5-45d4-8bdf-961fae8088d4,e044289a-81da-4972-8119-17c2f7834297,c5,c4,685,?,p1,
1768592124.6199424,FORWARDED,f1c9443c-c7d5-45d4-8bdf-961fae8088d4,e044289a-81da-4972-8119-17c2f7834297,c5,c4,685,?,p1,
1768592124.8088133,RECEIVED,27c28b94-a9b6-449d-8e3b-24157bcc30a7,63853d96-5954-4502-b99a-e5e1bbc0bfa4,c5,c2,1012,i5,?,
1768592124.9533076,SENT,27c28b94-a9b6-449d-8e3b-24157bcc30a7,63853d96-5954-4502-b99a-e5e1bbc0bfa4,c5,c2,687,?,p2,
1768592124.9533522,FORWARDED,27c28b94-a9b6-449d-8e3b-24157bcc30a7,63853d96-5954-4502-b99a-e5e1bbc0bfa4,c5,c2,687,?,p2,
1768592125.1542327,RECEIVED,f825a9fa-96ec-41ed-8e07-5c86c7feccb7,5a07c60b-b6cc-4d29-b454-14a8d92d931d,c3,DROP,442,x11,?,
1768592125.237431,RECEIVED,26f4f872-6f7b-495e-9395-60f81ed5e673,2720c14b-3683-4f1c-baa6-e33e02aa0291,c5,c2,1013,i5,?,
1768592125.2554023,SENT,26f4f872-6f7b-495e-9395-60f81ed5e673,2720c14b-3683-4f1c-baa6-e33e02aa0291,c5,c2,686,?,p2,
1768592125.2554426,FORWARDED,26f4f872-6f7b-495e-9395-60f81ed5e673,2720c14b-3683-4f1c-baa6-e33e02aa0291,c5,c2,686,?,p2,
1768592125.3588395,RECEIVED,b9fc8cf8-b1f6-4b80-8f03-9c5d3e2fdce7,16d3ceca-8207-4a8e-ac45-87f0714599c2,c4,DROP,693,i12,?,
1768592125.383019,RECEIVED,622e014c-ccdc-4f51-b78a-65766ba0b731,9917e46e-436a-4fc6-b17d-da87ab59d859,c5,c2,1020,i4,?,
1768592125.4583344,SENT,b9fc8cf8-b1f6-4b80-8f03-9c5d3e2fdce7,16d3ceca-8207-4a8e-ac45-87f0714599c2,c4,DROP,446,?,i1,
1768592125.4583852,FORWARDED,b9fc8cf8-b1f6-4b80-8f03-9c5d3e2fdce7,16d3ceca-8207-4a8e-ac45-87f0714599c2,c4,DROP,446,?,i1,
1768592125.48672,RECEIVED,51592761-f5c3-4229-81c8-e6977ab74d22,665a8fab-79f3-41c1-b678-c1db1c1b8e73,c1,c4,1012,i8,?,
1768592125.602877,SENT,6e5a87b7-561b-4856-aa4e-e35028f50d0d,06091ae2-61e9-42ef-8123-9739279995f1,c2,c5,688,?,p2,
1768592125.602917,FORWARDED,6e5a87b7-561b-4856-aa4e-e35028f50d0d,06091ae2-61e9-42ef-8123-9739279995f1,c2,c5,688,?,p2,
1768592125.7255273,SENT,51592761-f5c3-4229-81c8-e6977ab74d22,665a8fab-79f3-41c1-b678-c1db1c1b8e73,c1,c4,687,?,p1,
1768592125.7255673,FORWARDED,51592761-f5c3-4229-81c8-e6977ab74d22,665a8fab-79f3-41c1-b678-c1db1c1b8e73,c1,c4,687,?,p1,
1768592125.7739902,SENT,622e014c-ccdc-4f51-b78a-65766ba0b731,9917e46e-436a-4fc6-b17d-da87ab59d859,c5,c2,691,?,p2,
1768592125.7740307,FORWARDED,622e014c-ccdc-4f51-b78a-65766ba0b731,9917e46e-436a-4fc6-b17d-da87ab59d859,c5,c2,691,?,p2,
1768592126.2659645,SENT,3f20dfa6-982c-40c9-ab41-8a08e7182d6b,ed134f00-2d52-47ff-b336-7e5e53ee26bd,c4,c3,688,?,p3,
1768592126.266007,FORWARDED,3f20dfa6-982c-40c9-ab41-8a08e7182d6b,ed134f00-2d52-47ff-b336-7e5e53ee26bd,c4,c3,688,?,p3,
1768592126.5047002,RECEIVED,57434405-ce4f-4bdd-995f-05a937581b5d,11a3dc98-3357-4e00-a668-72796b2bc994,c5,c4,1023,i11,?,
1768592126.839478,RECEIVED,ba3ab191-8464-4823-b277-2c9abe6f173a,4dbf19c2-d6d2-4c77-8977-57ae9219dd0a,c3,DROP,684,i7,?,
1768592126.8543448,RECEIVED,caf939f7-ab5f-4dd3-8f72-4600c1ebbd09,b2dc0e32-192f-46bb-b2d5-1f0e8bbb5815,c3,c5,1015,i9,?,
1768592127.0049806,SENT,caf939f7-ab5f-4dd3-8f72-4600c1ebbd09,b2dc0e32-192f-46bb-b2d5-1f0e8bbb5815,c3,c5,688,?,p2,
1768592127.005932,FORWARDED,caf939f7-ab5f-4dd3-8f72-4600c1ebbd09,b2dc0e32-192f-46bb-b2d5-1f0e8bbb5815,c3,c5,688,?,p2,
1768592127.158653,RECEIVED,90318c72-61d6-4c5d-b927-99819b37a3ca,3cd31fb6-c9e6-4416-a9ed-f8c78867348b,c4,c2,1014,i4,?,
1768592127.6641383,RECEIVED,b905e70b-17ca-4800-a63e-1b0583c10592,cbb08f05-20c7-49b7-ad28-b231ab130c8d,c5,c3,1011,i7,?,
1768592127.8337646,SENT,ba3ab191-8464-4823-b277-2c9abe6f173a,4dbf19c2-d6d2-4c77-8977-57ae9219dd0a,c3,DROP,441,?,i11,
1768592127.83446,REDIRECTED,ba3ab191-8464-4823-b277-2c9abe6f173a,4dbf19c2-d6d2-4c77-8977-57ae9219dd0a,c3,DROP,441,?,i11,
1768592127.8344984,FORWARDED,ba3ab191-8464-4823-b277-2c9abe6f173a,4dbf19c2-d6d2-4c77-8977-57ae9219dd0a,c3,DROP,441,?,i10,
1768592127.8856013,SENT,57434405-ce4f-4bdd-995f-05a937581b5d,11a3dc98-3357-4e00-a668-72796b2bc994,c5,c4,695,?,p1,
1768592127.8856425,FORWARDED,57434405-ce4f-4bdd-995f-05a937581b5d,11a3dc98-3357-4e00-a668-72796b2bc994,c5,c4,695,?,p1,
1768592127.970007,SENT,b905e70b-17ca-4800-a63e-1b0583c10592,cbb08f05-20c7-49b7-ad28-b231ab130c8d,c5,c3,687,?,p3,
1768592127.9700556,FORWARDED,b905e70b-17ca-4800-a63e-1b0583c10592,cbb08f05-20c7-49b7-ad28-b231ab130c8d,c5,c3,687,?,p3,
1768592128.1200933,RECEIVED,47308a26-1815-42cf-b5a5-95d98f9438c1,d6e00af1-c531-4621-875f-42bbb3a601b7,c4,c2,1024,i11,?,
1768592128.1364696,RECEIVED,4b08c097-e38c-4ca2-935b-f0c354329fbc,465e545f-225c-4807-9145-d45025f6d95f,c2,c1,1015,i8,?,
1768592128.186448,SENT,47308a26-1815-42cf-b5a5-95d98f9438c1,d6e00af1-c531-4621-875f-42bbb3a601b7,c4,c2,694,?,p2,
1768592128.1865003,FORWARDED,47308a26-1815-42cf-b5a5-95d98f9438c1,d6e00af1-c531-4621-875f-42bbb3a601b7,c4,c2,694,?,p2,
1768592128.1963081,SENT,90318c72-61d6-4c5d-b927-99819b37a3ca,3cd31fb6-c9e6-4416-a9ed-f8c78867348b,c4,c2,688,?,p2,
1768592128.196359,FORWARDED,90318c72-61d6-4c5d-b927-99819b37a3ca,3cd31fb6-c9e6-4416-a9ed-f8c78867348b,c4,c2,688,?,p2,
1768592128.2440434,RECEIVED,be6482ca-0a6e-48d0-a5d9-f5d4efeb91fb,0a1cfd05-6911-4f5a-82d9-bb78cc39c303,c1,DROP,685,i4,?,
1768592128.5955834,SENT,be6482ca-0a6e-48d0-a5d9-f5d4efeb91fb,0a1cfd05-6911-4f5a-82d9-bb78cc39c303,c1,DROP,441,?,x11,
1768592128.595752,FORWARDED,be6482ca-0a6e-48d0-a5d9-f5d4efeb91fb,0a1cfd05-6911-4f5a-82d9-bb78cc39c303,c1,DROP,441,?,x11,
1768592128.760663,SENT,4b08c097-e38c-4ca2-935b-f0c354329fbc,465e545f-225c-4807-9145-d45025f6d95f,c2,c1,688,?,p1,
1768592128.7609515,FORWARDED,4b08c097-e38c-4ca2-935b-f0c354329fbc,465e545f-225c-4807-9145-d45025f6d95f,c2,c1,688,?,p1,
1768592128.785383,RECEIVED,6ad37a01-b9da-4b14-bc36-34c7ff18343f,cba07555-103f-4051-83a9-9bb5a9293340,c3,c2,1012,i6,?,
1768592129.0027828,RECEIVED,27283d8f-ae47-428a-99a8-b4e0f028cb4f,cbc4d497-48a6-4d30-acdc-ca53868f30ac,c1,c5,1011,i7,?,
1768592129.0284798,SENT,6ad37a01-b9da-4b14-bc36-34c7ff18343f,cba07555-103f-4051-83a9-9bb5a9293340,c3,c2,687,?,p2,
1768592129.028522,FORWARDED,6ad37a01-b9da-4b14-bc36-34c7ff18343f,cba07555-103f-4051-83a9-9bb5a9293340,c3,c2,687,?,p2,
1768592129.3247125,SENT,27283d8f-ae47-428a-99a8-b4e0f028cb4f,cbc4d497-48a6-4d30-acdc-ca53868f30ac,c1,c5,687,?,p2,
1768592129.3247485,FORWARDED,27283d8f-ae47-428a-99a8-b4e0f028cb4f,cbc4d497-48a6-4d30-acdc-ca53868f30ac,c1,c5,687,?,p2,
1768592129.8749983,RECEIVED,77feed24-9e82-4e91-b6b1-9a3578d75e61,51354c4f-1a28-4a9e-af36-500629d36221,c1,c5,1011,i8,?,
1768592130.0320888,RECEIVED,0f1655fe-dcf4-4fc1-a054-84aa2d9bb547,5b8a6abb-0d4f-40ef-9b53-e470a9690e5a,c5,c4,1018,i12,?,
1768592130.0644326,RECEIVED,830a452c-1603-4344-bcb8-98d21538978e,a4927733-8318-4d54-891e-bf44c25ee46d,c2,c1,1011,i4,?,
1768592130.1886508,RECEIVED,492689c6-dae2-4df9-8467-084e1c0b143c,54d14410-cfb0-4708-ba88-4b39a891f1ec,c1,c4,1012,i4,?,
1768592130.4184575,SENT,77feed24-9e82-4e91-b6b1-9a3578d75e61,51354c4f-1a28-4a9e-af36-500629d36221,c1,c5,687,?,p2,
1768592130.4185116,FORWARDED,77feed24-9e82-4e91-b6b1-9a3578d75e61,51354c4f-1a28-4a9e-af36-500629d36221,c1,c5,687,?,p2,
1768592130.4457858,SENT,830a452c-1603-4344-bcb8-98d21538978e,a4927733-8318-4d54-891e-bf44c25ee46d,c2,c1,687,?,p1,
1768592130.4458253,FORWARDED,830a452c-1603-4344-bcb8-98d21538978e,a4927733-8318-4d54-891e-bf44c25ee46d,c2,c1,687,?,p1,
1768592130.4867868,SENT,492689c6-dae2-4df9-8467-084e1c0b143c,54d14410-cfb0-4708-ba88-4b39a891f1ec,c1,c4,687,?,p1,
1768592130.4868288,FORWARDED,492689c6-dae2-4df9-8467-084e1c0b143c,54d14410-cfb0-4708-ba88-4b39a891f1ec,c1,c4,687,?,p1,
1768592130.717417,SENT,0f1655fe-dcf4-4fc1-a054-84aa2d9bb547,5b8a6abb-0d4f-40ef-9b53-e470a9690e5a,c5,c4,691,?,p1,
1768592130.7174594,FORWARDED,0f1655fe-dcf4-4fc1-a054-84aa2d9bb547,5b8a6abb-0d4f-40ef-9b53-e470a9690e5a,c5,c4,691,?,p1,
1768592130.7772613,RECEIVED,a60501f6-3a42-4bed-9c32-ed6acd048065,8c4c2f7b-2b2e-435a-a480-c410ad2e98e6,c1,c3,1012,i1,?,
1768592130.7872176,RECEIVED,fc679b09-b497-47eb-a879-1d4826f173a1,d15ac336-9468-4f05-9978-86b32a8840de,c1,c2,1024,i12,?,
1768592130.8018243,RECEIVED,0596daff-7ba2-4a6c-81f3-b2dea5343e31,75ed3348-10fa-4433-8288-0f1ee156404d,c5,c3,1019,i6,?,
1768592130.8820686,SENT,fc679b09-b497-47eb-a879-1d4826f173a1,d15ac336-9468-4f05-9978-86b32a8840de,c1,c2,696,?,p2,
1768592130.882114,FORWARDED,fc679b09-b497-47eb-a879-1d4826f173a1,d15ac336-9468-4f05-9978-86b32a8840de,c1,c2,696,?,p2,
1768592130.9735496,RECEIVED,20e3a6fb-6632-4b82-8dea-c170b444ab86,fa5c34e1-152b-475b-8242-14ce65eee59d,c4,c2,1012,i11,?,
1768592130.9937484,SENT,a60501f6-3a42-4bed-9c32-ed6acd048065,8c4c2f7b-2b2e-435a-a480-c410ad2e98e6,c1,c3,687,?,p3,
1768592130.9937935,FORWARDED,a60501f6-3a42-4bed-9c32-ed6acd048065,8c4c2f7b-2b2e-435a-a480-c410ad2e98e6,c1,c3,687,?,p3,
1768592131.1100078,SENT,20e3a6fb-6632-4b82-8dea-c170b444ab86,fa5c34e1-152b-475b-8242-14ce65eee59d,c4,c2,687,?,p2,
1768592131.1100545,FORWARDED,20e3a6fb-6632-4b82-8dea-c170b444ab86,fa5c34e1-152b-475b-8242-14ce65eee59d,c4,c2,687,?,p2,
1768592131.2002726,RECEIVED,0bdf043e-6587-407b-8f63-1f98307c8b63,151001ef-baf9-45be-976d-663bfde22b3f,c5,c2,1013,i1,?,
1768592131.2321894,SENT,0bdf043e-6587-407b-8f63-1f98307c8b63,151001ef-baf9-45be-976d-663bfde22b3f,c5,c2,687,?,p2,
1768592131.2322285,FORWARDED,0bdf043e-6587-407b-8f63-1f98307c8b63,151001ef-baf9-45be-976d-663bfde22b3f,c5,c2,687,?,p2,
1768592131.2736733,RECEIVED,ede0a27a-b740-471e-885f-de662c101b63,5cad6ba1-e889-478a-9994-1ffe57cccc56,c1,DROP,688,i2,?,
1768592131.34072,SENT,0596daff-7ba2-4a6c-81f3-b2dea5343e31,75ed3348-10fa-4433-8288-0f1ee156404d,c5,c3,692,?,p3,
1768592131.3407788,FORWARDED,0596daff-7ba2-4a6c-81f3-b2dea5343e31,75ed3348-10fa-4433-8288-0f1ee156404d,c5,c3,692,?,p3,
1768592131.3918827,RECEIVED,56009ece-d1e2-4364-bbc2-2b36550cbc18,fc6d88e6-ba55-46d7-a305-21a85ec39cdd,c5,c2,1011,i9,?,
1768592131.4297478,SENT,ede0a27a-b740-471e-885f-de662c101b63,5cad6ba1-e889-478a-9994-1ffe57cccc56,c1,DROP,443,?,i6,
1768592131.4297895,FORWARDED,ede0a27a-b740-471e-885f-de662c101b63,5cad6ba1-e889-478a-9994-1ffe57cccc56,c1,DROP,443,?,i6,
1768592131.5383098,SENT,56009ece-d1e2-4364-bbc2-2b36550cbc18,fc6d88e6-ba55-46d7-a305-21a85ec39cdd,c5,c2,687,?,p2,
1768592131.5383494,FORWARDED,56009ece-d1e2-4364-bbc2-2b36550cbc18,fc6d88e6-ba55-46d7-a305-21a85ec39cdd,c5,c2,687,?,p2,
1768592131.580084,RECEIVED,d1442483-1eaf-4f66-9927-1e3cfd9757a6,c45c2ef8-18f0-423f-87f9-612014991f6e,c2,c5,1024,i1,?,
1768592131.7141287,SENT,d1442483-1eaf-4f66-9927-1e3cfd9757a6,c45c2ef8-18f0-423f-87f9-612014991f6e,c2,c5,695,?,p2,
1768592131.7141705,FORWARDED,d1442483-1eaf-4f66-9927-1e3cfd9757a6,c45c2ef8-18f0-423f-87f9-612014991f6e,c2,c5,695,?,p2,
1768592132.491425,RECEIVED,89aecf64-d7ac-4509-8bf9-8f1f0fb88b2c,beaa0e33-521e-4dbc-b664-7d63df906e41,c3,c1,1023,i11,?,
1768592132.6412294,SENT,89aecf64-d7ac-4509-8bf9-8f1f0fb88b2c,beaa0e33-521e-4dbc-b664-7d63df906e41,c3,c1,694,?,p1,
1768592132.6414328,FORWARDED,89aecf64-d7ac-4509-8bf9-8f1f0fb88b2c,beaa0e33-521e-4dbc-b664-7d63df906e41,c3,c1,694,?,p1,
1768592132.678585,RECEIVED,7627fbc8-7c19-44ae-bd9a-2307fc5e5eab,1eb3792c-f619-4771-8794-d4e7bf2f8dd5,c5,c2,1007,i2,?,
1768592132.7868922,RECEIVED,31a980e6-e92c-4dbc-98e8-7b56bc4c808c,74ed89fd-3de9-4b98-a9d3-129f5fd58d61,c2,c4,1016,i4,?,
1768592133.1740081,SENT,31a980e6-e92c-4dbc-98e8-7b56bc4c808c,74ed89fd-3de9-4b98-a9d3-129f5fd58d61,c2,c4,688,?,p1,
1768592133.174058,FORWARDED,31a980e6-e92c-4dbc-98e8-7b56bc4c808c,74ed89fd-3de9-4b98-a9d3-129f5fd58d61,c2,c4,688,?,p1,
1768592133.6187415,SENT,7627fbc8-7c19-44ae-bd9a-2307fc5e5eab,1eb3792c-f619-4771-8794-d4e7bf2f8dd5,c5,c2,684,?,p2,
1768592133.6187947,FORWARDED,7627fbc8-7c19-44ae-bd9a-2307fc5e5eab,1eb3792c-f619-4771-8794-d4e7bf2f8dd5,c5,c2,684,?,p2,
1768592133.9793503,RECEIVED,d944d009-4c65-448a-81dd-2eee7f09faf7,32a5d25c-9b98-464d-ba3e-c79f82aa74a4,c3,c5,1016,i5,?,
1768592134.0156298,RECEIVED,da29ca5f-c119-4c17-a5ba-31ed53382eb0,b506b592-e0a8-4efb-b872-1404d151542e,c4,c1,1010,i6,?,
1768592134.0657966,SENT,d944d009-4c65-448a-81dd-2eee7f09faf7,32a5d25c-9b98-464d-ba3e-c79f82aa74a4,c3,c5,688,?,p2,
1768592134.0658376,FORWARDED,d944d009-4c65-448a-81dd-2eee7f09faf7,32a5d25c-9b98-464d-ba3e-c79f82aa74a4,c3,c5,688,?,p2,
1768592134.1797576,SENT,da29ca5f-c119-4c17-a5ba-31ed53382eb0,b506b592-e0a8-4efb-b872-1404d151542e,c4,c1,687,?,p1,
1768592134.1797986,FORWARDED,da29ca5f-c119-4c17-a5ba-31ed53382eb0,b506b592-e0a8-4efb-b872-1404d151542e,c4,c1,687,?,p1,
1768592134.2953842,RECEIVED,1f4a2a4c-b129-4357-baec-1cc2904ae1c6,fd709e69-847f-4ebe-9196-40756830fcea,c2,c1,1014,i1,?,
1768592134.464291,RECEIVED,60eed103-c6a1-43cb-9ec7-c80906e2bf4b,a5df793d-93ec-4279-97be-7b8a6f7119f5,c5,c3,1015,i1,?,
1768592134.6774256,RECEIVED,efcd6fb0-763e-4da7-bd16-0372c0a651fc,bdf46591-85e3-421f-9b4a-71d65d030fb3,c3,c5,1019,i12,?,
1768592134.8210738,SENT,efcd6fb0-763e-4da7-bd16-0372c0a651fc,bdf46591-85e3-421f-9b4a-71d65d030fb3,c3,c5,692,?,p2,
1768592134.8211164,FORWARDED,efcd6fb0-763e-4da7-bd16-0372c0a651fc,bdf46591-85e3-421f-9b4a-71d65d030fb3,c3,c5,692,?,p2,
1768592134.8371913,SENT,60eed103-c6a1-43cb-9ec7-c80906e2bf4b,a5df793d-93ec-4279-97be-7b8a6f7119f5,c5,c3,690,?,p3,
1768592134.8372333,FORWARDED,60eed103-c6a1-43cb-9ec7-c80906e2bf4b,a5df793d-93ec-4279-97be-7b8a6f7119f5,c5,c3,690,?,p3,
1768592134.882491,RECEIVED,79ce533e-eca7-47f6-a02f-dc87848c8c13,5c41e331-2765-4855-a63d-e7204e258d04,c1,c3,1012,i9,?,
1768592135.0064168,SENT,79ce533e-eca7-47f6-a02f-dc87848c8c13,5c41e331-2765-4855-a63d-e7204e258d04,c1,c3,687,?,p3,
1768592135.0064566,FORWARDED,79ce533e-eca7-47f6-a02f-dc87848c8c13,5c41e331-2765-4855-a63d-e7204e258d04,c1,c3,687,?,p3,
1768592135.186151,SENT,1f4a2a4c-b129-4357-baec-1cc2904ae1c6,fd709e69-847f-4ebe-9196-40756830fcea,c2,c1,688,?,p1,
1768592135.1861928,FORWARDED,1f4a2a4c-b129-4357-baec-1cc2904ae1c6,fd709e69-847f-4ebe-9196-40756830fcea,c2,c1,688,?,p1,
1768592135.220956,RECEIVED,72d6580b-9920-4dcf-b3d0-32a70603f147,cdcb4ecb-feb6-47af-adc9-59d0acbdfc94,c5,c4,1015,i7,?,
1768592135.2530735,RECEIVED,302817da-4546-4293-a1de-51e4261e52b9,e1d3adff-aad9-4723-85b6-ab6fda03d104,c3,c4,1012,i1,?,
1768592135.3331137,SENT,302817da-4546-4293-a1de-51e4261e52b9,e1d3adff-aad9-4723-85b6-ab6fda03d104,c3,c4,687,?,p1,
1768592135.3331532,FORWARDED,302817da-4546-4293-a1de-51e4261e52b9,e1d3adff-aad9-4723-85b6-ab6fda03d104,c3,c4,687,?,p1,
1768592135.5622745,SENT,72d6580b-9920-4dcf-b3d0-32a70603f147,cdcb4ecb-feb6-47af-adc9-59d0acbdfc94,c5,c4,688,?,p1,
1768592135.5623157,FORWARDED,72d6580b-9920-4dcf-b3d0-32a70603f147,cdcb4ecb-feb6-47af-adc9-59d0acbdfc94,c5,c4,688,?,p1,
1768592135.5773036,RECEIVED,66498bad-9668-4613-82ec-8b1a9f215c3d,ae36fb0d-993f-40cb-86b7-4df9a41d412c,c1,DROP,441,x12,?,
1768592135.9600208,RECEIVED,c06907be-c8ea-4ee4-9e32-2546295bdfcf,39b45804-ddab-45c6-84f1-47e9f07ee52f,c5,c1,1015,i5,?,
1768592136.170548,RECEIVED,50076feb-06bd-41eb-baa4-91b8dba75535,b11307e3-78b3-48e2-9b42-853263b64c4d,c4,c5,1016,i8,?,
1768592136.2292526,SENT,50076feb-06bd-41eb-baa4-91b8dba75535,b11307e3-78b3-48e2-9b42-853263b64c4d,c4,c5,688,?,p2,
1768592136.229293,FORWARDED,50076feb-06bd-41eb-baa4-91b8dba75535,b11307e3-78b3-48e2-9b42-853263b64c4d,c4,c5,688,?,p2,
1768592136.3466597,RECEIVED,aba21f74-1383-47d9-8aa5-f2d0caf0066a,b0a6cdd4-25b2-4c41-ad60-95f7904fbdef,c2,c4,1021,i5,?,
1768592136.4002283,RECEIVED,c44c596c-b7d9-4d46-90f8-456275ed05ab,b1138be5-0375-4b9c-9c70-92be0b364db8,c4,c2,1023,i4,?,
1768592136.4328089,SENT,aba21f74-1383-47d9-8aa5-f2d0caf0066a,b0a6cdd4-25b2-4c41-ad60-95f7904fbdef,c2,c4,693,?,p1,
1768592136.432981,FORWARDED,aba21f74-1383-47d9-8aa5-f2d0caf0066a,b0a6cdd4-25b2-4c41-ad60-95f7904fbdef,c2,c4,693,?,p1,
1768592136.7295122,RECEIVED,56c742f6-98c8-4b1b-b077-ec4c7b09241f,6510ec8e-21ec-49b4-8343-70662615d9dc,c5,c4,1015,i4,?,
1768592136.7511537,SENT,c44c596c-b7d9-4d46-90f8-456275ed05ab,b1138be5-0375-4b9c-9c70-92be0b364db8,c4,c2,695,?,p2,
1768592136.751196,FORWARDED,c44c596c-b7d9-4d46-90f8-456275ed05ab,b1138be5-0375-4b9c-9c70-92be0b364db8,c4,c2,695,?,p2,
1768592136.9194095,SENT,c06907be-c8ea-4ee4-9e32-2546295bdfcf,39b45804-ddab-45c6-84f1-47e9f07ee52f,c5,c1,688,?,p1,
1768592136.919453,FORWARDED,c06907be-c8ea-4ee4-9e32-2546295bdfcf,39b45804-ddab-45c6-84f1-47e9f07ee52f,c5,c1,688,?,p1,
1768592137.293639,RECEIVED,7d01df63-f4cf-4421-8808-5611319f3ca2,98993152-781a-4016-94a7-bd58780b8734,c5,c4,1019,i11,?,
1768592137.356716,RECEIVED,ee104086-48d0-4d10-8216-5ac3a36782ef,adea49c7-0af5-4dfe-a858-7c39d560cc3d,c4,c5,1012,i4,?,
1768592137.6888103,RECEIVED,a633b5a2-09d5-441f-9bb3-579dcad7af9a,50a2bca0-a5fc-43dc-8f6d-f2d835307928,c3,c4,1016,i2,?,
1768592137.7595463,SENT,ee104086-48d0-4d10-8216-5ac3a36782ef,adea49c7-0af5-4dfe-a858-7c39d560cc3d,c4,c5,687,?,p2,
1768592137.7595875,FORWARDED,ee104086-48d0-4d10-8216-5ac3a36782ef,adea49c7-0af5-4dfe-a858-7c39d560cc3d,c4,c5,687,?,p2,
1768592137.8407192,SENT,7d01df63-f4cf-4421-8808-5611319f3ca2,98993152-781a-4016-94a7-bd58780b8734,c5,c4,691,?,p1,
1768592137.840762,FORWARDED,7d01df63-f4cf-4421-8808-5611319f3ca2,98993152-781a-4016-94a7-bd58780b8734,c5,c4,691,?,p1,
1768592137.8703449,SENT,a633b5a2-09d5-441f-9bb3-579dcad7af9a,50a2bca0-a5fc-43dc-8f6d-f2d835307928,c3,c4,688,?,p1,
1768592137.8703897,FORWARDED,a633b5a2-09d5-441f-9bb3-579dcad7af9a,50a2bca0-a5fc-43dc-8f6d-f2d835307928,c3,c4,688,?,p1,
1768592138.0295668,RECEIVED,9bcc6231-9af6-41cc-990e-4aaeae41c196,ed5e76d4-2426-430b-b55d-38903920f32c,c2,c1,1011,i8,?,
1768592138.0751436,RECEIVED,108e7c07-ae32-45da-9cf5-f4595fe68944,14244f49-3b41-4c7e-9ee4-8f6d7ba9afd6,c3,DROP,684,i8,?,
1768592138.1116965,SENT,56c742f6-98c8-4b1b-b077-ec4c7b09241f,6510ec8e-21ec-49b4-8343-70662615d9dc,c5,c4,688,?,p1,
1768592138.1117382,FORWARDED,56c742f6-98c8-4b1b-b077-ec4c7b09241f,6510ec8e-21ec-49b4-8343-70662615d9dc,c5,c4,688,?,p1,
1768592138.1481237,RECEIVED,1a2264d4-5abc-45df-b9a1-96463e8f4f7f,20bcdeb1-3e20-424b-a50e-8219d63a5585,c1,c2,1011,i2,?,
1768592138.1752644,RECEIVED,15883b8c-ad02-4839-bb30-294c3fb3c78b,86e4e4b9-09b2-43c4-b3f4-7a721c371e57,c4,DROP,682,i11,?,
1768592138.231961,RECEIVED,e6aa39d9-36f1-4939-a3b1-abb43ade5446,213a8418-f2e2-4da3-ac1a-9abaf765f41e,c4,c5,1013,i6,?,
1768592138.2598996,SENT,e6aa39d9-36f1-4939-a3b1-abb43ade5446,213a8418-f2e2-4da3-ac1a-9abaf765f41e,c4,c5,687,?,p2,
1768592138.2599378,FORWARDED,e6aa39d9-36f1-4939-a3b1-abb43ade5446,213a8418-f2e2-4da3-ac1a-9abaf765f41e,c4,c5,687,?,p2,
1768592138.2622964,SENT,108e7c07-ae32-45da-9cf5-f4595fe68944,14244f49-3b41-4c7e-9ee4-8f6d7ba9afd6,c3,DROP,441,?,x2,
1768592138.2623343,FORWARDED,108e7c07-ae32-45da-9cf5-f4595fe68944,14244f49-3b41-4c7e-9ee4-8f6d7ba9afd6,c3,DROP,441,?,x2,
1768592138.2770112,RECEIVED,3c7aebb7-ce3b-4ae1-b67c-3e6dcdf6eef3,aebdc7e6-451e-43e2-b8e1-704f79b8ec2f,c3,c2,1021,i11,?,
1768592138.3302443,RECEIVED,9cb3e0c2-97e5-4015-848b-2ca9b41a4b0d,95f8179d-fb2e-4f22-86ec-db38482d71dd,c4,c1,1010,i4,?,
1768592138.3638785,SENT,3c7aebb7-ce3b-4ae1-b67c-3e6dcdf6eef3,aebdc7e6-451e-43e2-b8e1-704f79b8ec2f,c3,c2,691,?,p2,
1768592138.3639214,FORWARDED,3c7aebb7-ce3b-4ae1-b67c-3e6dcdf6eef3,aebdc7e6-451e-43e2-b8e1-704f79b8ec2f,c3,c2,691,?,p2,
1768592138.5614405,SENT,1a2264d4-5abc-45df-b9a1-96463e8f4f7f,20bcdeb1-3e20-424b-a50e-8219d63a5585,c1,c2,687,?,p2,
1768592138.5614812,FORWARDED,1a2264d4-5abc-45df-b9a1-96463e8f4f7f,20bcdeb1-3e20-424b-a50e-8219d63a5585,c1,c2,687,?,p2,
1768592138.6009173,RECEIVED,5353d475-73ee-438f-b2da-38bb8cd60e93,fe41f3c6-7a88-4b05-b8a4-333b13afd6fb,c5,c3,1015,i6,?,
1768592138.666501,SENT,15883b8c-ad02-4839-bb30-294c3fb3c78b,86e4e4b9-09b2-43c4-b3f4-7a721c371e57,c4,DROP,441,?,i9,
1768592138.6665447,FORWARDED,15883b8c-ad02-4839-bb30-294c3fb3c78b,86e4e4b9-09b2-43c4-b3f4-7a721c371e57,c4,DROP,441,?,i9,
1768592138.8075142,RECEIVED,d106748d-89a1-4ddf-afff-497d7c3df075,655e7285-3f9e-4958-af87-6e08e2f50563,c3,c5,1014,i4,?,
1768592139.0258334,SENT,5353d475-73ee-438f-b2da-38bb8cd60e93,fe41f3c6-7a88-4b05-b8a4-333b13afd6fb,c5,c3,688,?,p3,
1768592139.025875,FORWARDED,5353d475-73ee-438f-b2da-38bb8cd60e93,fe41f3c6-7a88-4b05-b8a4-333b13afd6fb,c5,c3,688,?,p3,
1768592139.2533023,RECEIVED,79b9645c-59d6-418e-8939-8d76b1dae026,9265dadb-29fc-480d-97ce-579840e44181,c5,c1,1021,i11,?,
1768592139.329505,SENT,79b9645c-59d6-418e-8939-8d76b1dae026,9265dadb-29fc-480d-97ce-579840e44181,c5,c1,692,?,p1,
1768592139.3295465,FORWARDED,79b9645c-59d6-418e-8939-8d76b1dae026,9265dadb-29fc-480d-97ce-579840e44181,c5,c1,692,?,p1,
1768592139.36685,SENT,9bcc6231-9af6-41cc-990e-4aaeae41c196,ed5e76d4-2426-430b-b55d-38903920f32c,c2,c1,687,?,p1,
1768592139.3668907,FORWARDED,9bcc6231-9af6-41cc-990e-4aaeae41c196,ed5e76d4-2426-430b-b55d-38903920f32c,c2,c1,687,?,p1,
1768592139.819277,SENT,d106748d-89a1-4ddf-afff-497d7c3df075,655e7285-3f9e-4958-af87-6e08e2f50563,c3,c5,688,?,p2,
1768592139.8194027,FORWARDED,d106748d-89a1-4ddf-afff-497d7c3df075,655e7285-3f9e-4958-af87-6e08e2f50563,c3,c5,688,?,p2,
1768592139.860418,RECEIVED,a1f04251-5bc9-4913-a69a-1b85e5c2491d,6778c07f-b4c4-41e0-944e-ece6ab3f68ff,c3,c2,1011,i4,?,
1768592140.1731791,RECEIVED,cf932d50-f227-4b92-bda7-1b1968b43a3f,7e30b54b-1d5e-4c91-860d-dc0eb7c47ced,c1,c5,1023,i8,?,
1768592140.468785,RECEIVED,88c32f31-7a41-48a4-96ac-43559c353984,972975ed-afe3-41de-b2aa-08762fdad166,c3,c2,1017,i2,?,
1768592140.5322819,SENT,88c32f31-7a41-48a4-96ac-43559c353984,972975ed-afe3-41de-b2aa-08762fdad166,c3,c2,688,?,p2,
1768592140.5323234,FORWARDED,88c32f31-7a41-48a4-96ac-43559c353984,972975ed-afe3-41de-b2aa-08762fdad166,c3,c2,688,?,p2,
1768592140.7790403,SENT,cf932d50-f227-4b92-bda7-1b1968b43a3f,7e30b54b-1d5e-4c91-860d-dc0eb7c47ced,c1,c5,696,?,p2,
1768592140.7790942,FORWARDED,cf932d50-f227-4b92-bda7-1b1968b43a3f,7e30b54b-1d5e-4c91-860d-dc0eb7c47ced,c1,c5,696,?,p2,
1768592140.918566,SENT,9cb3e0c2-97e5-4015-848b-2ca9b41a4b0d,95f8179d-fb2e-4f22-86ec-db38482d71dd,c4,c1,687,?,p1,
1768592140.9186044,FORWARDED,9cb3e0c2-97e5-4015-848b-2ca9b41a4b0d,95f8179d-fb2e-4f22-86ec-db38482d71dd,c4,c1,687,?,p1,
1768592141.03162,RECEIVED,7797c58c-a105-4926-9387-bb5df43a6216,5b19bbbc-9ff0-47c3-b1b9-2755e15ee958,c5,c2,1019,i11,?,
1768592141.1347342,RECEIVED,0557dd30-b21a-4256-8932-d488f94a5879,ade40772-7a3d-4522-bbdb-25021782d9f7,c3,c4,1015,i4,?,
1768592141.1857176,SENT,7797c58c-a105-4926-9387-bb5df43a6216,5b19bbbc-9ff0-47c3-b1b9-2755e15ee958,c5,c2,693,?,p2,
1768592141.1857603,FORWARDED,7797c58c-a105-4926-9387-bb5df43a6216,5b19bbbc-9ff0-47c3-b1b9-2755e15ee958,c5,c2,693,?,p2,
1768592141.1915789,RECEIVED,6fbbb370-21a1-4b25-ac8d-7b4b83306ec3,7cd711ec-1eb9-47ca-bbe0-586875a0208d,c2,c5,1012,i5,?,
1768592141.3846283,RECEIVED,afd34aed-ff52-4784-a3aa-9abd2c0cb798,b7e949b8-5987-43c2-b0e7-e02b9319d1be,c3,c2,1012,i6,?,
1768592141.4237375,SENT,6fbbb370-21a1-4b25-ac8d-7b4b83306ec3,7cd711ec-1eb9-47ca-bbe0-586875a0208d,c2,c5,687,?,p2,
1768592141.4237795,FORWARDED,6fbbb370-21a1-4b25-ac8d-7b4b83306ec3,7cd711ec-1eb9-47ca-bbe0-586875a0208d,c2,c5,687,?,p2,
1768592141.5918229,SENT,a1f04251-5bc9-4913-a69a-1b85e5c2491d,6778c07f-b4c4-41e0-944e-ece6ab3f68ff,c3,c2,687,?,p2,
1768592141.591858,FORWARDED,a1f04251-5bc9-4913-a69a-1b85e5c2491d,6778c07f-b4c4-41e0-944e-ece6ab3f68ff,c3,c2,687,?,p2,
1768592141.6066408,SENT,afd34aed-ff52-4784-a3aa-9abd2c0cb798,b7e949b8-5987-43c2-b0e7-e02b9319d1be,c3,c2,687,?,p2,
1768592141.6066813,FORWARDED,afd34aed-ff52-4784-a3aa-9abd2c0cb798,b7e949b8-5987-43c2-b0e7-e02b9319d1be,c3,c2,687,?,p2,
1768592141.6209333,RECEIVED,bbad0507-097d-4d1a-8e68-8a7f0272af1a,41a9d4f2-aa69-44e0-8efd-77959257da03,c5,c1,1016,i11,?,
1768592141.769204,SENT,0557dd30-b21a-4256-8932-d488f94a5879,ade40772-7a3d-4522-bbdb-25021782d9f7,c3,c4,688,?,p1,
1768592141.7692456,FORWARDED,0557dd30-b21a-4256-8932-d488f94a5879,ade40772-7a3d-4522-bbdb-25021782d9f7,c3,c4,688,?,p1,
1768592141.890631,RECEIVED,43b3027b-f4bb-48d7-8423-ffa55e62cb1f,e11d6f07-15ef-4505-92c0-bc57d805275e,c1,c4,1012,i7,?,
1768592141.9966726,SENT,bbad0507-097d-4d1a-8e68-8a7f0272af1a,41a9d4f2-aa69-44e0-8efd-77959257da03,c5,c1,688,?,p1,
1768592141.9967098,FORWARDED,bbad0507-097d-4d1a-8e68-8a7f0272af1a,41a9d4f2-aa69-44e0-8efd-77959257da03,c5,c1,688,?,p1,
1768592142.089636,RECEIVED,5155eaa3-a130-4ba1-88c9-fde1f2ace674,782a49b0-1728-4416-a901-833019e34a1d,c5,c1,1019,i4,?,
1768592142.347218,SENT,43b3027b-f4bb-48d7-8423-ffa55e62cb1f,e11d6f07-15ef-4505-92c0-bc57d805275e,c1,c4,687,?,p1,
1768592142.3472576,FORWARDED,43b3027b-f4bb-48d7-8423-ffa55e62cb1f,e11d6f07-15ef-4505-92c0-bc57d805275e,c1,c4,687,?,p1,
1768592142.4290273,RECEIVED,31bd339e-73b2-44ba-9150-b140b83fdbf3,f76bb884-c06b-4f64-a46d-75d4e978883f,c1,c3,1020,i8,?,
1768592142.5139623,SENT,31bd339e-73b2-44ba-9150-b140b83fdbf3,f76bb884-c06b-4f64-a46d-75d4e978883f,c1,c3,692,?,p3,
1768592142.5140035,FORWARDED,31bd339e-73b2-44ba-9150-b140b83fdbf3,f76bb884-c06b-4f64-a46d-75d4e978883f,c1,c3,692,?,p3,
1768592142.6360822,RECEIVED,6f81a29f-ef69-4c70-a2db-b0f31c6b5988,20f5d871-5cec-47bd-bcb1-146c8bf31b89,c1,c4,1015,i7,?,
1768592142.9377065,SENT,6f81a29f-ef69-4c70-a2db-b0f31c6b5988,20f5d871-5cec-47bd-bcb1-146c8bf31b89,c1,c4,688,?,p1,
1768592142.9377658,FORWARDED,6f81a29f-ef69-4c70-a2db-b0f31c6b5988,20f5d871-5cec-47bd-bcb1-146c8bf31b89,c1,c4,688,?,p1,
1768592143.1506946,SENT,5155eaa3-a130-4ba1-88c9-fde1f2ace674,782a49b0-1728-4416-a901-833019e34a1d,c5,c1,691,?,p1,
1768592143.1507483,FORWARDED,5155eaa3-a130-4ba1-88c9-fde1f2ace674,782a49b0-1728-4416-a901-833019e34a1d,c5,c1,691,?,p1,
1768592143.2486527,RECEIVED,27d1b2b1-5be0-4a1c-be41-52045930d432,46ef0730-8db4-4253-b7a7-f65b537f8766,c3,c5,1016,i5,?,
1768592143.2765381,RECEIVED,d1f83206-3f4d-4068-b65b-62786145eb58,00d2cf94-059d-44a0-8a05-971791c1d669,c5,c2,1020,i6,?,
1768592143.3300593,RECEIVED,82f979c0-89b1-4463-8861-47ca37abdfdd,c8336e1b-8b90-401b-be48-b382ff58b36f,c4,c2,1024,i12,?,
1768592143.3485022,SENT,27d1b2b1-5be0-4a1c-be41-52045930d432,46ef0730-8db4-4253-b7a7-f65b537f8766,c3,c5,688,?,p2,
1768592143.3485444,FORWARDED,27d1b2b1-5be0-4a1c-be41-52045930d432,46ef0730-8db4-4253-b7a7-f65b537f8766,c3,c5,688,?,p2,
1768592143.401254,SENT,d1f83206-3f4d-4068-b65b-62786145eb58,00d2cf94-059d-44a0-8a05-971791c1d669,c5,c2,691,?,p2,
1768592143.401302,FORWARDED,d1f83206-3f4d-4068-b65b-62786145eb58,00d2cf94-059d-44a0-8a05-971791c1d669,c5,c2,691,?,p2,
1768592143.5229917,SENT,82f979c0-89b1-4463-8861-47ca37abdfdd,c8336e1b-8b90-401b-be48-b382ff58b36f,c4,c2,696,?,p2,
1768592143.52303,FORWARDED,82f979c0-89b1-4463-8861-47ca37abdfdd,c8336e1b-8b90-401b-be48-b382ff58b36f,c4,c2,696,?,p2,
1768592143.6032095,RECEIVED,e5009513-bc2f-4b6a-bc6e-d5e62a8fa973,c2d075a1-d1f8-4421-993c-2fe0a9b65d6e,c1,c2,1019,i2,?,
1768592144.1897657,RECEIVED,1dcf401c-57a6-48c1-9c62-baa5025bfad5,e1c5d187-fec0-4e63-b635-5efd4266d977,c2,c3,1010,i4,?,
1768592144.3962514,SENT,e5009513-bc2f-4b6a-bc6e-d5e62a8fa973,c2d075a1-d1f8-4421-993c-2fe0a9b65d6e,c1,c2,691,?,p2,
1768592144.3962927,FORWARDED,e5009513-bc2f-4b6a-bc6e-d5e62a8fa973,c2d075a1-d1f8-4421-993c-2fe0a9b65d6e,c1,c2,691,?,p2,
1768592144.7737484,RECEIVED,b2833997-1445-409a-9f01-fa1a6f2dd1f9,65e04769-118a-4794-bc34-a4a765d1816a,c5,c4,1011,i12,?,
1768592144.8979108,RECEIVED,46c4bef1-4b60-44d7-833b-365a2dd75d52,0489fa1f-dd04-4573-8fde-b0b58862a4ce,c4,c2,1028,i8,?,
1768592144.9044263,RECEIVED,88309bd1-ccf3-4d7c-905a-ba8cabc2ea5f,3e545be6-a90f-41a6-a2a6-afb35190aa4e,c5,c2,1023,i11,?,
1768592144.961998,RECEIVED,ddfac077-162d-45b6-badf-477ffe83875a,8d8d4429-417e-40d9-96ad-bf7094450d28,c5,c2,1020,i11,?,
1768592145.0165777,RECEIVED,3855b53e-9507-4576-aaaf-d59b7e9827e1,af3faee4-3dfe-46d3-b7f3-157f140ca585,c5,c3,1024,i2,?,
1768592145.0413911,RECEIVED,76e9f393-5900-4efc-8251-c81f6336858b,77e2978b-c6e1-47e5-b7e9-fba7d20dcaf4,c3,c4,1012,i4,?,
1768592145.076581,SENT,ddfac077-162d-45b6-badf-477ffe83875a,8d8d4429-417e-40d9-96ad-bf7094450d28,c5,c2,692,?,p2,
1768592145.0766237,FORWARDED,ddfac077-162d-45b6-badf-477ffe83875a,8d8d4429-417e-40d9-96ad-bf7094450d28,c5,c2,692,?,p2,
1768592145.1185918,SENT,76e9f393-5900-4efc-8251-c81f6336858b,77e2978b-c6e1-47e5-b7e9-fba7d20dcaf4,c3,c4,687,?,p1,
1768592145.1186318,FORWARDED,76e9f393-5900-4efc-8251-c81f6336858b,77e2978b-c6e1-47e5-b7e9-fba7d20dcaf4,c3,c4,687,?,p1,
1768592145.2264478,RECEIVED,46b4cf91-ab1f-42af-8388-bc20ca027350,d3ff3d18-5599-4293-82da-49c9a0db2da8,c1,c5,1019,i4,?,
1768592145.2643003,SENT,46c4bef1-4b60-44d7-833b-365a2dd75d52,0489fa1f-dd04-4573-8fde-b0b58862a4ce,c4,c2,698,?,p2,
1768592145.2645063,FORWARDED,46c4bef1-4b60-44d7-833b-365a2dd75d52,0489fa1f-dd04-4573-8fde-b0b58862a4ce,c4,c2,698,?,p2,
1768592145.2863445,SENT,88309bd1-ccf3-4d7c-905a-ba8cabc2ea5f,3e545be6-a90f-41a6-a2a6-afb35190aa4e,c5,c2,696,?,p2,
1768592145.2863853,FORWARDED,88309bd1-ccf3-4d7c-905a-ba8cabc2ea5f,3e545be6-a90f-41a6-a2a6-afb35190aa4e,c5,c2,696,?,p2,
1768592145.3768,RECEIVED,a03eb08e-2963-49c6-a99a-cebb446e908e,d29ee343-cf79-45cb-a86a-f2ab36271e3a,c2,DROP,687,i1,?,
1768592145.4868193,SENT,3855b53e-9507-4576-aaaf-d59b7e9827e1,af3faee4-3dfe-46d3-b7f3-157f140ca585,c5,c3,696,?,p3,
1768592145.4868567,FORWARDED,3855b53e-9507-4576-aaaf-d59b7e9827e1,af3faee4-3dfe-46d3-b7f3-157f140ca585,c5,c3,696,?,p3,
1768592145.5082917,SENT,1dcf401c-57a6-48c1-9c62-baa5025bfad5,e1c5d187-fec0-4e63-b635-5efd4266d977,c2,c3,687,?,p3,
1768592145.5083323,FORWARDED,1dcf401c-57a6-48c1-9c62-baa5025bfad5,e1c5d187-fec0-4e63-b635-5efd4266d977,c2,c3,687,?,p3,
1768592145.6882834,RECEIVED,5bce967d-37e5-43e0-9efb-03d97ec2b5cb,df8800c1-a2d5-400b-9ea0-f096481f8147,c4,c2,1013,i1,?,
1768592145.7125502,SENT,5bce967d-37e5-43e0-9efb-03d97ec2b5cb,df8800c1-a2d5-400b-9ea0-f096481f8147,c4,c2,687,?,p2,
1768592145.7125883,FORWARDED,5bce967d-37e5-43e0-9efb-03d97ec2b5cb,df8800c1-a2d5-400b-9ea0-f096481f8147,c4,c2,687,?,p2,
1768592145.79514,RECEIVED,56ea124f-24c7-4d58-84f2-5743e445798d,11eae862-f505-4742-8bf0-5d6a94304d33,c5,DROP,684,i11,?,
1768592145.8947995,SENT,b2833997-1445-409a-9f01-fa1a6f2dd1f9,65e04769-118a-4794-bc34-a4a765d1816a,c5,c4,687,?,p1,
1768592145.8958035,FORWARDED,b2833997-1445-409a-9f01-fa1a6f2dd1f9,65e04769-118a-4794-bc34-a4a765d1816a,c5,c4,687,?,p1,
1768592146.0206985,SENT,46b4cf91-ab1f-42af-8388-bc20ca027350,d3ff3d18-5599-4293-82da-49c9a0db2da8,c1,c5,692,?,p2,
1768592146.0207396,FORWARDED,46b4cf91-ab1f-42af-8388-bc20ca027350,d3ff3d18-5599-4293-82da-49c9a0db2da8,c1,c5,692,?,p2,
1768592146.1815596,SENT,56ea124f-24c7-4d58-84f2-5743e445798d,11eae862-f505-4742-8bf0-5d6a94304d33,c5,DROP,441,?,i6,
1768592146.1816025,FORWARDED,56ea124f-24c7-4d58-84f2-5743e445798d,11eae862-f505-4742-8bf0-5d6a94304d33,c5,DROP,441,?,i6,
1768592146.1874976,RECEIVED,1508fdc4-f11c-4211-a76a-b1e1076351f4,1b269d89-b06c-419f-bb7b-3e636b6c6434,c2,c4,1012,i1,?,
1768592146.3056593,SENT,1508fdc4-f11c-4211-a76a-b1e1076351f4,1b269d89-b06c-419f-bb7b-3e636b6c6434,c2,c4,687,?,p1,
1768592146.3057015,FORWARDED,1508fdc4-f11c-4211-a76a-b1e1076351f4,1b269d89-b06c-419f-bb7b-3e636b6c6434,c2,c4,687,?,p1,
1768592146.4598641,RECEIVED,5190e13e-3389-4bf1-8b5b-c3825654dbaa,3f27b768-7f8e-4c9f-a801-e92e785007ae,c5,c4,1023,i11,?,
1768592146.6365383,SENT,5190e13e-3389-4bf1-8b5b-c3825654dbaa,3f27b768-7f8e-4c9f-a801-e92e785007ae,c5,c4,695,?,p1,
1768592146.6365798,FORWARDED,5190e13e-3389-4bf1-8b5b-c3825654dbaa,3f27b768-7f8e-4c9f-a801-e92e785007ae,c5,c4,695,?,p1,
1768592146.8655527,SENT,a03eb08e-2963-49c6-a99a-cebb446e908e,d29ee343-cf79-45cb-a86a-f2ab36271e3a,c2,DROP,443,?,e6,
1768592146.8655927,FORWARDED,a03eb08e-2963-49c6-a99a-cebb446e908e,d29ee343-cf79-45cb-a86a-f2ab36271e3a,c2,DROP,443,?,e6,
1768592147.6582546,RECEIVED,d467fea2-e0bb-4394-9e8e-67070d6edd1e,2f348012-b588-478e-8cbf-4401a4888d9d,c3,c2,1011,i5,?,
1768592147.7063165,RECEIVED,e4eb7c22-2872-4977-a26d-c8dc71616d6d,e7f06a93-4749-4084-a931-2bc9246cd49b,c2,c5,1009,i11,?,
1768592147.7684636,SENT,e4eb7c22-2872-4977-a26d-c8dc71616d6d,e7f06a93-4749-4084-a931-2bc9246cd49b,c2,c5,683,?,p2,
1768592147.7685046,FORWARDED,e4eb7c22-2872-4977-a26d-c8dc71616d6d,e7f06a93-4749-4084-a931-2bc9246cd49b,c2,c5,683,?,p2,
1768592148.08529,RECEIVED,7af2ed9a-ad05-4220-bea6-6a35994096f6,34f76e1f-bc94-4a2a-84ce-991a78e6eae5,c3,c4,1019,i4,?,
1768592148.1688013,RECEIVED,84140c8d-2282-4f04-9434-e7f5ba1c94d2,ccb8e0d7-fa33-4c6a-9a85-df484a18b4d1,c3,c4,1023,i11,?,
1768592148.1708105,RECEIVED,2914fd8c-d072-4ae2-9bbf-fbd2a55ac886,403452fc-063f-409b-97ef-b485a51e24fe,c3,c5,1012,i4,?,
1768592148.3773694,SENT,7af2ed9a-ad05-4220-bea6-6a35994096f6,34f76e1f-bc94-4a2a-84ce-991a78e6eae5,c3,c4,693,?,p1,
1768592148.3774116,FORWARDED,7af2ed9a-ad05-4220-bea6-6a35994096f6,34f76e1f-bc94-4a2a-84ce-991a78e6eae5,c3,c4,693,?,p1,
1768592148.385837,SENT,2914fd8c-d072-4ae2-9bbf-fbd2a55ac886,403452fc-063f-409b-97ef-b485a51e24fe,c3,c5,687,?,p2,
1768592148.3858783,FORWARDED,2914fd8c-d072-4ae2-9bbf-fbd2a55ac886,403452fc-063f-409b-97ef-b485a51e24fe,c3,c5,687,?,p2,
1768592148.5883315,RECEIVED,5952cda5-bff3-43c7-89c7-d23307342acc,5bb1b76d-5afc-4b13-be3d-999031694668,c1,c3,1012,i1,?,
1768592148.744146,SENT,5952cda5-bff3-43c7-89c7-d23307342acc,5bb1b76d-5afc-4b13-be3d-999031694668,c1,c3,687,?,p3,
1768592148.7441876,FORWARDED,5952cda5-bff3-43c7-89c7-d23307342acc,5bb1b76d-5afc-4b13-be3d-999031694668,c1,c3,687,?,p3,
1768592148.7934566,SENT,84140c8d-2282-4f04-9434-e7f5ba1c94d2,ccb8e0d7-fa33-4c6a-9a85-df484a18b4d1,c3,c4,695,?,p1,
1768592148.7934968,FORWARDED,84140c8d-2282-4f04-9434-e7f5ba1c94d2,ccb8e0d7-fa33-4c6a-9a85-df484a18b4d1,c3,c4,695,?,p1,
1768592148.9302607,RECEIVED,7e3d69c6-4ed4-428a-8988-e4cded111943,a424fdb9-8ad8-41ef-bf8b-b26e74cf400e,c4,c5,1010,i6,?,
1768592149.2069364,RECEIVED,1f58cb44-074c-441e-8bc3-40949446e8e0,a69877b0-491b-482a-848b-1ddbbb3908d1,c3,c2,1015,i4,?,
1768592149.282388,RECEIVED,cfd46905-954d-4ca9-90ac-d270834d4365,9f73cea1-554d-439c-85bc-671bc8adac74,c5,c2,1016,i7,?,
1768592149.4027703,RECEIVED,baaf5b0e-3f6e-4e59-a5ee-5f97b25af6f1,2e9ec9f6-16e3-4260-90f3-be59f1a5b941,c4,DROP,687,i9,?,
1768592149.4345634,SENT,d467fea2-e0bb-4394-9e8e-67070d6edd1e,2f348012-b588-478e-8cbf-4401a4888d9d,c3,c2,686,?,p2,
1768592149.434606,FORWARDED,d467fea2-e0bb-4394-9e8e-67070d6edd1e,2f348012-b588-478e-8cbf-4401a4888d9d,c3,c2,686,?,p2,
1768592149.4476206,SENT,cfd46905-954d-4ca9-90ac-d270834d4365,9f73cea1-554d-439c-85bc-671bc8adac74,c5,c2,688,?,p2,
1768592149.447662,FORWARDED,cfd46905-954d-4ca9-90ac-d270834d4365,9f73cea1-554d-439c-85bc-671bc8adac74,c5,c2,688,?,p2,
1768592149.4615242,SENT,7e3d69c6-4ed4-428a-8988-e4cded111943,a424fdb9-8ad8-41ef-bf8b-b26e74cf400e,c4,c5,686,?,p2,
1768592149.4616551,FORWARDED,7e3d69c6-4ed4-428a-8988-e4cded111943,a424fdb9-8ad8-41ef-bf8b-b26e74cf400e,c4,c5,686,?,p2,
1768592149.6869273,SENT,baaf5b0e-3f6e-4e59-a5ee-5f97b25af6f1,2e9ec9f6-16e3-4260-90f3-be59f1a5b941,c4,DROP,442,?,e8,
1768592149.6869671,FORWARDED,baaf5b0e-3f6e-4e59-a5ee-5f97b25af6f1,2e9ec9f6-16e3-4260-90f3-be59f1a5b941,c4,DROP,442,?,e8,
1768592149.8780632,RECEIVED,e2b1ed84-8fec-4169-9dfb-7518e5c25999,6666c0ba-83b7-4e09-a91e-4f7011a283bc,c2,c1,1015,i9,?,
1768592149.9072347,RECEIVED,8f075178-1e04-4f92-9f3b-477b0f920178,7115e7e8-26c9-470b-a08f-8f37fa671f95,c2,c3,1023,i8,?,
1768592149.9823098,RECEIVED,cf012c98-77f2-4ea7-8e26-eac5279db12a,ca4194f5-98a3-407f-81d1-593878e9780d,c3,c1,1012,i7,?,
1768592150.1147172,SENT,cf012c98-77f2-4ea7-8e26-eac5279db12a,ca4194f5-98a3-407f-81d1-593878e9780d,c3,c1,687,?,p1,
1768592150.114757,FORWARDED,cf012c98-77f2-4ea7-8e26-eac5279db12a,ca4194f5-98a3-407f-81d1-593878e9780d,c3,c1,687,?,p1,
1768592150.2155366,RECEIVED,00d7f8b3-6b82-4dca-aeb5-c9baa846ed66,dd9b52eb-4f80-4f9a-8913-abe77569cb17,c2,c1,1023,i11,?,
1768592150.355537,RECEIVED,c6d0e82f-bd39-411d-94fd-f7ab8e4963d5,cfce3f69-2546-407e-9d88-8df5e5ed1982,c5,c1,1012,i5,?,
1768592150.4599447,SENT,c6d0e82f-bd39-411d-94fd-f7ab8e4963d5,cfce3f69-2546-407e-9d88-8df5e5ed1982,c5,c1,687,?,p1,
1768592150.459981,FORWARDED,c6d0e82f-bd39-411d-94fd-f7ab8e4963d5,cfce3f69-2546-407e-9d88-8df5e5ed1982,c5,c1,687,?,p1,
1768592150.5996523,RECEIVED,f9e0e473-c218-48a9-86d1-3211320b9947,442c1e22-0635-4589-8705-db40dbe1a86b,c1,DROP,693,i6,?,
1768592150.7051835,SENT,f9e0e473-c218-48a9-86d1-3211320b9947,442c1e22-0635-4589-8705-db40dbe1a86b,c1,DROP,447,?,i12,
1768592150.7052264,FORWARDED,f9e0e473-c218-48a9-86d1-3211320b9947,442c1e22-0635-4589-8705-db40dbe1a86b,c1,DROP,447,?,i12,
1768592150.9275377,RECEIVED,5ee1aaae-827b-4c99-86cd-3a673ba59c31,ac384944-dbae-4e75-86b6-f80a12005a0b,c5,DROP,441,x10,?,
1768592150.969777,RECEIVED,f09c481a-b654-40c4-8120-f3d6e5d29601,6e75f230-e1c8-4e62-b0b9-cccaf30cf450,c1,c3,1011,i11,?,
1768592151.2125206,SENT,1f58cb44-074c-441e-8bc3-40949446e8e0,a69877b0-491b-482a-848b-1ddbbb3908d1,c3,c2,688,?,p2,
1768592151.212562,FORWARDED,1f58cb44-074c-441e-8bc3-40949446e8e0,a69877b0-491b-482a-848b-1ddbbb3908d1,c3,c2,688,?,p2,
1768592151.2436597,RECEIVED,9718c0d2-c283-4bb8-b66a-59bb63ec203d,ae21df56-55e8-4ec7-b3d7-bf95ad79183f,c3,c4,1011,i4,?,
1768592151.3934903,RECEIVED,b07ba7aa-3db4-484b-a6f0-aaecb26748bc,9d918e3b-999b-400b-915f-a3d6ba505982,c4,DROP,688,i9,?,
1768592151.429457,SENT,f09c481a-b654-40c4-8120-f3d6e5d29601,6e75f230-e1c8-4e62-b0b9-cccaf30cf450,c1,c3,687,?,p3,
1768592151.429496,FORWARDED,f09c481a-b654-40c4-8120-f3d6e5d29601,6e75f230-e1c8-4e62-b0b9-cccaf30cf450,c1,c3,687,?,p3,
1768592151.4540966,SENT,00d7f8b3-6b82-4dca-aeb5-c9baa846ed66,dd9b52eb-4f80-4f9a-8913-abe77569cb17,c2,c1,696,?,p1,
1768592151.454137,FORWARDED,00d7f8b3-6b82-4dca-aeb5-c9baa846ed66,dd9b52eb-4f80-4f9a-8913-abe77569cb17,c2,c1,696,?,p1,
1768592151.595273,RECEIVED,35d9efc6-2bde-4690-991c-45ae1312295e,0a403f48-6284-4d45-8020-d405f08be187,c1,c4,1015,i9,?,
1768592151.6065826,SENT,e2b1ed84-8fec-4169-9dfb-7518e5c25999,6666c0ba-83b7-4e09-a91e-4f7011a283bc,c2,c1,688,?,p1,
1768592151.6066234,FORWARDED,e2b1ed84-8fec-4169-9dfb-7518e5c25999,6666c0ba-83b7-4e09-a91e-4f7011a283bc,c2,c1,688,?,p1,
1768592151.6182945,RECEIVED,20fd9a1d-19bc-41f5-a5e0-3099a890e9de,d4c27a2a-881b-4409-b353-9882fe49dd0d,c3,c4,1010,i4,?,
1768592151.7154355,RECEIVED,ef610eee-3f71-4295-b020-943d89012a8a,1feebdf1-dd52-48c3-b024-f8c9f04be179,c3,c4,1025,i4,?,
1768592151.808108,SENT,ef610eee-3f71-4295-b020-943d89012a8a,1feebdf1-dd52-48c3-b024-f8c9f04be179,c3,c4,695,?,p1,
1768592151.8081493,FORWARDED,ef610eee-3f71-4295-b020-943d89012a8a,1feebdf1-dd52-48c3-b024-f8c9f04be179,c3,c4,695,?,p1,
1768592152.0790956,RECEIVED,f862c56b-7f3a-4216-ac78-daf05636c96e,940f0eb9-9704-4df1-bd20-09da8f3d8861,c5,c3,1021,i6,?,
1768592152.1130252,SENT,f862c56b-7f3a-4216-ac78-daf05636c96e,940f0eb9-9704-4df1-bd20-09da8f3d8861,c5,c3,691,?,p3,
1768592152.1130748,FORWARDED,f862c56b-7f3a-4216-ac78-daf05636c96e,940f0eb9-9704-4df1-bd20-09da8f3d8861,c5,c3,691,?,p3,
1768592152.188846,SENT,b07ba7aa-3db4-484b-a6f0-aaecb26748bc,9d918e3b-999b-400b-915f-a3d6ba505982,c4,DROP,442,?,e11,
1768592152.1888914,FORWARDED,b07ba7aa-3db4-484b-a6f0-aaecb26748bc,9d918e3b-999b-400b-915f-a3d6ba505982,c4,DROP,442,?,e11,
1768592152.3249137,SENT,9718c0d2-c283-4bb8-b66a-59bb63ec203d,ae21df56-55e8-4ec7-b3d7-bf95ad79183f,c3,c4,687,?,p1,
1768592152.3249538,FORWARDED,9718c0d2-c283-4bb8-b66a-59bb63ec203d,ae21df56-55e8-4ec7-b3d7-bf95ad79183f,c3,c4,687,?,p1,
1768592152.4232526,SENT,8f075178-1e04-4f92-9f3b-477b0f920178,7115e7e8-26c9-470b-a08f-8f37fa671f95,c2,c3,694,?,p3,
1768592152.4232917,FORWARDED,8f075178-1e04-4f92-9f3b-477b0f920178,7115e7e8-26c9-470b-a08f-8f37fa671f95,c2,c3,694,?,p3,
1768592152.5442882,RECEIVED,d6a529fa-87b2-4bae-bddd-a242f0a6055e,065db8b0-28f8-4123-b204-b5e4744aea3b,c2,c4,1015,i4,?,
1768592152.7013068,SENT,35d9efc6-2bde-4690-991c-45ae1312295e,0a403f48-6284-4d45-8020-d405f08be187,c1,c4,688,?,p1,
1768592152.701351,FORWARDED,35d9efc6-2bde-4690-991c-45ae1312295e,0a403f48-6284-4d45-8020-d405f08be187,c1,c4,688,?,p1,
1768592152.7468212,RECEIVED,476b2952-0d66-4997-be3c-2d8827259aca,65953386-0149-4474-8d59-6fb1ce48beb3,c4,c5,1011,i8,?,
1768592152.7727258,SENT,20fd9a1d-19bc-41f5-a5e0-3099a890e9de,d4c27a2a-881b-4409-b353-9882fe49dd0d,c3,c4,687,?,p1,
1768592152.7727742,FORWARDED,20fd9a1d-19bc-41f5-a5e0-3099a890e9de,d4c27a2a-881b-4409-b353-9882fe49dd0d,c3,c4,687,?,p1,
1768592152.9494243,RECEIVED,818dda03-81c4-4ce2-8358-0ee7c9be8b45,1ae3b383-c0bb-4469-a8b3-194fc9625e48,c2,c5,1012,i1,?,
1768592152.9916961,RECEIVED,7b1c3cf1-b387-4678-a7c2-0a8ac3413ced,35ce78bd-152e-4537-96e0-d823ba369d20,c5,c1,1016,i8,?,
1768592153.005474,RECEIVED,86d375b1-d098-4572-a577-9c33edcec3f8,f30c1186-831d-447a-bb39-1a3c63371c53,c4,c2,1012,i2,?,
1768592153.0886896,SENT,d6a529fa-87b2-4bae-bddd-a242f0a6055e,065db8b0-28f8-4123-b204-b5e4744aea3b,c2,c4,688,?,p1,
1768592153.0887332,FORWARDED,d6a529fa-87b2-4bae-bddd-a242f0a6055e,065db8b0-28f8-4123-b204-b5e4744aea3b,c2,c4,688,?,p1,
1768592153.1004958,SENT,818dda03-81c4-4ce2-8358-0ee7c9be8b45,1ae3b383-c0bb-4469-a8b3-194fc9625e48,c2,c5,687,?,p2,
1768592153.100536,FORWARDED,818dda03-81c4-4ce2-8358-0ee7c9be8b45,1ae3b383-c0bb-4469-a8b3-194fc9625e48,c2,c5,687,?,p2,
1768592153.111718,SENT,86d375b1-d098-4572-a577-9c33edcec3f8,f30c1186-831d-447a-bb39-1a3c63371c53,c4,c2,687,?,p2,
1768592153.1117604,FORWARDED,86d375b1-d098-4572-a577-9c33edcec3f8,f30c1186-831d-447a-bb39-1a3c63371c53,c4,c2,687,?,p2,
1768592153.341864,RECEIVED,9c9d428f-0aac-4384-b7aa-082cb9d328b4,e8e661b1-1fa9-431a-9d36-0afc647c5d09,c2,DROP,684,i11,?,
1768592153.3705184,SENT,7b1c3cf1-b387-4678-a7c2-0a8ac3413ced,35ce78bd-152e-4537-96e0-d823ba369d20,c5,c1,689,?,p1,
1768592153.370561,FORWARDED,7b1c3cf1-b387-4678-a7c2-0a8ac3413ced,35ce78bd-152e-4537-96e0-d823ba369d20,c5,c1,689,?,p1,
1768592153.7252576,SENT,9c9d428f-0aac-4384-b7aa-082cb9d328b4,e8e661b1-1fa9-431a-9d36-0afc647c5d09,c2,DROP,441,?,i8,
1768592153.7253003,FORWARDED,9c9d428f-0aac-4384-b7aa-082cb9d328b4,e8e661b1-1fa9-431a-9d36-0afc647c5d09,c2,DROP,441,?,i8,
1768592153.7344189,SENT,476b2952-0d66-4997-be3c-2d8827259aca,65953386-0149-4474-8d59-6fb1ce48beb3,c4,c5,687,?,p2,
1768592153.7344596,FORWARDED,476b2952-0d66-4997-be3c-2d8827259aca,65953386-0149-4474-8d59-6fb1ce48beb3,c4,c5,687,?,p2,
1768592153.761261,RECEIVED,0afd00aa-4cbb-49e1-9cce-a06e449197cc,205c3f29-0566-462b-94c1-5d99212d1b77,c5,c1,1028,i2,?,
1768592153.8832169,SENT,0afd00aa-4cbb-49e1-9cce-a06e449197cc,205c3f29-0566-462b-94c1-5d99212d1b77,c5,c1,697,?,p1,
1768592153.8832626,FORWARDED,0afd00aa-4cbb-49e1-9cce-a06e449197cc,205c3f29-0566-462b-94c1-5d99212d1b77,c5,c1,697,?,p1,
1768592154.4705062,RECEIVED,7d3d01da-a311-4f61-9e7d-9d797f8d407c,9686c00b-e96f-498e-8137-e2754bba918c,c4,c1,1017,i8,?,
1768592154.492487,SENT,7d3d01da-a311-4f61-9e7d-9d797f8d407c,9686c00b-e96f-498e-8137-e2754bba918c,c4,c1,688,?,p1,
1768592154.4925292,FORWARDED,7d3d01da-a311-4f61-9e7d-9d797f8d407c,9686c00b-e96f-498e-8137-e2754bba918c,c4,c1,688,?,p1,
1768592154.5678558,RECEIVED,3bf30cc5-9a72-497e-9681-2e570ac94f47,7ac688df-fe94-4460-8112-6f281862d72b,c1,c3,1012,i2,?,
1768592154.655526,RECEIVED,1d9e165f-f25e-4c2f-a225-a5998541816d,dfc7623c-3c43-4d00-8aab-b53a2bccdd58,c4,c5,1011,i4,?,
1768592154.6785116,SENT,3bf30cc5-9a72-497e-9681-2e570ac94f47,7ac688df-fe94-4460-8112-6f281862d72b,c1,c3,687,?,p3,
1768592154.678571,FORWARDED,3bf30cc5-9a72-497e-9681-2e570ac94f47,7ac688df-fe94-4460-8112-6f281862d72b,c1,c3,687,?,p3,
1768592154.7745657,RECEIVED,8a39601d-572c-4a29-929d-ded1c73e512c,8ffd25c1-b75b-49a2-a306-ef3425b10f85,c1,c5,1012,i2,?,
1768592154.842542,SENT,8a39601d-572c-4a29-929d-ded1c73e512c,8ffd25c1-b75b-49a2-a306-ef3425b10f85,c1,c5,687,?,p2,
1768592154.8425837,FORWARDED,8a39601d-572c-4a29-929d-ded1c73e512c,8ffd25c1-b75b-49a2-a306-ef3425b10f85,c1,c5,687,?,p2,
1768592155.1657646,RECEIVED,80e4bbec-4b56-4702-8c5e-01a5af354b3f,8a355a11-404f-4072-8a61-6d5f352346b3,c4,DROP,679,i5,?,
1768592155.3763597,RECEIVED,fb49e126-3b42-46be-a439-f8f175ee739e,15594ae7-e7df-4656-a6bf-7ba0e19de5ed,c5,DROP,689,i5,?,
1768592155.435973,RECEIVED,ab21e057-ca53-465a-a27e-ac3d4a46a80a,6af65004-3463-491d-98aa-1cb12e6c365e,c1,c4,1023,i7,?,
1768592155.537599,SENT,fb49e126-3b42-46be-a439-f8f175ee739e,15594ae7-e7df-4656-a6bf-7ba0e19de5ed,c5,DROP,442,?,x11,
1768592155.537638,FORWARDED,fb49e126-3b42-46be-a439-f8f175ee739e,15594ae7-e7df-4656-a6bf-7ba0e19de5ed,c5,DROP,442,?,x11,
1768592155.7862144,RECEIVED,f32bc9e5-9c48-41db-b37f-811bcf55712c,986044e9-93f5-4624-98e9-b22b6ecb67c3,c2,c5,1011,i7,?,
1768592156.1092916,SENT,80e4bbec-4b56-4702-8c5e-01a5af354b3f,8a355a11-404f-4072-8a61-6d5f352346b3,c4,DROP,437,?,e4,
1768592156.109332,FORWARDED,80e4bbec-4b56-4702-8c5e-01a5af354b3f,8a355a11-404f-4072-8a61-6d5f352346b3,c4,DROP,437,?,e4,
1768592156.3698137,SENT,1d9e165f-f25e-4c2f-a225-a5998541816d,dfc7623c-3c43-4d00-8aab-b53a2bccdd58,c4,c5,687,?,p2,
1768592156.3698547,FORWARDED,1d9e165f-f25e-4c2f-a225-a5998541816d,dfc7623c-3c43-4d00-8aab-b53a2bccdd58,c4,c5,687,?,p2,
1768592156.5549664,RECEIVED,747c7211-a683-4431-b629-c169f1300c02,56b30cdd-27ef-4dc6-ac33-68b5bfce4373,c5,c4,1020,i9,?,
1768592156.6698232,RECEIVED,b098794f-f3ed-41b0-9130-a20069417e01,88a1aa1f-5b45-4c29-984c-99d95b45febf,c3,c1,1015,i4,?,
1768592156.6718483,SENT,747c7211-a683-4431-b629-c169f1300c02,56b30cdd-27ef-4dc6-ac33-68b5bfce4373,c5,c4,692,?,p1,
1768592156.6718924,FORWARDED,747c7211-a683-4431-b629-c169f1300c02,56b30cdd-27ef-4dc6-ac33-68b5bfce4373,c5,c4,692,?,p1,
1768592156.779948,RECEIVED,390f5b57-9530-4a19-8318-82a9792c0c8f,f73ff2dd-21b9-4374-9ad9-53c50d1c8076,c3,c2,1019,i11,?,
1768592156.960257,SENT,b098794f-f3ed-41b0-9130-a20069417e01,88a1aa1f-5b45-4c29-984c-99d95b45febf,c3,c1,688,?,p1,
1768592156.9602978,FORWARDED,b098794f-f3ed-41b0-9130-a20069417e01,88a1aa1f-5b45-4c29-984c-99d95b45febf,c3,c1,688,?,p1,
1768592157.1273775,RECEIVED,96e7898e-516e-4f05-946f-4f4d65a45594,ef4a65dc-dd02-4428-a39b-d4a7f67c4223,c2,c4,1020,i4,?,
1768592157.1774004,SENT,96e7898e-516e-4f05-946f-4f4d65a45594,ef4a65dc-dd02-4428-a39b-d4a7f67c4223,c2,c4,691,?,p1,
1768592157.177446,FORWARDED,96e7898e-516e-4f05-946f-4f4d65a45594,ef4a65dc-dd02-4428-a39b-d4a7f67c4223,c2,c4,691,?,p1,
1768592157.3829112,RECEIVED,e494603d-413f-47c7-9a24-129d1bd05688,238f986f-7118-4f67-8e9c-d3d2f49025ef,c5,c3,1019,i11,?,
1768592157.4291906,RECEIVED,2aec1415-b41c-4e21-b626-211dc125e730,f262369e-07e7-4eb4-9242-5a490008e6f0,c5,c2,1014,i8,?,
1768592157.4548502,SENT,ab21e057-ca53-465a-a27e-ac3d4a46a80a,6af65004-3463-491d-98aa-1cb12e6c365e,c1,c4,696,?,p1,
1768592157.4553783,FORWARDED,ab21e057-ca53-465a-a27e-ac3d4a46a80a,6af65004-3463-491d-98aa-1cb12e6c365e,c1,c4,696,?,p1,
1768592157.4556293,RECEIVED,5823eb86-f054-4120-9293-15a5bbbe1fba,bd69d7a3-e16c-4761-b792-74b8c00176d7,c3,c4,1012,i8,?,
1768592157.5679605,RECEIVED,b073eada-df5c-40de-820d-d4592a22b579,a07d1b2b-4113-4064-a664-4ef4f41e533f,c5,c2,1012,i11,?,
1768592157.6274877,SENT,390f5b57-9530-4a19-8318-82a9792c0c8f,f73ff2dd-21b9-4374-9ad9-53c50d1c8076,c3,c2,691,?,p2,
1768592157.6275282,FORWARDED,390f5b57-9530-4a19-8318-82a9792c0c8f,f73ff2dd-21b9-4374-9ad9-53c50d1c8076,c3,c2,691,?,p2,
1768592157.706615,SENT,b073eada-df5c-40de-820d-d4592a22b579,a07d1b2b-4113-4064-a664-4ef4f41e533f,c5,c2,686,?,p2,
1768592157.7066627,FORWARDED,b073eada-df5c-40de-820d-d4592a22b579,a07d1b2b-4113-4064-a664-4ef4f41e533f,c5,c2,686,?,p2,
1768592157.7250245,SENT,5823eb86-f054-4120-9293-15a5bbbe1fba,bd69d7a3-e16c-4761-b792-74b8c00176d7,c3,c4,687,?,p1,
1768592157.7250795,FORWARDED,5823eb86-f054-4120-9293-15a5bbbe1fba,bd69d7a3-e16c-4761-b792-74b8c00176d7,c3,c4,687,?,p1,
1768592157.8256464,RECEIVED,55334eb5-e6da-44ae-830f-c44b572503dc,23516593-f795-4dbe-af95-06628636a1ea,c5,c2,1019,i12,?,
1768592157.8315692,SENT,f32bc9e5-9c48-41db-b37f-811bcf55712c,986044e9-93f5-4624-98e9-b22b6ecb67c3,c2,c5,687,?,p2,
1768592157.8316114,FORWARDED,f32bc9e5-9c48-41db-b37f-811bcf55712c,986044e9-93f5-4624-98e9-b22b6ecb67c3,c2,c5,687,?,p2,
1768592157.9846795,SENT,e494603d-413f-47c7-9a24-129d1bd05688,238f986f-7118-4f67-8e9c-d3d2f49025ef,c5,c3,692,?,p3,
1768592157.9847212,FORWARDED,e494603d-413f-47c7-9a24-129d1bd05688,238f986f-7118-4f67-8e9c-d3d2f49025ef,c5,c3,692,?,p3,
1768592158.3143036,SENT,55334eb5-e6da-44ae-830f-c44b572503dc,23516593-f795-4dbe-af95-06628636a1ea,c5,c2,692,?,p2,
1768592158.3143427,FORWARDED,55334eb5-e6da-44ae-830f-c44b572503dc,23516593-f795-4dbe-af95-06628636a1ea,c5,c2,692,?,p2,
1768592158.4105299,RECEIVED,7933ed78-bc68-4e99-86c4-b972303c16c2,1d49ae5f-0f78-4be3-ba18-749334802cc6,c5,c3,1015,i4,?,
1768592158.456987,SENT,2aec1415-b41c-4e21-b626-211dc125e730,f262369e-07e7-4eb4-9242-5a490008e6f0,c5,c2,688,?,p2,
1768592158.45703,FORWARDED,2aec1415-b41c-4e21-b626-211dc125e730,f262369e-07e7-4eb4-9242-5a490008e6f0,c5,c2,688,?,p2,
1768592158.4978707,SENT,7933ed78-bc68-4e99-86c4-b972303c16c2,1d49ae5f-0f78-4be3-ba18-749334802cc6,c5,c3,688,?,p3,
1768592158.4979086,FORWARDED,7933ed78-bc68-4e99-86c4-b972303c16c2,1d49ae5f-0f78-4be3-ba18-749334802cc6,c5,c3,688,?,p3,
1768592158.9718213,RECEIVED,b1ac0dbd-c6e2-4506-b57b-7cb87d7cf899,69aa6162-fd21-4aa3-840e-6d8dbdaa3259,c5,c4,1011,i7,?,
1768592158.9872088,RECEIVED,f0024362-4d3d-4fb0-997a-04f589d64bd9,7d134089-5192-4cca-84d3-0f5bf5d19edc,c5,c2,1019,i5,?,
1768592159.1154575,SENT,f0024362-4d3d-4fb0-997a-04f589d64bd9,7d134089-5192-4cca-84d3-0f5bf5d19edc,c5,c2,692,?,p2,
1768592159.1155007,FORWARDED,f0024362-4d3d-4fb0-997a-04f589d64bd9,7d134089-5192-4cca-84d3-0f5bf5d19edc,c5,c2,692,?,p2,
1768592159.1166556,RECEIVED,b308c471-28bd-4aa5-a40b-fb571dd09bd7,b8dc6e7f-ea75-4485-b533-f27d1bb2fa13,c2,c4,1011,i1,?,
1768592159.3278344,SENT,b1ac0dbd-c6e2-4506-b57b-7cb87d7cf899,69aa6162-fd21-4aa3-840e-6d8dbdaa3259,c5,c4,687,?,p1,
1768592159.3278766,FORWARDED,b1ac0dbd-c6e2-4506-b57b-7cb87d7cf899,69aa6162-fd21-4aa3-840e-6d8dbdaa3259,c5,c4,687,?,p1,
1768592159.3539147,RECEIVED,a917d2de-8427-4855-a14d-5930e9ec3c53,e37ad192-ac07-419b-962c-1343abb9c2f9,c1,c4,1020,i11,?,
1768592159.5270033,SENT,a917d2de-8427-4855-a14d-5930e9ec3c53,e37ad192-ac07-419b-962c-1343abb9c2f9,c1,c4,692,?,p1,
1768592159.5270436,FORWARDED,a917d2de-8427-4855-a14d-5930e9ec3c53,e37ad192-ac07-419b-962c-1343abb9c2f9,c1,c4,692,?,p1,
1768592159.5362358,RECEIVED,85a62eee-1042-4e99-9260-4e0f7ed5a475,eca986af-68dc-4fe4-90a6-ed030e9e748d,c3,c4,1015,i1,?,
1768592159.6017225,RECEIVED,0cefc32d-c26a-46a4-93ef-cf08345fd97d,3f78ac22-3d3e-424d-99db-1ffeac0e74ec,c5,c3,1012,i6,?,
1768592159.7895484,SENT,b308c471-28bd-4aa5-a40b-fb571dd09bd7,b8dc6e7f-ea75-4485-b533-f27d1bb2fa13,c2,c4,687,?,p1,
1768592159.7895892,FORWARDED,b308c471-28bd-4aa5-a40b-fb571dd09bd7,b8dc6e7f-ea75-4485-b533-f27d1bb2fa13,c2,c4,687,?,p1,
1768592159.8785212,SENT,85a62eee-1042-4e99-9260-4e0f7ed5a475,eca986af-68dc-4fe4-90a6-ed030e9e748d,c3,c4,688,?,p1,
1768592159.878561,FORWARDED,85a62eee-1042-4e99-9260-4e0f7ed5a475,eca986af-68dc-4fe4-90a6-ed030e9e748d,c3,c4,688,?,p1,
1768592159.974245,SENT,0cefc32d-c26a-46a4-93ef-cf08345fd97d,3f78ac22-3d3e-424d-99db-1ffeac0e74ec,c5,c3,687,?,p3,
1768592159.9742851,FORWARDED,0cefc32d-c26a-46a4-93ef-cf08345fd97d,3f78ac22-3d3e-424d-99db-1ffeac0e74ec,c5,c3,687,?,p3,
1768592160.1271176,RECEIVED,2ddf3d22-6f5d-40ad-93ba-04a488dca630,6e9a98d7-41cf-448c-9c4b-cce456309321,c2,c3,1011,i7,?,
1768592160.6277807,RECEIVED,86d38580-f159-4fef-81a0-6e3a187ec76a,d575a3be-40d2-409a-bfbc-447b52400039,c4,DROP,683,i9,?,
1768592160.7882967,SENT,86d38580-f159-4fef-81a0-6e3a187ec76a,d575a3be-40d2-409a-bfbc-447b52400039,c4,DROP,441,?,i4,
1768592160.7883582,REDIRECTED,86d38580-f159-4fef-81a0-6e3a187ec76a,d575a3be-40d2-409a-bfbc-447b52400039,c4,DROP,441,?,i4,
1768592160.7883906,FORWARDED,86d38580-f159-4fef-81a0-6e3a187ec76a,d575a3be-40d2-409a-bfbc-447b52400039,c4,DROP,441,?,i3,
1768592160.994108,RECEIVED,8901b7df-5d1c-4457-aaed-dbe1d65de686,44a79aa4-51f3-424b-b92b-f1cd20774e1a,c3,c4,1016,i5,?,
1768592161.105903,SENT,2ddf3d22-6f5d-40ad-93ba-04a488dca630,6e9a98d7-41cf-448c-9c4b-cce456309321,c2,c3,687,?,p3,
1768592161.1059487,FORWARDED,2ddf3d22-6f5d-40ad-93ba-04a488dca630,6e9a98d7-41cf-448c-9c4b-cce456309321,c2,c3,687,?,p3,
1768592161.2780015,SENT,8901b7df-5d1c-4457-aaed-dbe1d65de686,44a79aa4-51f3-424b-b92b-f1cd20774e1a,c3,c4,688,?,p1,
1768592161.2780445,FORWARDED,8901b7df-5d1c-4457-aaed-dbe1d65de686,44a79aa4-51f3-424b-b92b-f1cd20774e1a,c3,c4,688,?,p1,
1768592161.9486246,RECEIVED,48f8b7db-21d2-494b-8c89-42f470b60bee,675ddc85-0891-4eb1-96f0-0ac4993e3a29,c3,c1,1019,i8,?,
1768592162.0532362,RECEIVED,da8f6935-98ba-4004-af81-c67224511efd,59e1422c-7087-4a35-ab19-36532736ecd1,c1,DROP,689,i4,?,
1768592162.1089969,SENT,da8f6935-98ba-4004-af81-c67224511efd,59e1422c-7087-4a35-ab19-36532736ecd1,c1,DROP,442,?,i6,
1768592162.1090388,FORWARDED,da8f6935-98ba-4004-af81-c67224511efd,59e1422c-7087-4a35-ab19-36532736ecd1,c1,DROP,442,?,i6,
1768592162.1385014,RECEIVED,dacf30b8-3d7e-4cd9-9be8-f8bc43f50a56,13dcc463-5624-41e0-a73e-c061d15f8f7e,c3,c1,1025,i12,?,
1768592162.21274,SENT,dacf30b8-3d7e-4cd9-9be8-f8bc43f50a56,13dcc463-5624-41e0-a73e-c061d15f8f7e,c3,c1,695,?,p1,
1768592162.2127821,FORWARDED,dacf30b8-3d7e-4cd9-9be8-f8bc43f50a56,13dcc463-5624-41e0-a73e-c061d15f8f7e,c3,c1,695,?,p1,
1768592162.2801251,RECEIVED,0430698f-fdb0-453c-960b-1cc53d4f6212,34a1344f-7b7c-4eaf-b961-0d613d83d15a,c4,c5,1012,i8,?,
1768592162.3272243,RECEIVED,e346d4ad-b54f-4483-9402-4acf069a7ae0,2d05f2fa-ca1b-451b-8820-f3f629a94d62,c4,c1,1012,i5,?,
1768592162.4156907,SENT,e346d4ad-b54f-4483-9402-4acf069a7ae0,2d05f2fa-ca1b-451b-8820-f3f629a94d62,c4,c1,687,?,p1,
1768592162.4157314,FORWARDED,e346d4ad-b54f-4483-9402-4acf069a7ae0,2d05f2fa-ca1b-451b-8820-f3f629a94d62,c4,c1,687,?,p1,
1768592162.4389746,RECEIVED,0855312d-fc5d-44ee-84a2-ef9bfa36300f,bdb8ad52-a10b-4b08-8c2b-b3efcfd1d6c6,c4,c2,1019,i4,?,
1768592162.5067828,SENT,0855312d-fc5d-44ee-84a2-ef9bfa36300f,bdb8ad52-a10b-4b08-8c2b-b3efcfd1d6c6,c4,c2,688,?,p2,
1768592162.506823,FORWARDED,0855312d-fc5d-44ee-84a2-ef9bfa36300f,bdb8ad52-a10b-4b08-8c2b-b3efcfd1d6c6,c4,c2,688,?,p2,
1768592162.5105357,SENT,0430698f-fdb0-453c-960b-1cc53d4f6212,34a1344f-7b7c-4eaf-b961-0d613d83d15a,c4,c5,687,?,p2,
1768592162.5105798,FORWARDED,0430698f-fdb0-453c-960b-1cc53d4f6212,34a1344f-7b7c-4eaf-b961-0d613d83d15a,c4,c5,687,?,p2,
1768592162.6103177,SENT,48f8b7db-21d2-494b-8c89-42f470b60bee,675ddc85-0891-4eb1-96f0-0ac4993e3a29,c3,c1,691,?,p1,
1768592162.6106093,FORWARDED,48f8b7db-21d2-494b-8c89-42f470b60bee,675ddc85-0891-4eb1-96f0-0ac4993e3a29,c3,c1,691,?,p1,
1768592162.7695029,RECEIVED,b03656c0-989b-4a50-b692-2ec8086e90cd,82e82647-0629-4040-aeb3-319adf702aa6,c1,c4,1015,i8,?,
1768592162.8687692,RECEIVED,becac855-2b62-4b73-a4d1-549354991c7f,d70286a5-54e4-4e39-8253-abadc7f6b88a,c2,c5,1015,i8,?,
1768592162.9526823,RECEIVED,5cf15031-d75e-405e-baa0-27704040048c,a77c0023-c265-422f-989b-db5494624a43,c4,c5,1010,i2,?,
1768592162.965471,RECEIVED,782cab6c-a438-4361-b041-24815f498253,e92dea4c-8a40-48c6-a7c8-229f0eb4b35e,c3,c4,1012,i11,?,
1768592163.0009038,SENT,782cab6c-a438-4361-b041-24815f498253,e92dea4c-8a40-48c6-a7c8-229f0eb4b35e,c3,c4,687,?,p1,
1768592163.0009444,FORWARDED,782cab6c-a438-4361-b041-24815f498253,e92dea4c-8a40-48c6-a7c8-229f0eb4b35e,c3,c4,687,?,p1,
1768592163.0700772,RECEIVED,00901c6e-0cfb-4c9c-a9dc-45d372678ca2,e62255ce-4c8f-4ac1-af9b-21416c07222b,c2,DROP,680,i8,?,
1768592163.1877787,SENT,5cf15031-d75e-405e-baa0-27704040048c,a77c0023-c265-422f-989b-db5494624a43,c4,c5,686,?,p2,
1768592163.1878307,FORWARDED,5cf15031-d75e-405e-baa0-27704040048c,a77c0023-c265-422f-989b-db5494624a43,c4,c5,686,?,p2,
1768592163.3299165,SENT,00901c6e-0cfb-4c9c-a9dc-45d372678ca2,e62255ce-4c8f-4ac1-af9b-21416c07222b,c2,DROP,438,?,i6,
1768592163.329954,FORWARDED,00901c6e-0cfb-4c9c-a9dc-45d372678ca2,e62255ce-4c8f-4ac1-af9b-21416c07222b,c2,DROP,438,?,i6,
1768592163.3656602,SENT,b03656c0-989b-4a50-b692-2ec8086e90cd,82e82647-0629-4040-aeb3-319adf702aa6,c1,c4,690,?,p1,
1768592163.3657033,FORWARDED,b03656c0-989b-4a50-b692-2ec8086e90cd,82e82647-0629-4040-aeb3-319adf702aa6,c1,c4,690,?,p1,
1768592163.3851614,RECEIVED,9df28d0e-7041-4a82-8e02-5588bc3ae887,83717bf8-cacb-44cb-b89f-d0f795fcc208,c3,c1,1011,i8,?,
1768592163.662233,RECEIVED,1d31d528-b1f0-4e28-9c1a-8af540e473cc,85f8c555-eaa8-463a-9b02-183bc0d4e177,c2,c4,1012,i11,?,
1768592163.764696,SENT,1d31d528-b1f0-4e28-9c1a-8af540e473cc,85f8c555-eaa8-463a-9b02-183bc0d4e177,c2,c4,687,?,p1,
1768592163.7647376,FORWARDED,1d31d528-b1f0-4e28-9c1a-8af540e473cc,85f8c555-eaa8-463a-9b02-183bc0d4e177,c2,c4,687,?,p1,
1768592164.011134,SENT,9df28d0e-7041-4a82-8e02-5588bc3ae887,83717bf8-cacb-44cb-b89f-d0f795fcc208,c3,c1,687,?,p1,
1768592164.011175,FORWARDED,9df28d0e-7041-4a82-8e02-5588bc3ae887,83717bf8-cacb-44cb-b89f-d0f795fcc208,c3,c1,687,?,p1,
1768592164.0277865,RECEIVED,b888ea5f-1ce7-4e75-986c-4ee72f5f2710,a71eb73d-27f7-489b-b889-4b603a95a51e,c3,c4,1017,i4,?,
1768592164.1148145,SENT,b888ea5f-1ce7-4e75-986c-4ee72f5f2710,a71eb73d-27f7-489b-b889-4b603a95a51e,c3,c4,688,?,p1,
1768592164.1148534,FORWARDED,b888ea5f-1ce7-4e75-986c-4ee72f5f2710,a71eb73d-27f7-489b-b889-4b603a95a51e,c3,c4,688,?,p1,
1768592164.295023,RECEIVED,efc5c65e-4cc0-4c1d-b3fb-a2ee86322224,9184173d-b2c0-4502-9cc3-f6ee35b08ac6,c1,c4,1015,i4,?,
1768592164.3976748,RECEIVED,d030d666-84d8-4995-a01b-60978220b5cf,395cea66-adec-405a-9b9d-ee51729d792c,c1,c2,1011,i4,?,
1768592164.4075015,RECEIVED,88fa89cb-3a73-47cd-b27d-aa44c9e55358,7a7fbbc9-1010-4299-8ad8-92fcef9515fb,c1,DROP,442,x11,?,
1768592164.440459,RECEIVED,6c867849-7489-458f-84b0-cc33daf250a9,f7e8c376-b600-493c-8341-9c28147cf6dc,c2,c5,1023,i11,?,
1768592164.7716727,RECEIVED,4c9e2231-a3a6-4a82-b5b2-028af746ae92,ec51bf8b-06b0-4aac-aaf1-2efacda8153e,c4,DROP,679,i7,?,
1768592164.8202236,SENT,6c867849-7489-458f-84b0-cc33daf250a9,f7e8c376-b600-493c-8341-9c28147cf6dc,c2,c5,695,?,p2,
1768592164.8202639,FORWARDED,6c867849-7489-458f-84b0-cc33daf250a9,f7e8c376-b600-493c-8341-9c28147cf6dc,c2,c5,695,?,p2,
1768592164.9163005,RECEIVED,faa5ba3f-67be-4171-a920-0f8f2cb1e21e,11efd0f5-918c-4cbf-bbef-ab1749e2c499,c4,DROP,442,x10,?,
1768592165.175532,RECEIVED,aaec9f8c-9cf8-4017-86d7-b46be2c4be64,c098690e-4640-49ad-8297-b4f4908bf471,c1,c2,1016,i4,?,
1768592165.211396,RECEIVED,760bebc0-244f-4d88-8dd7-a0d9c2964a60,764918f5-7246-454e-8380-5dae0e6880fa,c5,c2,1019,i11,?,
1768592165.2333932,RECEIVED,5367f742-afea-428d-9adb-f8b2876bfbf2,5723463d-dad9-458b-b284-a46768fc2231,c1,c5,1016,i4,?,
1768592165.2616684,RECEIVED,8ab2fe7a-e131-48b3-b44a-53d4bbc46abd,87ebfba5-c9a5-4f23-a5a0-1503420cdce8,c2,c3,1024,i11,?,
1768592165.452154,SENT,aaec9f8c-9cf8-4017-86d7-b46be2c4be64,c098690e-4640-49ad-8297-b4f4908bf471,c1,c2,688,?,p2,
1768592165.4521945,FORWARDED,aaec9f8c-9cf8-4017-86d7-b46be2c4be64,c098690e-4640-49ad-8297-b4f4908bf471,c1,c2,688,?,p2,
1768592165.5168993,SENT,8ab2fe7a-e131-48b3-b44a-53d4bbc46abd,87ebfba5-c9a5-4f23-a5a0-1503420cdce8,c2,c3,696,?,p3,
1768592165.5169704,FORWARDED,8ab2fe7a-e131-48b3-b44a-53d4bbc46abd,87ebfba5-c9a5-4f23-a5a0-1503420cdce8,c2,c3,696,?,p3,
1768592165.5542347,SENT,5367f742-afea-428d-9adb-f8b2876bfbf2,5723463d-dad9-458b-b284-a46768fc2231,c1,c5,688,?,p2,
1768592165.5542874,FORWARDED,5367f742-afea-428d-9adb-f8b2876bfbf2,5723463d-dad9-458b-b284-a46768fc2231,c1,c5,688,?,p2,
1768592165.592321,RECEIVED,0575b48f-6208-4e79-80ce-255bfedb0964,e0fe7df4-ba39-4ab5-9d19-8fbb5cc41153,c1,c5,1012,i7,?,
1768592165.853867,SENT,0575b48f-6208-4e79-80ce-255bfedb0964,e0fe7df4-ba39-4ab5-9d19-8fbb5cc41153,c1,c5,687,?,p2,
1768592165.853904,FORWARDED,0575b48f-6208-4e79-80ce-255bfedb0964,e0fe7df4-ba39-4ab5-9d19-8fbb5cc41153,c1,c5,687,?,p2,
1768592165.8979318,SENT,efc5c65e-4cc0-4c1d-b3fb-a2ee86322224,9184173d-b2c0-4502-9cc3-f6ee35b08ac6,c1,c4,688,?,p1,
1768592165.8979702,FORWARDED,efc5c65e-4cc0-4c1d-b3fb-a2ee86322224,9184173d-b2c0-4502-9cc3-f6ee35b08ac6,c1,c4,688,?,p1,
1768592165.909908,SENT,d030d666-84d8-4995-a01b-60978220b5cf,395cea66-adec-405a-9b9d-ee51729d792c,c1,c2,687,?,p2,
1768592165.9099627,FORWARDED,d030d666-84d8-4995-a01b-60978220b5cf,395cea66-adec-405a-9b9d-ee51729d792c,c1,c2,687,?,p2,
1768592165.9481056,SENT,becac855-2b62-4b73-a4d1-549354991c7f,d70286a5-54e4-4e39-8253-abadc7f6b88a,c2,c5,689,?,p2,
1768592165.948146,FORWARDED,becac855-2b62-4b73-a4d1-549354991c7f,d70286a5-54e4-4e39-8253-abadc7f6b88a,c2,c5,689,?,p2,
1768592165.9764943,SENT,760bebc0-244f-4d88-8dd7-a0d9c2964a60,764918f5-7246-454e-8380-5dae0e6880fa,c5,c2,692,?,p2,
1768592165.976532,FORWARDED,760bebc0-244f-4d88-8dd7-a0d9c2964a60,764918f5-7246-454e-8380-5dae0e6880fa,c5,c2,692,?,p2,
1768592166.3226695,SENT,4c9e2231-a3a6-4a82-b5b2-028af746ae92,ec51bf8b-06b0-4aac-aaf1-2efacda8153e,c4,DROP,436,?,e7,
1768592166.3227115,FORWARDED,4c9e2231-a3a6-4a82-b5b2-028af746ae92,ec51bf8b-06b0-4aac-aaf1-2efacda8153e,c4,DROP,436,?,e7,
1768592166.3541975,RECEIVED,fc7673b3-fa1c-4660-af2d-68af59d5b359,42b7179f-6b6a-4774-b790-21ad44b37c3e,c5,c1,1008,i4,?,
1768592166.5826843,SENT,fc7673b3-fa1c-4660-af2d-68af59d5b359,42b7179f-6b6a-4774-b790-21ad44b37c3e,c5,c1,684,?,p1,
1768592166.5827267,FORWARDED,fc7673b3-fa1c-4660-af2d-68af59d5b359,42b7179f-6b6a-4774-b790-21ad44b37c3e,c5,c1,684,?,p1,
1768592166.7892442,RECEIVED,0c0460a6-2031-4ef2-a817-1038885318bd,00b75b42-85c8-472d-9d27-4f0db34a46fa,c5,c4,1011,i7,?,
1768592166.7951286,RECEIVED,b13a3106-2fbc-4e87-830a-dad1c3c6c890,d22d0af0-c738-409c-9816-bd98378b1b09,c5,c4,1015,i6,?,
1768592166.8335028,RECEIVED,daf8c8d0-e808-4e97-8580-57acdf39d856,9382de9b-0cc7-4e64-baad-2952dcd0db19,c3,DROP,683,i11,?,
1768592167.1740813,SENT,daf8c8d0-e808-4e97-8580-57acdf39d856,9382de9b-0cc7-4e64-baad-2952dcd0db19,c3,DROP,441,?,e2,
1768592167.1741266,FORWARDED,daf8c8d0-e808-4e97-8580-57acdf39d856,9382de9b-0cc7-4e64-baad-2952dcd0db19,c3,DROP,441,?,e2,
1768592167.2138894,RECEIVED,1db7a064-d39d-4efa-bfc4-810c721ae97b,ecec1ca6-afa9-40e4-95e2-38ca3a0c0238,c5,c1,1016,i7,?,
1768592167.2774754,SENT,1db7a064-d39d-4efa-bfc4-810c721ae97b,ecec1ca6-afa9-40e4-95e2-38ca3a0c0238,c5,c1,688,?,p1,
1768592167.2775173,FORWARDED,1db7a064-d39d-4efa-bfc4-810c721ae97b,ecec1ca6-afa9-40e4-95e2-38ca3a0c0238,c5,c1,688,?,p1,
1768592167.2812862,SENT,0c0460a6-2031-4ef2-a817-1038885318bd,00b75b42-85c8-472d-9d27-4f0db34a46fa,c5,c4,687,?,p1,
1768592167.2813296,FORWARDED,0c0460a6-2031-4ef2-a817-1038885318bd,00b75b42-85c8-472d-9d27-4f0db34a46fa,c5,c4,687,?,p1,
1768592167.3363576,RECEIVED,0a307218-d317-4518-a517-fdc59baf8310,71bd0674-78d9-4646-87cd-2e6708ca3480,c2,c1,1011,i1,?,
1768592167.4797559,SENT,b13a3106-2fbc-4e87-830a-dad1c3c6c890,d22d0af0-c738-409c-9816-bd98378b1b09,c5,c4,688,?,p1,
1768592167.4798038,FORWARDED,b13a3106-2fbc-4e87-830a-dad1c3c6c890,d22d0af0-c738-409c-9816-bd98378b1b09,c5,c4,688,?,p1,
1768592167.635027,SENT,0a307218-d317-4518-a517-fdc59baf8310,71bd0674-78d9-4646-87cd-2e6708ca3480,c2,c1,687,?,p1,
1768592167.6350794,FORWARDED,0a307218-d317-4518-a517-fdc59baf8310,71bd0674-78d9-4646-87cd-2e6708ca3480,c2,c1,687,?,p1,
1768592167.7779882,RECEIVED,3a6ddf15-6216-48ac-b117-093a6fec7d1a,2c37aedb-605d-4b93-92a0-f122a8577093,c2,c3,1015,i4,?,
1768592168.1058583,RECEIVED,ba7dbbf5-a3f7-4acd-9cf7-b9f1bf5242c4,cd842beb-2112-4a9d-8bec-bbcb428510f9,c3,c2,1024,i11,?,
1768592168.2779257,RECEIVED,5397049a-6751-4c66-950e-7bdbd9c56960,1dd2caea-108a-4ad0-ba5a-9b90528a04d1,c2,c4,1015,i8,?,
1768592168.3446748,SENT,ba7dbbf5-a3f7-4acd-9cf7-b9f1bf5242c4,cd842beb-2112-4a9d-8bec-bbcb428510f9,c3,c2,696,?,p2,
1768592168.3447177,FORWARDED,ba7dbbf5-a3f7-4acd-9cf7-b9f1bf5242c4,cd842beb-2112-4a9d-8bec-bbcb428510f9,c3,c2,696,?,p2,
1768592168.530024,RECEIVED,2956131d-cebe-4565-b616-2f49baeec4dc,daff5b6c-42d1-4532-8720-8a8ca8200345,c3,c5,1016,i11,?,
1768592168.5636683,SENT,5397049a-6751-4c66-950e-7bdbd9c56960,1dd2caea-108a-4ad0-ba5a-9b90528a04d1,c2,c4,688,?,p1,
1768592168.563728,FORWARDED,5397049a-6751-4c66-950e-7bdbd9c56960,1dd2caea-108a-4ad0-ba5a-9b90528a04d1,c2,c4,688,?,p1,
1768592168.5790832,SENT,2956131d-cebe-4565-b616-2f49baeec4dc,daff5b6c-42d1-4532-8720-8a8ca8200345,c3,c5,688,?,p2,
1768592168.5791261,FORWARDED,2956131d-cebe-4565-b616-2f49baeec4dc,daff5b6c-42d1-4532-8720-8a8ca8200345,c3,c5,688,?,p2,
1768592168.580494,RECEIVED,b5b4e563-7022-4f47-8c66-2eb26d152a5a,075ccc32-8521-4786-acef-b7ee7858512e,c3,c2,1024,i11,?,
1768592168.6244075,RECEIVED,459ed092-0383-4657-bbf3-3c8d5deead9e,7de94c74-1114-4195-946a-8ce96cf5bd69,c5,c2,1011,i11,?,
1768592168.6683917,RECEIVED,f64698c4-4b57-4348-8749-4515e52a1308,640720e8-9d14-4f5a-a298-a79fe6b3ff62,c3,DROP,684,i5,?,
1768592168.6814458,SENT,3a6ddf15-6216-48ac-b117-093a6fec7d1a,2c37aedb-605d-4b93-92a0-f122a8577093,c2,c3,688,?,p3,
1768592168.681488,FORWARDED,3a6ddf15-6216-48ac-b117-093a6fec7d1a,2c37aedb-605d-4b93-92a0-f122a8577093,c2,c3,688,?,p3,
1768592168.7599819,SENT,b5b4e563-7022-4f47-8c66-2eb26d152a5a,075ccc32-8521-4786-acef-b7ee7858512e,c3,c2,695,?,p2,
1768592168.7600248,FORWARDED,b5b4e563-7022-4f47-8c66-2eb26d152a5a,075ccc32-8521-4786-acef-b7ee7858512e,c3,c2,695,?,p2,
1768592168.8266022,SENT,f64698c4-4b57-4348-8749-4515e52a1308,640720e8-9d14-4f5a-a298-a79fe6b3ff62,c3,DROP,441,?,e1,
1768592168.8266428,FORWARDED,f64698c4-4b57-4348-8749-4515e52a1308,640720e8-9d14-4f5a-a298-a79fe6b3ff62,c3,DROP,441,?,e1,
1768592168.8832948,RECEIVED,bef49e6a-dd4f-4842-8539-608e747f80ab,65335d58-6abe-4100-9e0e-7244c107b994,c1,c4,1019,i12,?,
1768592168.9343767,SENT,459ed092-0383-4657-bbf3-3c8d5deead9e,7de94c74-1114-4195-946a-8ce96cf5bd69,c5,c2,687,?,p2,
1768592168.9344165,FORWARDED,459ed092-0383-4657-bbf3-3c8d5deead9e,7de94c74-1114-4195-946a-8ce96cf5bd69,c5,c2,687,?,p2,
1768592169.1458602,RECEIVED,c157fda8-c7c3-4075-96fd-60cb33e5a89e,2c2eecae-50bb-46e1-b85d-1ade9d86b238,c1,c2,1024,i11,?,
1768592169.2134607,SENT,bef49e6a-dd4f-4842-8539-608e747f80ab,65335d58-6abe-4100-9e0e-7244c107b994,c1,c4,691,?,p1,
1768592169.213496,FORWARDED,bef49e6a-dd4f-4842-8539-608e747f80ab,65335d58-6abe-4100-9e0e-7244c107b994,c1,c4,691,?,p1,
1768592169.2266843,RECEIVED,9f659f2e-26dd-4bbb-ada8-3c09d28c44c0,8c20d5c9-ad3e-41d7-b391-342a23835676,c4,c5,1009,i6,?,
1768592169.3174188,SENT,9f659f2e-26dd-4bbb-ada8-3c09d28c44c0,8c20d5c9-ad3e-41d7-b391-342a23835676,c4,c5,682,?,p2,
1768592169.3174686,FORWARDED,9f659f2e-26dd-4bbb-ada8-3c09d28c44c0,8c20d5c9-ad3e-41d7-b391-342a23835676,c4,c5,682,?,p2,
1768592169.488935,RECEIVED,4db79b8a-06b1-474e-8b14-b45b05b16f31,53265c29-01ea-41c0-b161-46d5375a18bc,c3,c5,1016,i5,?,
1768592169.515131,RECEIVED,97f5a840-69fd-4146-b87a-984316d067e3,a44e89d7-3671-4a9f-9cf0-a40e66c63bb5,c1,c5,1009,i5,?,
1768592169.5277371,SENT,c157fda8-c7c3-4075-96fd-60cb33e5a89e,2c2eecae-50bb-46e1-b85d-1ade9d86b238,c1,c2,696,?,p2,
1768592169.5277786,FORWARDED,c157fda8-c7c3-4075-96fd-60cb33e5a89e,2c2eecae-50bb-46e1-b85d-1ade9d86b238,c1,c2,696,?,p2,
1768592169.5647073,SENT,4db79b8a-06b1-474e-8b14-b45b05b16f31,53265c29-01ea-41c0-b161-46d5375a18bc,c3,c5,688,?,p2,
1768592169.5647514,FORWARDED,4db79b8a-06b1-474e-8b14-b45b05b16f31,53265c29-01ea-41c0-b161-46d5375a18bc,c3,c5,688,?,p2,
1768592169.6034548,SENT,97f5a840-69fd-4146-b87a-984316d067e3,a44e89d7-3671-4a9f-9cf0-a40e66c63bb5,c1,c5,686,?,p2,
1768592169.6034956,FORWARDED,97f5a840-69fd-4146-b87a-984316d067e3,a44e89d7-3671-4a9f-9cf0-a40e66c63bb5,c1,c5,686,?,p2,
1768592169.648242,RECEIVED,8a470055-9032-4b46-bdcb-6b55202a21c2,df2d4242-c787-4d0c-891b-896a098246d9,c2,c1,1021,i4,?,
1768592169.6853607,SENT,8a470055-9032-4b46-bdcb-6b55202a21c2,df2d4242-c787-4d0c-891b-896a098246d9,c2,c1,692,?,p1,
1768592169.6853945,FORWARDED,8a470055-9032-4b46-bdcb-6b55202a21c2,df2d4242-c787-4d0c-891b-896a098246d9,c2,c1,692,?,p1,
1768592169.694616,RECEIVED,63957801-642a-462c-901e-1f5d03bad139,b67ad2b9-d43c-483a-ba87-c339f1539bec,c2,c5,1016,i4,?,
1768592169.75892,RECEIVED,f976476c-8753-4f15-8cc0-c580e04c0c8a,864cb46f-5971-471f-9e05-3073a11a3115,c1,c4,1016,i8,?,
1768592169.8315082,RECEIVED,915496e2-9c1a-448a-9a1d-6f78c50f998f,ac8c0b2f-cf54-4a1f-ac58-90bc6bddd6c3,c4,c2,1010,i7,?,
1768592169.8622613,SENT,63957801-642a-462c-901e-1f5d03bad139,b67ad2b9-d43c-483a-ba87-c339f1539bec,c2,c5,688,?,p2,
1768592169.8622987,FORWARDED,63957801-642a-462c-901e-1f5d03bad139,b67ad2b9-d43c-483a-ba87-c339f1539bec,c2,c5,688,?,p2,
1768592170.1666498,SENT,f976476c-8753-4f15-8cc0-c580e04c0c8a,864cb46f-5971-471f-9e05-3073a11a3115,c1,c4,688,?,p1,
1768592170.1666915,FORWARDED,f976476c-8753-4f15-8cc0-c580e04c0c8a,864cb46f-5971-471f-9e05-3073a11a3115,c1,c4,688,?,p1,
1768592170.2419086,RECEIVED,2152bcbf-0e76-443e-a1e5-05b020908d5d,9796ce49-e88b-45c7-bdaf-00e9878044e4,c5,c3,1020,i4,?,
1768592170.4503732,RECEIVED,c48e98f1-b499-4168-afc6-0b97145750a5,3008a7cf-07cf-4a82-a844-6e90d560c22f,c5,c1,1011,i5,?,
1768592170.4728699,SENT,2152bcbf-0e76-443e-a1e5-05b020908d5d,9796ce49-e88b-45c7-bdaf-00e9878044e4,c5,c3,691,?,p3,
1768592170.4729803,FORWARDED,2152bcbf-0e76-443e-a1e5-05b020908d5d,9796ce49-e88b-45c7-bdaf-00e9878044e4,c5,c3,691,?,p3,
1768592170.5144997,RECEIVED,d6c627cb-a7d9-4d93-947c-bb7a0e897da8,09848fb9-28e4-463f-a7cb-e20e19999df0,c4,c2,1015,i1,?,
1768592170.526123,SENT,c48e98f1-b499-4168-afc6-0b97145750a5,3008a7cf-07cf-4a82-a844-6e90d560c22f,c5,c1,687,?,p1,
1768592170.5261664,FORWARDED,c48e98f1-b499-4168-afc6-0b97145750a5,3008a7cf-07cf-4a82-a844-6e90d560c22f,c5,c1,687,?,p1,
1768592170.6526697,RECEIVED,e2099a74-c84a-4a23-890a-1308f7bf05d3,5b27c547-4c03-4740-b65d-7dd905533018,c5,c1,1011,i4,?,
1768592170.8095396,RECEIVED,0e6b8ae0-fbed-4fc3-9a1a-2ea3bd54c7c3,aa036f3c-9430-40d0-88f9-9fec16fb6754,c1,c3,1019,i1,?,
1768592170.8215609,SENT,915496e2-9c1a-448a-9a1d-6f78c50f998f,ac8c0b2f-cf54-4a1f-ac58-90bc6bddd6c3,c4,c2,686,?,p2,
1768592170.8215997,FORWARDED,915496e2-9c1a-448a-9a1d-6f78c50f998f,ac8c0b2f-cf54-4a1f-ac58-90bc6bddd6c3,c4,c2,686,?,p2,
1768592170.824589,RECEIVED,cdf83880-d2bd-470a-a6a4-7d986c9217cc,eed6bd12-0994-4e79-820f-52a87176970e,c2,c4,1015,i7,?,
1768592171.0862274,SENT,e2099a74-c84a-4a23-890a-1308f7bf05d3,5b27c547-4c03-4740-b65d-7dd905533018,c5,c1,687,?,p1,
1768592171.0862699,FORWARDED,e2099a74-c84a-4a23-890a-1308f7bf05d3,5b27c547-4c03-4740-b65d-7dd905533018,c5,c1,687,?,p1,
1768592171.2326238,RECEIVED,94fc5215-9211-41d5-b1e0-2d4c1d5a3c15,7d00f270-8ac2-4a5e-b452-399ac56be973,c3,c1,1026,i11,?,
1768592171.3022823,SENT,cdf83880-d2bd-470a-a6a4-7d986c9217cc,eed6bd12-0994-4e79-820f-52a87176970e,c2,c4,689,?,p1,
1768592171.3023233,FORWARDED,cdf83880-d2bd-470a-a6a4-7d986c9217cc,eed6bd12-0994-4e79-820f-52a87176970e,c2,c4,689,?,p1,
1768592171.6070714,SENT,d6c627cb-a7d9-4d93-947c-bb7a0e897da8,09848fb9-28e4-463f-a7cb-e20e19999df0,c4,c2,688,?,p2,
1768592171.607113,FORWARDED,d6c627cb-a7d9-4d93-947c-bb7a0e897da8,09848fb9-28e4-463f-a7cb-e20e19999df0,c4,c2,688,?,p2,
1768592171.7907934,SENT,94fc5215-9211-41d5-b1e0-2d4c1d5a3c15,7d00f270-8ac2-4a5e-b452-399ac56be973,c3,c1,697,?,p1,
1768592171.7908335,FORWARDED,94fc5215-9211-41d5-b1e0-2d4c1d5a3c15,7d00f270-8ac2-4a5e-b452-399ac56be973,c3,c1,697,?,p1,
1768592172.259559,SENT,0e6b8ae0-fbed-4fc3-9a1a-2ea3bd54c7c3,aa036f3c-9430-40d0-88f9-9fec16fb6754,c1,c3,691,?,p3,
1768592172.2595944,FORWARDED,0e6b8ae0-fbed-4fc3-9a1a-2ea3bd54c7c3,aa036f3c-9430-40d0-88f9-9fec16fb6754,c1,c3,691,?,p3,
1768592172.4431653,RECEIVED,882ede44-37c5-48c6-95dc-a638dc4d91e0,c6a13509-cbd2-431b-89aa-24049dfa6760,c3,c2,1016,i4,?,
1768592172.6995203,RECEIVED,359135cd-2035-440b-b72e-84e80d806b4c,16bf8871-daa3-4845-ba30-2d790781cc70,c1,c4,1011,i11,?,
1768592172.7585156,RECEIVED,650ac827-20c9-40e0-bc03-10b64cc5a4e0,34aa3db8-2661-42a1-ac57-1e61f6ab0dca,c2,c4,1016,i1,?,
1768592172.8548772,SENT,650ac827-20c9-40e0-bc03-10b64cc5a4e0,34aa3db8-2661-42a1-ac57-1e61f6ab0dca,c2,c4,688,?,p1,
1768592172.8549137,FORWARDED,650ac827-20c9-40e0-bc03-10b64cc5a4e0,34aa3db8-2661-42a1-ac57-1e61f6ab0dca,c2,c4,688,?,p1,
1768592172.8689225,SENT,882ede44-37c5-48c6-95dc-a638dc4d91e0,c6a13509-cbd2-431b-89aa-24049dfa6760,c3,c2,689,?,p2,
1768592172.8689656,FORWARDED,882ede44-37c5-48c6-95dc-a638dc4d91e0,c6a13509-cbd2-431b-89aa-24049dfa6760,c3,c2,689,?,p2,
1768592172.8748155,RECEIVED,40e322fd-6ddf-464d-a243-68d4028405c0,d5cdb4d3-4d25-4759-833d-b61095a3479f,c5,c1,1011,i8,?,
1768592173.0753908,RECEIVED,a33a74a4-abd4-4350-8b55-ee9f27536a1e,23827ca3-c402-4116-a9bf-4532265cc79f,c4,c1,1014,i6,?,
1768592173.118575,RECEIVED,4a9e6bde-6f75-4828-bdf9-3ba98d77f12b,3e2b20e4-255b-44f4-81e1-212fb1dea5e5,c4,c3,1025,i9,?,
1768592173.1718788,SENT,4a9e6bde-6f75-4828-bdf9-3ba98d77f12b,3e2b20e4-255b-44f4-81e1-212fb1dea5e5,c4,c3,695,?,p3,
1768592173.1719193,FORWARDED,4a9e6bde-6f75-4828-bdf9-3ba98d77f12b,3e2b20e4-255b-44f4-81e1-212fb1dea5e5,c4,c3,695,?,p3,
1768592173.1992502,RECEIVED,71695685-3f9d-4b26-bf23-ae3e3b9c7ddd,2ef9d869-d075-443c-a265-bebf2a96b590,c5,c4,1016,i5,?,
1768592173.3476365,SENT,71695685-3f9d-4b26-bf23-ae3e3b9c7ddd,2ef9d869-d075-443c-a265-bebf2a96b590,c5,c4,688,?,p1,
1768592173.347679,FORWARDED,71695685-3f9d-4b26-bf23-ae3e3b9c7ddd,2ef9d869-d075-443c-a265-bebf2a96b590,c5,c4,688,?,p1,
1768592173.418193,SENT,a33a74a4-abd4-4350-8b55-ee9f27536a1e,23827ca3-c402-4116-a9bf-4532265cc79f,c4,c1,688,?,p1,
1768592173.41824,FORWARDED,a33a74a4-abd4-4350-8b55-ee9f27536a1e,23827ca3-c402-4116-a9bf-4532265cc79f,c4,c1,688,?,p1,
1768592173.4801672,SENT,40e322fd-6ddf-464d-a243-68d4028405c0,d5cdb4d3-4d25-4759-833d-b61095a3479f,c5,c1,687,?,p1,
1768592173.4802065,FORWARDED,40e322fd-6ddf-464d-a243-68d4028405c0,d5cdb4d3-4d25-4759-833d-b61095a3479f,c5,c1,687,?,p1,
1768592173.6870828,SENT,359135cd-2035-440b-b72e-84e80d806b4c,16bf8871-daa3-4845-ba30-2d790781cc70,c1,c4,687,?,p1,
1768592173.6871252,FORWARDED,359135cd-2035-440b-b72e-84e80d806b4c,16bf8871-daa3-4845-ba30-2d790781cc70,c1,c4,687,?,p1,
1768592174.1258647,RECEIVED,be565507-5663-4271-a559-93b7249c418a,54a4261e-f6c9-4813-b74b-8e6e9a5d91f5,c1,c3,1015,i6,?,
1768592174.12973,RECEIVED,a876219c-028e-403e-86c9-5ad3b6ded748,700705c4-47a2-443d-9c0d-b84e2d8c1e09,c5,c3,1017,i9,?,
1768592174.1415575,RECEIVED,83353e44-9473-43a3-bf68-2c19010ea15a,0302625d-ff60-450d-b0d1-bf8b1d5bd6c7,c3,c1,1011,i7,?,
1768592174.1692789,SENT,a876219c-028e-403e-86c9-5ad3b6ded748,700705c4-47a2-443d-9c0d-b84e2d8c1e09,c5,c3,688,?,p3,
1768592174.1693203,FORWARDED,a876219c-028e-403e-86c9-5ad3b6ded748,700705c4-47a2-443d-9c0d-b84e2d8c1e09,c5,c3,688,?,p3,
1768592174.2923925,RECEIVED,a1705525-3399-44b3-8d96-0aacecf02b93,3c1e619b-5c97-40d1-b534-61d96d5c9fec,c2,c5,1011,i9,?,
1768592174.8158414,SENT,a1705525-3399-44b3-8d96-0aacecf02b93,3c1e619b-5c97-40d1-b534-61d96d5c9fec,c2,c5,687,?,p2,
1768592174.8158832,FORWARDED,a1705525-3399-44b3-8d96-0aacecf02b93,3c1e619b-5c97-40d1-b534-61d96d5c9fec,c2,c5,687,?,p2,
1768592174.9122696,RECEIVED,3d5a02e6-7830-42db-8525-1ed3bf068ec1,e659492b-7787-435d-bfb8-b74dbbad6317,c4,c2,1013,i4,?,
1768592174.9221723,SENT,3d5a02e6-7830-42db-8525-1ed3bf068ec1,e659492b-7787-435d-bfb8-b74dbbad6317,c4,c2,687,?,p2,
1768592174.922213,FORWARDED,3d5a02e6-7830-42db-8525-1ed3bf068ec1,e659492b-7787-435d-bfb8-b74dbbad6317,c4,c2,687,?,p2,
1768592175.0190368,RECEIVED,5c003054-80b5-4cae-9098-c636995f985e,f2f3736e-1543-4c42-b021-0df25e911da5,c2,c5,1012,i4,?,
1768592175.0901463,SENT,be565507-5663-4271-a559-93b7249c418a,54a4261e-f6c9-4813-b74b-8e6e9a5d91f5,c1,c3,688,?,p3,
1768592175.0901902,FORWARDED,be565507-5663-4271-a559-93b7249c418a,54a4261e-f6c9-4813-b74b-8e6e9a5d91f5,c1,c3,688,?,p3,
1768592175.0997462,SENT,5c003054-80b5-4cae-9098-c636995f985e,f2f3736e-1543-4c42-b021-0df25e911da5,c2,c5,687,?,p2,
1768592175.099789,FORWARDED,5c003054-80b5-4cae-9098-c636995f985e,f2f3736e-1543-4c42-b021-0df25e911da5,c2,c5,687,?,p2,
1768592175.378931,RECEIVED,ec5ea399-8ff9-4783-8ac4-0bf82aac18f2,cf6066e4-8923-4add-bd31-cfc508f90d20,c2,DROP,683,i11,?,
1768592175.6191504,RECEIVED,2ff0f27a-79a1-49a1-b98a-2b73778983f2,4390ad60-6182-41cb-9bf9-07b2d673b11f,c5,c2,1011,i1,?,
1768592175.6209173,RECEIVED,9643a960-6af9-4a7f-926d-d238bcd80db8,70ae1f81-88ca-4a58-b3f8-3b433674c031,c3,c4,1012,i6,?,
1768592175.7702584,RECEIVED,91cf5d07-b901-4bb6-ae1c-48e07e244c7c,acc10c0f-0749-4d4a-b66a-f371411bdc9b,c2,c3,1016,i4,?,
1768592175.8002126,RECEIVED,433ac1c5-a2cc-44e6-b16d-65ec353c73ab,bae3f93c-8f90-4af9-9efa-b770bef39b49,c3,c5,1012,i1,?,
1768592175.8042934,SENT,9643a960-6af9-4a7f-926d-d238bcd80db8,70ae1f81-88ca-4a58-b3f8-3b433674c031,c3,c4,687,?,p1,
1768592175.8043623,FORWARDED,9643a960-6af9-4a7f-926d-d238bcd80db8,70ae1f81-88ca-4a58-b3f8-3b433674c031,c3,c4,687,?,p1,
1768592175.836009,SENT,83353e44-9473-43a3-bf68-2c19010ea15a,0302625d-ff60-450d-b0d1-bf8b1d5bd6c7,c3,c1,686,?,p1,
1768592175.836066,FORWARDED,83353e44-9473-43a3-bf68-2c19010ea15a,0302625d-ff60-450d-b0d1-bf8b1d5bd6c7,c3,c1,686,?,p1,
1768592175.905465,SENT,433ac1c5-a2cc-44e6-b16d-65ec353c73ab,bae3f93c-8f90-4af9-9efa-b770bef39b49,c3,c5,687,?,p2,
1768592175.9055016,FORWARDED,433ac1c5-a2cc-44e6-b16d-65ec353c73ab,bae3f93c-8f90-4af9-9efa-b770bef39b49,c3,c5,687,?,p2,
1768592175.9078968,RECEIVED,c5bc242d-de03-4a7d-a7bf-58f12261e07b,99ae9ff4-2d95-4cfd-ac09-be5531f58f05,c2,c5,1018,i11,?,
1768592175.9271932,SENT,91cf5d07-b901-4bb6-ae1c-48e07e244c7c,acc10c0f-0749-4d4a-b66a-f371411bdc9b,c2,c3,688,?,p3,
1768592175.927231,FORWARDED,91cf5d07-b901-4bb6-ae1c-48e07e244c7c,acc10c0f-0749-4d4a-b66a-f371411bdc9b,c2,c3,688,?,p3,
1768592176.2403052,RECEIVED,cb82d3bd-f3ab-40d2-8ac6-091a920a20e6,ac5ef663-f6ad-4303-ba08-47ba023007ae,c3,c1,1016,i7,?,
1768592176.3196893,RECEIVED,ddaaaed4-7f30-4728-a7d5-609056982435,a6045c43-812f-41b0-94b2-4376c9388eb3,c5,c4,1015,i1,?,
1768592176.3303766,SENT,cb82d3bd-f3ab-40d2-8ac6-091a920a20e6,ac5ef663-f6ad-4303-ba08-47ba023007ae,c3,c1,688,?,p1,
1768592176.3304183,FORWARDED,cb82d3bd-f3ab-40d2-8ac6-091a920a20e6,ac5ef663-f6ad-4303-ba08-47ba023007ae,c3,c1,688,?,p1,
1768592176.5267842,SENT,ec5ea399-8ff9-4783-8ac4-0bf82aac18f2,cf6066e4-8923-4add-bd31-cfc508f90d20,c2,DROP,440,?,e9,
1768592176.5268247,FORWARDED,ec5ea399-8ff9-4783-8ac4-0bf82aac18f2,cf6066e4-8923-4add-bd31-cfc508f90d20,c2,DROP,440,?,e9,
1768592177.079097,SENT,ddaaaed4-7f30-4728-a7d5-609056982435,a6045c43-812f-41b0-94b2-4376c9388eb3,c5,c4,688,?,p1,
1768592177.0791395,FORWARDED,ddaaaed4-7f30-4728-a7d5-609056982435,a6045c43-812f-41b0-94b2-4376c9388eb3,c5,c4,688,?,p1,
1768592177.0870247,RECEIVED,3749cf53-30fa-4145-bcc5-104a1ed6050b,b5feb1ce-ed26-472f-a4b2-4c0be0783a72,c1,c4,1020,i11,?,
1768592177.3040404,SENT,2ff0f27a-79a1-49a1-b98a-2b73778983f2,4390ad60-6182-41cb-9bf9-07b2d673b11f,c5,c2,686,?,p2,
1768592177.304095,FORWARDED,2ff0f27a-79a1-49a1-b98a-2b73778983f2,4390ad60-6182-41cb-9bf9-07b2d673b11f,c5,c2,686,?,p2,
1768592177.3158376,RECEIVED,c2cc4a0a-35e0-4b70-8abb-a6c36612be90,b59961ba-f40d-42ec-adb3-e88b4fbb4520,c2,c3,1016,i4,?,
1768592177.3353043,SENT,c5bc242d-de03-4a7d-a7bf-58f12261e07b,99ae9ff4-2d95-4cfd-ac09-be5531f58f05,c2,c5,692,?,p2,
1768592177.3353472,FORWARDED,c5bc242d-de03-4a7d-a7bf-58f12261e07b,99ae9ff4-2d95-4cfd-ac09-be5531f58f05,c2,c5,692,?,p2,
1768592177.4345534,RECEIVED,a1e832b8-8423-4d3e-b253-e717068c9008,6997f994-ba21-41f2-b602-fb358aea128f,c4,DROP,689,i12,?,
1768592177.5646138,RECEIVED,30bbe4d6-15d9-4059-bdc1-c21d37ef4de6,2329c464-3bd2-4286-8539-b02b91672042,c4,c3,1020,i1,?,
1768592177.5744302,SENT,c2cc4a0a-35e0-4b70-8abb-a6c36612be90,b59961ba-f40d-42ec-adb3-e88b4fbb4520,c2,c3,688,?,p3,
1768592177.5744722,FORWARDED,c2cc4a0a-35e0-4b70-8abb-a6c36612be90,b59961ba-f40d-42ec-adb3-e88b4fbb4520,c2,c3,688,?,p3,
1768592177.592204,SENT,3749cf53-30fa-4145-bcc5-104a1ed6050b,b5feb1ce-ed26-472f-a4b2-4c0be0783a72,c1,c4,692,?,p1,
1768592177.5922475,FORWARDED,3749cf53-30fa-4145-bcc5-104a1ed6050b,b5feb1ce-ed26-472f-a4b2-4c0be0783a72,c1,c4,692,?,p1,
1768592177.607317,SENT,a1e832b8-8423-4d3e-b253-e717068c9008,6997f994-ba21-41f2-b602-fb358aea128f,c4,DROP,442,?,e11,
1768592177.6074145,FORWARDED,a1e832b8-8423-4d3e-b253-e717068c9008,6997f994-ba21-41f2-b602-fb358aea128f,c4,DROP,442,?,e11,
1768592177.6768265,SENT,30bbe4d6-15d9-4059-bdc1-c21d37ef4de6,2329c464-3bd2-4286-8539-b02b91672042,c4,c3,692,?,p3,
1768592177.676864,FORWARDED,30bbe4d6-15d9-4059-bdc1-c21d37ef4de6,2329c464-3bd2-4286-8539-b02b91672042,c4,c3,692,?,p3,
1768592178.0216312,RECEIVED,2fb298ce-9817-400a-889a-64e62dd5cec1,983cd7bc-e7ae-4f18-a2ee-dc9c99cd9d17,c3,c5,1019,i12,?,
1768592178.07932,RECEIVED,dcf4b9a4-eaee-4999-9200-73181bb29c38,6ab270a3-0e23-4843-8d06-c8494977263d,c3,c4,1015,i4,?,
1768592178.6994257,RECEIVED,44be7258-4f16-4a79-849b-1e86bcdb8414,95b9d98a-0f4d-4d5a-bc20-403f699ca91b,c5,c2,1016,i9,?,
1768592178.81724,RECEIVED,ccfa296f-fdea-4978-b79c-32025d625d61,dd00e60c-2521-4ee4-9aed-00fec35b39b2,c5,c2,1021,i11,?,
1768592178.8421555,RECEIVED,7f7f69c7-6f09-4360-bb6f-4526aac1516b,b7a2e822-59ed-403e-b109-f150234d0a79,c4,c2,1023,i4,?,
1768592178.8422165,SENT,ccfa296f-fdea-4978-b79c-32025d625d61,dd00e60c-2521-4ee4-9aed-00fec35b39b2,c5,c2,692,?,p2,
1768592178.8423946,FORWARDED,ccfa296f-fdea-4978-b79c-32025d625d61,dd00e60c-2521-4ee4-9aed-00fec35b39b2,c5,c2,692,?,p2,
1768592178.9070766,SENT,44be7258-4f16-4a79-849b-1e86bcdb8414,95b9d98a-0f4d-4d5a-bc20-403f699ca91b,c5,c2,688,?,p2,
1768592178.9071207,FORWARDED,44be7258-4f16-4a79-849b-1e86bcdb8414,95b9d98a-0f4d-4d5a-bc20-403f699ca91b,c5,c2,688,?,p2,
1768592178.919793,SENT,2fb298ce-9817-400a-889a-64e62dd5cec1,983cd7bc-e7ae-4f18-a2ee-dc9c99cd9d17,c3,c5,693,?,p2,
1768592178.919833,FORWARDED,2fb298ce-9817-400a-889a-64e62dd5cec1,983cd7bc-e7ae-4f18-a2ee-dc9c99cd9d17,c3,c5,693,?,p2,
1768592178.9344566,SENT,7f7f69c7-6f09-4360-bb6f-4526aac1516b,b7a2e822-59ed-403e-b109-f150234d0a79,c4,c2,695,?,p2,
1768592178.9344954,FORWARDED,7f7f69c7-6f09-4360-bb6f-4526aac1516b,b7a2e822-59ed-403e-b109-f150234d0a79,c4,c2,695,?,p2,
1768592179.4152362,RECEIVED,a5598f4a-6aaf-4c3c-84bc-fea43b4158ab,6a4b7055-8bfd-44c0-9d5e-0d1fbea69f4b,c4,c5,1023,i9,?,
1768592179.4493442,SENT,dcf4b9a4-eaee-4999-9200-73181bb29c38,6ab270a3-0e23-4843-8d06-c8494977263d,c3,c4,688,?,p1,
1768592179.4493854,FORWARDED,dcf4b9a4-eaee-4999-9200-73181bb29c38,6ab270a3-0e23-4843-8d06-c8494977263d,c3,c4,688,?,p1,
1768592179.568607,RECEIVED,f395400f-cea2-4ace-8220-34a6124491cc,ee4dc62b-47c2-497b-bcc5-c926be5db505,c1,c3,1011,i7,?,
1768592179.5893328,RECEIVED,9982f325-ff1f-405a-a954-9510304f2b3c,da418ef1-1761-4fd2-954a-ac803e86d911,c2,c1,1011,i4,?,
1768592179.7244606,RECEIVED,bd724927-f649-414d-9b10-bbaed14921a7,10ea4652-6ba7-4406-a6c1-236b592b7f4a,c1,c5,1015,i8,?,
1768592179.757347,RECEIVED,a400f554-2028-40b2-9cf5-3c93fe8777fc,0f45047b-51f1-4709-ac98-6e620b1ab471,c2,c1,1014,i6,?,
1768592179.9705787,SENT,9982f325-ff1f-405a-a954-9510304f2b3c,da418ef1-1761-4fd2-954a-ac803e86d911,c2,c1,687,?,p1,
1768592179.9706366,FORWARDED,9982f325-ff1f-405a-a954-9510304f2b3c,da418ef1-1761-4fd2-954a-ac803e86d911,c2,c1,687,?,p1,
1768592179.9912105,RECEIVED,2071c781-332a-4d40-b61b-630237675e4c,ad405111-abfa-474f-8dc5-efdfbdfb6a7c,c1,c5,1015,i8,?,
1768592180.110219,SENT,f395400f-cea2-4ace-8220-34a6124491cc,ee4dc62b-47c2-497b-bcc5-c926be5db505,c1,c3,687,?,p3,
1768592180.1104016,FORWARDED,f395400f-cea2-4ace-8220-34a6124491cc,ee4dc62b-47c2-497b-bcc5-c926be5db505,c1,c3,687,?,p3,
1768592180.11937,SENT,a5598f4a-6aaf-4c3c-84bc-fea43b4158ab,6a4b7055-8bfd-44c0-9d5e-0d1fbea69f4b,c4,c5,695,?,p2,
1768592180.1194072,FORWARDED,a5598f4a-6aaf-4c3c-84bc-fea43b4158ab,6a4b7055-8bfd-44c0-9d5e-0d1fbea69f4b,c4,c5,695,?,p2,
1768592180.123518,RECEIVED,7a9e695e-598f-420c-b33e-8d450f44c4e0,fdb579e3-2267-41e2-b700-64ff3e4c5a04,c4,c1,1020,i11,?,
1768592180.321775,SENT,7a9e695e-598f-420c-b33e-8d450f44c4e0,fdb579e3-2267-41e2-b700-64ff3e4c5a04,c4,c1,691,?,p1,
1768592180.3218193,FORWARDED,7a9e695e-598f-420c-b33e-8d450f44c4e0,fdb579e3-2267-41e2-b700-64ff3e4c5a04,c4,c1,691,?,p1,
1768592180.4442818,SENT,2071c781-332a-4d40-b61b-630237675e4c,ad405111-abfa-474f-8dc5-efdfbdfb6a7c,c1,c5,688,?,p2,
1768592180.4443216,FORWARDED,2071c781-332a-4d40-b61b-630237675e4c,ad405111-abfa-474f-8dc5-efdfbdfb6a7c,c1,c5,688,?,p2,
1768592180.4637022,RECEIVED,1f75dd95-d3a8-4b1e-a53d-0223e1d17d86,1fa2ad51-9154-45d2-8ca9-ecca0b68318f,c3,c5,1023,i6,?,
1768592180.6343627,RECEIVED,ba82e817-2e0c-4b01-b739-8f1b6c16b4e7,14b16d36-3535-4a6a-88a9-c35d9b982129,c3,c2,1008,i11,?,
1768592180.6501906,RECEIVED,52d7dff7-930d-492e-8437-91b70f5fdeec,3431e19b-f6f1-48d6-a8da-d1c725284ca4,c2,c3,1015,i8,?,
1768592180.7011561,SENT,ba82e817-2e0c-4b01-b739-8f1b6c16b4e7,14b16d36-3535-4a6a-88a9-c35d9b982129,c3,c2,684,?,p2,
1768592180.701198,FORWARDED,ba82e817-2e0c-4b01-b739-8f1b6c16b4e7,14b16d36-3535-4a6a-88a9-c35d9b982129,c3,c2,684,?,p2,
1768592180.8596683,SENT,52d7dff7-930d-492e-8437-91b70f5fdeec,3431e19b-f6f1-48d6-a8da-d1c725284ca4,c2,c3,688,?,p3,
1768592180.8597286,FORWARDED,52d7dff7-930d-492e-8437-91b70f5fdeec,3431e19b-f6f1-48d6-a8da-d1c725284ca4,c2,c3,688,?,p3,
1768592180.8696504,RECEIVED,a1db1328-25af-4b5e-9d8e-80fdf25d5940,086626c4-71bd-4fb9-be71-2534cc4de41e,c2,c4,1011,i2,?,
1768592180.9034894,SENT,1f75dd95-d3a8-4b1e-a53d-0223e1d17d86,1fa2ad51-9154-45d2-8ca9-ecca0b68318f,c3,c5,696,?,p2,
1768592180.9035285,FORWARDED,1f75dd95-d3a8-4b1e-a53d-0223e1d17d86,1fa2ad51-9154-45d2-8ca9-ecca0b68318f,c3,c5,696,?,p2,
1768592180.9555342,RECEIVED,82e12f57-aab2-44a1-b01c-46b3d8976545,1ce57d34-e500-40f6-8aeb-f3a007ee3f8a,c3,c4,1020,i11,?,
1768592181.1525867,SENT,a400f554-2028-40b2-9cf5-3c93fe8777fc,0f45047b-51f1-4709-ac98-6e620b1ab471,c2,c1,689,?,p1,
1768592181.1526215,FORWARDED,a400f554-2028-40b2-9cf5-3c93fe8777fc,0f45047b-51f1-4709-ac98-6e620b1ab471,c2,c1,689,?,p1,
1768592181.2808387,SENT,82e12f57-aab2-44a1-b01c-46b3d8976545,1ce57d34-e500-40f6-8aeb-f3a007ee3f8a,c3,c4,691,?,p1,
1768592181.280881,FORWARDED,82e12f57-aab2-44a1-b01c-46b3d8976545,1ce57d34-e500-40f6-8aeb-f3a007ee3f8a,c3,c4,691,?,p1,
1768592181.4092655,SENT,a1db1328-25af-4b5e-9d8e-80fdf25d5940,086626c4-71bd-4fb9-be71-2534cc4de41e,c2,c4,687,?,p1,
1768592181.4093072,FORWARDED,a1db1328-25af-4b5e-9d8e-80fdf25d5940,086626c4-71bd-4fb9-be71-2534cc4de41e,c2,c4,687,?,p1,
1768592181.424093,SENT,bd724927-f649-414d-9b10-bbaed14921a7,10ea4652-6ba7-4406-a6c1-236b592b7f4a,c1,c5,688,?,p2,
1768592181.4241362,FORWARDED,bd724927-f649-414d-9b10-bbaed14921a7,10ea4652-6ba7-4406-a6c1-236b592b7f4a,c1,c5,688,?,p2,
1768592181.6556246,RECEIVED,6739169b-d627-44df-b662-e0984d0beaf5,3539a094-10db-46af-9258-05c8940f8cea,c3,c5,1019,i1,?,
1768592181.8067954,RECEIVED,420bc1b8-c7fa-4715-9423-6e016280eed1,0fabca05-d567-4047-a4cc-b959b4954cd8,c4,c1,1015,i7,?,
1768592181.9718425,RECEIVED,02a10b42-b52f-4bc0-9433-013caaf08b3d,aa8c16a0-2b2f-450c-a92b-e103f47d89d0,c2,c4,1015,i4,?,
1768592182.1811407,RECEIVED,5cad4138-9a2e-4e2f-b903-7c0d9bfc5f5d,924cc614-3bd5-4054-b25d-1b686893e63e,c2,c5,1015,i11,?,
1768592182.4596148,SENT,6739169b-d627-44df-b662-e0984d0beaf5,3539a094-10db-46af-9258-05c8940f8cea,c3,c5,691,?,p2,
1768592182.459656,FORWARDED,6739169b-d627-44df-b662-e0984d0beaf5,3539a094-10db-46af-9258-05c8940f8cea,c3,c5,691,?,p2,
1768592182.4962249,SENT,02a10b42-b52f-4bc0-9433-013caaf08b3d,aa8c16a0-2b2f-450c-a92b-e103f47d89d0,c2,c4,688,?,p1,
1768592182.4963593,FORWARDED,02a10b42-b52f-4bc0-9433-013caaf08b3d,aa8c16a0-2b2f-450c-a92b-e103f47d89d0,c2,c4,688,?,p1,
1768592182.5308218,RECEIVED,ef336e5a-1575-4a59-8446-ded4754e9eae,31cd0d04-0f4e-4b70-8d21-ce6e52f0fb1b,c4,c1,1012,i4,?,
1768592182.6274416,SENT,ef336e5a-1575-4a59-8446-ded4754e9eae,31cd0d04-0f4e-4b70-8d21-ce6e52f0fb1b,c4,c1,687,?,p1,
1768592182.627483,FORWARDED,ef336e5a-1575-4a59-8446-ded4754e9eae,31cd0d04-0f4e-4b70-8d21-ce6e52f0fb1b,c4,c1,687,?,p1,
1768592182.641713,SENT,5cad4138-9a2e-4e2f-b903-7c0d9bfc5f5d,924cc614-3bd5-4054-b25d-1b686893e63e,c2,c5,689,?,p2,
1768592182.6417525,FORWARDED,5cad4138-9a2e-4e2f-b903-7c0d9bfc5f5d,924cc614-3bd5-4054-b25d-1b686893e63e,c2,c5,689,?,p2,
1768592182.741002,RECEIVED,01dddd37-f034-469b-95f6-a033c3dde2ca,7769a0e8-6ec5-4e56-85f2-3259a6fe7aea,c3,DROP,685,i1,?,
1768592182.918088,RECEIVED,3e785516-5c08-45fa-aa9b-022b4b8f918b,963a5f92-107c-47e0-8bb5-c6275ded321b,c1,c4,1016,i9,?,
1768592183.0192754,SENT,01dddd37-f034-469b-95f6-a033c3dde2ca,7769a0e8-6ec5-4e56-85f2-3259a6fe7aea,c3,DROP,441,?,i12,
1768592183.0193818,FORWARDED,01dddd37-f034-469b-95f6-a033c3dde2ca,7769a0e8-6ec5-4e56-85f2-3259a6fe7aea,c3,DROP,441,?,i12,
1768592183.1293814,RECEIVED,1131fc2a-45b4-4384-80fa-0a8c22609b67,4fe7f835-66d1-4658-9ad4-54432744f625,c2,c4,1020,i12,?,
1768592183.1647122,SENT,3e785516-5c08-45fa-aa9b-022b4b8f918b,963a5f92-107c-47e0-8bb5-c6275ded321b,c1,c4,688,?,p1,
1768592183.1647558,FORWARDED,3e785516-5c08-45fa-aa9b-022b4b8f918b,963a5f92-107c-47e0-8bb5-c6275ded321b,c1,c4,688,?,p1,
1768592183.332512,RECEIVED,afe81bfa-ab6b-4c40-9487-b19b7b19d242,1ba350a7-2ced-408f-acad-c8115a172975,c2,c3,1018,i5,?,
1768592183.3713217,RECEIVED,cbdf5283-335a-43bd-9147-2927429c2cf7,ae35c318-ff3f-451f-99e1-e8cef047cafd,c3,c5,1016,i4,?,
1768592183.411038,RECEIVED,b4fb7a22-eb48-4fae-ac39-66c72e043e3d,4cea96ee-1990-4a47-9858-59cb78855dd5,c1,c5,1020,i11,?,
1768592183.466839,SENT,cbdf5283-335a-43bd-9147-2927429c2cf7,ae35c318-ff3f-451f-99e1-e8cef047cafd,c3,c5,688,?,p2,
1768592183.4668894,FORWARDED,cbdf5283-335a-43bd-9147-2927429c2cf7,ae35c318-ff3f-451f-99e1-e8cef047cafd,c3,c5,688,?,p2,
1768592183.4815514,RECEIVED,9665f9d6-d7a1-4777-8d00-23dafc151a8a,44412254-3773-4960-9760-56c73205add2,c2,c3,1011,i8,?,
1768592183.5672948,SENT,1131fc2a-45b4-4384-80fa-0a8c22609b67,4fe7f835-66d1-4658-9ad4-54432744f625,c2,c4,691,?,p1,
1768592183.5673366,FORWARDED,1131fc2a-45b4-4384-80fa-0a8c22609b67,4fe7f835-66d1-4658-9ad4-54432744f625,c2,c4,691,?,p1,
1768592183.5675626,RECEIVED,59ac7732-0fb7-441a-ad4c-f743da258b8f,6d7fe37e-4cd7-475d-9221-75910fc4e03b,c4,c1,1020,i11,?,
1768592183.6492622,RECEIVED,907fc77e-01b9-4ef7-bacc-29e87f5ff85b,e376a27f-923e-4474-89b0-e51412ac6d23,c3,c2,1014,i9,?,
1768592183.6895757,SENT,b4fb7a22-eb48-4fae-ac39-66c72e043e3d,4cea96ee-1990-4a47-9858-59cb78855dd5,c1,c5,691,?,p2,
1768592183.6896167,FORWARDED,b4fb7a22-eb48-4fae-ac39-66c72e043e3d,4cea96ee-1990-4a47-9858-59cb78855dd5,c1,c5,691,?,p2,
1768592183.7116811,SENT,59ac7732-0fb7-441a-ad4c-f743da258b8f,6d7fe37e-4cd7-475d-9221-75910fc4e03b,c4,c1,691,?,p1,
1768592183.711755,FORWARDED,59ac7732-0fb7-441a-ad4c-f743da258b8f,6d7fe37e-4cd7-475d-9221-75910fc4e03b,c4,c1,691,?,p1,
1768592183.7691736,RECEIVED,f2a8e0b2-63f1-4b24-a0fc-fc370ec897c4,0b61bcc0-ceb9-4aa6-bf5a-ef89f2e80b8c,c3,c4,1015,i8,?,
1768592183.866802,RECEIVED,46621526-5b97-42bc-8b2f-a2a8361c4e17,6817d91f-f492-4e5f-ba9f-43fbe98b73e1,c4,c2,1011,i8,?,
1768592183.9882293,RECEIVED,de5360d8-3dc0-4967-8f47-56b107414186,c02652a1-3548-4e54-bcdd-6aa8cd541061,c2,c4,1017,i6,?,
1768592184.017141,SENT,de5360d8-3dc0-4967-8f47-56b107414186,c02652a1-3548-4e54-bcdd-6aa8cd541061,c2,c4,688,?,p1,
1768592184.0171888,FORWARDED,de5360d8-3dc0-4967-8f47-56b107414186,c02652a1-3548-4e54-bcdd-6aa8cd541061,c2,c4,688,?,p1,
1768592184.1689012,RECEIVED,2e5e7b0b-e892-44e5-804f-653266821ff6,be958314-2517-4bd8-b4fa-ed5665c55ee3,c2,c3,1024,i2,?,
1768592184.193213,SENT,9665f9d6-d7a1-4777-8d00-23dafc151a8a,44412254-3773-4960-9760-56c73205add2,c2,c3,687,?,p3,
1768592184.1932554,FORWARDED,9665f9d6-d7a1-4777-8d00-23dafc151a8a,44412254-3773-4960-9760-56c73205add2,c2,c3,687,?,p3,
1768592184.2197995,SENT,f2a8e0b2-63f1-4b24-a0fc-fc370ec897c4,0b61bcc0-ceb9-4aa6-bf5a-ef89f2e80b8c,c3,c4,689,?,p1,
1768592184.2198398,FORWARDED,f2a8e0b2-63f1-4b24-a0fc-fc370ec897c4,0b61bcc0-ceb9-4aa6-bf5a-ef89f2e80b8c,c3,c4,689,?,p1,
1768592184.2375655,RECEIVED,cfdd436c-48fc-4333-8031-d11848801d6b,71ccb982-8b7c-4ab7-89ce-d818bf9bb848,c1,c3,1014,i9,?,
1768592184.24172,RECEIVED,fc293b38-4cfa-429d-a895-f87889a256e0,b2dcaa97-951d-4cd4-b69d-6695de49cd14,c1,c4,1010,i7,?,
1768592184.2852592,RECEIVED,4b7316bb-e7bb-4899-819e-170e4d78bbe7,f8fdc429-7d31-4cc8-b4f9-1f46df34e156,c2,c4,1021,i4,?,
1768592184.3232677,SENT,4b7316bb-e7bb-4899-819e-170e4d78bbe7,f8fdc429-7d31-4cc8-b4f9-1f46df34e156,c2,c4,692,?,p1,
1768592184.3233073,FORWARDED,4b7316bb-e7bb-4899-819e-170e4d78bbe7,f8fdc429-7d31-4cc8-b4f9-1f46df34e156,c2,c4,692,?,p1,
1768592184.3971965,SENT,46621526-5b97-42bc-8b2f-a2a8361c4e17,6817d91f-f492-4e5f-ba9f-43fbe98b73e1,c4,c2,687,?,p2,
1768592184.3972359,FORWARDED,46621526-5b97-42bc-8b2f-a2a8361c4e17,6817d91f-f492-4e5f-ba9f-43fbe98b73e1,c4,c2,687,?,p2,
1768592184.4690156,SENT,420bc1b8-c7fa-4715-9423-6e016280eed1,0fabca05-d567-4047-a4cc-b959b4954cd8,c4,c1,688,?,p1,
1768592184.4690657,FORWARDED,420bc1b8-c7fa-4715-9423-6e016280eed1,0fabca05-d567-4047-a4cc-b959b4954cd8,c4,c1,688,?,p1,
1768592184.478399,SENT,2e5e7b0b-e892-44e5-804f-653266821ff6,be958314-2517-4bd8-b4fa-ed5665c55ee3,c2,c3,695,?,p3,
1768592184.478442,FORWARDED,2e5e7b0b-e892-44e5-804f-653266821ff6,be958314-2517-4bd8-b4fa-ed5665c55ee3,c2,c3,695,?,p3,
1768592184.573142,RECEIVED,9165ec29-5d51-43da-a362-924588b57f19,5ca63284-3e27-47a7-8d29-bd60ebbfbdb9,c1,c4,1012,i8,?,
1768592184.5931737,RECEIVED,0de8b2a8-6ad9-4231-bbfa-eba05e7fae42,a621ca76-dde4-46d3-adad-4ec68a4b51c9,c2,c4,1016,i1,?,
1768592184.6673744,RECEIVED,873ccd71-9b25-47ec-8de8-8a5400a46420,7c97da24-616c-49ab-a85f-e2177911bf6b,c5,c3,1024,i11,?,
1768592184.836473,SENT,873ccd71-9b25-47ec-8de8-8a5400a46420,7c97da24-616c-49ab-a85f-e2177911bf6b,c5,c3,696,?,p3,
1768592184.836514,FORWARDED,873ccd71-9b25-47ec-8de8-8a5400a46420,7c97da24-616c-49ab-a85f-e2177911bf6b,c5,c3,696,?,p3,
1768592184.9195247,SENT,0de8b2a8-6ad9-4231-bbfa-eba05e7fae42,a621ca76-dde4-46d3-adad-4ec68a4b51c9,c2,c4,688,?,p1,
1768592184.919568,FORWARDED,0de8b2a8-6ad9-4231-bbfa-eba05e7fae42,a621ca76-dde4-46d3-adad-4ec68a4b51c9,c2,c4,688,?,p1,
1768592185.0131142,RECEIVED,4a51205c-9a12-422c-aec9-e1168238963b,1c63bcc5-99d9-4286-bfde-eb1e6b0d25a0,c5,DROP,683,i4,?,
1768592185.023987,SENT,afe81bfa-ab6b-4c40-9487-b19b7b19d242,1ba350a7-2ced-408f-acad-c8115a172975,c2,c3,692,?,p3,
1768592185.0240273,FORWARDED,afe81bfa-ab6b-4c40-9487-b19b7b19d242,1ba350a7-2ced-408f-acad-c8115a172975,c2,c3,692,?,p3,
1768592185.0436485,SENT,cfdd436c-48fc-4333-8031-d11848801d6b,71ccb982-8b7c-4ab7-89ce-d818bf9bb848,c1,c3,688,?,p3,
1768592185.0436902,FORWARDED,cfdd436c-48fc-4333-8031-d11848801d6b,71ccb982-8b7c-4ab7-89ce-d818bf9bb848,c1,c3,688,?,p3,
1768592185.0475652,RECEIVED,32f51304-bbea-48cc-9d36-b4adb9a5b3ac,4f72037b-4a08-490f-86e2-4c6324f86919,c2,c3,1016,i12,?,
1768592185.0733204,SENT,9165ec29-5d51-43da-a362-924588b57f19,5ca63284-3e27-47a7-8d29-bd60ebbfbdb9,c1,c4,687,?,p1,
1768592185.0733633,FORWARDED,9165ec29-5d51-43da-a362-924588b57f19,5ca63284-3e27-47a7-8d29-bd60ebbfbdb9,c1,c4,687,?,p1,
1768592185.179877,SENT,32f51304-bbea-48cc-9d36-b4adb9a5b3ac,4f72037b-4a08-490f-86e2-4c6324f86919,c2,c3,688,?,p3,
1768592185.1799169,FORWARDED,32f51304-bbea-48cc-9d36-b4adb9a5b3ac,4f72037b-4a08-490f-86e2-4c6324f86919,c2,c3,688,?,p3,
1768592185.3924677,RECEIVED,62aa61c9-3ea7-4ae0-b162-54191b442d61,128d299f-994e-41e0-8a6c-91915f84af4f,c3,c4,1016,i5,?,
1768592185.44715,SENT,907fc77e-01b9-4ef7-bacc-29e87f5ff85b,e376a27f-923e-4474-89b0-e51412ac6d23,c3,c2,689,?,p2,
1768592185.4471889,FORWARDED,907fc77e-01b9-4ef7-bacc-29e87f5ff85b,e376a27f-923e-4474-89b0-e51412ac6d23,c3,c2,689,?,p2,
1768592185.5563428,SENT,62aa61c9-3ea7-4ae0-b162-54191b442d61,128d299f-994e-41e0-8a6c-91915f84af4f,c3,c4,689,?,p1,
1768592185.5563855,FORWARDED,62aa61c9-3ea7-4ae0-b162-54191b442d61,128d299f-994e-41e0-8a6c-91915f84af4f,c3,c4,689,?,p1,
1768592185.641756,RECEIVED,f2206cd7-1fda-4d81-88ad-5010b4dbcc97,83a47d08-7720-4902-9390-e342b187d630,c2,c3,1010,i12,?,
1768592185.872084,RECEIVED,e5603a18-4bd9-4a45-a076-ed2d077542cf,6d66ff3e-283b-44aa-98a0-e6163f9ae1c7,c4,DROP,683,i9,?,
1768592185.884657,RECEIVED,5e891a23-a75b-44e3-9abf-576bcffcc250,2db61a83-fee5-4fbd-934b-648970fe5cfd,c5,c3,1015,i4,?,
1768592185.9016235,SENT,4a51205c-9a12-422c-aec9-e1168238963b,1c63bcc5-99d9-4286-bfde-eb1e6b0d25a0,c5,DROP,441,?,x3,
1768592185.901672,FORWARDED,4a51205c-9a12-422c-aec9-e1168238963b,1c63bcc5-99d9-4286-bfde-eb1e6b0d25a0,c5,DROP,441,?,x3,
1768592185.9482782,RECEIVED,3537604a-ab04-45a3-9a60-fd1fc79d29a9,b2ad3f7f-7bb9-4a81-9fac-4094e0fb601a,c2,DROP,686,i8,?,
1768592186.000784,RECEIVED,f679a663-1dd6-4548-b27f-05132ea06bda,ee285bbe-9852-4a32-b8c0-55e62ee48b55,c3,c1,1014,i6,?,
1768592186.0014725,SENT,3537604a-ab04-45a3-9a60-fd1fc79d29a9,b2ad3f7f-7bb9-4a81-9fac-4094e0fb601a,c2,DROP,441,?,x11,
1768592186.001511,FORWARDED,3537604a-ab04-45a3-9a60-fd1fc79d29a9,b2ad3f7f-7bb9-4a81-9fac-4094e0fb601a,c2,DROP,441,?,x11,
1768592186.0045784,SENT,e5603a18-4bd9-4a45-a076-ed2d077542cf,6d66ff3e-283b-44aa-98a0-e6163f9ae1c7,c4,DROP,441,?,x6,
1768592186.0046184,FORWARDED,e5603a18-4bd9-4a45-a076-ed2d077542cf,6d66ff3e-283b-44aa-98a0-e6163f9ae1c7,c4,DROP,441,?,x6,
1768592186.1996336,SENT,f2206cd7-1fda-4d81-88ad-5010b4dbcc97,83a47d08-7720-4902-9390-e342b187d630,c2,c3,687,?,p3,
1768592186.1996737,FORWARDED,f2206cd7-1fda-4d81-88ad-5010b4dbcc97,83a47d08-7720-4902-9390-e342b187d630,c2,c3,687,?,p3,
1768592186.277932,SENT,5e891a23-a75b-44e3-9abf-576bcffcc250,2db61a83-fee5-4fbd-934b-648970fe5cfd,c5,c3,688,?,p3,
1768592186.277975,FORWARDED,5e891a23-a75b-44e3-9abf-576bcffcc250,2db61a83-fee5-4fbd-934b-648970fe5cfd,c5,c3,688,?,p3,
1768592186.4547505,SENT,f679a663-1dd6-4548-b27f-05132ea06bda,ee285bbe-9852-4a32-b8c0-55e62ee48b55,c3,c1,688,?,p1,
1768592186.4547906,FORWARDED,f679a663-1dd6-4548-b27f-05132ea06bda,ee285bbe-9852-4a32-b8c0-55e62ee48b55,c3,c1,688,?,p1,
1768592186.6495078,SENT,fc293b38-4cfa-429d-a895-f87889a256e0,b2dcaa97-951d-4cd4-b69d-6695de49cd14,c1,c4,687,?,p1,
1768592186.6495507,FORWARDED,fc293b38-4cfa-429d-a895-f87889a256e0,b2dcaa97-951d-4cd4-b69d-6695de49cd14,c1,c4,687,?,p1,
1768592186.9062097,RECEIVED,96a6bd50-01af-4e25-8de1-9d84a2575cc1,6240cbd0-ff4b-4fe6-9a6a-40690ec9858b,c1,c5,1015,i9,?,
1768592186.9290066,RECEIVED,6bc1ea86-fb16-4d3c-814c-8a9549fe9a74,fe53cd8b-0825-4119-9ada-8cc423dae2a1,c1,c2,1024,i4,?,
1768592187.0225222,SENT,6bc1ea86-fb16-4d3c-814c-8a9549fe9a74,fe53cd8b-0825-4119-9ada-8cc423dae2a1,c1,c2,695,?,p2,
1768592187.0225735,FORWARDED,6bc1ea86-fb16-4d3c-814c-8a9549fe9a74,fe53cd8b-0825-4119-9ada-8cc423dae2a1,c1,c2,695,?,p2,
1768592187.0622792,RECEIVED,06fd8bb5-5d91-43e8-9f05-5fdf972d41d1,665421be-d987-4865-b255-d1d53289a130,c4,c1,1012,i4,?,
1768592187.098289,RECEIVED,41212712-0796-432d-bc86-d5b721b8ee43,3a10506a-2905-4119-8fe4-3852beace40b,c5,c3,1016,i2,?,
1768592187.16536,RECEIVED,a31f0bdc-0f7e-42ae-984a-35757bc46472,e26ce1ad-d3d5-4f2c-8b34-fa9d5a09ccdf,c3,c5,1020,i8,?,
1768592187.2122324,SENT,41212712-0796-432d-bc86-d5b721b8ee43,3a10506a-2905-4119-8fe4-3852beace40b,c5,c3,688,?,p3,
1768592187.2122738,FORWARDED,41212712-0796-432d-bc86-d5b721b8ee43,3a10506a-2905-4119-8fe4-3852beace40b,c5,c3,688,?,p3,
1768592187.236181,SENT,a31f0bdc-0f7e-42ae-984a-35757bc46472,e26ce1ad-d3d5-4f2c-8b34-fa9d5a09ccdf,c3,c5,691,?,p2,
1768592187.2362227,FORWARDED,a31f0bdc-0f7e-42ae-984a-35757bc46472,e26ce1ad-d3d5-4f2c-8b34-fa9d5a09ccdf,c3,c5,691,?,p2,
1768592187.258887,SENT,06fd8bb5-5d91-43e8-9f05-5fdf972d41d1,665421be-d987-4865-b255-d1d53289a130,c4,c1,687,?,p1,
1768592187.258937,FORWARDED,06fd8bb5-5d91-43e8-9f05-5fdf972d41d1,665421be-d987-4865-b255-d1d53289a130,c4,c1,687,?,p1,
1768592187.3092072,RECEIVED,36b8e951-31ab-493f-8605-2e2a26f18ac2,67f30d52-1b05-4573-b11e-f431a9bae664,c5,c1,1011,i9,?,
1768592187.3230221,RECEIVED,a1700c53-c3fa-4aaa-be2e-f2633d8fb189,2af887a3-909f-412c-b510-ebf178c0a83a,c3,DROP,687,i2,?,
1768592187.791023,RECEIVED,95b61929-0f3d-40b3-82dd-7a1cae929c68,cb3b4f44-c44c-4831-a0a1-bfd263e95f12,c1,c4,1020,i6,?,
1768592187.8030193,SENT,36b8e951-31ab-493f-8605-2e2a26f18ac2,67f30d52-1b05-4573-b11e-f431a9bae664,c5,c1,687,?,p1,
1768592187.80308,FORWARDED,36b8e951-31ab-493f-8605-2e2a26f18ac2,67f30d52-1b05-4573-b11e-f431a9bae664,c5,c1,687,?,p1,
1768592187.9873087,SENT,95b61929-0f3d-40b3-82dd-7a1cae929c68,cb3b4f44-c44c-4831-a0a1-bfd263e95f12,c1,c4,691,?,p1,
1768592187.987351,FORWARDED,95b61929-0f3d-40b3-82dd-7a1cae929c68,cb3b4f44-c44c-4831-a0a1-bfd263e95f12,c1,c4,691,?,p1,
1768592188.0345964,RECEIVED,281b1164-5369-490a-9a20-d741a3e0121e,a82eb29b-f83e-4985-aa1c-8a407ad321af,c1,c4,1011,i2,?,
1768592188.076178,RECEIVED,bed7d5d0-fbd6-421c-be04-0baab6b2ca2b,b8f665e2-21bb-4647-84cd-bdd6657d854d,c4,c2,1012,i4,?,
1768592188.1417475,SENT,96a6bd50-01af-4e25-8de1-9d84a2575cc1,6240cbd0-ff4b-4fe6-9a6a-40690ec9858b,c1,c5,688,?,p2,
1768592188.1417847,FORWARDED,96a6bd50-01af-4e25-8de1-9d84a2575cc1,6240cbd0-ff4b-4fe6-9a6a-40690ec9858b,c1,c5,688,?,p2,
1768592188.1805742,SENT,281b1164-5369-490a-9a20-d741a3e0121e,a82eb29b-f83e-4985-aa1c-8a407ad321af,c1,c4,687,?,p1,
1768592188.1806214,FORWARDED,281b1164-5369-490a-9a20-d741a3e0121e,a82eb29b-f83e-4985-aa1c-8a407ad321af,c1,c4,687,?,p1,
1768592188.311403,RECEIVED,aab62139-e78b-4ef9-ae62-49584b045285,66b0e806-ca48-4e69-8b6b-cd55226dbf4c,c5,c4,1015,i6,?,
1768592188.3666818,RECEIVED,f9af1c6a-afec-483a-9c44-16ed4cd758aa,f657a5d4-61e5-4c6e-8bbb-80f3dfc21302,c5,DROP,442,x4,?,
1768592188.5127113,SENT,bed7d5d0-fbd6-421c-be04-0baab6b2ca2b,b8f665e2-21bb-4647-84cd-bdd6657d854d,c4,c2,687,?,p2,
1768592188.5127623,FORWARDED,bed7d5d0-fbd6-421c-be04-0baab6b2ca2b,b8f665e2-21bb-4647-84cd-bdd6657d854d,c4,c2,687,?,p2,
1768592188.5984075,SENT,a1700c53-c3fa-4aaa-be2e-f2633d8fb189,2af887a3-909f-412c-b510-ebf178c0a83a,c3,DROP,442,?,i4,
1768592188.5984578,REDIRECTED,a1700c53-c3fa-4aaa-be2e-f2633d8fb189,2af887a3-909f-412c-b510-ebf178c0a83a,c3,DROP,442,?,i4,
1768592188.5984883,FORWARDED,a1700c53-c3fa-4aaa-be2e-f2633d8fb189,2af887a3-909f-412c-b510-ebf178c0a83a,c3,DROP,442,?,i3,
1768592188.7531846,SENT,aab62139-e78b-4ef9-ae62-49584b045285,66b0e806-ca48-4e69-8b6b-cd55226dbf4c,c5,c4,688,?,p1,
1768592188.7532902,FORWARDED,aab62139-e78b-4ef9-ae62-49584b045285,66b0e806-ca48-4e69-8b6b-cd55226dbf4c,c5,c4,688,?,p1,
1768592188.770002,RECEIVED,80a27661-4eaf-46b8-b4cd-e013656c31ad,42d8e672-a7bc-4b92-8c6d-2a6c0c8de3ef,c2,c3,1016,i1,?,
1768592188.8403084,SENT,80a27661-4eaf-46b8-b4cd-e013656c31ad,42d8e672-a7bc-4b92-8c6d-2a6c0c8de3ef,c2,c3,688,?,p3,
1768592188.8403478,FORWARDED,80a27661-4eaf-46b8-b4cd-e013656c31ad,42d8e672-a7bc-4b92-8c6d-2a6c0c8de3ef,c2,c3,688,?,p3,
1768592189.360193,RECEIVED,7a0b9bfd-ac1d-431c-8335-da3cf632be3c,0b2071d6-2381-424e-9a74-c1243f970e9a,c5,c4,1013,i4,?,
1768592189.3798742,SENT,7a0b9bfd-ac1d-431c-8335-da3cf632be3c,0b2071d6-2381-424e-9a74-c1243f970e9a,c5,c4,687,?,p1,
1768592189.3799136,FORWARDED,7a0b9bfd-ac1d-431c-8335-da3cf632be3c,0b2071d6-2381-424e-9a74-c1243f970e9a,c5,c4,687,?,p1,
1768592189.9619217,RECEIVED,950f09a8-5284-415f-bd6c-b8c862dae6db,2339e615-45d1-4107-be1d-548630860546,c5,c2,1016,i2,?,
1768592190.1045666,SENT,950f09a8-5284-415f-bd6c-b8c862dae6db,2339e615-45d1-4107-be1d-548630860546,c5,c2,688,?,p2,
1768592190.1046124,FORWARDED,950f09a8-5284-415f-bd6c-b8c862dae6db,2339e615-45d1-4107-be1d-548630860546,c5,c2,688,?,p2,
1768592190.3815014,RECEIVED,144a5bd0-576e-4b48-9061-698bd6a577ff,7b187feb-d9b2-4fd4-b373-ffbad1f96997,c1,c3,1011,i11,?,
1768592190.4028356,RECEIVED,4a832bf5-0a37-45e9-8271-5d34f1123df3,31f0fa77-cd95-4bae-b88c-23f141fc9f6f,c5,c2,1010,i2,?,
1768592190.6987262,RECEIVED,c59dae28-8a07-4bef-87c0-6618af80fc67,79a4016a-9b62-466c-a6f8-28fe16dc0489,c1,c3,1027,i11,?,
1768592191.1223798,RECEIVED,d144a993-96e7-4ec1-bffd-38c6bf10d0fa,b753e64a-dbe1-49ab-a729-1b9731ba1947,c2,c3,1015,i4,?,
1768592191.2252471,SENT,144a5bd0-576e-4b48-9061-698bd6a577ff,7b187feb-d9b2-4fd4-b373-ffbad1f96997,c1,c3,687,?,p3,
1768592191.2252898,FORWARDED,144a5bd0-576e-4b48-9061-698bd6a577ff,7b187feb-d9b2-4fd4-b373-ffbad1f96997,c1,c3,687,?,p3,
1768592191.397207,SENT,c59dae28-8a07-4bef-87c0-6618af80fc67,79a4016a-9b62-466c-a6f8-28fe16dc0489,c1,c3,698,?,p3,
1768592191.397426,FORWARDED,c59dae28-8a07-4bef-87c0-6618af80fc67,79a4016a-9b62-466c-a6f8-28fe16dc0489,c1,c3,698,?,p3,
1768592191.4155452,RECEIVED,d15fe11d-389a-47d1-943d-b2d8b48627b4,a4ae5d60-eecd-425e-99a5-f4311e0039af,c5,c4,1016,i5,?,
1768592191.4502141,SENT,4a832bf5-0a37-45e9-8271-5d34f1123df3,31f0fa77-cd95-4bae-b88c-23f141fc9f6f,c5,c2,687,?,p2,
1768592191.4502518,FORWARDED,4a832bf5-0a37-45e9-8271-5d34f1123df3,31f0fa77-cd95-4bae-b88c-23f141fc9f6f,c5,c2,687,?,p2,
1768592191.6908314,RECEIVED,e7a824be-f842-426d-997e-6d8c3c82f7ad,c7e86d48-aeb7-4aaf-b5f9-b5c19a58ac02,c1,c5,1024,i11,?,
1768592191.792445,SENT,d15fe11d-389a-47d1-943d-b2d8b48627b4,a4ae5d60-eecd-425e-99a5-f4311e0039af,c5,c4,688,?,p1,
1768592191.792486,FORWARDED,d15fe11d-389a-47d1-943d-b2d8b48627b4,a4ae5d60-eecd-425e-99a5-f4311e0039af,c5,c4,688,?,p1,
1768592191.9534426,RECEIVED,0d7db9ef-42b6-43f1-b9d0-e29c1df835d9,342fb12b-0d06-40dd-a271-89b6daf66e19,c2,c5,1025,i11,?,
1768592191.9597821,SENT,e7a824be-f842-426d-997e-6d8c3c82f7ad,c7e86d48-aeb7-4aaf-b5f9-b5c19a58ac02,c1,c5,695,?,p2,
1768592191.9598212,FORWARDED,e7a824be-f842-426d-997e-6d8c3c82f7ad,c7e86d48-aeb7-4aaf-b5f9-b5c19a58ac02,c1,c5,695,?,p2,
1768592191.977713,SENT,0d7db9ef-42b6-43f1-b9d0-e29c1df835d9,342fb12b-0d06-40dd-a271-89b6daf66e19,c2,c5,695,?,p2,
1768592191.9777532,FORWARDED,0d7db9ef-42b6-43f1-b9d0-e29c1df835d9,342fb12b-0d06-40dd-a271-89b6daf66e19,c2,c5,695,?,p2,
1768592192.0890937,SENT,d144a993-96e7-4ec1-bffd-38c6bf10d0fa,b753e64a-dbe1-49ab-a729-1b9731ba1947,c2,c3,688,?,p3,
1768592192.0891354,FORWARDED,d144a993-96e7-4ec1-bffd-38c6bf10d0fa,b753e64a-dbe1-49ab-a729-1b9731ba1947,c2,c3,688,?,p3,
1768592192.2631235,RECEIVED,af740fa9-d7b6-4d05-9d3d-99d76a271d77,51a28faf-8d4d-4151-b904-e2c86d8b0f06,c3,c2,1012,i4,?,
1768592192.3479533,SENT,af740fa9-d7b6-4d05-9d3d-99d76a271d77,51a28faf-8d4d-4151-b904-e2c86d8b0f06,c3,c2,687,?,p2,
1768592192.3479958,FORWARDED,af740fa9-d7b6-4d05-9d3d-99d76a271d77,51a28faf-8d4d-4151-b904-e2c86d8b0f06,c3,c2,687,?,p2,
1768592192.4228237,RECEIVED,146a1754-d7f3-438c-bfc9-a18745b401ce,bb041e9e-e28c-4f30-86b0-ae16dc961d74,c4,c3,1011,i7,?,
1768592192.6779368,RECEIVED,f00fbd66-0bd7-4cb0-8d25-0e80934a0b04,ff9654ff-e231-410a-88be-8563f94190ff,c1,c2,1015,i6,?,
1768592192.7358289,RECEIVED,94ca52de-370d-4a1d-a5e8-3f79f4c764b1,447104b2-291a-419d-9491-afaff28d6821,c2,c4,1015,i9,?,
1768592192.9011672,RECEIVED,e0a4599b-50f3-4fbc-b795-50c93b99a759,7c20a7b8-7328-443d-9e50-4fa3ac7d674f,c5,c3,1016,i5,?,
1768592192.935935,RECEIVED,b4f4f56c-aeaf-4129-8680-529db4681ed3,2d4aa9fa-7ff8-4185-aa3d-53dc8b94773a,c4,c2,1020,i5,?,
1768592193.0939572,SENT,b4f4f56c-aeaf-4129-8680-529db4681ed3,2d4aa9fa-7ff8-4185-aa3d-53dc8b94773a,c4,c2,691,?,p2,
1768592193.0939977,FORWARDED,b4f4f56c-aeaf-4129-8680-529db4681ed3,2d4aa9fa-7ff8-4185-aa3d-53dc8b94773a,c4,c2,691,?,p2,
1768592193.1053722,SENT,146a1754-d7f3-438c-bfc9-a18745b401ce,bb041e9e-e28c-4f30-86b0-ae16dc961d74,c4,c3,686,?,p3,
1768592193.1054134,FORWARDED,146a1754-d7f3-438c-bfc9-a18745b401ce,bb041e9e-e28c-4f30-86b0-ae16dc961d74,c4,c3,686,?,p3,
1768592193.135983,SENT,e0a4599b-50f3-4fbc-b795-50c93b99a759,7c20a7b8-7328-443d-9e50-4fa3ac7d674f,c5,c3,688,?,p3,
1768592193.136024,FORWARDED,e0a4599b-50f3-4fbc-b795-50c93b99a759,7c20a7b8-7328-443d-9e50-4fa3ac7d674f,c5,c3,688,?,p3,
1768592193.3987844,SENT,94ca52de-370d-4a1d-a5e8-3f79f4c764b1,447104b2-291a-419d-9491-afaff28d6821,c2,c4,688,?,p1,
1768592193.3988254,FORWARDED,94ca52de-370d-4a1d-a5e8-3f79f4c764b1,447104b2-291a-419d-9491-afaff28d6821,c2,c4,688,?,p1,
1768592194.144511,RECEIVED,f18fb481-845c-4f22-817b-1c6afaec847c,7a725392-dc8a-4398-af75-59177ecff560,c4,c2,1015,i11,?,
1768592194.3703973,RECEIVED,42e1fe46-0599-41fd-ad0f-e8247f4b25bb,a2e323d1-4c31-49af-ad1e-dc945706b11c,c2,c4,1020,i12,?,
1768592194.5145047,RECEIVED,8594b37a-580c-46e8-833b-f8fc351807d3,f5d004d2-131c-431e-8248-7f9f9498c1c1,c2,c5,1023,i11,?,
1768592194.6258435,SENT,f18fb481-845c-4f22-817b-1c6afaec847c,7a725392-dc8a-4398-af75-59177ecff560,c4,c2,688,?,p2,
1768592194.6258905,FORWARDED,f18fb481-845c-4f22-817b-1c6afaec847c,7a725392-dc8a-4398-af75-59177ecff560,c4,c2,688,?,p2,
1768592194.6336803,SENT,42e1fe46-0599-41fd-ad0f-e8247f4b25bb,a2e323d1-4c31-49af-ad1e-dc945706b11c,c2,c4,691,?,p1,
1768592194.6337247,FORWARDED,42e1fe46-0599-41fd-ad0f-e8247f4b25bb,a2e323d1-4c31-49af-ad1e-dc945706b11c,c2,c4,691,?,p1,
1768592194.783871,RECEIVED,5fb44cff-91a5-4737-a485-190085c6823e,e49793ba-056c-49da-b99a-15cd4029b648,c5,c4,1013,i4,?,
1768592194.8343394,SENT,f00fbd66-0bd7-4cb0-8d25-0e80934a0b04,ff9654ff-e231-410a-88be-8563f94190ff,c1,c2,688,?,p2,
1768592194.8343809,FORWARDED,f00fbd66-0bd7-4cb0-8d25-0e80934a0b04,ff9654ff-e231-410a-88be-8563f94190ff,c1,c2,688,?,p2,
1768592194.838063,RECEIVED,32ab7c90-557c-4bfd-9e1e-3b150634b734,1094be6b-0827-406a-8bb0-d60ad9508720,c2,c3,1013,i9,?,
1768592195.1105106,RECEIVED,47551e55-58e7-40f2-a11d-506d8a098952,09ba8dfb-5ce0-4c38-b92d-9508d7603dea,c5,c2,1023,i1,?,
1768592195.1725643,SENT,8594b37a-580c-46e8-833b-f8fc351807d3,f5d004d2-131c-431e-8248-7f9f9498c1c1,c2,c5,694,?,p2,
1768592195.172609,FORWARDED,8594b37a-580c-46e8-833b-f8fc351807d3,f5d004d2-131c-431e-8248-7f9f9498c1c1,c2,c5,694,?,p2,
1768592195.3885894,SENT,32ab7c90-557c-4bfd-9e1e-3b150634b734,1094be6b-0827-406a-8bb0-d60ad9508720,c2,c3,689,?,p3,
1768592195.3886325,FORWARDED,32ab7c90-557c-4bfd-9e1e-3b150634b734,1094be6b-0827-406a-8bb0-d60ad9508720,c2,c3,689,?,p3,
1768592195.5959697,SENT,47551e55-58e7-40f2-a11d-506d8a098952,09ba8dfb-5ce0-4c38-b92d-9508d7603dea,c5,c2,696,?,p2,
1768592195.5960038,FORWARDED,47551e55-58e7-40f2-a11d-506d8a098952,09ba8dfb-5ce0-4c38-b92d-9508d7603dea,c5,c2,696,?,p2,
1768592195.9012485,RECEIVED,0a81acda-ed7e-4f49-b95d-3ff5b25ecc1a,c0013741-0555-4d02-b755-99d107410944,c4,c1,1019,i1,?,
1768592195.951219,RECEIVED,2e92cf87-8b82-4312-9c69-90f6580bc627,7bcd9f26-1b97-45c4-a0a9-1986cbb8a595,c4,c3,1011,i9,?,
1768592196.0987022,SENT,5fb44cff-91a5-4737-a485-190085c6823e,e49793ba-056c-49da-b99a-15cd4029b648,c5,c4,688,?,p1,
1768592196.0987477,FORWARDED,5fb44cff-91a5-4737-a485-190085c6823e,e49793ba-056c-49da-b99a-15cd4029b648,c5,c4,688,?,p1,
1768592196.4020145,RECEIVED,73c24474-6631-4837-a7af-333a0ccac9ce,47faed2e-c626-41f6-9bd7-d83f7a8b9e23,c3,c2,1020,i12,?,
1768592196.5047157,SENT,73c24474-6631-4837-a7af-333a0ccac9ce,47faed2e-c626-41f6-9bd7-d83f7a8b9e23,c3,c2,693,?,p2,
1768592196.5047565,FORWARDED,73c24474-6631-4837-a7af-333a0ccac9ce,47faed2e-c626-41f6-9bd7-d83f7a8b9e23,c3,c2,693,?,p2,
1768592196.8449771,RECEIVED,1d1f7c15-b5db-4814-bdb3-e1acc24f02c4,f6a9b784-1806-4f00-927c-68c621da69f7,c2,c5,1015,i2,?,
1768592196.880873,RECEIVED,c9bef43d-48d2-4199-88f8-041a294864df,87eac807-428a-47ca-9c55-a458b1bce8ad,c5,c1,1013,i4,?,
1768592196.9099045,SENT,c9bef43d-48d2-4199-88f8-041a294864df,87eac807-428a-47ca-9c55-a458b1bce8ad,c5,c1,685,?,p1,
1768592196.9099455,FORWARDED,c9bef43d-48d2-4199-88f8-041a294864df,87eac807-428a-47ca-9c55-a458b1bce8ad,c5,c1,685,?,p1,
1768592196.9582553,RECEIVED,a4bce142-c317-40f9-b0d1-1c445ea713ba,b584d48b-61ef-4d1e-820b-71684ac1340a,c2,c5,1019,i11,?,
1768592197.0273378,SENT,2e92cf87-8b82-4312-9c69-90f6580bc627,7bcd9f26-1b97-45c4-a0a9-1986cbb8a595,c4,c3,687,?,p3,
1768592197.027377,FORWARDED,2e92cf87-8b82-4312-9c69-90f6580bc627,7bcd9f26-1b97-45c4-a0a9-1986cbb8a595,c4,c3,687,?,p3,
1768592197.1321883,RECEIVED,323392bb-7494-4753-9271-2846ad66599a,45303cb0-39a8-4138-a522-d663a1887fb3,c2,c5,1017,i9,?,
1768592197.1362681,SENT,0a81acda-ed7e-4f49-b95d-3ff5b25ecc1a,c0013741-0555-4d02-b755-99d107410944,c4,c1,692,?,p1,
1768592197.1363046,FORWARDED,0a81acda-ed7e-4f49-b95d-3ff5b25ecc1a,c0013741-0555-4d02-b755-99d107410944,c4,c1,692,?,p1,
1768592197.146417,SENT,323392bb-7494-4753-9271-2846ad66599a,45303cb0-39a8-4138-a522-d663a1887fb3,c2,c5,688,?,p2,
1768592197.146461,FORWARDED,323392bb-7494-4753-9271-2846ad66599a,45303cb0-39a8-4138-a522-d663a1887fb3,c2,c5,688,?,p2,
1768592197.4587023,SENT,a4bce142-c317-40f9-b0d1-1c445ea713ba,b584d48b-61ef-4d1e-820b-71684ac1340a,c2,c5,692,?,p2,
1768592197.4587529,FORWARDED,a4bce142-c317-40f9-b0d1-1c445ea713ba,b584d48b-61ef-4d1e-820b-71684ac1340a,c2,c5,692,?,p2,
1768592197.671916,RECEIVED,da8cca62-b849-4939-83d1-fb479f8b106c,999382c7-a310-4634-98ec-70f95f88b06a,c3,c4,1012,i11,?,
1768592197.67499,RECEIVED,dad1d396-23ea-406d-86be-06b927772d7d,0cae88af-2611-477c-81b4-dd9769d0050d,c5,c4,1021,i2,?,
1768592197.7240205,RECEIVED,bea258be-5be8-473a-8d65-4fa06055d14e,4dff1cc1-137e-42a8-9b03-2196d715e683,c4,c2,1028,i12,?,
1768592197.7670703,SENT,dad1d396-23ea-406d-86be-06b927772d7d,0cae88af-2611-477c-81b4-dd9769d0050d,c5,c4,691,?,p1,
1768592197.7671123,FORWARDED,dad1d396-23ea-406d-86be-06b927772d7d,0cae88af-2611-477c-81b4-dd9769d0050d,c5,c4,691,?,p1,
1768592197.8908331,SENT,bea258be-5be8-473a-8d65-4fa06055d14e,4dff1cc1-137e-42a8-9b03-2196d715e683,c4,c2,697,?,p2,
1768592197.8908718,FORWARDED,bea258be-5be8-473a-8d65-4fa06055d14e,4dff1cc1-137e-42a8-9b03-2196d715e683,c4,c2,697,?,p2,
1768592197.9829435,SENT,da8cca62-b849-4939-83d1-fb479f8b106c,999382c7-a310-4634-98ec-70f95f88b06a,c3,c4,687,?,p1,
1768592197.9829848,FORWARDED,da8cca62-b849-4939-83d1-fb479f8b106c,999382c7-a310-4634-98ec-70f95f88b06a,c3,c4,687,?,p1,
1768592198.4659348,RECEIVED,f0f740a6-481e-4e6a-baa4-491a5a12b1a9,ea29731d-7219-43d1-87c8-ff4189641669,c2,c1,1020,i2,?,
1768592198.6366723,SENT,f0f740a6-481e-4e6a-baa4-491a5a12b1a9,ea29731d-7219-43d1-87c8-ff4189641669,c2,c1,691,?,p1,
1768592198.6367166,FORWARDED,f0f740a6-481e-4e6a-baa4-491a5a12b1a9,ea29731d-7219-43d1-87c8-ff4189641669,c2,c1,691,?,p1,
1768592198.8553803,RECEIVED,279703ff-c1d1-49ce-91f5-fc68d7fbe722,9897298b-f28a-459e-b1c4-51dd35f0ca07,c5,c2,1010,i5,?,
1768592199.1544583,RECEIVED,35a082c1-0899-464d-8b71-f8ede46d8fb3,fe6dd31c-8e5f-4f05-a6a0-936246a4ca22,c2,c3,1023,i11,?,
1768592199.4427993,SENT,279703ff-c1d1-49ce-91f5-fc68d7fbe722,9897298b-f28a-459e-b1c4-51dd35f0ca07,c5,c2,687,?,p2,
1768592199.4428515,FORWARDED,279703ff-c1d1-49ce-91f5-fc68d7fbe722,9897298b-f28a-459e-b1c4-51dd35f0ca07,c5,c2,687,?,p2,
1768592199.4851956,RECEIVED,f367ae36-0562-4bd5-930d-8d29a9580482,4f7ccb04-f3de-41f2-b28b-6b31c0cbb2de,c5,c3,1019,i9,?,
1768592199.503123,SENT,35a082c1-0899-464d-8b71-f8ede46d8fb3,fe6dd31c-8e5f-4f05-a6a0-936246a4ca22,c2,c3,694,?,p3,
1768592199.5031652,FORWARDED,35a082c1-0899-464d-8b71-f8ede46d8fb3,fe6dd31c-8e5f-4f05-a6a0-936246a4ca22,c2,c3,694,?,p3,
1768592200.2605023,SENT,1d1f7c15-b5db-4814-bdb3-e1acc24f02c4,f6a9b784-1806-4f00-927c-68c621da69f7,c2,c5,688,?,p2,
1768592200.2605412,FORWARDED,1d1f7c15-b5db-4814-bdb3-e1acc24f02c4,f6a9b784-1806-4f00-927c-68c621da69f7,c2,c5,688,?,p2,
1768592200.456211,SENT,f367ae36-0562-4bd5-930d-8d29a9580482,4f7ccb04-f3de-41f2-b28b-6b31c0cbb2de,c5,c3,691,?,p3,
1768592200.4562535,FORWARDED,f367ae36-0562-4bd5-930d-8d29a9580482,4f7ccb04-f3de-41f2-b28b-6b31c0cbb2de,c5,c3,691,?,p3,
1768592200.59919,RECEIVED,8adf23ec-fbfa-4710-992e-fffa90c5a8ce,4fd4b2df-01ed-4602-8655-216344f391c6,c1,c5,1011,i8,?,
1768592201.0020752,SENT,8adf23ec-fbfa-4710-992e-fffa90c5a8ce,4fd4b2df-01ed-4602-8655-216344f391c6,c1,c5,686,?,p2,
1768592201.0021174,FORWARDED,8adf23ec-fbfa-4710-992e-fffa90c5a8ce,4fd4b2df-01ed-4602-8655-216344f391c6,c1,c5,686,?,p2,
1768592201.261868,RECEIVED,586ac041-6ec6-4395-8e3f-982ec9ab9564,7cb8bc76-5ada-4634-b516-e09638203ffe,c5,c4,1016,i11,?,
1768592201.2812414,RECEIVED,93aa8952-7763-4a90-8726-1ad9597811c5,17752578-6361-4140-ac61-b3074417672e,c3,c5,1015,i9,?,
1768592201.2906027,SENT,586ac041-6ec6-4395-8e3f-982ec9ab9564,7cb8bc76-5ada-4634-b516-e09638203ffe,c5,c4,690,?,p1,
1768592201.2906454,FORWARDED,586ac041-6ec6-4395-8e3f-982ec9ab9564,7cb8bc76-5ada-4634-b516-e09638203ffe,c5,c4,690,?,p1,
1768592201.384764,RECEIVED,82df4c19-cc5c-430e-a3f4-ed59e4f2bb9a,feb5280c-10ac-497b-8c84-b80e56b418ec,c5,c1,1012,i5,?,
1768592201.4992373,SENT,82df4c19-cc5c-430e-a3f4-ed59e4f2bb9a,feb5280c-10ac-497b-8c84-b80e56b418ec,c5,c1,687,?,p1,
1768592201.4992788,FORWARDED,82df4c19-cc5c-430e-a3f4-ed59e4f2bb9a,feb5280c-10ac-497b-8c84-b80e56b418ec,c5,c1,687,?,p1,
1768592201.602982,RECEIVED,a7549eb8-9886-42bd-90c6-2da65d5e5193,82aaea7f-cf90-4061-90f7-3272e2a79802,c1,c3,1016,i9,?,
1768592201.7012165,RECEIVED,30dac9dc-2652-4e71-a4a6-c42360701f79,ce8b3928-6559-42bb-b745-4e900c6a46d7,c5,c3,1016,i5,?,
1768592201.792865,SENT,93aa8952-7763-4a90-8726-1ad9597811c5,17752578-6361-4140-ac61-b3074417672e,c3,c5,688,?,p2,
1768592201.7929065,FORWARDED,93aa8952-7763-4a90-8726-1ad9597811c5,17752578-6361-4140-ac61-b3074417672e,c3,c5,688,?,p2,
1768592201.806395,RECEIVED,d65e249b-287c-44b4-8f23-1dcaff8d9c6c,3cebe9e7-392c-4951-a19d-c9763ce006a4,c5,c1,1015,i4,?,
1768592201.911424,SENT,a7549eb8-9886-42bd-90c6-2da65d5e5193,82aaea7f-cf90-4061-90f7-3272e2a79802,c1,c3,688,?,p3,
1768592201.9114652,FORWARDED,a7549eb8-9886-42bd-90c6-2da65d5e5193,82aaea7f-cf90-4061-90f7-3272e2a79802,c1,c3,688,?,p3,
1768592201.9249957,SENT,30dac9dc-2652-4e71-a4a6-c42360701f79,ce8b3928-6559-42bb-b745-4e900c6a46d7,c5,c3,688,?,p3,
1768592201.925116,FORWARDED,30dac9dc-2652-4e71-a4a6-c42360701f79,ce8b3928-6559-42bb-b745-4e900c6a46d7,c5,c3,688,?,p3,
1768592202.3752337,RECEIVED,2ba8a3e5-ff6b-4239-b0ec-9f205dfd72fb,f3a14770-95aa-47dd-9429-a53ba340669e,c2,c1,1022,i11,?,
1768592202.5487368,SENT,d65e249b-287c-44b4-8f23-1dcaff8d9c6c,3cebe9e7-392c-4951-a19d-c9763ce006a4,c5,c1,688,?,p1,
1768592202.5487866,FORWARDED,d65e249b-287c-44b4-8f23-1dcaff8d9c6c,3cebe9e7-392c-4951-a19d-c9763ce006a4,c5,c1,688,?,p1,
1768592202.6989112,RECEIVED,76f81ca5-2e0c-43ba-8249-10f600ae22c0,53931862-23ff-4d61-8d7b-3d1b6f072be2,c4,c1,1014,i5,?,
1768592202.792677,RECEIVED,3aefb1f6-5c60-4d4c-b1ef-58d8c1257b80,ab8213c2-d0f9-4e10-a34f-862b56009a51,c4,c5,1011,i7,?,
1768592202.9336367,RECEIVED,fa1a6f2f-8cbf-4f8a-b2e9-34a7000ccd61,318c78be-1a32-41c6-a4fa-e2da51c5fe20,c5,c1,1011,i2,?,
1768592203.0611238,RECEIVED,d4315f2a-8e3f-42db-86de-888d9b4f82a6,a5fa286f-f857-4992-8e7f-7a7bb9a0abe5,c5,c1,1020,i5,?,
1768592203.1251926,RECEIVED,e30f62c7-a1c8-48e8-a43a-a36940e5dbe8,f2a5ec36-42fa-41e8-9ddd-b27c6be70325,c4,c3,1011,i2,?,
1768592203.1505597,SENT,d4315f2a-8e3f-42db-86de-888d9b4f82a6,a5fa286f-f857-4992-8e7f-7a7bb9a0abe5,c5,c1,693,?,p1,
1768592203.1506045,FORWARDED,d4315f2a-8e3f-42db-86de-888d9b4f82a6,a5fa286f-f857-4992-8e7f-7a7bb9a0abe5,c5,c1,693,?,p1,
1768592203.220533,RECEIVED,534059c8-acb1-4b72-9e6e-998e77ed03d1,4c1511f2-704a-414d-8e32-6bf99e4fe8d5,c1,c2,1014,i12,?,
1768592203.227802,RECEIVED,3e983260-f939-4ecf-a7d4-8c976ddefa9e,72a1e536-3951-49ff-9125-ad5985717de6,c1,c5,1014,i7,?,
1768592203.2461712,SENT,2ba8a3e5-ff6b-4239-b0ec-9f205dfd72fb,f3a14770-95aa-47dd-9429-a53ba340669e,c2,c1,696,?,p1,
1768592203.2462144,FORWARDED,2ba8a3e5-ff6b-4239-b0ec-9f205dfd72fb,f3a14770-95aa-47dd-9429-a53ba340669e,c2,c1,696,?,p1,
1768592203.5022204,SENT,76f81ca5-2e0c-43ba-8249-10f600ae22c0,53931862-23ff-4d61-8d7b-3d1b6f072be2,c4,c1,688,?,p1,
1768592203.5022619,FORWARDED,76f81ca5-2e0c-43ba-8249-10f600ae22c0,53931862-23ff-4d61-8d7b-3d1b6f072be2,c4,c1,688,?,p1,
1768592203.5818613,RECEIVED,78c0801e-f5fe-4547-83e3-b455580a09a6,d6c615e0-2022-41dd-8365-b437de8dc497,c1,c2,1015,i11,?,
1768592203.6006792,SENT,3aefb1f6-5c60-4d4c-b1ef-58d8c1257b80,ab8213c2-d0f9-4e10-a34f-862b56009a51,c4,c5,687,?,p2,
1768592203.6007233,FORWARDED,3aefb1f6-5c60-4d4c-b1ef-58d8c1257b80,ab8213c2-d0f9-4e10-a34f-862b56009a51,c4,c5,687,?,p2,
1768592203.744771,RECEIVED,0f329485-186a-4753-b368-d0531defc19e,4aa84604-5cfe-42d0-b3f4-a96b95e718da,c1,c3,1016,i9,?,
1768592203.7486572,SENT,fa1a6f2f-8cbf-4f8a-b2e9-34a7000ccd61,318c78be-1a32-41c6-a4fa-e2da51c5fe20,c5,c1,687,?,p1,
1768592203.7486973,FORWARDED,fa1a6f2f-8cbf-4f8a-b2e9-34a7000ccd61,318c78be-1a32-41c6-a4fa-e2da51c5fe20,c5,c1,687,?,p1,
1768592203.8716745,SENT,0f329485-186a-4753-b368-d0531defc19e,4aa84604-5cfe-42d0-b3f4-a96b95e718da,c1,c3,688,?,p3,
1768592203.871719,FORWARDED,0f329485-186a-4753-b368-d0531defc19e,4aa84604-5cfe-42d0-b3f4-a96b95e718da,c1,c3,688,?,p3,
1768592203.9452379,RECEIVED,d852295b-5582-4d36-a556-e324b07a420d,769f51d8-ab7d-4d8c-9053-15e3bb867f7c,c1,c4,1019,i6,?,
1768592204.1300805,SENT,78c0801e-f5fe-4547-83e3-b455580a09a6,d6c615e0-2022-41dd-8365-b437de8dc497,c1,c2,689,?,p2,
1768592204.1301215,FORWARDED,78c0801e-f5fe-4547-83e3-b455580a09a6,d6c615e0-2022-41dd-8365-b437de8dc497,c1,c2,689,?,p2,
1768592204.3691213,RECEIVED,39f43bc0-22b9-4237-bbf5-600e9d6e7306,6602adb2-1d67-427a-b0c9-723918475860,c4,c2,1012,i4,?,
1768592204.479799,SENT,3e983260-f939-4ecf-a7d4-8c976ddefa9e,72a1e536-3951-49ff-9125-ad5985717de6,c1,c5,688,?,p2,
1768592204.4798422,FORWARDED,3e983260-f939-4ecf-a7d4-8c976ddefa9e,72a1e536-3951-49ff-9125-ad5985717de6,c1,c5,688,?,p2,
1768592204.4912136,SENT,e30f62c7-a1c8-48e8-a43a-a36940e5dbe8,f2a5ec36-42fa-41e8-9ddd-b27c6be70325,c4,c3,687,?,p3,
1768592204.491251,FORWARDED,e30f62c7-a1c8-48e8-a43a-a36940e5dbe8,f2a5ec36-42fa-41e8-9ddd-b27c6be70325,c4,c3,687,?,p3,
1768592204.6789808,SENT,39f43bc0-22b9-4237-bbf5-600e9d6e7306,6602adb2-1d67-427a-b0c9-723918475860,c4,c2,687,?,p2,
1768592204.679021,FORWARDED,39f43bc0-22b9-4237-bbf5-600e9d6e7306,6602adb2-1d67-427a-b0c9-723918475860,c4,c2,687,?,p2,
1768592204.6893096,RECEIVED,a330c68a-0ac9-40ee-a7f2-cbe6e9d33f55,422f86d7-4593-4969-98b4-d02cb8e1eef0,c4,c5,1016,i7,?,
1768592204.729905,RECEIVED,58a7f059-482e-49c4-9c95-a9d500ddd5b1,b3999500-efd7-497a-a799-ecdee025f400,c5,c3,1011,i11,?,
1768592204.7448967,SENT,d852295b-5582-4d36-a556-e324b07a420d,769f51d8-ab7d-4d8c-9053-15e3bb867f7c,c1,c4,692,?,p1,
1768592204.7450726,FORWARDED,d852295b-5582-4d36-a556-e324b07a420d,769f51d8-ab7d-4d8c-9053-15e3bb867f7c,c1,c4,692,?,p1,
1768592204.9004455,SENT,a330c68a-0ac9-40ee-a7f2-cbe6e9d33f55,422f86d7-4593-4969-98b4-d02cb8e1eef0,c4,c5,688,?,p2,
1768592204.900641,FORWARDED,a330c68a-0ac9-40ee-a7f2-cbe6e9d33f55,422f86d7-4593-4969-98b4-d02cb8e1eef0,c4,c5,688,?,p2,
1768592205.0249496,RECEIVED,93f663e1-a170-418b-8b28-2cca7b5d4bc7,56ef5abb-3548-41a6-be42-0ccaa10b611c,c3,c5,1011,i7,?,
1768592205.0647836,SENT,58a7f059-482e-49c4-9c95-a9d500ddd5b1,b3999500-efd7-497a-a799-ecdee025f400,c5,c3,687,?,p3,
1768592205.064824,FORWARDED,58a7f059-482e-49c4-9c95-a9d500ddd5b1,b3999500-efd7-497a-a799-ecdee025f400,c5,c3,687,?,p3,
1768592205.099332,RECEIVED,f432e9c5-f29d-44ed-91c6-24bea0a9bee9,2eba92df-4610-4efa-a297-4aca2884fa94,c4,c3,1012,i2,?,
1768592205.1950321,SENT,f432e9c5-f29d-44ed-91c6-24bea0a9bee9,2eba92df-4610-4efa-a297-4aca2884fa94,c4,c3,687,?,p3,
1768592205.1950908,FORWARDED,f432e9c5-f29d-44ed-91c6-24bea0a9bee9,2eba92df-4610-4efa-a297-4aca2884fa94,c4,c3,687,?,p3,
1768592205.297538,RECEIVED,2acc827b-d517-4dd0-89bd-93d447ebd550,07b79c3a-2dca-4ef1-b6fd-39d50765a285,c5,c2,1015,i11,?,
1768592205.351505,SENT,534059c8-acb1-4b72-9e6e-998e77ed03d1,4c1511f2-704a-414d-8e32-6bf99e4fe8d5,c1,c2,690,?,p2,
1768592205.3515491,FORWARDED,534059c8-acb1-4b72-9e6e-998e77ed03d1,4c1511f2-704a-414d-8e32-6bf99e4fe8d5,c1,c2,690,?,p2,
1768592205.448574,RECEIVED,ec4b37d6-6afa-4e6a-823a-c6efa4c3e2f3,5149417e-318d-4051-b208-d4dc6e885754,c4,c1,1015,i1,?,
1768592205.5540059,RECEIVED,8968f8d4-9f6f-4daa-87dd-2cd7d3841c45,a89cb5ab-efa5-4076-8cea-ed98d5bcf4d6,c2,c3,1012,i4,?,
1768592205.6267643,RECEIVED,14ca6388-0794-48cb-b177-0bcbef7e307b,1b5d900f-4c58-48c4-a07d-258c77e21939,c4,c1,1012,i4,?,
1768592205.664928,SENT,8968f8d4-9f6f-4daa-87dd-2cd7d3841c45,a89cb5ab-efa5-4076-8cea-ed98d5bcf4d6,c2,c3,687,?,p3,
1768592205.6649783,FORWARDED,8968f8d4-9f6f-4daa-87dd-2cd7d3841c45,a89cb5ab-efa5-4076-8cea-ed98d5bcf4d6,c2,c3,687,?,p3,
1768592205.752016,SENT,2acc827b-d517-4dd0-89bd-93d447ebd550,07b79c3a-2dca-4ef1-b6fd-39d50765a285,c5,c2,688,?,p2,
1768592205.7522376,FORWARDED,2acc827b-d517-4dd0-89bd-93d447ebd550,07b79c3a-2dca-4ef1-b6fd-39d50765a285,c5,c2,688,?,p2,
1768592205.8335583,SENT,ec4b37d6-6afa-4e6a-823a-c6efa4c3e2f3,5149417e-318d-4051-b208-d4dc6e885754,c4,c1,689,?,p1,
1768592205.8335998,FORWARDED,ec4b37d6-6afa-4e6a-823a-c6efa4c3e2f3,5149417e-318d-4051-b208-d4dc6e885754,c4,c1,689,?,p1,
1768592205.9104772,SENT,14ca6388-0794-48cb-b177-0bcbef7e307b,1b5d900f-4c58-48c4-a07d-258c77e21939,c4,c1,687,?,p1,
1768592205.9105158,FORWARDED,14ca6388-0794-48cb-b177-0bcbef7e307b,1b5d900f-4c58-48c4-a07d-258c77e21939,c4,c1,687,?,p1,
1768592206.3517494,RECEIVED,5d048841-c2a6-45e7-8f7d-3778e991936e,1add4b9c-9eca-4e53-ad6a-e1f0a00d24f4,c1,c3,1024,i11,?,
1768592206.3745458,RECEIVED,b71b6d1b-c7a1-4ef9-93cd-7b99276342c0,0a7afcac-ce36-4e1b-8dae-f017aba2ccfc,c4,c5,1019,i11,?,
1768592206.4604487,RECEIVED,5c06ad96-06ca-4e06-ba31-074d6b10073e,d639e4db-0970-4e6c-b4ac-9efbba2f3e56,c1,c5,1019,i11,?,
1768592206.5938504,SENT,5d048841-c2a6-45e7-8f7d-3778e991936e,1add4b9c-9eca-4e53-ad6a-e1f0a00d24f4,c1,c3,696,?,p3,
1768592206.5938985,FORWARDED,5d048841-c2a6-45e7-8f7d-3778e991936e,1add4b9c-9eca-4e53-ad6a-e1f0a00d24f4,c1,c3,696,?,p3,
1768592206.7804377,RECEIVED,835dd22c-7aa1-4a1a-9f37-717699476634,eb105d31-deff-42d4-ae3a-18c7bea7d9bc,c3,c4,1021,i1,?,
1768592206.8067389,SENT,835dd22c-7aa1-4a1a-9f37-717699476634,eb105d31-deff-42d4-ae3a-18c7bea7d9bc,c3,c4,693,?,p1,
1768592206.806779,FORWARDED,835dd22c-7aa1-4a1a-9f37-717699476634,eb105d31-deff-42d4-ae3a-18c7bea7d9bc,c3,c4,693,?,p1,
1768592207.022467,SENT,b71b6d1b-c7a1-4ef9-93cd-7b99276342c0,0a7afcac-ce36-4e1b-8dae-f017aba2ccfc,c4,c5,691,?,p2,
1768592207.0225089,FORWARDED,b71b6d1b-c7a1-4ef9-93cd-7b99276342c0,0a7afcac-ce36-4e1b-8dae-f017aba2ccfc,c4,c5,691,?,p2,
1768592207.046239,SENT,93f663e1-a170-418b-8b28-2cca7b5d4bc7,56ef5abb-3548-41a6-be42-0ccaa10b611c,c3,c5,687,?,p2,
1768592207.0462816,FORWARDED,93f663e1-a170-418b-8b28-2cca7b5d4bc7,56ef5abb-3548-41a6-be42-0ccaa10b611c,c3,c5,687,?,p2,
1768592207.5968392,RECEIVED,8d1821ac-153a-4c62-ae58-07e051e25b4a,5b6a7aa4-fa52-4b55-a847-01e21abbd12c,c4,c1,1024,i1,?,
1768592207.6015227,RECEIVED,89f57c6b-13f6-49b0-abac-02958b00a051,61640498-ebc1-4685-a8e3-ff91ece94229,c5,c2,1020,i11,?,
1768592207.653504,SENT,89f57c6b-13f6-49b0-abac-02958b00a051,61640498-ebc1-4685-a8e3-ff91ece94229,c5,c2,692,?,p2,
1768592207.653544,FORWARDED,89f57c6b-13f6-49b0-abac-02958b00a051,61640498-ebc1-4685-a8e3-ff91ece94229,c5,c2,692,?,p2,
1768592207.7697284,RECEIVED,1fd4f1fd-d40c-443a-a76a-dfea38eaa438,288d5503-8708-4e3d-ae65-397920e3ae52,c3,c2,1015,i4,?,
1768592207.7820103,SENT,8d1821ac-153a-4c62-ae58-07e051e25b4a,5b6a7aa4-fa52-4b55-a847-01e21abbd12c,c4,c1,695,?,p1,
1768592207.7820847,FORWARDED,8d1821ac-153a-4c62-ae58-07e051e25b4a,5b6a7aa4-fa52-4b55-a847-01e21abbd12c,c4,c1,695,?,p1,
1768592207.9814663,SENT,5c06ad96-06ca-4e06-ba31-074d6b10073e,d639e4db-0970-4e6c-b4ac-9efbba2f3e56,c1,c5,691,?,p2,
1768592207.9815044,FORWARDED,5c06ad96-06ca-4e06-ba31-074d6b10073e,d639e4db-0970-4e6c-b4ac-9efbba2f3e56,c1,c5,691,?,p2,
1768592208.1518073,SENT,1fd4f1fd-d40c-443a-a76a-dfea38eaa438,288d5503-8708-4e3d-ae65-397920e3ae52,c3,c2,689,?,p2,
1768592208.1519215,FORWARDED,1fd4f1fd-d40c-443a-a76a-dfea38eaa438,288d5503-8708-4e3d-ae65-397920e3ae52,c3,c2,689,?,p2,
1768592208.2979152,RECEIVED,19b6efb9-237e-4728-894b-b4e710635c54,16669231-098e-42f3-9929-3330255895b0,c4,c2,1015,i1,?,
1768592208.4527056,RECEIVED,8d094e14-0693-43dc-ae3c-e16f5c82e539,47168745-c66a-4eaf-8dd0-493236a7f52d,c2,c3,1014,i4,?,
1768592208.912245,RECEIVED,c4d8cdb9-b024-4d9d-88fa-caf84429491d,abfa9275-17c7-4863-b660-1ed55e225339,c5,c3,1020,i12,?,
1768592209.113348,SENT,c4d8cdb9-b024-4d9d-88fa-caf84429491d,abfa9275-17c7-4863-b660-1ed55e225339,c5,c3,692,?,p3,
1768592209.1133897,FORWARDED,c4d8cdb9-b024-4d9d-88fa-caf84429491d,abfa9275-17c7-4863-b660-1ed55e225339,c5,c3,692,?,p3,
1768592209.249486,RECEIVED,d0335615-481f-49fe-b5a2-3f9890af479f,086a6a5b-b811-403b-9ff9-fee0bcf19790,c2,c1,1011,i5,?,
1768592209.2651272,SENT,19b6efb9-237e-4728-894b-b4e710635c54,16669231-098e-42f3-9929-3330255895b0,c4,c2,688,?,p2,
1768592209.265174,FORWARDED,19b6efb9-237e-4728-894b-b4e710635c54,16669231-098e-42f3-9929-3330255895b0,c4,c2,688,?,p2,
1768592209.2897918,RECEIVED,c4969014-64ce-4a3a-9602-2a0958e5e7f6,c6e82668-dca5-478d-9862-18634a95a40f,c4,c2,1011,i1,?,
1768592209.3601134,RECEIVED,894c3e64-a6c7-45fd-99b7-944b0687d77c,8c6f4b10-d32f-4d6a-a509-28fc3ab649b6,c3,c2,1012,i6,?,
1768592209.488531,SENT,894c3e64-a6c7-45fd-99b7-944b0687d77c,8c6f4b10-d32f-4d6a-a509-28fc3ab649b6,c3,c2,687,?,p2,
1768592209.4885714,FORWARDED,894c3e64-a6c7-45fd-99b7-944b0687d77c,8c6f4b10-d32f-4d6a-a509-28fc3ab649b6,c3,c2,687,?,p2,
1768592209.5447505,SENT,d0335615-481f-49fe-b5a2-3f9890af479f,086a6a5b-b811-403b-9ff9-fee0bcf19790,c2,c1,687,?,p1,
1768592209.5448217,FORWARDED,d0335615-481f-49fe-b5a2-3f9890af479f,086a6a5b-b811-403b-9ff9-fee0bcf19790,c2,c1,687,?,p1,
1768592209.6626642,RECEIVED,a312fe98-7ca8-40a4-acb3-88c2495417a9,ab78cf81-01ae-4e70-8340-814870ace9af,c1,c2,1011,i5,?,
1768592209.793036,SENT,c4969014-64ce-4a3a-9602-2a0958e5e7f6,c6e82668-dca5-478d-9862-18634a95a40f,c4,c2,685,?,p2,
1768592209.7930944,FORWARDED,c4969014-64ce-4a3a-9602-2a0958e5e7f6,c6e82668-dca5-478d-9862-18634a95a40f,c4,c2,685,?,p2,
1768592209.8800426,SENT,8d094e14-0693-43dc-ae3c-e16f5c82e539,47168745-c66a-4eaf-8dd0-493236a7f52d,c2,c3,688,?,p3,
1768592209.8801684,FORWARDED,8d094e14-0693-43dc-ae3c-e16f5c82e539,47168745-c66a-4eaf-8dd0-493236a7f52d,c2,c3,688,?,p3,
1768592209.9533665,SENT,a312fe98-7ca8-40a4-acb3-88c2495417a9,ab78cf81-01ae-4e70-8340-814870ace9af,c1,c2,687,?,p2,
1768592209.95341,FORWARDED,a312fe98-7ca8-40a4-acb3-88c2495417a9,ab78cf81-01ae-4e70-8340-814870ace9af,c1,c2,687,?,p2,
1768592210.2295718,RECEIVED,bda1570a-c79d-4632-a8ad-2852638666f2,7cd5374c-562b-47a4-8934-21f30be43161,c1,c3,1024,i9,?,
1768592210.2419782,RECEIVED,057e536f-8269-42f5-bd86-e5b253db0a30,f3574714-bf96-4067-a03e-e27933d5326e,c4,c3,1023,i12,?,
1768592210.369044,RECEIVED,b2719421-4a59-4e9a-b11b-ec4716aeedc7,86f7b8d8-098b-4cd3-a494-11f7eb5903d3,c5,c2,1011,i4,?,
1768592210.4671042,RECEIVED,2201e396-4239-4cac-861c-64623cae79dc,6b032fed-34b3-4a34-9814-b23541b0a2fc,c1,c2,1011,i7,?,
1768592210.4916782,RECEIVED,c7e572f6-c087-40d7-9da9-eeeec068d000,307d9bc8-cd5d-4ca4-b246-cdaba5a514c0,c3,c1,1017,i2,?,
1768592210.5390878,SENT,c7e572f6-c087-40d7-9da9-eeeec068d000,307d9bc8-cd5d-4ca4-b246-cdaba5a514c0,c3,c1,688,?,p1,
1768592210.539122,FORWARDED,c7e572f6-c087-40d7-9da9-eeeec068d000,307d9bc8-cd5d-4ca4-b246-cdaba5a514c0,c3,c1,688,?,p1,
1768592210.5646014,RECEIVED,f0ce0c6f-cdec-4d60-9916-527df933bb80,57be35af-3f3f-4d6b-b5f7-a478562ceaf0,c5,c2,1011,i2,?,
1768592210.5782635,SENT,bda1570a-c79d-4632-a8ad-2852638666f2,7cd5374c-562b-47a4-8934-21f30be43161,c1,c3,696,?,p3,
1768592210.578316,FORWARDED,bda1570a-c79d-4632-a8ad-2852638666f2,7cd5374c-562b-47a4-8934-21f30be43161,c1,c3,696,?,p3,
1768592210.6896718,SENT,057e536f-8269-42f5-bd86-e5b253db0a30,f3574714-bf96-4067-a03e-e27933d5326e,c4,c3,695,?,p3,
1768592210.6898243,FORWARDED,057e536f-8269-42f5-bd86-e5b253db0a30,f3574714-bf96-4067-a03e-e27933d5326e,c4,c3,695,?,p3,
1768592210.748468,RECEIVED,043fe3d4-d31c-4475-9f80-fe26a4cbbbdc,425b7b5d-67a9-4386-bc26-e3f89b9347f8,c1,c4,1015,i9,?,
1768592210.821241,RECEIVED,05cb198a-f3a8-45c9-b03b-7d736af5a901,500f6845-113f-4474-b479-eae5f4ac6549,c1,c2,1012,i4,?,
1768592210.8925962,SENT,b2719421-4a59-4e9a-b11b-ec4716aeedc7,86f7b8d8-098b-4cd3-a494-11f7eb5903d3,c5,c2,687,?,p2,
1768592210.8926384,FORWARDED,b2719421-4a59-4e9a-b11b-ec4716aeedc7,86f7b8d8-098b-4cd3-a494-11f7eb5903d3,c5,c2,687,?,p2,
1768592211.0414178,SENT,05cb198a-f3a8-45c9-b03b-7d736af5a901,500f6845-113f-4474-b479-eae5f4ac6549,c1,c2,687,?,p2,
1768592211.0414577,FORWARDED,05cb198a-f3a8-45c9-b03b-7d736af5a901,500f6845-113f-4474-b479-eae5f4ac6549,c1,c2,687,?,p2,
1768592211.0919569,SENT,2201e396-4239-4cac-861c-64623cae79dc,6b032fed-34b3-4a34-9814-b23541b0a2fc,c1,c2,687,?,p2,
1768592211.0919974,FORWARDED,2201e396-4239-4cac-861c-64623cae79dc,6b032fed-34b3-4a34-9814-b23541b0a2fc,c1,c2,687,?,p2,
1768592211.2925947,SENT,043fe3d4-d31c-4475-9f80-fe26a4cbbbdc,425b7b5d-67a9-4386-bc26-e3f89b9347f8,c1,c4,690,?,p1,
1768592211.292638,FORWARDED,043fe3d4-d31c-4475-9f80-fe26a4cbbbdc,425b7b5d-67a9-4386-bc26-e3f89b9347f8,c1,c4,690,?,p1,
1768592211.5316794,SENT,f0ce0c6f-cdec-4d60-9916-527df933bb80,57be35af-3f3f-4d6b-b5f7-a478562ceaf0,c5,c2,687,?,p2,
1768592211.5317194,FORWARDED,f0ce0c6f-cdec-4d60-9916-527df933bb80,57be35af-3f3f-4d6b-b5f7-a478562ceaf0,c5,c2,687,?,p2,
1768592211.998489,RECEIVED,97884b97-475d-4597-91e6-682cf3f78464,ffb4f0b1-cafd-40b8-9e47-9aa48dfbb5ca,c4,c2,1013,i4,?,
1768592212.0387125,SENT,97884b97-475d-4597-91e6-682cf3f78464,ffb4f0b1-cafd-40b8-9e47-9aa48dfbb5ca,c4,c2,687,?,p2,
1768592212.0387566,FORWARDED,97884b97-475d-4597-91e6-682cf3f78464,ffb4f0b1-cafd-40b8-9e47-9aa48dfbb5ca,c4,c2,687,?,p2,
1768592212.0609822,RECEIVED,a76c8908-4327-4725-ab9e-8f16152e88c0,178e51cf-1f86-40f7-a94b-99c05c73f5b5,c3,c4,1011,i7,?,
1768592212.6531088,SENT,a76c8908-4327-4725-ab9e-8f16152e88c0,178e51cf-1f86-40f7-a94b-99c05c73f5b5,c3,c4,687,?,p1,
1768592212.6531591,FORWARDED,a76c8908-4327-4725-ab9e-8f16152e88c0,178e51cf-1f86-40f7-a94b-99c05c73f5b5,c3,c4,687,?,p1,
1768592212.7335699,RECEIVED,468d04c5-59b2-4ee9-9238-8b519beda18c,a9481300-dcbe-4f79-a799-9b65753f094b,c3,c4,1016,i2,?,
1768592212.9182231,SENT,468d04c5-59b2-4ee9-9238-8b519beda18c,a9481300-dcbe-4f79-a799-9b65753f094b,c3,c4,688,?,p1,
1768592212.9182653,FORWARDED,468d04c5-59b2-4ee9-9238-8b519beda18c,a9481300-dcbe-4f79-a799-9b65753f094b,c3,c4,688,?,p1,
1768592213.615615,RECEIVED,36597e97-80c0-423d-97cc-3b7dab9b7ed4,8b734184-b2b3-4395-8ec9-dc2e79ed4847,c2,DROP,690,i2,?,
1768592213.6205916,SENT,36597e97-80c0-423d-97cc-3b7dab9b7ed4,8b734184-b2b3-4395-8ec9-dc2e79ed4847,c2,DROP,442,?,e7,
1768592213.620633,FORWARDED,36597e97-80c0-423d-97cc-3b7dab9b7ed4,8b734184-b2b3-4395-8ec9-dc2e79ed4847,c2,DROP,442,?,e7,
1768592213.644604,RECEIVED,d3fe129a-b3b3-4dbb-8f18-362360fd531e,76144513-3784-4574-ba24-3711ec7157e5,c2,c1,1019,i11,?,
1768592213.7876892,RECEIVED,8b328d54-a558-4a0b-ac49-652fe9e71377,0df2db12-856e-42c5-aa83-86611f9d807e,c1,c5,1016,i6,?,
1768592213.963931,RECEIVED,ba694e3f-c0e2-4e2d-b076-c16230882e18,f25f2e4f-28c0-413c-a76b-7a7c9818470c,c2,DROP,684,i9,?,
1768592214.0563884,SENT,ba694e3f-c0e2-4e2d-b076-c16230882e18,f25f2e4f-28c0-413c-a76b-7a7c9818470c,c2,DROP,441,?,x8,
1768592214.0564291,FORWARDED,ba694e3f-c0e2-4e2d-b076-c16230882e18,f25f2e4f-28c0-413c-a76b-7a7c9818470c,c2,DROP,441,?,x8,
1768592214.141032,RECEIVED,a3404a00-4138-4e77-8aaa-bab97986eb3c,e2b412ef-6f3e-481c-96d5-380ce5a19592,c4,c3,1015,i2,?,
1768592214.1516864,SENT,8b328d54-a558-4a0b-ac49-652fe9e71377,0df2db12-856e-42c5-aa83-86611f9d807e,c1,c5,689,?,p2,
1768592214.1517272,FORWARDED,8b328d54-a558-4a0b-ac49-652fe9e71377,0df2db12-856e-42c5-aa83-86611f9d807e,c1,c5,689,?,p2,
1768592214.5201669,RECEIVED,d603dd87-b127-4f77-b364-3ba5d56286f1,b0df5e1c-2cc6-4056-b6a4-c99290bd7a03,c4,DROP,684,i12,?,
1768592214.6060324,SENT,d603dd87-b127-4f77-b364-3ba5d56286f1,b0df5e1c-2cc6-4056-b6a4-c99290bd7a03,c4,DROP,441,?,i2,
1768592214.606091,FORWARDED,d603dd87-b127-4f77-b364-3ba5d56286f1,b0df5e1c-2cc6-4056-b6a4-c99290bd7a03,c4,DROP,441,?,i2,
1768592214.6545815,RECEIVED,6296df8f-2585-4828-b5e2-c9ff0c3f9be9,265a9af3-cdc0-4bfc-9750-1a84badafc66,c1,DROP,442,x5,?,
1768592214.8276074,SENT,d3fe129a-b3b3-4dbb-8f18-362360fd531e,76144513-3784-4574-ba24-3711ec7157e5,c2,c1,691,?,p1,
1768592214.827661,FORWARDED,d3fe129a-b3b3-4dbb-8f18-362360fd531e,76144513-3784-4574-ba24-3711ec7157e5,c2,c1,691,?,p1,
1768592215.5307567,RECEIVED,f9be586e-44b5-4e3d-b582-afcdc2b8f2e1,ef9c4a1b-a90f-4f76-b882-7d0706d95e23,c4,DROP,441,x12,?,
1768592215.5645301,RECEIVED,d33e9fea-8416-4224-a910-24f2d6ac51b4,956bebdf-cf97-4633-a646-b25e5dd38060,c3,c2,1027,i11,?,
1768592215.5919785,RECEIVED,a19ac442-f5d0-4bcd-a180-d1b57bf3d64e,18d9f920-257b-41a0-8618-3841b99fa7f2,c5,c4,1011,i8,?,
1768592215.650427,RECEIVED,e783c65e-251e-4c02-9ee8-351d10e9388b,d2164893-7b19-48d4-ad4c-d578b5821150,c2,c5,1011,i7,?,
1768592215.8186705,RECEIVED,7a5cdc45-f750-4d82-a7c3-28d21d02c692,bf67b156-4794-4586-9736-2004a41eba6f,c4,DROP,684,i4,?,
1768592215.840329,SENT,d33e9fea-8416-4224-a910-24f2d6ac51b4,956bebdf-cf97-4633-a646-b25e5dd38060,c3,c2,697,?,p2,
1768592215.840369,FORWARDED,d33e9fea-8416-4224-a910-24f2d6ac51b4,956bebdf-cf97-4633-a646-b25e5dd38060,c3,c2,697,?,p2,
1768592215.8738194,SENT,a3404a00-4138-4e77-8aaa-bab97986eb3c,e2b412ef-6f3e-481c-96d5-380ce5a19592,c4,c3,690,?,p3,
1768592215.873861,FORWARDED,a3404a00-4138-4e77-8aaa-bab97986eb3c,e2b412ef-6f3e-481c-96d5-380ce5a19592,c4,c3,690,?,p3,
1768592215.935564,SENT,a19ac442-f5d0-4bcd-a180-d1b57bf3d64e,18d9f920-257b-41a0-8618-3841b99fa7f2,c5,c4,686,?,p1,
1768592215.935606,FORWARDED,a19ac442-f5d0-4bcd-a180-d1b57bf3d64e,18d9f920-257b-41a0-8618-3841b99fa7f2,c5,c4,686,?,p1,
1768592215.9994876,RECEIVED,1ceba08c-510e-403b-83f2-12e370cbd1d9,574799c0-a8dc-479b-9395-932d380ae50f,c3,c1,1012,i12,?,
1768592216.168841,SENT,1ceba08c-510e-403b-83f2-12e370cbd1d9,574799c0-a8dc-479b-9395-932d380ae50f,c3,c1,687,?,p1,
1768592216.1688948,FORWARDED,1ceba08c-510e-403b-83f2-12e370cbd1d9,574799c0-a8dc-479b-9395-932d380ae50f,c3,c1,687,?,p1,
1768592216.234044,RECEIVED,1ab8ac86-47c1-4886-a320-c5c91504cb04,96133b4d-b4d6-4c0d-bfa3-48abf30191c7,c5,c2,1020,i12,?,
1768592216.2531967,SENT,e783c65e-251e-4c02-9ee8-351d10e9388b,d2164893-7b19-48d4-ad4c-d578b5821150,c2,c5,687,?,p2,
1768592216.2532492,FORWARDED,e783c65e-251e-4c02-9ee8-351d10e9388b,d2164893-7b19-48d4-ad4c-d578b5821150,c2,c5,687,?,p2,
1768592216.5230017,SENT,1ab8ac86-47c1-4886-a320-c5c91504cb04,96133b4d-b4d6-4c0d-bfa3-48abf30191c7,c5,c2,691,?,p2,
1768592216.5230434,FORWARDED,1ab8ac86-47c1-4886-a320-c5c91504cb04,96133b4d-b4d6-4c0d-bfa3-48abf30191c7,c5,c2,691,?,p2,
1768592216.5933933,RECEIVED,2fb570ff-b3ac-46e6-9f76-6d76dcd8293f,b402817a-7a61-4aa8-8f9a-cc784cf35902,c5,c3,1015,i11,?,
1768592216.834987,RECEIVED,2d92c06d-a477-4c3e-94f2-bed22259704b,60fdee88-0475-47ed-b876-9212a3399502,c4,DROP,685,i2,?,
1768592216.9546955,SENT,2fb570ff-b3ac-46e6-9f76-6d76dcd8293f,b402817a-7a61-4aa8-8f9a-cc784cf35902,c5,c3,688,?,p3,
1768592216.9547389,FORWARDED,2fb570ff-b3ac-46e6-9f76-6d76dcd8293f,b402817a-7a61-4aa8-8f9a-cc784cf35902,c5,c3,688,?,p3,
1768592216.9852169,RECEIVED,a027ec14-e3ad-4aff-9a54-9aa40242f2c6,fdad99b3-bb6d-4fe5-8dc8-f14f1aaf3e41,c1,DROP,441,x12,?,
1768592216.9957678,RECEIVED,ed3e4fd3-5eab-4d6b-84ad-dceb47254f4f,5495362e-9a8b-4d52-95a1-a836fce555e8,c2,c5,1012,i8,?,
1768592217.0339012,RECEIVED,ae6ed91c-bcb7-4162-8a38-a8ab21a9571e,169e2919-bc84-48d5-8ce9-62376ed5f387,c1,c4,1012,i5,?,
1768592217.0463815,SENT,2d92c06d-a477-4c3e-94f2-bed22259704b,60fdee88-0475-47ed-b876-9212a3399502,c4,DROP,441,?,e10,
1768592217.046421,FORWARDED,2d92c06d-a477-4c3e-94f2-bed22259704b,60fdee88-0475-47ed-b876-9212a3399502,c4,DROP,441,?,e10,
1768592217.0850048,SENT,ed3e4fd3-5eab-4d6b-84ad-dceb47254f4f,5495362e-9a8b-4d52-95a1-a836fce555e8,c2,c5,686,?,p2,
1768592217.0852058,FORWARDED,ed3e4fd3-5eab-4d6b-84ad-dceb47254f4f,5495362e-9a8b-4d52-95a1-a836fce555e8,c2,c5,686,?,p2,
1768592217.3473308,SENT,7a5cdc45-f750-4d82-a7c3-28d21d02c692,bf67b156-4794-4586-9736-2004a41eba6f,c4,DROP,441,?,e11,
1768592217.3473747,FORWARDED,7a5cdc45-f750-4d82-a7c3-28d21d02c692,bf67b156-4794-4586-9736-2004a41eba6f,c4,DROP,441,?,e11,
1768592217.4181929,SENT,ae6ed91c-bcb7-4162-8a38-a8ab21a9571e,169e2919-bc84-48d5-8ce9-62376ed5f387,c1,c4,687,?,p1,
1768592217.4182334,FORWARDED,ae6ed91c-bcb7-4162-8a38-a8ab21a9571e,169e2919-bc84-48d5-8ce9-62376ed5f387,c1,c4,687,?,p1,
1768592217.8529549,RECEIVED,0bd361ae-613f-481c-b624-0cd37432fffc,4a9f4636-b7c9-4d01-aa62-8976cebb8a5a,c1,c4,1020,i2,?,
1768592217.8811407,RECEIVED,34d4fe2e-d93c-4401-b33e-f6ad8c6fc2b2,0acbc9af-deff-4afc-9645-5dc441198ab8,c5,c4,1016,i8,?,
1768592218.087664,SENT,34d4fe2e-d93c-4401-b33e-f6ad8c6fc2b2,0acbc9af-deff-4afc-9645-5dc441198ab8,c5,c4,689,?,p1,
1768592218.0877056,FORWARDED,34d4fe2e-d93c-4401-b33e-f6ad8c6fc2b2,0acbc9af-deff-4afc-9645-5dc441198ab8,c5,c4,689,?,p1,
1768592218.1186216,RECEIVED,7d64a894-e211-409c-a73b-a3d0da8d7923,a628643b-1e32-4bfb-a665-d65f58519fdb,c1,c5,1015,i11,?,
1768592218.2569377,SENT,0bd361ae-613f-481c-b624-0cd37432fffc,4a9f4636-b7c9-4d01-aa62-8976cebb8a5a,c1,c4,691,?,p1,
1768592218.2569783,FORWARDED,0bd361ae-613f-481c-b624-0cd37432fffc,4a9f4636-b7c9-4d01-aa62-8976cebb8a5a,c1,c4,691,?,p1,
1768592218.3489594,RECEIVED,2ca73b65-3eea-46f3-b383-baf0a10453fd,9445f41f-ecd4-4614-9b57-de4f2e228384,c5,c1,1011,i8,?,
1768592218.3952725,RECEIVED,c62aa852-e545-4380-a42d-9a27a4b9feb2,a976e428-593c-4b5a-b2ea-33619f9023e0,c4,c2,1021,i12,?,
1768592218.3956933,SENT,7d64a894-e211-409c-a73b-a3d0da8d7923,a628643b-1e32-4bfb-a665-d65f58519fdb,c1,c5,690,?,p2,
1768592218.3957245,FORWARDED,7d64a894-e211-409c-a73b-a3d0da8d7923,a628643b-1e32-4bfb-a665-d65f58519fdb,c1,c5,690,?,p2,
1768592218.4197755,SENT,c62aa852-e545-4380-a42d-9a27a4b9feb2,a976e428-593c-4b5a-b2ea-33619f9023e0,c4,c2,691,?,p2,
1768592218.4198184,FORWARDED,c62aa852-e545-4380-a42d-9a27a4b9feb2,a976e428-593c-4b5a-b2ea-33619f9023e0,c4,c2,691,?,p2,
1768592218.760043,RECEIVED,710155a6-3d75-407a-8581-31a0c71356e5,40e38986-54d0-4435-8eb8-5e4816313721,c2,c5,1011,i2,?,
1768592218.803307,SENT,2ca73b65-3eea-46f3-b383-baf0a10453fd,9445f41f-ecd4-4614-9b57-de4f2e228384,c5,c1,686,?,p1,
1768592218.8034003,FORWARDED,2ca73b65-3eea-46f3-b383-baf0a10453fd,9445f41f-ecd4-4614-9b57-de4f2e228384,c5,c1,686,?,p1,
1768592219.5726366,RECEIVED,48724754-b7b6-4eb2-8235-a4cf6e8a8dc6,a18f96d5-de57-48b9-8bfe-8f3630d29349,c4,c3,1011,i8,?,
1768592219.818874,RECEIVED,9d530e08-b55e-4f43-b309-2d7b99b583e1,087d7a67-4352-44ef-802b-b1ce27ef36e9,c5,c2,1012,i5,?,
1768592219.9934008,SENT,9d530e08-b55e-4f43-b309-2d7b99b583e1,087d7a67-4352-44ef-802b-b1ce27ef36e9,c5,c2,687,?,p2,
1768592219.993439,FORWARDED,9d530e08-b55e-4f43-b309-2d7b99b583e1,087d7a67-4352-44ef-802b-b1ce27ef36e9,c5,c2,687,?,p2,
1768592220.1363988,SENT,48724754-b7b6-4eb2-8235-a4cf6e8a8dc6,a18f96d5-de57-48b9-8bfe-8f3630d29349,c4,c3,687,?,p3,
1768592220.1364384,FORWARDED,48724754-b7b6-4eb2-8235-a4cf6e8a8dc6,a18f96d5-de57-48b9-8bfe-8f3630d29349,c4,c3,687,?,p3,
1768592220.590547,SENT,710155a6-3d75-407a-8581-31a0c71356e5,40e38986-54d0-4435-8eb8-5e4816313721,c2,c5,687,?,p2,
1768592220.590586,FORWARDED,710155a6-3d75-407a-8581-31a0c71356e5,40e38986-54d0-4435-8eb8-5e4816313721,c2,c5,687,?,p2,
1768592220.6917863,RECEIVED,c5a3ebb6-6f9c-46eb-853c-6fd672e8f3fd,515e3bb1-a69a-45f1-9c11-473a28b114d3,c1,c3,1019,i9,?,
1768592220.9889252,RECEIVED,1f06ae2c-70af-4257-b8b3-506e47414634,81744a37-67cd-4dc1-87a6-093e5e31e1e8,c3,c2,1012,i1,?,
1768592221.0035927,RECEIVED,55d00685-49bd-410c-8516-63c6f159230c,1a1810f2-78c1-43dd-9d55-7358a0d88327,c5,c3,1016,i7,?,
1768592221.0231164,SENT,1f06ae2c-70af-4257-b8b3-506e47414634,81744a37-67cd-4dc1-87a6-093e5e31e1e8,c3,c2,687,?,p2,
1768592221.0231566,FORWARDED,1f06ae2c-70af-4257-b8b3-506e47414634,81744a37-67cd-4dc1-87a6-093e5e31e1e8,c3,c2,687,?,p2,
1768592221.0930166,SENT,55d00685-49bd-410c-8516-63c6f159230c,1a1810f2-78c1-43dd-9d55-7358a0d88327,c5,c3,688,?,p3,
1768592221.093405,FORWARDED,55d00685-49bd-410c-8516-63c6f159230c,1a1810f2-78c1-43dd-9d55-7358a0d88327,c5,c3,688,?,p3,
1768592221.570698,RECEIVED,7e2f8b1d-a96a-4814-ae49-b800b12359f2,641c022b-6cde-4c3d-a6ce-34eb1980f7cb,c2,c3,1016,i7,?,
1768592221.5859973,RECEIVED,0a7a70f3-7fb7-433e-84de-802010b10235,d7199c95-e4b5-41db-bd4e-8e01143ace73,c5,c3,1015,i9,?,
1768592221.65578,RECEIVED,e25b1ff6-b0c2-4981-91b6-7fceef1cca90,2e6c8199-0257-4531-a9ac-5ca273c49dbc,c1,c3,1016,i4,?,
1768592221.758473,SENT,e25b1ff6-b0c2-4981-91b6-7fceef1cca90,2e6c8199-0257-4531-a9ac-5ca273c49dbc,c1,c3,689,?,p3,
1768592221.7585177,FORWARDED,e25b1ff6-b0c2-4981-91b6-7fceef1cca90,2e6c8199-0257-4531-a9ac-5ca273c49dbc,c1,c3,689,?,p3,
1768592221.9671009,SENT,7e2f8b1d-a96a-4814-ae49-b800b12359f2,641c022b-6cde-4c3d-a6ce-34eb1980f7cb,c2,c3,688,?,p3,
1768592221.9671443,FORWARDED,7e2f8b1d-a96a-4814-ae49-b800b12359f2,641c022b-6cde-4c3d-a6ce-34eb1980f7cb,c2,c3,688,?,p3,
1768592222.1022885,SENT,0a7a70f3-7fb7-433e-84de-802010b10235,d7199c95-e4b5-41db-bd4e-8e01143ace73,c5,c3,688,?,p3,
1768592222.1023254,FORWARDED,0a7a70f3-7fb7-433e-84de-802010b10235,d7199c95-e4b5-41db-bd4e-8e01143ace73,c5,c3,688,?,p3,
1768592222.1322541,SENT,c5a3ebb6-6f9c-46eb-853c-6fd672e8f3fd,515e3bb1-a69a-45f1-9c11-473a28b114d3,c1,c3,692,?,p3,
1768592222.1323018,FORWARDED,c5a3ebb6-6f9c-46eb-853c-6fd672e8f3fd,515e3bb1-a69a-45f1-9c11-473a28b114d3,c1,c3,692,?,p3,
1768592222.1662192,RECEIVED,7364bb10-a5b2-400c-806f-4327d63a63e2,7439170c-dee1-4248-b5a1-5aef5e34e98b,c1,c4,1015,i11,?,
1768592222.185965,RECEIVED,b18b7ac4-16ed-4b0d-96d6-67296584ddc7,cdf10964-be50-4b82-895f-7bad078ceb39,c1,c3,1025,i5,?,
1768592222.2761438,SENT,b18b7ac4-16ed-4b0d-96d6-67296584ddc7,cdf10964-be50-4b82-895f-7bad078ceb39,c1,c3,695,?,p3,
1768592222.2761867,FORWARDED,b18b7ac4-16ed-4b0d-96d6-67296584ddc7,cdf10964-be50-4b82-895f-7bad078ceb39,c1,c3,695,?,p3,
1768592222.2811959,SENT,7364bb10-a5b2-400c-806f-4327d63a63e2,7439170c-dee1-4248-b5a1-5aef5e34e98b,c1,c4,688,?,p1,
1768592222.2812364,FORWARDED,7364bb10-a5b2-400c-806f-4327d63a63e2,7439170c-dee1-4248-b5a1-5aef5e34e98b,c1,c4,688,?,p1,
1768592222.294428,RECEIVED,c55706ac-903d-4cc3-84f6-00a4906afb22,d16cd091-2969-47f2-8b83-525c26882388,c1,c2,1019,i11,?,
1768592222.4681969,RECEIVED,66670ccd-bf7d-4f31-89a4-3866c5af8b2f,6c5a4c5e-123c-40d2-a919-e983244f09b5,c4,c1,1010,i7,?,
1768592222.699088,RECEIVED,6bfb1433-a511-4cf0-bff4-71c788c47b16,0b69ed15-5f82-4cdc-ab2e-e3c59dded93a,c1,c3,1012,i4,?,
1768592222.819965,RECEIVED,4b72a338-03e6-4c60-ab10-56bf7db75d68,422e48af-9c78-4234-a8db-76df2a33c872,c2,DROP,683,i2,?,
1768592222.9120193,SENT,6bfb1433-a511-4cf0-bff4-71c788c47b16,0b69ed15-5f82-4cdc-ab2e-e3c59dded93a,c1,c3,687,?,p3,
1768592222.9120722,FORWARDED,6bfb1433-a511-4cf0-bff4-71c788c47b16,0b69ed15-5f82-4cdc-ab2e-e3c59dded93a,c1,c3,687,?,p3,
1768592222.9853776,SENT,c55706ac-903d-4cc3-84f6-00a4906afb22,d16cd091-2969-47f2-8b83-525c26882388,c1,c2,692,?,p2,
1768592222.9854188,FORWARDED,c55706ac-903d-4cc3-84f6-00a4906afb22,d16cd091-2969-47f2-8b83-525c26882388,c1,c2,692,?,p2,
1768592223.063257,RECEIVED,5348ae66-4591-478d-a916-657587a40275,1a027576-855e-4faa-94d0-7a98cc9fed28,c5,c3,1012,i2,?,
1768592223.1907792,RECEIVED,0677f099-4558-4fba-9839-6d0e7117d89a,23d5101c-bef3-4d5a-a965-3bb77a01c642,c5,c3,1010,i7,?,
1768592223.1915925,SENT,5348ae66-4591-478d-a916-657587a40275,1a027576-855e-4faa-94d0-7a98cc9fed28,c5,c3,687,?,p3,
1768592223.1916368,FORWARDED,5348ae66-4591-478d-a916-657587a40275,1a027576-855e-4faa-94d0-7a98cc9fed28,c5,c3,687,?,p3,
1768592223.260152,RECEIVED,680d977c-5ae9-469e-8089-98c4986fa120,c09fd624-b3ac-4064-8566-258616a086fb,c3,c5,1024,i8,?,
1768592223.3551977,SENT,66670ccd-bf7d-4f31-89a4-3866c5af8b2f,6c5a4c5e-123c-40d2-a919-e983244f09b5,c4,c1,686,?,p1,
1768592223.3552399,FORWARDED,66670ccd-bf7d-4f31-89a4-3866c5af8b2f,6c5a4c5e-123c-40d2-a919-e983244f09b5,c4,c1,686,?,p1,
1768592223.3793693,SENT,4b72a338-03e6-4c60-ab10-56bf7db75d68,422e48af-9c78-4234-a8db-76df2a33c872,c2,DROP,441,?,x2,
1768592223.379412,FORWARDED,4b72a338-03e6-4c60-ab10-56bf7db75d68,422e48af-9c78-4234-a8db-76df2a33c872,c2,DROP,441,?,x2,
1768592223.3937535,SENT,680d977c-5ae9-469e-8089-98c4986fa120,c09fd624-b3ac-4064-8566-258616a086fb,c3,c5,696,?,p2,
1768592223.3937905,FORWARDED,680d977c-5ae9-469e-8089-98c4986fa120,c09fd624-b3ac-4064-8566-258616a086fb,c3,c5,696,?,p2,
1768592223.5249448,RECEIVED,6c16467d-28c0-445b-88f8-e0df83ed3aa4,62c958c9-958a-43ea-a888-ac38d4234372,c5,c2,1015,i9,?,
1768592223.6486046,RECEIVED,f637e7bc-5dc5-4ea5-b9b3-b772d5f8f421,7d05b458-bb31-4268-8f80-88cefddce904,c5,DROP,682,i9,?,
1768592223.9348445,SENT,6c16467d-28c0-445b-88f8-e0df83ed3aa4,62c958c9-958a-43ea-a888-ac38d4234372,c5,c2,689,?,p2,
1768592223.9348876,FORWARDED,6c16467d-28c0-445b-88f8-e0df83ed3aa4,62c958c9-958a-43ea-a888-ac38d4234372,c5,c2,689,?,p2,
1768592224.4884825,SENT,0677f099-4558-4fba-9839-6d0e7117d89a,23d5101c-bef3-4d5a-a965-3bb77a01c642,c5,c3,687,?,p3,
1768592224.4885325,FORWARDED,0677f099-4558-4fba-9839-6d0e7117d89a,23d5101c-bef3-4d5a-a965-3bb77a01c642,c5,c3,687,?,p3,
1768592224.5031638,RECEIVED,7903158b-7b5c-4950-bf00-bdbb4e32e7e3,bea9cf2c-b21a-47cf-9358-b6f36eb17a30,c3,c1,1012,i4,?,
1768592224.5374405,RECEIVED,dd2e2c60-5668-4e2b-a62f-fb5d1a397d20,1fcc8211-5b6a-4077-97fb-41b653b7fbb5,c3,c1,1023,i1,?,
1768592224.6281748,SENT,7903158b-7b5c-4950-bf00-bdbb4e32e7e3,bea9cf2c-b21a-47cf-9358-b6f36eb17a30,c3,c1,687,?,p1,
1768592224.6282184,FORWARDED,7903158b-7b5c-4950-bf00-bdbb4e32e7e3,bea9cf2c-b21a-47cf-9358-b6f36eb17a30,c3,c1,687,?,p1,
1768592224.6845489,RECEIVED,f0ccb1a6-e1cc-4c76-8a7d-5246fa6821a0,b80b5305-53b7-4a11-97ff-0ea83484ade1,c5,c4,1019,i4,?,
1768592224.7182646,SENT,f637e7bc-5dc5-4ea5-b9b3-b772d5f8f421,7d05b458-bb31-4268-8f80-88cefddce904,c5,DROP,441,?,e3,
1768592224.7183015,FORWARDED,f637e7bc-5dc5-4ea5-b9b3-b772d5f8f421,7d05b458-bb31-4268-8f80-88cefddce904,c5,DROP,441,?,e3,
1768592224.7988083,RECEIVED,1022189f-d084-45ed-bf4b-24aa0ae0c27a,e49ccd11-e651-4e8b-906b-8d4d7766717b,c5,c4,1020,i6,?,
1768592225.037826,SENT,f0ccb1a6-e1cc-4c76-8a7d-5246fa6821a0,b80b5305-53b7-4a11-97ff-0ea83484ade1,c5,c4,691,?,p1,
1768592225.0378687,FORWARDED,f0ccb1a6-e1cc-4c76-8a7d-5246fa6821a0,b80b5305-53b7-4a11-97ff-0ea83484ade1,c5,c4,691,?,p1,
1768592225.0418894,SENT,dd2e2c60-5668-4e2b-a62f-fb5d1a397d20,1fcc8211-5b6a-4077-97fb-41b653b7fbb5,c3,c1,696,?,p1,
1768592225.0419295,FORWARDED,dd2e2c60-5668-4e2b-a62f-fb5d1a397d20,1fcc8211-5b6a-4077-97fb-41b653b7fbb5,c3,c1,696,?,p1,
1768592225.0664232,RECEIVED,aeb96b44-800d-4436-bc5c-66b3a6049a37,ab4ccf7c-9884-4bfd-8633-98156bfc4cec,c1,c3,1011,i6,?,
1768592225.0822108,SENT,1022189f-d084-45ed-bf4b-24aa0ae0c27a,e49ccd11-e651-4e8b-906b-8d4d7766717b,c5,c4,692,?,p1,
1768592225.0822532,FORWARDED,1022189f-d084-45ed-bf4b-24aa0ae0c27a,e49ccd11-e651-4e8b-906b-8d4d7766717b,c5,c4,692,?,p1,
1768592225.125738,RECEIVED,bf1086eb-5f0b-4bd9-8b0e-fe2009b4f3c4,379182ce-29a4-450f-ab86-bf3a30f8c783,c5,c1,1015,i7,?,
1768592225.1339748,RECEIVED,bf53d513-40dd-4bf4-90d2-58386096abb6,586fd2c9-97b7-44e8-99af-cb0d621038f8,c4,c1,1021,i6,?,
1768592225.1659112,SENT,aeb96b44-800d-4436-bc5c-66b3a6049a37,ab4ccf7c-9884-4bfd-8633-98156bfc4cec,c1,c3,687,?,p3,
1768592225.165953,FORWARDED,aeb96b44-800d-4436-bc5c-66b3a6049a37,ab4ccf7c-9884-4bfd-8633-98156bfc4cec,c1,c3,687,?,p3,
1768592225.16832,RECEIVED,e5166a12-661c-4898-bfcd-e912a8ccb9ed,18ecd853-221d-4349-842b-fb3b1e053d2c,c1,c2,1021,i4,?,
1768592225.174015,SENT,bf53d513-40dd-4bf4-90d2-58386096abb6,586fd2c9-97b7-44e8-99af-cb0d621038f8,c4,c1,691,?,p1,
1768592225.1740794,FORWARDED,bf53d513-40dd-4bf4-90d2-58386096abb6,586fd2c9-97b7-44e8-99af-cb0d621038f8,c4,c1,691,?,p1,
1768592225.2214942,SENT,e5166a12-661c-4898-bfcd-e912a8ccb9ed,18ecd853-221d-4349-842b-fb3b1e053d2c,c1,c2,691,?,p2,
1768592225.2215335,FORWARDED,e5166a12-661c-4898-bfcd-e912a8ccb9ed,18ecd853-221d-4349-842b-fb3b1e053d2c,c1,c2,691,?,p2,
1768592225.538039,RECEIVED,abbb1490-9395-40b7-8553-477b8811cfbd,62853f3d-7d9e-4411-a279-c5f96253fc50,c3,c4,1012,i9,?,
1768592225.5744555,RECEIVED,54c2146c-9b43-42ed-9c04-1caf9043191d,49df8ad8-9099-42ec-8211-39f619363009,c2,c1,1013,i5,?,
1768592225.6293797,SENT,54c2146c-9b43-42ed-9c04-1caf9043191d,49df8ad8-9099-42ec-8211-39f619363009,c2,c1,687,?,p1,
1768592225.6294305,FORWARDED,54c2146c-9b43-42ed-9c04-1caf9043191d,49df8ad8-9099-42ec-8211-39f619363009,c2,c1,687,?,p1,
1768592225.6708913,RECEIVED,1d5bbca7-c361-40b1-b197-1f92c3e0591d,c9a771b7-221e-492f-828c-2d8761089df1,c4,c3,1020,i11,?,
1768592225.7305589,SENT,1d5bbca7-c361-40b1-b197-1f92c3e0591d,c9a771b7-221e-492f-828c-2d8761089df1,c4,c3,693,?,p3,
1768592225.7306006,FORWARDED,1d5bbca7-c361-40b1-b197-1f92c3e0591d,c9a771b7-221e-492f-828c-2d8761089df1,c4,c3,693,?,p3,
1768592225.9814377,SENT,abbb1490-9395-40b7-8553-477b8811cfbd,62853f3d-7d9e-4411-a279-c5f96253fc50,c3,c4,687,?,p1,
1768592225.9814777,FORWARDED,abbb1490-9395-40b7-8553-477b8811cfbd,62853f3d-7d9e-4411-a279-c5f96253fc50,c3,c4,687,?,p1,
1768592226.0588317,SENT,bf1086eb-5f0b-4bd9-8b0e-fe2009b4f3c4,379182ce-29a4-450f-ab86-bf3a30f8c783,c5,c1,688,?,p1,
1768592226.0588784,FORWARDED,bf1086eb-5f0b-4bd9-8b0e-fe2009b4f3c4,379182ce-29a4-450f-ab86-bf3a30f8c783,c5,c1,688,?,p1,
1768592226.4199998,RECEIVED,937ad2e7-af68-4710-a66f-3e4b7217f6df,c8f4f159-329a-4573-a2af-a7ed2b1d4876,c5,c1,1023,i11,?,
1768592226.7043493,RECEIVED,7ed29b52-cb09-4fad-a3c0-4400ded17044,1da93aed-5a68-4c22-8fc3-df5f42df8c59,c4,c3,1016,i5,?,
1768592226.922722,SENT,7ed29b52-cb09-4fad-a3c0-4400ded17044,1da93aed-5a68-4c22-8fc3-df5f42df8c59,c4,c3,688,?,p3,
1768592226.9230318,FORWARDED,7ed29b52-cb09-4fad-a3c0-4400ded17044,1da93aed-5a68-4c22-8fc3-df5f42df8c59,c4,c3,688,?,p3,
1768592226.9688594,RECEIVED,e431f6f8-045a-4a20-8992-69cc02ebc85f,1d3eb72d-c855-435e-97d1-e87cc5f0380e,c2,c5,1016,i2,?,
1768592226.9764454,SENT,937ad2e7-af68-4710-a66f-3e4b7217f6df,c8f4f159-329a-4573-a2af-a7ed2b1d4876,c5,c1,696,?,p1,
1768592226.9764874,FORWARDED,937ad2e7-af68-4710-a66f-3e4b7217f6df,c8f4f159-329a-4573-a2af-a7ed2b1d4876,c5,c1,696,?,p1,
1768592227.0744987,RECEIVED,088d2db3-bbcb-4f83-bb5b-b2191a3f3c77,be3c89ad-356a-4d8f-b376-dcf2f946d75d,c5,c1,1012,i6,?,
1768592227.0772288,SENT,e431f6f8-045a-4a20-8992-69cc02ebc85f,1d3eb72d-c855-435e-97d1-e87cc5f0380e,c2,c5,688,?,p2,
1768592227.0772688,FORWARDED,e431f6f8-045a-4a20-8992-69cc02ebc85f,1d3eb72d-c855-435e-97d1-e87cc5f0380e,c2,c5,688,?,p2,
1768592227.127771,RECEIVED,4b3613b2-38ad-48c3-9d7a-69fcd263c0e7,51d60275-4d7f-4fde-b134-ef80c69dfa5f,c5,c4,1011,i5,?,
1768592227.2403207,RECEIVED,d5ba1344-5627-4962-a6fb-344d85c77d52,2dd378f0-5faf-4ab4-922d-e89b95806454,c5,c3,1015,i11,?,
1768592227.34985,RECEIVED,a32d15b8-f124-43a6-a627-a0aac633b5cf,3a7fc6e7-b79d-46af-a55b-79a9fe9ed84b,c1,c3,1023,i11,?,
1768592227.386649,SENT,088d2db3-bbcb-4f83-bb5b-b2191a3f3c77,be3c89ad-356a-4d8f-b376-dcf2f946d75d,c5,c1,685,?,p1,
1768592227.3866892,FORWARDED,088d2db3-bbcb-4f83-bb5b-b2191a3f3c77,be3c89ad-356a-4d8f-b376-dcf2f946d75d,c5,c1,685,?,p1,
1768592227.4427717,SENT,d5ba1344-5627-4962-a6fb-344d85c77d52,2dd378f0-5faf-4ab4-922d-e89b95806454,c5,c3,688,?,p3,
1768592227.4428258,FORWARDED,d5ba1344-5627-4962-a6fb-344d85c77d52,2dd378f0-5faf-4ab4-922d-e89b95806454,c5,c3,688,?,p3,
1768592227.5104687,SENT,4b3613b2-38ad-48c3-9d7a-69fcd263c0e7,51d60275-4d7f-4fde-b134-ef80c69dfa5f,c5,c4,685,?,p1,
1768592227.5105212,FORWARDED,4b3613b2-38ad-48c3-9d7a-69fcd263c0e7,51d60275-4d7f-4fde-b134-ef80c69dfa5f,c5,c4,685,?,p1,
1768592227.9427042,RECEIVED,51b6339d-205c-46d9-bae5-173098ee1a0c,66aaf551-d3eb-4a73-a6ff-595a4ba3c32f,c5,c3,1016,i4,?,
1768592228.0186307,SENT,51b6339d-205c-46d9-bae5-173098ee1a0c,66aaf551-d3eb-4a73-a6ff-595a4ba3c32f,c5,c3,688,?,p3,
1768592228.018671,FORWARDED,51b6339d-205c-46d9-bae5-173098ee1a0c,66aaf551-d3eb-4a73-a6ff-595a4ba3c32f,c5,c3,688,?,p3,
1768592228.0830326,SENT,a32d15b8-f124-43a6-a627-a0aac633b5cf,3a7fc6e7-b79d-46af-a55b-79a9fe9ed84b,c1,c3,695,?,p3,
1768592228.0830872,FORWARDED,a32d15b8-f124-43a6-a627-a0aac633b5cf,3a7fc6e7-b79d-46af-a55b-79a9fe9ed84b,c1,c3,695,?,p3,
1768592228.4058444,RECEIVED,96d6a0d5-aebd-4463-8e3e-6589eee176a4,a7c1dac4-92db-4b67-b263-66b61f6f9799,c5,c4,1011,i12,?,
1768592228.4639146,RECEIVED,dd738e7d-ffe8-476e-abae-e5e337fe744c,6a9508c2-7e9b-4d30-b9de-196fd1b3fd40,c4,c3,1007,i5,?,
1768592228.5284543,RECEIVED,db11bcc7-3a80-426c-a2aa-785b880bfe67,eda09610-3c0c-4679-af9c-b9a8e1dfba2f,c2,DROP,689,i2,?,
1768592228.577827,RECEIVED,45ebbd0d-1044-4fa4-83f4-ff085bb6db3f,eb2f91c0-949f-4fc8-ba2d-01157b704653,c1,DROP,688,i4,?,
1768592228.589023,RECEIVED,10d0b3fd-c7ef-426a-a85f-80faea0cbad5,3453bef3-4c31-48c1-a499-3d74705ae16c,c2,c5,1007,i11,?,
1768592228.6112647,SENT,dd738e7d-ffe8-476e-abae-e5e337fe744c,6a9508c2-7e9b-4d30-b9de-196fd1b3fd40,c4,c3,684,?,p3,
1768592228.6113064,FORWARDED,dd738e7d-ffe8-476e-abae-e5e337fe744c,6a9508c2-7e9b-4d30-b9de-196fd1b3fd40,c4,c3,684,?,p3,
1768592228.6378062,SENT,45ebbd0d-1044-4fa4-83f4-ff085bb6db3f,eb2f91c0-949f-4fc8-ba2d-01157b704653,c1,DROP,442,?,e9,
1768592228.6378422,FORWARDED,45ebbd0d-1044-4fa4-83f4-ff085bb6db3f,eb2f91c0-949f-4fc8-ba2d-01157b704653,c1,DROP,442,?,e9,
1768592228.6773174,SENT,db11bcc7-3a80-426c-a2aa-785b880bfe67,eda09610-3c0c-4679-af9c-b9a8e1dfba2f,c2,DROP,442,?,x11,
1768592228.6773562,FORWARDED,db11bcc7-3a80-426c-a2aa-785b880bfe67,eda09610-3c0c-4679-af9c-b9a8e1dfba2f,c2,DROP,442,?,x11,
1768592228.7345366,SENT,10d0b3fd-c7ef-426a-a85f-80faea0cbad5,3453bef3-4c31-48c1-a499-3d74705ae16c,c2,c5,683,?,p2,
1768592228.7366412,FORWARDED,10d0b3fd-c7ef-426a-a85f-80faea0cbad5,3453bef3-4c31-48c1-a499-3d74705ae16c,c2,c5,683,?,p2,
1768592228.760819,RECEIVED,a78350e0-0d35-4299-b4f8-6d2c0670754c,d00b9d5d-9ad6-4b99-bd98-f64001656244,c3,c5,1012,i5,?,
1768592228.8804004,SENT,a78350e0-0d35-4299-b4f8-6d2c0670754c,d00b9d5d-9ad6-4b99-bd98-f64001656244,c3,c5,687,?,p2,
1768592228.880442,FORWARDED,a78350e0-0d35-4299-b4f8-6d2c0670754c,d00b9d5d-9ad6-4b99-bd98-f64001656244,c3,c5,687,?,p2,
1768592228.9318936,SENT,96d6a0d5-aebd-4463-8e3e-6589eee176a4,a7c1dac4-92db-4b67-b263-66b61f6f9799,c5,c4,687,?,p1,
1768592228.9319317,FORWARDED,96d6a0d5-aebd-4463-8e3e-6589eee176a4,a7c1dac4-92db-4b67-b263-66b61f6f9799,c5,c4,687,?,p1,
1768592229.0759435,RECEIVED,2693cc46-0ab4-43b0-9d4f-24c057da1ec4,d6bbbd84-af6e-4afb-9a60-8b1229df7b79,c5,c3,1023,i11,?,
1768592229.2157142,RECEIVED,67d24333-2141-42bf-b2b8-fe70594eb3dd,c23272fb-17e6-4132-b2ba-331d2b4970df,c4,c3,1024,i11,?,
1768592229.3757534,SENT,67d24333-2141-42bf-b2b8-fe70594eb3dd,c23272fb-17e6-4132-b2ba-331d2b4970df,c4,c3,695,?,p3,
1768592229.3757963,FORWARDED,67d24333-2141-42bf-b2b8-fe70594eb3dd,c23272fb-17e6-4132-b2ba-331d2b4970df,c4,c3,695,?,p3,
1768592229.7502801,RECEIVED,2d34740f-62a3-4c10-ba37-7022a6ec5d80,b4b0c26e-3da5-48ef-963f-d50b73dc8b0f,c1,c4,1013,i12,?,
1768592229.7821116,SENT,2d34740f-62a3-4c10-ba37-7022a6ec5d80,b4b0c26e-3da5-48ef-963f-d50b73dc8b0f,c1,c4,686,?,p1,
1768592229.7821493,FORWARDED,2d34740f-62a3-4c10-ba37-7022a6ec5d80,b4b0c26e-3da5-48ef-963f-d50b73dc8b0f,c1,c4,686,?,p1,
1768592229.80414,RECEIVED,41317fe3-0137-4e7f-b558-084a76b2472a,f2e42887-3f92-482d-be81-ccc81131a07d,c1,c3,1012,i1,?,
1768592230.1555808,SENT,41317fe3-0137-4e7f-b558-084a76b2472a,f2e42887-3f92-482d-be81-ccc81131a07d,c1,c3,687,?,p3,
1768592230.1556225,FORWARDED,41317fe3-0137-4e7f-b558-084a76b2472a,f2e42887-3f92-482d-be81-ccc81131a07d,c1,c3,687,?,p3,
1768592230.2015378,RECEIVED,e37247c3-a716-4284-82c2-203a39144a5a,d8ffd64d-5ab5-404a-a950-5eb2690791ac,c2,c5,1019,i11,?,
1768592230.3269305,SENT,2693cc46-0ab4-43b0-9d4f-24c057da1ec4,d6bbbd84-af6e-4afb-9a60-8b1229df7b79,c5,c3,696,?,p3,
1768592230.3269715,FORWARDED,2693cc46-0ab4-43b0-9d4f-24c057da1ec4,d6bbbd84-af6e-4afb-9a60-8b1229df7b79,c5,c3,696,?,p3,
1768592230.4182215,RECEIVED,ef71343c-6aeb-4002-9f14-0e39d4b344ea,936789cf-4ed6-4a5c-a57f-527426ca2d92,c3,c2,1012,i1,?,
1768592230.4415653,SENT,e37247c3-a716-4284-82c2-203a39144a5a,d8ffd64d-5ab5-404a-a950-5eb2690791ac,c2,c5,692,?,p2,
1768592230.4416077,FORWARDED,e37247c3-a716-4284-82c2-203a39144a5a,d8ffd64d-5ab5-404a-a950-5eb2690791ac,c2,c5,692,?,p2,
1768592230.5148256,RECEIVED,c7038eab-a95f-4598-a089-301c055d1029,c392b2c1-4243-433a-a0fd-0d901487f4ce,c4,c2,1008,i5,?,
1768592230.556216,SENT,ef71343c-6aeb-4002-9f14-0e39d4b344ea,936789cf-4ed6-4a5c-a57f-527426ca2d92,c3,c2,686,?,p2,
1768592230.5562549,FORWARDED,ef71343c-6aeb-4002-9f14-0e39d4b344ea,936789cf-4ed6-4a5c-a57f-527426ca2d92,c3,c2,686,?,p2,
1768592230.6191416,RECEIVED,06f12ffa-efa3-4f64-8925-54b9db231ef1,feb3d00b-4c4b-43f9-9a01-b0e3375357dc,c1,c3,1016,i8,?,
1768592230.6685805,SENT,06f12ffa-efa3-4f64-8925-54b9db231ef1,feb3d00b-4c4b-43f9-9a01-b0e3375357dc,c1,c3,688,?,p3,
1768592230.6686225,FORWARDED,06f12ffa-efa3-4f64-8925-54b9db231ef1,feb3d00b-4c4b-43f9-9a01-b0e3375357dc,c1,c3,688,?,p3,
1768592230.8364193,SENT,c7038eab-a95f-4598-a089-301c055d1029,c392b2c1-4243-433a-a0fd-0d901487f4ce,c4,c2,683,?,p2,
1768592230.836453,FORWARDED,c7038eab-a95f-4598-a089-301c055d1029,c392b2c1-4243-433a-a0fd-0d901487f4ce,c4,c2,683,?,p2,
1768592231.2622898,RECEIVED,a0747669-22bc-4ef9-a1b1-4d467db2e7f0,1da92428-5909-4ba2-b039-d7280c79b5e7,c1,c2,1011,i1,?,
1768592231.3829458,RECEIVED,34116021-e0c8-42e9-8d77-9899b554431e,f9c5cef7-a9bd-47e8-ad36-32a96d5a33be,c4,c3,1012,i2,?,
1768592231.5197508,RECEIVED,28665cbb-36b5-4e95-ba6d-d355359e228b,ecac6012-3ef0-4c0d-94ed-8785739b6388,c3,c2,1020,i4,?,
1768592231.6324081,SENT,a0747669-22bc-4ef9-a1b1-4d467db2e7f0,1da92428-5909-4ba2-b039-d7280c79b5e7,c1,c2,687,?,p2,
1768592231.6324472,FORWARDED,a0747669-22bc-4ef9-a1b1-4d467db2e7f0,1da92428-5909-4ba2-b039-d7280c79b5e7,c1,c2,687,?,p2,
1768592231.6596994,SENT,34116021-e0c8-42e9-8d77-9899b554431e,f9c5cef7-a9bd-47e8-ad36-32a96d5a33be,c4,c3,687,?,p3,
1768592231.6597416,FORWARDED,34116021-e0c8-42e9-8d77-9899b554431e,f9c5cef7-a9bd-47e8-ad36-32a96d5a33be,c4,c3,687,?,p3,
1768592231.6972034,SENT,28665cbb-36b5-4e95-ba6d-d355359e228b,ecac6012-3ef0-4c0d-94ed-8785739b6388,c3,c2,691,?,p2,
1768592231.6972423,FORWARDED,28665cbb-36b5-4e95-ba6d-d355359e228b,ecac6012-3ef0-4c0d-94ed-8785739b6388,c3,c2,691,?,p2,
1768592231.7371423,RECEIVED,60348dec-a295-48f1-8003-644bb33f89cc,ee7d1033-08f4-4183-9fde-c41c01932698,c4,c5,1020,i11,?,
1768592231.7532194,RECEIVED,2c1d4c1a-66b1-4975-9196-d9024092272f,9a77e4ad-780a-4039-ba3f-fbd1cc775930,c1,c5,1019,i11,?,
1768592231.8567166,RECEIVED,c9b9cba4-8463-4b27-92dc-a13d5e4fcf9e,ce5ab0e6-790c-402d-a673-ba6f9d811545,c3,c2,1010,i4,?,
1768592231.9288247,SENT,60348dec-a295-48f1-8003-644bb33f89cc,ee7d1033-08f4-4183-9fde-c41c01932698,c4,c5,691,?,p2,
1768592231.9288628,FORWARDED,60348dec-a295-48f1-8003-644bb33f89cc,ee7d1033-08f4-4183-9fde-c41c01932698,c4,c5,691,?,p2,
1768592232.3420768,RECEIVED,a471dd3e-be1b-4aef-85e8-5aa66171df99,953539b3-85fe-4765-8c0e-02e55969644e,c3,DROP,441,x12,?,
1768592232.5120773,RECEIVED,60ed530d-910a-457d-8190-f2be4b388198,bf1700f2-72e7-4acc-a114-42414f031ccf,c1,c4,1015,i7,?,
1768592232.9597807,RECEIVED,d2694124-6760-4335-be99-73e7564214b0,27b21330-36da-47e6-8e52-d5ba7ab50c94,c4,c5,1011,i7,?,
1768592232.9609458,RECEIVED,07a3a76f-f22a-435a-885f-02f29bc95808,4b71b8d8-22ac-4fe1-bbbf-bc6fdc2a5b49,c5,c3,1011,i5,?,
1768592233.0283837,SENT,2c1d4c1a-66b1-4975-9196-d9024092272f,9a77e4ad-780a-4039-ba3f-fbd1cc775930,c1,c5,692,?,p2,
1768592233.0284262,FORWARDED,2c1d4c1a-66b1-4975-9196-d9024092272f,9a77e4ad-780a-4039-ba3f-fbd1cc775930,c1,c5,692,?,p2,
1768592233.1696033,SENT,c9b9cba4-8463-4b27-92dc-a13d5e4fcf9e,ce5ab0e6-790c-402d-a673-ba6f9d811545,c3,c2,687,?,p2,
1768592233.1696446,FORWARDED,c9b9cba4-8463-4b27-92dc-a13d5e4fcf9e,ce5ab0e6-790c-402d-a673-ba6f9d811545,c3,c2,687,?,p2,
1768592233.322282,RECEIVED,8bc387b0-25b7-475d-b096-b1a3946f9d9b,1f40cf68-151b-4e6c-be27-390d408598b9,c2,c1,1011,i2,?,
1768592233.6524115,SENT,07a3a76f-f22a-435a-885f-02f29bc95808,4b71b8d8-22ac-4fe1-bbbf-bc6fdc2a5b49,c5,c3,687,?,p3,
1768592233.6524544,FORWARDED,07a3a76f-f22a-435a-885f-02f29bc95808,4b71b8d8-22ac-4fe1-bbbf-bc6fdc2a5b49,c5,c3,687,?,p3,
1768592233.6681938,RECEIVED,b4ae44c8-93d6-473b-8823-5ae8e9b986b2,a1944e2b-b2c7-45fc-b28d-9d4e71ff39f7,c4,c2,1011,i9,?,
1768592233.6947033,SENT,8bc387b0-25b7-475d-b096-b1a3946f9d9b,1f40cf68-151b-4e6c-be27-390d408598b9,c2,c1,687,?,p1,
1768592233.6947439,FORWARDED,8bc387b0-25b7-475d-b096-b1a3946f9d9b,1f40cf68-151b-4e6c-be27-390d408598b9,c2,c1,687,?,p1,
1768592233.7999911,RECEIVED,4a5c0d92-c89f-4fa9-b2a1-ce1468f79f6c,1eac590e-4b77-419a-a0e1-4d7b28e59707,c2,c4,1011,i4,?,
1768592233.8491387,SENT,b4ae44c8-93d6-473b-8823-5ae8e9b986b2,a1944e2b-b2c7-45fc-b28d-9d4e71ff39f7,c4,c2,687,?,p2,
1768592233.849196,FORWARDED,b4ae44c8-93d6-473b-8823-5ae8e9b986b2,a1944e2b-b2c7-45fc-b28d-9d4e71ff39f7,c4,c2,687,?,p2,
1768592233.8654602,RECEIVED,5bf3a47a-6cb0-4c2a-b418-6a72a0438fc8,f96e643e-b379-4c34-b9ff-1d02ba5997cf,c5,c2,1013,i6,?,
1768592233.9064887,SENT,5bf3a47a-6cb0-4c2a-b418-6a72a0438fc8,f96e643e-b379-4c34-b9ff-1d02ba5997cf,c5,c2,687,?,p2,
1768592233.9065285,FORWARDED,5bf3a47a-6cb0-4c2a-b418-6a72a0438fc8,f96e643e-b379-4c34-b9ff-1d02ba5997cf,c5,c2,687,?,p2,
1768592233.9122977,SENT,d2694124-6760-4335-be99-73e7564214b0,27b21330-36da-47e6-8e52-d5ba7ab50c94,c4,c5,686,?,p2,
1768592233.9123397,FORWARDED,d2694124-6760-4335-be99-73e7564214b0,27b21330-36da-47e6-8e52-d5ba7ab50c94,c4,c5,686,?,p2,
1768592233.9518578,RECEIVED,06e49811-5592-45fb-a343-0a5814edf6a9,8c8c1a84-5f13-4c22-a644-5529c0ead042,c3,DROP,441,x9,?,
1768592233.9644034,RECEIVED,1ed87335-83f5-425f-b30a-a049e59d6bff,13171a23-b0e2-4577-9737-168d98fd8938,c2,c4,1015,i12,?,
1768592234.0089264,SENT,60ed530d-910a-457d-8190-f2be4b388198,bf1700f2-72e7-4acc-a114-42414f031ccf,c1,c4,688,?,p1,
1768592234.0089693,FORWARDED,60ed530d-910a-457d-8190-f2be4b388198,bf1700f2-72e7-4acc-a114-42414f031ccf,c1,c4,688,?,p1,
1768592234.492631,SENT,1ed87335-83f5-425f-b30a-a049e59d6bff,13171a23-b0e2-4577-9737-168d98fd8938,c2,c4,688,?,p1,
1768592234.4926753,FORWARDED,1ed87335-83f5-425f-b30a-a049e59d6bff,13171a23-b0e2-4577-9737-168d98fd8938,c2,c4,688,?,p1,
1768592234.5063093,SENT,4a5c0d92-c89f-4fa9-b2a1-ce1468f79f6c,1eac590e-4b77-419a-a0e1-4d7b28e59707,c2,c4,687,?,p1,
1768592234.5063431,FORWARDED,4a5c0d92-c89f-4fa9-b2a1-ce1468f79f6c,1eac590e-4b77-419a-a0e1-4d7b28e59707,c2,c4,687,?,p1,
1768592234.6049502,RECEIVED,73209420-169b-4124-bf72-60a34cc00f09,41d42155-8989-428f-aab1-777dfa0971bb,c1,c2,1010,i5,?,
1768592234.9905946,RECEIVED,e18f7bc4-696f-43e6-b107-7c43437a4c07,e4a71e89-b3c5-45c3-9123-135e4bcd26c2,c1,c5,1019,i8,?,
1768592235.0791104,RECEIVED,ae5d0868-cf78-4b21-bbad-b76047bcfc75,a0b4df64-5d3d-43bd-862f-8338d71acd28,c3,c5,1016,i5,?,
1768592235.1938555,SENT,ae5d0868-cf78-4b21-bbad-b76047bcfc75,a0b4df64-5d3d-43bd-862f-8338d71acd28,c3,c5,689,?,p2,
1768592235.1938968,FORWARDED,ae5d0868-cf78-4b21-bbad-b76047bcfc75,a0b4df64-5d3d-43bd-862f-8338d71acd28,c3,c5,689,?,p2,
1768592235.2563741,RECEIVED,c6888123-101c-4872-b442-a9b214392d14,8806015f-b9e2-4d58-9e73-d3806e8b61cc,c1,DROP,441,x8,?,
1768592235.3046694,RECEIVED,8a6f7998-4114-43b1-8124-52cdd79670b7,a0d2b4c9-5c5d-4cb1-9eb9-2575fb635651,c3,c1,1012,i7,?,
1768592235.447951,SENT,8a6f7998-4114-43b1-8124-52cdd79670b7,a0d2b4c9-5c5d-4cb1-9eb9-2575fb635651,c3,c1,687,?,p1,
1768592235.44801,FORWARDED,8a6f7998-4114-43b1-8124-52cdd79670b7,a0d2b4c9-5c5d-4cb1-9eb9-2575fb635651,c3,c1,687,?,p1,
1768592235.5371819,RECEIVED,45b32b6c-f2bf-4b4f-ab3f-5aebfa6a5458,b7279838-d39d-406a-84ab-501dbf7e1546,c2,c1,1019,i11,?,
1768592235.6557996,RECEIVED,6d2f1898-2d35-4a60-a57c-a2e6e494c4c1,239da005-1874-40da-ad2c-df0d0cbc0683,c2,c1,1015,i5,?,
1768592235.66372,SENT,e18f7bc4-696f-43e6-b107-7c43437a4c07,e4a71e89-b3c5-45c3-9123-135e4bcd26c2,c1,c5,693,?,p2,
1768592235.6637645,FORWARDED,e18f7bc4-696f-43e6-b107-7c43437a4c07,e4a71e89-b3c5-45c3-9123-135e4bcd26c2,c1,c5,693,?,p2,
1768592235.6924121,SENT,73209420-169b-4124-bf72-60a34cc00f09,41d42155-8989-428f-aab1-777dfa0971bb,c1,c2,687,?,p2,
1768592235.6924884,FORWARDED,73209420-169b-4124-bf72-60a34cc00f09,41d42155-8989-428f-aab1-777dfa0971bb,c1,c2,687,?,p2,
1768592235.7262852,RECEIVED,676c3b15-0370-4b91-ba65-3dd534dac36f,00a27527-d8d7-45fd-acc4-af95855cc6e4,c3,c5,1011,i6,?,
1768592235.8762362,RECEIVED,25a719a6-b3f3-4517-bcd8-0096b8c69fe4,986d259c-7fa7-4455-a906-ca95b2fe3fb3,c3,c2,1015,i11,?,
1768592235.91402,SENT,25a719a6-b3f3-4517-bcd8-0096b8c69fe4,986d259c-7fa7-4455-a906-ca95b2fe3fb3,c3,c2,689,?,p2,
1768592235.9140816,FORWARDED,25a719a6-b3f3-4517-bcd8-0096b8c69fe4,986d259c-7fa7-4455-a906-ca95b2fe3fb3,c3,c2,689,?,p2,
1768592235.9948802,SENT,676c3b15-0370-4b91-ba65-3dd534dac36f,00a27527-d8d7-45fd-acc4-af95855cc6e4,c3,c5,687,?,p2,
1768592235.9949257,FORWARDED,676c3b15-0370-4b91-ba65-3dd534dac36f,00a27527-d8d7-45fd-acc4-af95855cc6e4,c3,c5,687,?,p2,
1768592236.0638163,RECEIVED,5ab185bf-effc-4797-87dd-e326ac5841a9,a5832cdb-e0dd-4e7d-89bb-0b135f27abd6,c4,c2,1019,i9,?,
1768592236.1868596,RECEIVED,868afddc-93c2-410b-ace3-9a75e31bd35d,58edc6f5-7e55-412a-a25d-ae1470c50418,c3,c2,1024,i12,?,
1768592236.3049629,RECEIVED,e24784b7-3f71-4f83-a2c1-6b88356dd775,9d3d511b-8fd9-43e6-a2c0-4ced2770d768,c3,c5,1011,i4,?,
1768592236.3164754,RECEIVED,a698b42b-c0e2-414d-83d6-c943fbb8512a,93a3bbd0-f55c-4672-b4ef-2c6b1517a65f,c2,c3,1019,i11,?,
1768592236.4193077,SENT,e24784b7-3f71-4f83-a2c1-6b88356dd775,9d3d511b-8fd9-43e6-a2c0-4ced2770d768,c3,c5,687,?,p2,
1768592236.4193482,FORWARDED,e24784b7-3f71-4f83-a2c1-6b88356dd775,9d3d511b-8fd9-43e6-a2c0-4ced2770d768,c3,c5,687,?,p2,
1768592236.4284837,SENT,45b32b6c-f2bf-4b4f-ab3f-5aebfa6a5458,b7279838-d39d-406a-84ab-501dbf7e1546,c2,c1,692,?,p1,
1768592236.4285204,FORWARDED,45b32b6c-f2bf-4b4f-ab3f-5aebfa6a5458,b7279838-d39d-406a-84ab-501dbf7e1546,c2,c1,692,?,p1,
1768592236.4474773,SENT,5ab185bf-effc-4797-87dd-e326ac5841a9,a5832cdb-e0dd-4e7d-89bb-0b135f27abd6,c4,c2,691,?,p2,
1768592236.4475265,FORWARDED,5ab185bf-effc-4797-87dd-e326ac5841a9,a5832cdb-e0dd-4e7d-89bb-0b135f27abd6,c4,c2,691,?,p2,
1768592236.513102,SENT,6d2f1898-2d35-4a60-a57c-a2e6e494c4c1,239da005-1874-40da-ad2c-df0d0cbc0683,c2,c1,688,?,p1,
1768592236.513139,FORWARDED,6d2f1898-2d35-4a60-a57c-a2e6e494c4c1,239da005-1874-40da-ad2c-df0d0cbc0683,c2,c1,688,?,p1,
1768592236.6071339,RECEIVED,2a55158f-05a6-4047-a224-cf6423ffdb16,690d3a4d-e932-4e6d-b326-5ef41db77489,c1,c5,1011,i1,?,
1768592236.6172872,RECEIVED,246db59b-5445-4f64-892f-2c36cd159f3a,18d988f6-583a-45ab-a5c1-244c151019fd,c2,c4,1012,i1,?,
1768592236.6785104,SENT,868afddc-93c2-410b-ace3-9a75e31bd35d,58edc6f5-7e55-412a-a25d-ae1470c50418,c3,c2,695,?,p2,
1768592236.678552,FORWARDED,868afddc-93c2-410b-ace3-9a75e31bd35d,58edc6f5-7e55-412a-a25d-ae1470c50418,c3,c2,695,?,p2,
1768592236.721834,RECEIVED,b5b5fecb-b853-4fb7-af08-3c4b771706da,6e20e949-1e55-4d7d-a732-2b3d9f6b03b6,c2,c3,1011,i12,?,
1768592236.8120155,SENT,a698b42b-c0e2-414d-83d6-c943fbb8512a,93a3bbd0-f55c-4672-b4ef-2c6b1517a65f,c2,c3,691,?,p3,
1768592236.8120768,FORWARDED,a698b42b-c0e2-414d-83d6-c943fbb8512a,93a3bbd0-f55c-4672-b4ef-2c6b1517a65f,c2,c3,691,?,p3,
1768592236.8286314,SENT,2a55158f-05a6-4047-a224-cf6423ffdb16,690d3a4d-e932-4e6d-b326-5ef41db77489,c1,c5,687,?,p2,
1768592236.8286653,FORWARDED,2a55158f-05a6-4047-a224-cf6423ffdb16,690d3a4d-e932-4e6d-b326-5ef41db77489,c1,c5,687,?,p2,
1768592237.0495179,RECEIVED,38186e85-c2ce-42e7-8459-4fb20cefe504,a6b41556-7f71-4ca8-8a75-e0ee212abab5,c2,c5,1019,i12,?,
1768592237.0689962,SENT,246db59b-5445-4f64-892f-2c36cd159f3a,18d988f6-583a-45ab-a5c1-244c151019fd,c2,c4,687,?,p1,
1768592237.0690453,FORWARDED,246db59b-5445-4f64-892f-2c36cd159f3a,18d988f6-583a-45ab-a5c1-244c151019fd,c2,c4,687,?,p1,
1768592237.1318893,RECEIVED,e66cc9da-f127-4c57-8594-1d76e126810b,daab6a2d-cc02-4c65-8c01-0492e0ae79cb,c1,c5,1012,i4,?,
1768592237.313584,RECEIVED,82057bb3-dfb8-47c6-a47a-b5780d0ee60c,0b99a5bd-1882-4208-9c73-c1bbbbe21eff,c4,c1,1015,i1,?,
1768592237.3652434,RECEIVED,e9f0432b-4a7b-4c23-a1d5-2e0d7eab3af0,547a8f8e-036c-4a3e-b262-d0ed40a72c93,c4,c3,1020,i4,?,
1768592237.470346,SENT,e66cc9da-f127-4c57-8594-1d76e126810b,daab6a2d-cc02-4c65-8c01-0492e0ae79cb,c1,c5,686,?,p2,
1768592237.47039,FORWARDED,e66cc9da-f127-4c57-8594-1d76e126810b,daab6a2d-cc02-4c65-8c01-0492e0ae79cb,c1,c5,686,?,p2,
1768592237.483581,RECEIVED,0cd080c8-c75d-4c88-91cc-d00273ad4cce,5af7163e-348a-4775-8cd5-3c8c092673a9,c4,c5,1011,i4,?,
1768592237.6013923,SENT,82057bb3-dfb8-47c6-a47a-b5780d0ee60c,0b99a5bd-1882-4208-9c73-c1bbbbe21eff,c4,c1,689,?,p1,
1768592237.6014998,FORWARDED,82057bb3-dfb8-47c6-a47a-b5780d0ee60c,0b99a5bd-1882-4208-9c73-c1bbbbe21eff,c4,c1,689,?,p1,
1768592237.736271,SENT,e9f0432b-4a7b-4c23-a1d5-2e0d7eab3af0,547a8f8e-036c-4a3e-b262-d0ed40a72c93,c4,c3,693,?,p3,
1768592237.7363153,FORWARDED,e9f0432b-4a7b-4c23-a1d5-2e0d7eab3af0,547a8f8e-036c-4a3e-b262-d0ed40a72c93,c4,c3,693,?,p3,
1768592237.8561084,SENT,38186e85-c2ce-42e7-8459-4fb20cefe504,a6b41556-7f71-4ca8-8a75-e0ee212abab5,c2,c5,692,?,p2,
1768592237.856162,FORWARDED,38186e85-c2ce-42e7-8459-4fb20cefe504,a6b41556-7f71-4ca8-8a75-e0ee212abab5,c2,c5,692,?,p2,
1768592238.3276954,SENT,0cd080c8-c75d-4c88-91cc-d00273ad4cce,5af7163e-348a-4775-8cd5-3c8c092673a9,c4,c5,686,?,p2,
1768592238.3277366,FORWARDED,0cd080c8-c75d-4c88-91cc-d00273ad4cce,5af7163e-348a-4775-8cd5-3c8c092673a9,c4,c5,686,?,p2,
1768592238.6497617,RECEIVED,f0dbf832-8897-4428-a2fb-bb198c284ac6,42ac3342-2b23-485e-9b59-cee8f14bafb0,c3,c2,1018,i4,?,
1768592238.7302165,SENT,f0dbf832-8897-4428-a2fb-bb198c284ac6,42ac3342-2b23-485e-9b59-cee8f14bafb0,c3,c2,692,?,p2,
1768592238.7302585,FORWARDED,f0dbf832-8897-4428-a2fb-bb198c284ac6,42ac3342-2b23-485e-9b59-cee8f14bafb0,c3,c2,692,?,p2,
1768592238.872375,SENT,b5b5fecb-b853-4fb7-af08-3c4b771706da,6e20e949-1e55-4d7d-a732-2b3d9f6b03b6,c2,c3,687,?,p3,
1768592238.8724117,FORWARDED,b5b5fecb-b853-4fb7-af08-3c4b771706da,6e20e949-1e55-4d7d-a732-2b3d9f6b03b6,c2,c3,687,?,p3,
1768592239.2589066,RECEIVED,c19b05cd-8bb2-426c-ae34-5cbd7a78f6d5,9880c178-d798-41ee-9207-cdde2c9d9804,c1,c5,1011,i4,?,
1768592239.4690073,RECEIVED,d6cf72e3-711e-48c2-aa64-569bd90127d9,10e14490-06fd-47ed-b804-e4a3df586823,c5,c3,1012,i11,?,
1768592239.4981189,RECEIVED,57427e91-bf8e-4210-80be-2c8140e3e64d,d9b4292b-203c-4ab9-aff4-c7fb99210be9,c4,c2,1016,i4,?,
1768592239.57469,SENT,57427e91-bf8e-4210-80be-2c8140e3e64d,d9b4292b-203c-4ab9-aff4-c7fb99210be9,c4,c2,688,?,p2,
1768592239.5747325,FORWARDED,57427e91-bf8e-4210-80be-2c8140e3e64d,d9b4292b-203c-4ab9-aff4-c7fb99210be9,c4,c2,688,?,p2,
1768592239.8717875,SENT,d6cf72e3-711e-48c2-aa64-569bd90127d9,10e14490-06fd-47ed-b804-e4a3df586823,c5,c3,687,?,p3,
1768592239.8718286,FORWARDED,d6cf72e3-711e-48c2-aa64-569bd90127d9,10e14490-06fd-47ed-b804-e4a3df586823,c5,c3,687,?,p3,
1768592239.8727922,RECEIVED,1cf55d9b-7da1-48d3-9037-ca0b0e3353e4,3504644b-47e2-4393-bff9-d1c7263f0965,c4,c1,1023,i11,?,
1768592239.9284394,SENT,c19b05cd-8bb2-426c-ae34-5cbd7a78f6d5,9880c178-d798-41ee-9207-cdde2c9d9804,c1,c5,687,?,p2,
1768592239.9284759,FORWARDED,c19b05cd-8bb2-426c-ae34-5cbd7a78f6d5,9880c178-d798-41ee-9207-cdde2c9d9804,c1,c5,687,?,p2,
1768592240.2076054,RECEIVED,e27d4ec9-e74a-4ebc-aa86-22f1ff0ea963,ba68c663-545a-4712-b09e-51faf85be316,c2,c5,1016,i2,?,
1768592240.3304515,SENT,e27d4ec9-e74a-4ebc-aa86-22f1ff0ea963,ba68c663-545a-4712-b09e-51faf85be316,c2,c5,688,?,p2,
1768592240.3304937,FORWARDED,e27d4ec9-e74a-4ebc-aa86-22f1ff0ea963,ba68c663-545a-4712-b09e-51faf85be316,c2,c5,688,?,p2,
1768592240.5562952,RECEIVED,6a44ec3b-08ea-438b-955d-9353a73a7d0d,3091bd91-5bda-4ad6-96c1-251ba1163aed,c2,DROP,682,i12,?,
1768592240.6648755,RECEIVED,356c6d6a-7437-433b-8ec6-df6542cc9b7f,e0f9e500-b0d7-491e-8c79-1de20be2b062,c3,c4,1011,i2,?,
1768592241.0086277,RECEIVED,25391640-31c7-461a-970e-eac9071dbfd7,293ae846-884c-4487-a3d9-3651509ad782,c2,DROP,688,i9,?,
1768592241.020951,RECEIVED,62ce8ce4-dffe-453b-a9ca-1c573f9a15a2,44764df6-e3e9-4f67-a500-aceff513f2cc,c5,c3,1014,i6,?,
1768592241.0494332,RECEIVED,8b01662d-4d7f-4563-8177-9222f7f0b570,5a6728e8-6ff0-44ee-b193-d46af4f95f11,c1,c2,1014,i2,?,
1768592241.2045162,SENT,1cf55d9b-7da1-48d3-9037-ca0b0e3353e4,3504644b-47e2-4393-bff9-d1c7263f0965,c4,c1,695,?,p1,
1768592241.2045596,FORWARDED,1cf55d9b-7da1-48d3-9037-ca0b0e3353e4,3504644b-47e2-4393-bff9-d1c7263f0965,c4,c1,695,?,p1,
1768592241.3778114,SENT,25391640-31c7-461a-970e-eac9071dbfd7,293ae846-884c-4487-a3d9-3651509ad782,c2,DROP,442,?,i11,
1768592241.3778543,REDIRECTED,25391640-31c7-461a-970e-eac9071dbfd7,293ae846-884c-4487-a3d9-3651509ad782,c2,DROP,442,?,i11,
1768592241.3778837,FORWARDED,25391640-31c7-461a-970e-eac9071dbfd7,293ae846-884c-4487-a3d9-3651509ad782,c2,DROP,442,?,i10,
1768592241.7551105,RECEIVED,06f15bab-2d87-407c-93ba-c3ed8dbda4f7,595879aa-6547-444c-99e3-50a3d868681c,c3,c1,1011,i6,?,
1768592241.8971326,RECEIVED,6285b258-d9ab-4f8a-8fd5-ef18eae67e96,58cb41ec-f38b-4077-9747-7863753f1929,c1,DROP,684,i1,?,
1768592241.9244924,SENT,6285b258-d9ab-4f8a-8fd5-ef18eae67e96,58cb41ec-f38b-4077-9747-7863753f1929,c1,DROP,441,?,e4,
1768592241.924533,FORWARDED,6285b258-d9ab-4f8a-8fd5-ef18eae67e96,58cb41ec-f38b-4077-9747-7863753f1929,c1,DROP,441,?,e4,
1768592241.9280133,SENT,8b01662d-4d7f-4563-8177-9222f7f0b570,5a6728e8-6ff0-44ee-b193-d46af4f95f11,c1,c2,689,?,p2,
1768592241.928065,FORWARDED,8b01662d-4d7f-4563-8177-9222f7f0b570,5a6728e8-6ff0-44ee-b193-d46af4f95f11,c1,c2,689,?,p2,
1768592241.9925063,RECEIVED,243e2e7a-9d2c-4fdd-9b98-6b750c246793,33c096f3-9f1a-4fc6-9abc-f6eb70214120,c1,c4,1024,i11,?,
1768592242.0346084,SENT,356c6d6a-7437-433b-8ec6-df6542cc9b7f,e0f9e500-b0d7-491e-8c79-1de20be2b062,c3,c4,687,?,p1,
1768592242.0346746,FORWARDED,356c6d6a-7437-433b-8ec6-df6542cc9b7f,e0f9e500-b0d7-491e-8c79-1de20be2b062,c3,c4,687,?,p1,
1768592242.1479545,SENT,243e2e7a-9d2c-4fdd-9b98-6b750c246793,33c096f3-9f1a-4fc6-9abc-f6eb70214120,c1,c4,696,?,p1,
1768592242.1479943,FORWARDED,243e2e7a-9d2c-4fdd-9b98-6b750c246793,33c096f3-9f1a-4fc6-9abc-f6eb70214120,c1,c4,696,?,p1,
1768592242.404087,RECEIVED,c3a3df26-0020-4b12-84a2-4789d5be1539,c2b3ed37-a46c-4a73-82ee-dd939a24aed4,c4,c1,1015,i1,?,
1768592242.4385002,SENT,6a44ec3b-08ea-438b-955d-9353a73a7d0d,3091bd91-5bda-4ad6-96c1-251ba1163aed,c2,DROP,440,?,i6,
1768592242.438544,FORWARDED,6a44ec3b-08ea-438b-955d-9353a73a7d0d,3091bd91-5bda-4ad6-96c1-251ba1163aed,c2,DROP,440,?,i6,
1768592242.4768405,SENT,06f15bab-2d87-407c-93ba-c3ed8dbda4f7,595879aa-6547-444c-99e3-50a3d868681c,c3,c1,687,?,p1,
1768592242.476882,FORWARDED,06f15bab-2d87-407c-93ba-c3ed8dbda4f7,595879aa-6547-444c-99e3-50a3d868681c,c3,c1,687,?,p1,
1768592242.489272,RECEIVED,200863a4-7d78-4ed6-9488-c376a0029324,fb580654-bdf0-4df6-9f68-d5c05cda12f5,c4,c5,1011,i11,?,
1768592242.5413532,SENT,62ce8ce4-dffe-453b-a9ca-1c573f9a15a2,44764df6-e3e9-4f67-a500-aceff513f2cc,c5,c3,688,?,p3,
1768592242.541394,FORWARDED,62ce8ce4-dffe-453b-a9ca-1c573f9a15a2,44764df6-e3e9-4f67-a500-aceff513f2cc,c5,c3,688,?,p3,
1768592242.544454,RECEIVED,111da022-2a61-48fb-ba2c-1b713df9bfd7,f27b63f0-a49f-4547-81d9-336d93da3525,c2,c4,1019,i9,?,
1768592242.7039087,SENT,111da022-2a61-48fb-ba2c-1b713df9bfd7,f27b63f0-a49f-4547-81d9-336d93da3525,c2,c4,691,?,p1,
1768592242.7039492,FORWARDED,111da022-2a61-48fb-ba2c-1b713df9bfd7,f27b63f0-a49f-4547-81d9-336d93da3525,c2,c4,691,?,p1,
1768592242.791756,SENT,200863a4-7d78-4ed6-9488-c376a0029324,fb580654-bdf0-4df6-9f68-d5c05cda12f5,c4,c5,686,?,p2,
1768592242.7917962,FORWARDED,200863a4-7d78-4ed6-9488-c376a0029324,fb580654-bdf0-4df6-9f68-d5c05cda12f5,c4,c5,686,?,p2,
1768592242.8133917,RECEIVED,4524c920-686c-486d-afb3-a6a5024b0efe,e80e8ee1-ad52-4163-a07b-22ea2c5dad13,c1,DROP,441,x12,?,
1768592242.882821,RECEIVED,41875407-3eb4-4631-a38f-c34c63b1d7fc,5cb2227c-53a4-4530-ba04-497d87252151,c4,c1,1024,i11,?,
1768592243.0632968,RECEIVED,781bb6eb-5415-4e61-90e4-9ed29aa9cb2a,6c71e97e-7acd-4187-b990-dfd1f4d8734b,c3,c4,1020,i4,?,
1768592243.1378794,SENT,781bb6eb-5415-4e61-90e4-9ed29aa9cb2a,6c71e97e-7acd-4187-b990-dfd1f4d8734b,c3,c4,692,?,p1,
1768592243.137922,FORWARDED,781bb6eb-5415-4e61-90e4-9ed29aa9cb2a,6c71e97e-7acd-4187-b990-dfd1f4d8734b,c3,c4,692,?,p1,
1768592243.185902,SENT,c3a3df26-0020-4b12-84a2-4789d5be1539,c2b3ed37-a46c-4a73-82ee-dd939a24aed4,c4,c1,688,?,p1,
1768592243.185943,FORWARDED,c3a3df26-0020-4b12-84a2-4789d5be1539,c2b3ed37-a46c-4a73-82ee-dd939a24aed4,c4,c1,688,?,p1,
1768592243.3228033,RECEIVED,528ceca1-2046-4ac3-b0d1-24935a2a0559,f9d052ca-8507-4d36-b89b-b43f98a9930c,c3,c2,1011,i9,?,
1768592243.3291078,SENT,41875407-3eb4-4631-a38f-c34c63b1d7fc,5cb2227c-53a4-4530-ba04-497d87252151,c4,c1,694,?,p1,
1768592243.32923,FORWARDED,41875407-3eb4-4631-a38f-c34c63b1d7fc,5cb2227c-53a4-4530-ba04-497d87252151,c4,c1,694,?,p1,
1768592243.3449109,RECEIVED,08c28b6f-f152-4f01-932a-b3fe41669145,53d4d1f5-93c8-4193-a227-a075fcd381f4,c2,c3,1020,i5,?,
1768592243.4544003,RECEIVED,42a2b887-5d0a-40f5-9a22-20f494aa6c50,829d87dc-cad8-4613-930a-5fc19eef6324,c4,DROP,688,i9,?,
1768592243.5316172,SENT,42a2b887-5d0a-40f5-9a22-20f494aa6c50,829d87dc-cad8-4613-930a-5fc19eef6324,c4,DROP,442,?,x4,
1768592243.5316591,FORWARDED,42a2b887-5d0a-40f5-9a22-20f494aa6c50,829d87dc-cad8-4613-930a-5fc19eef6324,c4,DROP,442,?,x4,
1768592243.6821926,RECEIVED,0b710491-105d-4534-931b-7b860b9b1817,cfc7c4ca-c4e0-40dc-8359-d2a7ab214688,c3,DROP,683,i6,?,
1768592243.692885,SENT,528ceca1-2046-4ac3-b0d1-24935a2a0559,f9d052ca-8507-4d36-b89b-b43f98a9930c,c3,c2,687,?,p2,
1768592243.6929262,FORWARDED,528ceca1-2046-4ac3-b0d1-24935a2a0559,f9d052ca-8507-4d36-b89b-b43f98a9930c,c3,c2,687,?,p2,
1768592243.7277606,SENT,08c28b6f-f152-4f01-932a-b3fe41669145,53d4d1f5-93c8-4193-a227-a075fcd381f4,c2,c3,693,?,p3,
1768592243.7278018,FORWARDED,08c28b6f-f152-4f01-932a-b3fe41669145,53d4d1f5-93c8-4193-a227-a075fcd381f4,c2,c3,693,?,p3,
1768592244.0697374,SENT,0b710491-105d-4534-931b-7b860b9b1817,cfc7c4ca-c4e0-40dc-8359-d2a7ab214688,c3,DROP,441,?,i4,
1768592244.0701149,FORWARDED,0b710491-105d-4534-931b-7b860b9b1817,cfc7c4ca-c4e0-40dc-8359-d2a7ab214688,c3,DROP,441,?,i4,
1768592244.3552117,RECEIVED,9bb99eb7-33f0-4df7-a673-15308c40392c,3f7b0fca-dd3e-4184-9597-21267aa049ef,c3,c5,1015,i2,?,
1768592244.5057037,RECEIVED,33e758e2-a8e2-4a22-94c0-18bd42c02856,3740e6fd-519b-41fc-8118-a07a01381ddb,c1,c3,1012,i1,?,
1768592244.5941849,SENT,33e758e2-a8e2-4a22-94c0-18bd42c02856,3740e6fd-519b-41fc-8118-a07a01381ddb,c1,c3,687,?,p3,
1768592244.5942276,FORWARDED,33e758e2-a8e2-4a22-94c0-18bd42c02856,3740e6fd-519b-41fc-8118-a07a01381ddb,c1,c3,687,?,p3,
1768592244.7417653,RECEIVED,de1961af-d37d-4c1b-8313-624c1e7b7fd3,1b68d261-39bb-4a39-8fd1-bb8f88255437,c5,c4,1016,i9,?,
1768592244.855075,RECEIVED,1bbfcb4d-a935-46d1-922f-453ef04b908f,8b18289c-86c7-4d8d-a70b-12650b78a209,c4,c2,1011,i9,?,
1768592244.8831756,SENT,de1961af-d37d-4c1b-8313-624c1e7b7fd3,1b68d261-39bb-4a39-8fd1-bb8f88255437,c5,c4,690,?,p1,
1768592244.8835785,FORWARDED,de1961af-d37d-4c1b-8313-624c1e7b7fd3,1b68d261-39bb-4a39-8fd1-bb8f88255437,c5,c4,690,?,p1,
1768592245.009395,RECEIVED,dcc7bdb0-5d15-4ec3-b9fb-f153ea5de032,fcdab287-6f3b-422a-a5e5-912311b2a899,c5,c1,1014,i4,?,
1768592245.0385425,RECEIVED,8b53a46b-b69c-4f73-a8f7-2ae97a10f4d1,dfdaf5cc-3f67-4616-a5ad-82dfc6c79cf9,c3,c1,1019,i9,?,
1768592245.1176362,RECEIVED,428ae514-9cba-4cdd-b5bc-1cd9701c6a75,d79a4278-1c14-4278-bfc3-aa2e5cdc3e9d,c2,c1,1018,i11,?,
1768592245.2135644,RECEIVED,031d6a27-39d5-4a80-bfcc-5197895f8995,14984c1d-68a1-47a9-a0fa-75e4bf6de4d3,c5,c3,1012,i12,?,
1768592245.2932997,SENT,031d6a27-39d5-4a80-bfcc-5197895f8995,14984c1d-68a1-47a9-a0fa-75e4bf6de4d3,c5,c3,687,?,p3,
1768592245.2933414,FORWARDED,031d6a27-39d5-4a80-bfcc-5197895f8995,14984c1d-68a1-47a9-a0fa-75e4bf6de4d3,c5,c3,687,?,p3,
1768592245.3216355,RECEIVED,bc439060-10d9-4040-a2b5-bc9601bd2b89,3420d374-066e-4d27-9ce4-96a5c40286a3,c5,c1,1011,i9,?,
1768592245.3875504,SENT,9bb99eb7-33f0-4df7-a673-15308c40392c,3f7b0fca-dd3e-4184-9597-21267aa049ef,c3,c5,689,?,p2,
1768592245.3875928,FORWARDED,9bb99eb7-33f0-4df7-a673-15308c40392c,3f7b0fca-dd3e-4184-9597-21267aa049ef,c3,c5,689,?,p2,
1768592245.4895334,RECEIVED,94e0736a-753d-4391-ab24-892ddee6c211,88aac7fe-0f98-4b88-b597-b68cccf20579,c1,c5,1015,i5,?,
1768592245.5024025,RECEIVED,80ce4875-60de-41f1-bc80-ce113084fcee,c812e4f1-65a3-4973-9a88-045242e77ee3,c2,c1,1011,i7,?,
1768592245.612789,RECEIVED,97f5a3ab-7f06-442e-a63f-e50cf821c86d,a7cc109b-36b2-4284-acd2-3216d382c1d7,c5,c3,1024,i11,?,
1768592245.6248765,SENT,8b53a46b-b69c-4f73-a8f7-2ae97a10f4d1,dfdaf5cc-3f67-4616-a5ad-82dfc6c79cf9,c3,c1,692,?,p1,
1768592245.6249175,FORWARDED,8b53a46b-b69c-4f73-a8f7-2ae97a10f4d1,dfdaf5cc-3f67-4616-a5ad-82dfc6c79cf9,c3,c1,692,?,p1,
1768592245.8623698,RECEIVED,5adc9a1d-eab8-49e7-b3bb-97a6fa5ae1a3,cb35a381-4410-41ef-ae0c-0016217a335e,c5,c3,1011,i4,?,
1768592245.9128084,RECEIVED,67c574fb-8de2-4086-bc1e-b298c1f243e8,9c9a134b-9ca2-42b7-8b38-ffeec958923f,c5,c4,1023,i11,?,
1768592246.0147982,SENT,bc439060-10d9-4040-a2b5-bc9601bd2b89,3420d374-066e-4d27-9ce4-96a5c40286a3,c5,c1,687,?,p1,
1768592246.0148416,FORWARDED,bc439060-10d9-4040-a2b5-bc9601bd2b89,3420d374-066e-4d27-9ce4-96a5c40286a3,c5,c1,687,?,p1,
1768592246.0981166,SENT,97f5a3ab-7f06-442e-a63f-e50cf821c86d,a7cc109b-36b2-4284-acd2-3216d382c1d7,c5,c3,695,?,p3,
1768592246.098158,FORWARDED,97f5a3ab-7f06-442e-a63f-e50cf821c86d,a7cc109b-36b2-4284-acd2-3216d382c1d7,c5,c3,695,?,p3,
1768592246.100718,RECEIVED,8f7129c7-e613-4fa9-93fb-75e7ffce6783,7a670fc2-5710-4208-bd84-00d846cc2e18,c1,c3,1024,i9,?,
1768592246.176179,RECEIVED,5e4981a6-fbb5-436d-b0cc-83a7553682d5,d43a9b29-f023-485f-bf42-94a5ee7e6d68,c1,c4,1020,i11,?,
1768592246.2010639,SENT,8f7129c7-e613-4fa9-93fb-75e7ffce6783,7a670fc2-5710-4208-bd84-00d846cc2e18,c1,c3,695,?,p3,
1768592246.2011056,FORWARDED,8f7129c7-e613-4fa9-93fb-75e7ffce6783,7a670fc2-5710-4208-bd84-00d846cc2e18,c1,c3,695,?,p3,
1768592246.2055626,SENT,5e4981a6-fbb5-436d-b0cc-83a7553682d5,d43a9b29-f023-485f-bf42-94a5ee7e6d68,c1,c4,692,?,p1,
1768592246.2056034,FORWARDED,5e4981a6-fbb5-436d-b0cc-83a7553682d5,d43a9b29-f023-485f-bf42-94a5ee7e6d68,c1,c4,692,?,p1,
1768592246.2148845,SENT,1bbfcb4d-a935-46d1-922f-453ef04b908f,8b18289c-86c7-4d8d-a70b-12650b78a209,c4,c2,687,?,p2,
1768592246.2149262,FORWARDED,1bbfcb4d-a935-46d1-922f-453ef04b908f,8b18289c-86c7-4d8d-a70b-12650b78a209,c4,c2,687,?,p2,
1768592246.4044573,SENT,428ae514-9cba-4cdd-b5bc-1cd9701c6a75,d79a4278-1c14-4278-bfc3-aa2e5cdc3e9d,c2,c1,691,?,p1,
1768592246.404499,FORWARDED,428ae514-9cba-4cdd-b5bc-1cd9701c6a75,d79a4278-1c14-4278-bfc3-aa2e5cdc3e9d,c2,c1,691,?,p1,
1768592246.4332924,SENT,94e0736a-753d-4391-ab24-892ddee6c211,88aac7fe-0f98-4b88-b597-b68cccf20579,c1,c5,690,?,p2,
1768592246.433333,FORWARDED,94e0736a-753d-4391-ab24-892ddee6c211,88aac7fe-0f98-4b88-b597-b68cccf20579,c1,c5,690,?,p2,
1768592246.4825194,SENT,80ce4875-60de-41f1-bc80-ce113084fcee,c812e4f1-65a3-4973-9a88-045242e77ee3,c2,c1,686,?,p1,
1768592246.4825604,FORWARDED,80ce4875-60de-41f1-bc80-ce113084fcee,c812e4f1-65a3-4973-9a88-045242e77ee3,c2,c1,686,?,p1,
1768592246.5439057,SENT,5adc9a1d-eab8-49e7-b3bb-97a6fa5ae1a3,cb35a381-4410-41ef-ae0c-0016217a335e,c5,c3,686,?,p3,
1768592246.543949,FORWARDED,5adc9a1d-eab8-49e7-b3bb-97a6fa5ae1a3,cb35a381-4410-41ef-ae0c-0016217a335e,c5,c3,686,?,p3,
1768592246.6747487,RECEIVED,92ee2391-b164-4e78-bfb6-89e95815a394,39b87530-52ca-41a5-b5e2-3ccd496822ab,c5,c4,1016,i11,?,
1768592246.7001634,RECEIVED,0aaab2a4-197c-452d-b518-cfe403fc3602,48f4cf42-a0af-4906-829b-da96a893c9c6,c5,c4,1011,i4,?,
1768592246.753472,RECEIVED,371b63f1-9aa9-4583-ad0c-390c66381e2d,b39ef02a-6519-4350-b42e-27fbc3b986ce,c4,c5,1029,i9,?,
1768592246.784888,RECEIVED,38c75002-9eca-48f9-8379-cc55f094975c,814d71d9-fa81-4f66-9ef0-576ae5d3ace2,c2,c3,1019,i4,?,
1768592246.8455224,SENT,371b63f1-9aa9-4583-ad0c-390c66381e2d,b39ef02a-6519-4350-b42e-27fbc3b986ce,c4,c5,697,?,p2,
1768592246.8455656,FORWARDED,371b63f1-9aa9-4583-ad0c-390c66381e2d,b39ef02a-6519-4350-b42e-27fbc3b986ce,c4,c5,697,?,p2,
1768592246.9737535,SENT,92ee2391-b164-4e78-bfb6-89e95815a394,39b87530-52ca-41a5-b5e2-3ccd496822ab,c5,c4,690,?,p1,
1768592246.9737947,FORWARDED,92ee2391-b164-4e78-bfb6-89e95815a394,39b87530-52ca-41a5-b5e2-3ccd496822ab,c5,c4,690,?,p1,
1768592247.018117,RECEIVED,ec3c737d-4e64-44f2-a38c-d21dfe6231c7,feb6dda5-c5ce-4600-82f7-f993f12936ec,c4,c3,1010,i12,?,
1768592247.0730865,SENT,dcc7bdb0-5d15-4ec3-b9fb-f153ea5de032,fcdab287-6f3b-422a-a5e5-912311b2a899,c5,c1,688,?,p1,
1768592247.0731244,FORWARDED,dcc7bdb0-5d15-4ec3-b9fb-f153ea5de032,fcdab287-6f3b-422a-a5e5-912311b2a899,c5,c1,688,?,p1,
1768592247.1607692,SENT,67c574fb-8de2-4086-bc1e-b298c1f243e8,9c9a134b-9ca2-42b7-8b38-ffeec958923f,c5,c4,695,?,p1,
1768592247.160808,FORWARDED,67c574fb-8de2-4086-bc1e-b298c1f243e8,9c9a134b-9ca2-42b7-8b38-ffeec958923f,c5,c4,695,?,p1,
1768592247.3911347,RECEIVED,e3e3365e-f167-40ff-a043-bafa217f30fd,a0add2d8-f3ab-4d85-ba37-4fa880bbddb7,c5,c4,1015,i11,?,
1768592247.4082038,RECEIVED,55f57620-e4b0-4126-95ef-2e533619a8fd,4bed417c-eb8a-4d48-83aa-62911f876075,c2,c4,1015,i5,?,
1768592247.5518816,RECEIVED,5efa0c2e-0870-4b76-8f30-27463e17b8d8,3fc0328d-2a02-4124-afbc-469178e1c54f,c3,c2,1012,i7,?,
1768592247.662953,SENT,38c75002-9eca-48f9-8379-cc55f094975c,814d71d9-fa81-4f66-9ef0-576ae5d3ace2,c2,c3,691,?,p3,
1768592247.662994,FORWARDED,38c75002-9eca-48f9-8379-cc55f094975c,814d71d9-fa81-4f66-9ef0-576ae5d3ace2,c2,c3,691,?,p3,
1768592247.6770773,RECEIVED,d5689261-072e-4611-9df2-a9ce10a13a94,13a01657-d225-4f55-9392-d0d68c83f08c,c1,c2,1016,i6,?,
1768592247.7194233,RECEIVED,23f8d2e1-000f-48dc-b725-ae0fa7111778,a084a920-74f5-4471-ab4c-0ed7bb3f1e9b,c5,c1,1011,i4,?,
1768592247.7312334,SENT,55f57620-e4b0-4126-95ef-2e533619a8fd,4bed417c-eb8a-4d48-83aa-62911f876075,c2,c4,689,?,p1,
1768592247.731274,FORWARDED,55f57620-e4b0-4126-95ef-2e533619a8fd,4bed417c-eb8a-4d48-83aa-62911f876075,c2,c4,689,?,p1,
1768592247.76454,SENT,5efa0c2e-0870-4b76-8f30-27463e17b8d8,3fc0328d-2a02-4124-afbc-469178e1c54f,c3,c2,687,?,p2,
1768592247.764579,FORWARDED,5efa0c2e-0870-4b76-8f30-27463e17b8d8,3fc0328d-2a02-4124-afbc-469178e1c54f,c3,c2,687,?,p2,
1768592247.8010645,SENT,d5689261-072e-4611-9df2-a9ce10a13a94,13a01657-d225-4f55-9392-d0d68c83f08c,c1,c2,688,?,p2,
1768592247.8011453,FORWARDED,d5689261-072e-4611-9df2-a9ce10a13a94,13a01657-d225-4f55-9392-d0d68c83f08c,c1,c2,688,?,p2,
1768592247.9968925,SENT,ec3c737d-4e64-44f2-a38c-d21dfe6231c7,feb6dda5-c5ce-4600-82f7-f993f12936ec,c4,c3,687,?,p3,
1768592247.996935,FORWARDED,ec3c737d-4e64-44f2-a38c-d21dfe6231c7,feb6dda5-c5ce-4600-82f7-f993f12936ec,c4,c3,687,?,p3,
1768592248.0314033,SENT,23f8d2e1-000f-48dc-b725-ae0fa7111778,a084a920-74f5-4471-ab4c-0ed7bb3f1e9b,c5,c1,687,?,p1,
1768592248.0314455,FORWARDED,23f8d2e1-000f-48dc-b725-ae0fa7111778,a084a920-74f5-4471-ab4c-0ed7bb3f1e9b,c5,c1,687,?,p1,
1768592248.1056461,RECEIVED,5ac329cd-38ac-40e7-b482-7ef9545cc447,75851903-e8da-44a1-933f-92892a6af542,c2,c5,1017,i7,?,
1768592248.13873,SENT,0aaab2a4-197c-452d-b518-cfe403fc3602,48f4cf42-a0af-4906-829b-da96a893c9c6,c5,c4,687,?,p1,
1768592248.1387725,FORWARDED,0aaab2a4-197c-452d-b518-cfe403fc3602,48f4cf42-a0af-4906-829b-da96a893c9c6,c5,c4,687,?,p1,
1768592248.150699,SENT,5ac329cd-38ac-40e7-b482-7ef9545cc447,75851903-e8da-44a1-933f-92892a6af542,c2,c5,690,?,p2,
1768592248.1507483,FORWARDED,5ac329cd-38ac-40e7-b482-7ef9545cc447,75851903-e8da-44a1-933f-92892a6af542,c2,c5,690,?,p2,
1768592248.517829,SENT,e3e3365e-f167-40ff-a043-bafa217f30fd,a0add2d8-f3ab-4d85-ba37-4fa880bbddb7,c5,c4,688,?,p1,
1768592248.5178716,FORWARDED,e3e3365e-f167-40ff-a043-bafa217f30fd,a0add2d8-f3ab-4d85-ba37-4fa880bbddb7,c5,c4,688,?,p1,
1768592248.7472303,RECEIVED,3e145ac0-30f7-4e45-a210-21d845f467f3,03e44206-705c-4b68-8170-101f88b1b287,c3,c1,1012,i7,?,
1768592248.932105,SENT,3e145ac0-30f7-4e45-a210-21d845f467f3,03e44206-705c-4b68-8170-101f88b1b287,c3,c1,687,?,p1,
1768592248.932154,FORWARDED,3e145ac0-30f7-4e45-a210-21d845f467f3,03e44206-705c-4b68-8170-101f88b1b287,c3,c1,687,?,p1,
1768592248.9708428,RECEIVED,b02a212d-4343-4884-815b-af2ef34be8fc,30b8c613-e768-4c4f-a785-2715b1096564,c3,c2,1011,i1,?,
1768592249.376086,RECEIVED,d92e453a-ef43-404a-bc68-4e9c9bb923fe,c6d10a97-1841-4c34-b210-f53f6991ea83,c1,c3,1015,i6,?,
1768592249.7371018,SENT,b02a212d-4343-4884-815b-af2ef34be8fc,30b8c613-e768-4c4f-a785-2715b1096564,c3,c2,687,?,p2,
1768592249.7371428,FORWARDED,b02a212d-4343-4884-815b-af2ef34be8fc,30b8c613-e768-4c4f-a785-2715b1096564,c3,c2,687,?,p2,
1768592249.8859046,RECEIVED,3e837729-8c7f-4ec9-9a71-8765483930ad,0d533470-1448-4e4d-aab1-296f7d348301,c1,DROP,443,x6,?,
1768592250.061957,RECEIVED,14bf465e-3886-46e0-b419-d82ccef9caaf,a38d6b89-6527-4a81-8fbf-8b98cd57f961,c1,c3,1016,i8,?,
1768592250.145752,SENT,d92e453a-ef43-404a-bc68-4e9c9bb923fe,c6d10a97-1841-4c34-b210-f53f6991ea83,c1,c3,689,?,p3,
1768592250.145793,FORWARDED,d92e453a-ef43-404a-bc68-4e9c9bb923fe,c6d10a97-1841-4c34-b210-f53f6991ea83,c1,c3,689,?,p3,
1768592250.2523718,SENT,14bf465e-3886-46e0-b419-d82ccef9caaf,a38d6b89-6527-4a81-8fbf-8b98cd57f961,c1,c3,689,?,p3,
1768592250.2524123,FORWARDED,14bf465e-3886-46e0-b419-d82ccef9caaf,a38d6b89-6527-4a81-8fbf-8b98cd57f961,c1,c3,689,?,p3,
1768592250.7076666,RECEIVED,db725fbb-93c8-4b88-9cb7-0217b3ef149f,aa956916-308b-40e4-94db-f9a53baf6b33,c5,c1,1012,i6,?,
1768592250.8142903,SENT,db725fbb-93c8-4b88-9cb7-0217b3ef149f,aa956916-308b-40e4-94db-f9a53baf6b33,c5,c1,687,?,p1,
1768592250.8143315,FORWARDED,db725fbb-93c8-4b88-9cb7-0217b3ef149f,aa956916-308b-40e4-94db-f9a53baf6b33,c5,c1,687,?,p1,
1768592250.8436809,RECEIVED,10a48f27-da6e-4a25-b6b2-3dd4d4933060,c3e83959-7ae4-440d-8599-dd6ec5d3d318,c4,c3,1016,i4,?,
1768592250.9295344,SENT,10a48f27-da6e-4a25-b6b2-3dd4d4933060,c3e83959-7ae4-440d-8599-dd6ec5d3d318,c4,c3,688,?,p3,
1768592250.929585,FORWARDED,10a48f27-da6e-4a25-b6b2-3dd4d4933060,c3e83959-7ae4-440d-8599-dd6ec5d3d318,c4,c3,688,?,p3,
1768592251.8268347,RECEIVED,bea0358e-47a3-4cc9-b9b1-9e6d3838f5b1,45622b44-a2a9-4a45-bdef-b974d4d60c6e,c2,c5,1012,i1,?,
1768592251.908821,SENT,bea0358e-47a3-4cc9-b9b1-9e6d3838f5b1,45622b44-a2a9-4a45-bdef-b974d4d60c6e,c2,c5,687,?,p2,
1768592251.9088612,FORWARDED,bea0358e-47a3-4cc9-b9b1-9e6d3838f5b1,45622b44-a2a9-4a45-bdef-b974d4d60c6e,c2,c5,687,?,p2,
1768592252.1644459,RECEIVED,f32e0055-2e07-44e8-9dfe-bae2c6de5bfe,efe3d54e-b64f-4cd7-986f-c878b5ec0c2c,c3,c1,1027,i11,?,
1768592252.2728717,RECEIVED,85491065-1cc1-44b6-833f-76cae57512bb,b74c041d-f981-476a-bc0f-5991267c9b1e,c2,c5,1015,i12,?,
1768592252.2974875,RECEIVED,0345da11-e0f2-447c-844a-32bbbdf8e7b4,a059ef39-546d-484d-8f1c-50b75d7d384b,c3,c5,1020,i5,?,
1768592252.3917267,SENT,0345da11-e0f2-447c-844a-32bbbdf8e7b4,a059ef39-546d-484d-8f1c-50b75d7d384b,c3,c5,691,?,p2,
1768592252.3917694,FORWARDED,0345da11-e0f2-447c-844a-32bbbdf8e7b4,a059ef39-546d-484d-8f1c-50b75d7d384b,c3,c5,691,?,p2,
1768592252.562947,RECEIVED,e67e632f-ee72-4728-9f7a-5f2a095f4a1f,28c30895-bcdd-484d-9bd8-2f5eb2aca9ac,c3,DROP,683,i4,?,
1768592252.9692805,RECEIVED,ea82d6a3-c453-482b-821b-c571aeaa5b8b,b469658e-efdd-4bdf-a791-71451913005b,c4,c1,1011,i7,?,
1768592253.2906995,SENT,ea82d6a3-c453-482b-821b-c571aeaa5b8b,b469658e-efdd-4bdf-a791-71451913005b,c4,c1,687,?,p1,
1768592253.2907403,FORWARDED,ea82d6a3-c453-482b-821b-c571aeaa5b8b,b469658e-efdd-4bdf-a791-71451913005b,c4,c1,687,?,p1,
1768592253.3183334,SENT,f32e0055-2e07-44e8-9dfe-bae2c6de5bfe,efe3d54e-b64f-4cd7-986f-c878b5ec0c2c,c3,c1,697,?,p1,
1768592253.3183737,FORWARDED,f32e0055-2e07-44e8-9dfe-bae2c6de5bfe,efe3d54e-b64f-4cd7-986f-c878b5ec0c2c,c3,c1,697,?,p1,
1768592253.5015106,RECEIVED,58c337d8-4d5d-404e-b433-74f486dce703,7a7822c1-a135-4ae9-a9fd-d5bae34c2f6b,c5,DROP,687,i12,?,
1768592253.646516,SENT,85491065-1cc1-44b6-833f-76cae57512bb,b74c041d-f981-476a-bc0f-5991267c9b1e,c2,c5,688,?,p2,
1768592253.646556,FORWARDED,85491065-1cc1-44b6-833f-76cae57512bb,b74c041d-f981-476a-bc0f-5991267c9b1e,c2,c5,688,?,p2,
1768592253.8921416,SENT,e67e632f-ee72-4728-9f7a-5f2a095f4a1f,28c30895-bcdd-484d-9bd8-2f5eb2aca9ac,c3,DROP,441,?,e5,
1768592253.8921757,FORWARDED,e67e632f-ee72-4728-9f7a-5f2a095f4a1f,28c30895-bcdd-484d-9bd8-2f5eb2aca9ac,c3,DROP,441,?,e5,
1768592253.988662,RECEIVED,e930052f-64ad-4ebf-9913-95c688cc93fc,b1f1e9b7-69e9-4c2b-a144-d85721c59d79,c2,c5,1011,i8,?,
1768592254.0685213,SENT,58c337d8-4d5d-404e-b433-74f486dce703,7a7822c1-a135-4ae9-a9fd-d5bae34c2f6b,c5,DROP,442,?,i4,
1768592254.0685568,REDIRECTED,58c337d8-4d5d-404e-b433-74f486dce703,7a7822c1-a135-4ae9-a9fd-d5bae34c2f6b,c5,DROP,442,?,i4,
1768592254.0685833,FORWARDED,58c337d8-4d5d-404e-b433-74f486dce703,7a7822c1-a135-4ae9-a9fd-d5bae34c2f6b,c5,DROP,442,?,i3,
1768592254.469732,RECEIVED,8b76b488-f377-4b47-85bd-b34198b6698a,607ed065-950e-4d77-82fa-f824d06e4ff5,c3,c4,1016,i4,?,
1768592254.6368709,RECEIVED,36aebc99-7a75-40ce-b740-d033185c3b21,43d6eb81-27bb-4c80-bf38-d067f4cd269a,c5,c4,1011,i11,?,
1768592254.72917,RECEIVED,812a02fe-4ed7-465d-b866-1896fbb76d29,3baa3db7-c301-4ba7-b8eb-ceb6093067cc,c4,c1,1023,i6,?,
1768592254.922127,RECEIVED,4bfb8c52-b126-4af0-bcdb-ef1bd6736cb1,9e39d0da-523f-4b2d-b546-519e7012e022,c4,c1,1014,i2,?,
1768592254.9399636,SENT,8b76b488-f377-4b47-85bd-b34198b6698a,607ed065-950e-4d77-82fa-f824d06e4ff5,c3,c4,688,?,p1,
1768592254.9399996,FORWARDED,8b76b488-f377-4b47-85bd-b34198b6698a,607ed065-950e-4d77-82fa-f824d06e4ff5,c3,c4,688,?,p1,
1768592255.01409,RECEIVED,17257254-0cf6-41c0-a8f5-27fc0d975d05,9486e6dd-38d3-4ca4-8252-41fe23b9be8f,c5,c1,1011,i1,?,
1768592255.0807235,RECEIVED,62dedc95-35b1-4d94-b458-576e8862c295,a2a1b6b8-503c-4192-ae1e-52dbd6677f5b,c1,c4,1015,i7,?,
1768592255.0830746,SENT,4bfb8c52-b126-4af0-bcdb-ef1bd6736cb1,9e39d0da-523f-4b2d-b546-519e7012e022,c4,c1,689,?,p1,
1768592255.0831144,FORWARDED,4bfb8c52-b126-4af0-bcdb-ef1bd6736cb1,9e39d0da-523f-4b2d-b546-519e7012e022,c4,c1,689,?,p1,
1768592255.2122936,RECEIVED,283a43ce-4c3c-4fff-8283-9db8447f854d,d6302160-1bfe-420d-abe4-13f5455593f4,c4,c2,1024,i5,?,
1768592255.2238665,RECEIVED,0f03bdec-216d-451f-a232-2d6fc4424671,2702f320-97bd-441a-8efa-531f35353e45,c1,c2,1016,i7,?,
1768592255.3324282,RECEIVED,88c92355-9f65-4002-8627-2865751b7798,fcc7b419-abef-498c-805a-43591c2812f0,c4,c5,1023,i4,?,
1768592255.3799772,SENT,283a43ce-4c3c-4fff-8283-9db8447f854d,d6302160-1bfe-420d-abe4-13f5455593f4,c4,c2,696,?,p2,
1768592255.3800163,FORWARDED,283a43ce-4c3c-4fff-8283-9db8447f854d,d6302160-1bfe-420d-abe4-13f5455593f4,c4,c2,696,?,p2,
1768592255.4432287,SENT,812a02fe-4ed7-465d-b866-1896fbb76d29,3baa3db7-c301-4ba7-b8eb-ceb6093067cc,c4,c1,695,?,p1,
1768592255.4433286,FORWARDED,812a02fe-4ed7-465d-b866-1896fbb76d29,3baa3db7-c301-4ba7-b8eb-ceb6093067cc,c4,c1,695,?,p1,
1768592255.5873852,SENT,0f03bdec-216d-451f-a232-2d6fc4424671,2702f320-97bd-441a-8efa-531f35353e45,c1,c2,688,?,p2,
1768592255.5874207,FORWARDED,0f03bdec-216d-451f-a232-2d6fc4424671,2702f320-97bd-441a-8efa-531f35353e45,c1,c2,688,?,p2,
1768592255.9995058,SENT,62dedc95-35b1-4d94-b458-576e8862c295,a2a1b6b8-503c-4192-ae1e-52dbd6677f5b,c1,c4,689,?,p1,
1768592255.9995472,FORWARDED,62dedc95-35b1-4d94-b458-576e8862c295,a2a1b6b8-503c-4192-ae1e-52dbd6677f5b,c1,c4,689,?,p1,
1768592256.006495,RECEIVED,94ba20a9-e114-4194-9d88-f55d7f648725,22edcb4f-70de-437e-8a6c-b59648e09e74,c1,c4,1024,i5,?,
1768592256.059543,SENT,17257254-0cf6-41c0-a8f5-27fc0d975d05,9486e6dd-38d3-4ca4-8252-41fe23b9be8f,c5,c1,687,?,p1,
1768592256.0595922,FORWARDED,17257254-0cf6-41c0-a8f5-27fc0d975d05,9486e6dd-38d3-4ca4-8252-41fe23b9be8f,c5,c1,687,?,p1,
1768592256.0837364,SENT,88c92355-9f65-4002-8627-2865751b7798,fcc7b419-abef-498c-805a-43591c2812f0,c4,c5,695,?,p2,
1768592256.0837772,FORWARDED,88c92355-9f65-4002-8627-2865751b7798,fcc7b419-abef-498c-805a-43591c2812f0,c4,c5,695,?,p2,
1768592256.2148354,SENT,94ba20a9-e114-4194-9d88-f55d7f648725,22edcb4f-70de-437e-8a6c-b59648e09e74,c1,c4,695,?,p1,
1768592256.2148771,FORWARDED,94ba20a9-e114-4194-9d88-f55d7f648725,22edcb4f-70de-437e-8a6c-b59648e09e74,c1,c4,695,?,p1,
1768592256.2635474,SENT,36aebc99-7a75-40ce-b740-d033185c3b21,43d6eb81-27bb-4c80-bf38-d067f4cd269a,c5,c4,687,?,p1,
1768592256.2635894,FORWARDED,36aebc99-7a75-40ce-b740-d033185c3b21,43d6eb81-27bb-4c80-bf38-d067f4cd269a,c5,c4,687,?,p1,
1768592256.316361,RECEIVED,693c2cc8-e8d6-4406-959c-ae7abe98dacb,8444e65e-d21b-4c2a-a0e1-af05e46ff414,c5,c4,1014,i1,?,
1768592256.3894038,RECEIVED,09275290-5d85-412e-b665-139088f0ac9a,e7a75cca-d61d-4212-b035-fe2386c2295d,c5,c4,1015,i7,?,
1768592256.4862735,SENT,e930052f-64ad-4ebf-9913-95c688cc93fc,b1f1e9b7-69e9-4c2b-a144-d85721c59d79,c2,c5,687,?,p2,
1768592256.486312,FORWARDED,e930052f-64ad-4ebf-9913-95c688cc93fc,b1f1e9b7-69e9-4c2b-a144-d85721c59d79,c2,c5,687,?,p2,
1768592256.7259436,RECEIVED,11511a6b-3f22-4dd0-a857-f872c1f5df92,d9770908-bde7-46a7-8e7e-40ea75320639,c1,c3,1011,i6,?,
1768592256.7340107,SENT,09275290-5d85-412e-b665-139088f0ac9a,e7a75cca-d61d-4212-b035-fe2386c2295d,c5,c4,688,?,p1,
1768592256.7340736,FORWARDED,09275290-5d85-412e-b665-139088f0ac9a,e7a75cca-d61d-4212-b035-fe2386c2295d,c5,c4,688,?,p1,
1768592256.7598057,RECEIVED,dcefe395-700a-4439-a93e-efd40ac857c7,e8025af3-d804-463b-9ded-bc43ad027870,c1,c3,1015,i8,?,
1768592257.0892684,RECEIVED,6410c4b6-2a0e-421c-991a-422c61aa76ee,43b5c852-e727-4eaf-8a7b-348630b0c033,c1,c3,1010,i4,?,
1768592257.2304914,SENT,11511a6b-3f22-4dd0-a857-f872c1f5df92,d9770908-bde7-46a7-8e7e-40ea75320639,c1,c3,687,?,p3,
1768592257.2306268,FORWARDED,11511a6b-3f22-4dd0-a857-f872c1f5df92,d9770908-bde7-46a7-8e7e-40ea75320639,c1,c3,687,?,p3,
1768592257.28451,RECEIVED,2077c465-d154-416b-9896-140710180a56,1261e9fd-ad73-4356-b273-9cebddeedf79,c2,c3,1010,i11,?,
1768592257.3591113,SENT,dcefe395-700a-4439-a93e-efd40ac857c7,e8025af3-d804-463b-9ded-bc43ad027870,c1,c3,688,?,p3,
1768592257.3591542,FORWARDED,dcefe395-700a-4439-a93e-efd40ac857c7,e8025af3-d804-463b-9ded-bc43ad027870,c1,c3,688,?,p3,
1768592257.385605,SENT,693c2cc8-e8d6-4406-959c-ae7abe98dacb,8444e65e-d21b-4c2a-a0e1-af05e46ff414,c5,c4,688,?,p1,
1768592257.3856537,FORWARDED,693c2cc8-e8d6-4406-959c-ae7abe98dacb,8444e65e-d21b-4c2a-a0e1-af05e46ff414,c5,c4,688,?,p1,
1768592257.9247525,RECEIVED,c77f1f28-242a-4a4f-91a5-7de923ec107d,a592d09d-a75c-4244-9aca-bea539fdec37,c5,c4,1011,i1,?,
1768592258.1049304,SENT,6410c4b6-2a0e-421c-991a-422c61aa76ee,43b5c852-e727-4eaf-8a7b-348630b0c033,c1,c3,687,?,p3,
1768592258.1052322,FORWARDED,6410c4b6-2a0e-421c-991a-422c61aa76ee,43b5c852-e727-4eaf-8a7b-348630b0c033,c1,c3,687,?,p3,
1768592258.2409227,SENT,2077c465-d154-416b-9896-140710180a56,1261e9fd-ad73-4356-b273-9cebddeedf79,c2,c3,687,?,p3,
1768592258.2409678,FORWARDED,2077c465-d154-416b-9896-140710180a56,1261e9fd-ad73-4356-b273-9cebddeedf79,c2,c3,687,?,p3,
1768592258.2837534,RECEIVED,eb63307f-2960-4db5-8ec1-08d69e01a517,6ea0c2f9-1e58-4e2d-a4b7-073e2c8ff966,c1,DROP,442,x4,?,
1768592258.2958636,RECEIVED,aa2b9ce6-06e9-4aec-b36f-3ae92dc8dafc,dbf8219d-ea4e-498f-912f-69adfed17711,c3,DROP,441,x10,?,
1768592258.3899384,RECEIVED,8050aa44-2116-4c35-b343-686a09bcbd09,3911abdc-86b1-464d-8d00-3208ed8706b2,c4,c5,1015,i6,?,
1768592258.4799232,RECEIVED,724b56cc-2c98-4591-acd4-f2b910debe0c,826c848b-be53-4745-b057-236cca871ef1,c2,c5,1010,i4,?,
1768592258.51684,RECEIVED,f912ddfc-ff39-4223-a56f-4032c278a0dd,d6ad542d-ff5b-4a4f-8242-107b01ff40ee,c4,c1,1013,i7,?,
1768592258.5963452,SENT,f912ddfc-ff39-4223-a56f-4032c278a0dd,d6ad542d-ff5b-4a4f-8242-107b01ff40ee,c4,c1,687,?,p1,
1768592258.5963879,FORWARDED,f912ddfc-ff39-4223-a56f-4032c278a0dd,d6ad542d-ff5b-4a4f-8242-107b01ff40ee,c4,c1,687,?,p1,
1768592258.6215234,RECEIVED,1da7e5ac-639d-4cc7-be43-01e401c7a9e5,0ea89637-bc57-407a-802a-1989924ff482,c4,c2,1016,i7,?,
1768592258.705882,SENT,1da7e5ac-639d-4cc7-be43-01e401c7a9e5,0ea89637-bc57-407a-802a-1989924ff482,c4,c2,690,?,p2,
1768592258.7059343,FORWARDED,1da7e5ac-639d-4cc7-be43-01e401c7a9e5,0ea89637-bc57-407a-802a-1989924ff482,c4,c2,690,?,p2,
1768592258.7736962,SENT,c77f1f28-242a-4a4f-91a5-7de923ec107d,a592d09d-a75c-4244-9aca-bea539fdec37,c5,c4,686,?,p1,
1768592258.7737381,FORWARDED,c77f1f28-242a-4a4f-91a5-7de923ec107d,a592d09d-a75c-4244-9aca-bea539fdec37,c5,c4,686,?,p1,
1768592259.0216904,RECEIVED,ceb48025-9e81-447c-9f57-b7e12a1dfff5,aae33ab1-4f52-4ef9-81d7-f0975343e43b,c1,c3,1011,i9,?,
1768592259.1944575,SENT,8050aa44-2116-4c35-b343-686a09bcbd09,3911abdc-86b1-464d-8d00-3208ed8706b2,c4,c5,690,?,p2,
1768592259.1944993,FORWARDED,8050aa44-2116-4c35-b343-686a09bcbd09,3911abdc-86b1-464d-8d00-3208ed8706b2,c4,c5,690,?,p2,
1768592259.3284793,RECEIVED,c385736b-3b38-488e-8ad0-45eca34baa37,4345424c-e503-4044-8dc2-f1a79e1f6cd2,c4,c2,1019,i11,?,
1768592259.47028,RECEIVED,ad181c08-d41b-4176-a5ed-b0ee55577dd0,6800fda8-cc6e-41de-8bc8-6c74b0783d4c,c3,c4,1010,i9,?,
1768592259.4941416,RECEIVED,3cc5838c-edc0-4be9-9441-2d9da159087d,4f5bde0d-f2d7-46ee-9fd0-dcd1362e6fc7,c5,c4,1011,i1,?,
1768592259.5507004,SENT,724b56cc-2c98-4591-acd4-f2b910debe0c,826c848b-be53-4745-b057-236cca871ef1,c2,c5,687,?,p2,
1768592259.5507455,FORWARDED,724b56cc-2c98-4591-acd4-f2b910debe0c,826c848b-be53-4745-b057-236cca871ef1,c2,c5,687,?,p2,
1768592259.553259,RECEIVED,1fe4b9f0-1b87-4649-922f-3f23191db03e,58576bee-18f2-46d2-8692-54cb72acc014,c4,c5,1016,i1,?,
1768592259.6091874,RECEIVED,6ac60949-027e-48de-8578-2c6203b455b2,fb379324-4301-44c6-8b79-9ac6df650e49,c1,c4,1010,i9,?,
1768592259.787645,SENT,ceb48025-9e81-447c-9f57-b7e12a1dfff5,aae33ab1-4f52-4ef9-81d7-f0975343e43b,c1,c3,687,?,p3,
1768592259.7876878,FORWARDED,ceb48025-9e81-447c-9f57-b7e12a1dfff5,aae33ab1-4f52-4ef9-81d7-f0975343e43b,c1,c3,687,?,p3,
1768592259.8171148,SENT,c385736b-3b38-488e-8ad0-45eca34baa37,4345424c-e503-4044-8dc2-f1a79e1f6cd2,c4,c2,692,?,p2,
1768592259.8171585,FORWARDED,c385736b-3b38-488e-8ad0-45eca34baa37,4345424c-e503-4044-8dc2-f1a79e1f6cd2,c4,c2,692,?,p2,
1768592259.8427224,SENT,1fe4b9f0-1b87-4649-922f-3f23191db03e,58576bee-18f2-46d2-8692-54cb72acc014,c4,c5,689,?,p2,
1768592259.8427746,FORWARDED,1fe4b9f0-1b87-4649-922f-3f23191db03e,58576bee-18f2-46d2-8692-54cb72acc014,c4,c5,689,?,p2,
1768592259.9483848,SENT,3cc5838c-edc0-4be9-9441-2d9da159087d,4f5bde0d-f2d7-46ee-9fd0-dcd1362e6fc7,c5,c4,687,?,p1,
1768592259.948436,FORWARDED,3cc5838c-edc0-4be9-9441-2d9da159087d,4f5bde0d-f2d7-46ee-9fd0-dcd1362e6fc7,c5,c4,687,?,p1,
1768592260.1261652,RECEIVED,2ad8e4c2-2dd9-4e90-8118-3bb22b974f05,ae18ba9d-adee-4e25-8f20-1915afa2cea9,c4,c2,1014,i8,?,
1768592260.1855474,RECEIVED,1d82dfca-7837-46ee-80c2-f9f032ae6c18,86a646c2-2145-4d07-aee8-6b2003a3e05d,c1,c3,1015,i4,?,
1768592260.263894,RECEIVED,c894b974-2e5c-4cfe-ab7a-6cdae086cc93,502ecb85-9ad2-4d2a-97d5-67392208d8ea,c1,c5,1023,i11,?,
1768592260.5007632,RECEIVED,39d2399d-2f90-474b-bb8d-af2eb53a5b0a,c96be529-cc07-4e34-af82-c9f8ff73bb75,c2,c3,1016,i9,?,
1768592260.6240141,SENT,39d2399d-2f90-474b-bb8d-af2eb53a5b0a,c96be529-cc07-4e34-af82-c9f8ff73bb75,c2,c3,688,?,p3,
1768592260.6240642,FORWARDED,39d2399d-2f90-474b-bb8d-af2eb53a5b0a,c96be529-cc07-4e34-af82-c9f8ff73bb75,c2,c3,688,?,p3,
1768592260.6767585,RECEIVED,2a67c133-262a-4860-9363-a5ec53b12cc2,644c97e0-1fde-496b-8cbd-ea7672e7cfb9,c2,c1,1015,i2,?,
1768592260.7159219,SENT,1d82dfca-7837-46ee-80c2-f9f032ae6c18,86a646c2-2145-4d07-aee8-6b2003a3e05d,c1,c3,688,?,p3,
1768592260.7159622,FORWARDED,1d82dfca-7837-46ee-80c2-f9f032ae6c18,86a646c2-2145-4d07-aee8-6b2003a3e05d,c1,c3,688,?,p3,
1768592260.7928412,SENT,c894b974-2e5c-4cfe-ab7a-6cdae086cc93,502ecb85-9ad2-4d2a-97d5-67392208d8ea,c1,c5,695,?,p2,
1768592260.792889,FORWARDED,c894b974-2e5c-4cfe-ab7a-6cdae086cc93,502ecb85-9ad2-4d2a-97d5-67392208d8ea,c1,c5,695,?,p2,
1768592260.8198352,SENT,ad181c08-d41b-4176-a5ed-b0ee55577dd0,6800fda8-cc6e-41de-8bc8-6c74b0783d4c,c3,c4,686,?,p1,
1768592260.8202045,FORWARDED,ad181c08-d41b-4176-a5ed-b0ee55577dd0,6800fda8-cc6e-41de-8bc8-6c74b0783d4c,c3,c4,686,?,p1,
1768592260.865287,RECEIVED,6fa37e92-83b8-4efe-8545-724e8ecf5f03,7400e29a-e0e5-45eb-a93a-9e2a979ddeb6,c4,c5,1017,i5,?,
1768592260.9235158,SENT,6fa37e92-83b8-4efe-8545-724e8ecf5f03,7400e29a-e0e5-45eb-a93a-9e2a979ddeb6,c4,c5,688,?,p2,
1768592260.9235592,FORWARDED,6fa37e92-83b8-4efe-8545-724e8ecf5f03,7400e29a-e0e5-45eb-a93a-9e2a979ddeb6,c4,c5,688,?,p2,
1768592261.1312463,RECEIVED,6e6e92a5-1c2b-477d-acab-6e5ca66ece26,c2f968ad-e3bb-49ca-a9fc-43306176069b,c3,c5,1012,i6,?,
1768592261.1861708,RECEIVED,a39328f5-ca43-4651-8ed0-8676f79d4e4c,eef23099-1abf-49fe-a312-794841b91f50,c1,c5,1020,i6,?,
1768592261.2259688,RECEIVED,2208d7b2-6879-4ef3-a0cc-4b3b2ca56b55,4ae6971a-a3d7-478f-a3cd-0919fb2e061a,c4,c1,1007,i4,?,
1768592261.2596734,SENT,6e6e92a5-1c2b-477d-acab-6e5ca66ece26,c2f968ad-e3bb-49ca-a9fc-43306176069b,c3,c5,687,?,p2,
1768592261.2597182,FORWARDED,6e6e92a5-1c2b-477d-acab-6e5ca66ece26,c2f968ad-e3bb-49ca-a9fc-43306176069b,c3,c5,687,?,p2,
1768592261.3297396,RECEIVED,5f27b097-f885-4555-9d45-465fb2994c3d,ac4bd810-3eb2-4556-89ad-257358aff997,c1,c5,1015,i12,?,
1768592261.3416576,SENT,a39328f5-ca43-4651-8ed0-8676f79d4e4c,eef23099-1abf-49fe-a312-794841b91f50,c1,c5,691,?,p2,
1768592261.341699,FORWARDED,a39328f5-ca43-4651-8ed0-8676f79d4e4c,eef23099-1abf-49fe-a312-794841b91f50,c1,c5,691,?,p2,
1768592261.422386,SENT,2a67c133-262a-4860-9363-a5ec53b12cc2,644c97e0-1fde-496b-8cbd-ea7672e7cfb9,c2,c1,688,?,p1,
1768592261.4224317,FORWARDED,2a67c133-262a-4860-9363-a5ec53b12cc2,644c97e0-1fde-496b-8cbd-ea7672e7cfb9,c2,c1,688,?,p1,
1768592261.5032847,SENT,5f27b097-f885-4555-9d45-465fb2994c3d,ac4bd810-3eb2-4556-89ad-257358aff997,c1,c5,688,?,p2,
1768592261.5033257,FORWARDED,5f27b097-f885-4555-9d45-465fb2994c3d,ac4bd810-3eb2-4556-89ad-257358aff997,c1,c5,688,?,p2,
1768592261.5165703,SENT,2ad8e4c2-2dd9-4e90-8118-3bb22b974f05,ae18ba9d-adee-4e25-8f20-1915afa2cea9,c4,c2,688,?,p2,
1768592261.5166118,FORWARDED,2ad8e4c2-2dd9-4e90-8118-3bb22b974f05,ae18ba9d-adee-4e25-8f20-1915afa2cea9,c4,c2,688,?,p2,
1768592261.695741,SENT,2208d7b2-6879-4ef3-a0cc-4b3b2ca56b55,4ae6971a-a3d7-478f-a3cd-0919fb2e061a,c4,c1,684,?,p1,
1768592261.6957822,FORWARDED,2208d7b2-6879-4ef3-a0cc-4b3b2ca56b55,4ae6971a-a3d7-478f-a3cd-0919fb2e061a,c4,c1,684,?,p1,
1768592261.9480777,RECEIVED,f5badb03-3b30-486c-8818-81a6ec1e60c4,510da5fe-b1a1-4aaf-b701-c8897811cde6,c5,c1,1019,i8,?,
1768592262.0003603,RECEIVED,73a8ee7c-5277-4d4f-8db6-3dc92ca9d619,f0ffd540-bb86-4c32-833c-bab6754c2677,c2,c3,1008,i5,?,
1768592262.071969,RECEIVED,b5f24eee-1cd5-4d90-8c83-e8837ec96a35,c464a7e1-43e9-4000-934b-10415ac6229e,c5,c2,1012,i4,?,
1768592262.0989454,SENT,73a8ee7c-5277-4d4f-8db6-3dc92ca9d619,f0ffd540-bb86-4c32-833c-bab6754c2677,c2,c3,683,?,p3,
1768592262.0989838,FORWARDED,73a8ee7c-5277-4d4f-8db6-3dc92ca9d619,f0ffd540-bb86-4c32-833c-bab6754c2677,c2,c3,683,?,p3,
1768592262.1093767,RECEIVED,5358b483-e580-47e4-a37d-d6277b2726e4,6a2f6ad2-6dd8-4434-97c9-067bfad7328f,c3,DROP,684,i9,?,
1768592262.1464996,RECEIVED,fc57ea04-047a-4e27-888f-3d1872815ca1,fef33131-507f-4c4f-be8f-3ff104f7edbc,c2,c5,1023,i11,?,
1768592262.2556558,SENT,5358b483-e580-47e4-a37d-d6277b2726e4,6a2f6ad2-6dd8-4434-97c9-067bfad7328f,c3,DROP,441,?,e9,
1768592262.255696,FORWARDED,5358b483-e580-47e4-a37d-d6277b2726e4,6a2f6ad2-6dd8-4434-97c9-067bfad7328f,c3,DROP,441,?,e9,
1768592262.3335805,SENT,fc57ea04-047a-4e27-888f-3d1872815ca1,fef33131-507f-4c4f-be8f-3ff104f7edbc,c2,c5,696,?,p2,
1768592262.333621,FORWARDED,fc57ea04-047a-4e27-888f-3d1872815ca1,fef33131-507f-4c4f-be8f-3ff104f7edbc,c2,c5,696,?,p2,
1768592262.344705,SENT,6ac60949-027e-48de-8578-2c6203b455b2,fb379324-4301-44c6-8b79-9ac6df650e49,c1,c4,687,?,p1,
1768592262.3447514,FORWARDED,6ac60949-027e-48de-8578-2c6203b455b2,fb379324-4301-44c6-8b79-9ac6df650e49,c1,c4,687,?,p1,
1768592262.3803835,RECEIVED,2c4f0a9b-373f-4dca-b1c2-63a8d15958be,6ef331ff-3590-44d2-b3e7-eb6541b931ed,c5,c2,1015,i11,?,
1768592262.442498,SENT,b5f24eee-1cd5-4d90-8c83-e8837ec96a35,c464a7e1-43e9-4000-934b-10415ac6229e,c5,c2,686,?,p2,
1768592262.4425366,FORWARDED,b5f24eee-1cd5-4d90-8c83-e8837ec96a35,c464a7e1-43e9-4000-934b-10415ac6229e,c5,c2,686,?,p2,
1768592262.504978,RECEIVED,ab0ce3ce-fc6c-436c-b129-d714af8906ff,7c251b21-60d3-44b2-8366-ebd3c5f3fd07,c5,c3,1015,i4,?,
1768592262.543888,SENT,f5badb03-3b30-486c-8818-81a6ec1e60c4,510da5fe-b1a1-4aaf-b701-c8897811cde6,c5,c1,691,?,p1,
1768592262.5439277,FORWARDED,f5badb03-3b30-486c-8818-81a6ec1e60c4,510da5fe-b1a1-4aaf-b701-c8897811cde6,c5,c1,691,?,p1,
1768592262.6527104,RECEIVED,e588f3f7-3749-49fd-9cc5-c3e246d0e81a,4c007632-62ca-433f-80b8-8db6b6471864,c5,c4,1015,i8,?,
1768592262.663795,RECEIVED,47b6f940-e6a3-43c9-a6d5-218e19ffbdbc,fcaec53d-2082-4172-ba72-359915451daa,c5,c1,1015,i8,?,
1768592262.9976108,SENT,2c4f0a9b-373f-4dca-b1c2-63a8d15958be,6ef331ff-3590-44d2-b3e7-eb6541b931ed,c5,c2,688,?,p2,
1768592262.9976537,FORWARDED,2c4f0a9b-373f-4dca-b1c2-63a8d15958be,6ef331ff-3590-44d2-b3e7-eb6541b931ed,c5,c2,688,?,p2,
1768592263.2812836,SENT,ab0ce3ce-fc6c-436c-b129-d714af8906ff,7c251b21-60d3-44b2-8366-ebd3c5f3fd07,c5,c3,688,?,p3,
1768592263.2813258,FORWARDED,ab0ce3ce-fc6c-436c-b129-d714af8906ff,7c251b21-60d3-44b2-8366-ebd3c5f3fd07,c5,c3,688,?,p3,
1768592263.7539947,SENT,e588f3f7-3749-49fd-9cc5-c3e246d0e81a,4c007632-62ca-433f-80b8-8db6b6471864,c5,c4,688,?,p1,
1768592263.7540357,FORWARDED,e588f3f7-3749-49fd-9cc5-c3e246d0e81a,4c007632-62ca-433f-80b8-8db6b6471864,c5,c4,688,?,p1,
1768592263.7888024,SENT,47b6f940-e6a3-43c9-a6d5-218e19ffbdbc,fcaec53d-2082-4172-ba72-359915451daa,c5,c1,690,?,p1,
1768592263.7888439,FORWARDED,47b6f940-e6a3-43c9-a6d5-218e19ffbdbc,fcaec53d-2082-4172-ba72-359915451daa,c5,c1,690,?,p1,
1768592263.7985697,RECEIVED,03f3519b-ca1c-4b1e-8bab-833d9a615033,12406daa-a841-48f0-a523-7653e7bd0ced,c3,c1,1016,i11,?,
1768592264.1233268,RECEIVED,e562dbc3-a483-4f55-bc06-5a7faf91826a,04314b5c-8c26-4da5-b992-62381a9ad3c1,c4,c2,1012,i4,?,
1768592264.2037375,SENT,e562dbc3-a483-4f55-bc06-5a7faf91826a,04314b5c-8c26-4da5-b992-62381a9ad3c1,c4,c2,687,?,p2,
1768592264.2037811,FORWARDED,e562dbc3-a483-4f55-bc06-5a7faf91826a,04314b5c-8c26-4da5-b992-62381a9ad3c1,c4,c2,687,?,p2,
1768592264.2765827,SENT,03f3519b-ca1c-4b1e-8bab-833d9a615033,12406daa-a841-48f0-a523-7653e7bd0ced,c3,c1,688,?,p1,
1768592264.2767222,FORWARDED,03f3519b-ca1c-4b1e-8bab-833d9a615033,12406daa-a841-48f0-a523-7653e7bd0ced,c3,c1,688,?,p1,
1768592264.6595192,RECEIVED,ea8020ef-1dc8-4cfa-8c1e-324b02bd2dd0,6b12812b-06d3-490e-a9ee-75208e4537a6,c5,c2,1024,i7,?,
1768592264.9700372,RECEIVED,20f34b02-37f0-4603-8381-a6ccbd855da6,c7b48124-8404-4068-81e7-8251a3fe27ba,c2,c5,1007,i4,?,
1768592265.0159762,SENT,ea8020ef-1dc8-4cfa-8c1e-324b02bd2dd0,6b12812b-06d3-490e-a9ee-75208e4537a6,c5,c2,696,?,p2,
1768592265.0160227,FORWARDED,ea8020ef-1dc8-4cfa-8c1e-324b02bd2dd0,6b12812b-06d3-490e-a9ee-75208e4537a6,c5,c2,696,?,p2,
1768592265.435013,SENT,20f34b02-37f0-4603-8381-a6ccbd855da6,c7b48124-8404-4068-81e7-8251a3fe27ba,c2,c5,687,?,p2,
1768592265.435895,FORWARDED,20f34b02-37f0-4603-8381-a6ccbd855da6,c7b48124-8404-4068-81e7-8251a3fe27ba,c2,c5,687,?,p2,
1768592266.1297708,RECEIVED,9e5c5e7e-e91e-4bab-986c-fa5ff8cf507d,3c399864-e669-4aef-aace-0758c72ced5f,c3,c2,1016,i2,?,
1768592266.2224083,RECEIVED,93a84681-c219-4cf5-85ac-c8296fef7522,010f6da2-1010-4bd1-90c3-161f0485a621,c5,c1,1018,i12,?,
1768592266.423176,SENT,9e5c5e7e-e91e-4bab-986c-fa5ff8cf507d,3c399864-e669-4aef-aace-0758c72ced5f,c3,c2,688,?,p2,
1768592266.423216,FORWARDED,9e5c5e7e-e91e-4bab-986c-fa5ff8cf507d,3c399864-e669-4aef-aace-0758c72ced5f,c3,c2,688,?,p2,
1768592266.5013459,RECEIVED,4f4c6542-d7ae-4183-a5a7-0d46fec5bd5c,f415feab-7f74-4e7a-8815-7862eaf211c9,c5,c3,1019,i4,?,
1768592266.5098293,RECEIVED,d8c57f88-3f6a-484c-90ae-48efaee7e090,977a7283-83f7-4075-8293-9a2f34259cca,c4,c1,1019,i1,?,
1768592266.5741591,RECEIVED,675dbdbc-3b58-4c63-926f-c599de68be60,a34e29b5-e92b-49ea-b5e1-50590705711d,c4,c1,1012,i9,?,
1768592266.64315,RECEIVED,3c485493-5d6a-4f89-8ce2-27901ad47265,692081fa-15ea-4848-b25d-5253517f3990,c4,c2,1011,i4,?,
1768592266.7359712,SENT,675dbdbc-3b58-4c63-926f-c599de68be60,a34e29b5-e92b-49ea-b5e1-50590705711d,c4,c1,687,?,p1,
1768592266.7360127,FORWARDED,675dbdbc-3b58-4c63-926f-c599de68be60,a34e29b5-e92b-49ea-b5e1-50590705711d,c4,c1,687,?,p1,
1768592266.7869096,RECEIVED,7b092b7a-9b08-4c60-b65a-e66160789e77,6db4bbb2-c8c6-4313-b887-ff65e5eac8f3,c5,c3,1023,i6,?,
1768592266.8800905,SENT,d8c57f88-3f6a-484c-90ae-48efaee7e090,977a7283-83f7-4075-8293-9a2f34259cca,c4,c1,691,?,p1,
1768592266.8801332,FORWARDED,d8c57f88-3f6a-484c-90ae-48efaee7e090,977a7283-83f7-4075-8293-9a2f34259cca,c4,c1,691,?,p1,
1768592266.9608617,SENT,4f4c6542-d7ae-4183-a5a7-0d46fec5bd5c,f415feab-7f74-4e7a-8815-7862eaf211c9,c5,c3,692,?,p3,
1768592266.9609036,FORWARDED,4f4c6542-d7ae-4183-a5a7-0d46fec5bd5c,f415feab-7f74-4e7a-8815-7862eaf211c9,c5,c3,692,?,p3,
1768592267.1454742,RECEIVED,8b20c8cf-b01b-4ccd-a741-71571b05ce98,82d22ae0-84f3-484a-b3bd-35e1dfca750a,c2,c1,1012,i7,?,
1768592267.2801611,SENT,8b20c8cf-b01b-4ccd-a741-71571b05ce98,82d22ae0-84f3-484a-b3bd-35e1dfca750a,c2,c1,686,?,p1,
1768592267.280203,FORWARDED,8b20c8cf-b01b-4ccd-a741-71571b05ce98,82d22ae0-84f3-484a-b3bd-35e1dfca750a,c2,c1,686,?,p1,
1768592267.293799,RECEIVED,e4b8260e-db8b-4a6c-99cc-618a8b37968f,f7e4f1ea-1721-4249-99ca-53028a294bbf,c2,c5,1016,i4,?,
1768592267.3224332,SENT,e4b8260e-db8b-4a6c-99cc-618a8b37968f,f7e4f1ea-1721-4249-99ca-53028a294bbf,c2,c5,688,?,p2,
1768592267.3224733,FORWARDED,e4b8260e-db8b-4a6c-99cc-618a8b37968f,f7e4f1ea-1721-4249-99ca-53028a294bbf,c2,c5,688,?,p2,
1768592267.3282766,SENT,3c485493-5d6a-4f89-8ce2-27901ad47265,692081fa-15ea-4848-b25d-5253517f3990,c4,c2,687,?,p2,
1768592267.3283167,FORWARDED,3c485493-5d6a-4f89-8ce2-27901ad47265,692081fa-15ea-4848-b25d-5253517f3990,c4,c2,687,?,p2,
1768592267.452203,SENT,93a84681-c219-4cf5-85ac-c8296fef7522,010f6da2-1010-4bd1-90c3-161f0485a621,c5,c1,691,?,p1,
1768592267.452244,FORWARDED,93a84681-c219-4cf5-85ac-c8296fef7522,010f6da2-1010-4bd1-90c3-161f0485a621,c5,c1,691,?,p1,
1768592267.5765786,RECEIVED,4dfb3274-93b4-4a6c-8a8b-3d13274be700,ec725baa-a67c-49d1-a013-b53b70a241b1,c3,c4,1011,i11,?,
1768592267.5769508,RECEIVED,dd434908-33eb-4214-ace0-e614afc224db,dfe3c4dd-9878-4156-aae4-0c11faf74b5a,c3,c2,1011,i12,?,
1768592267.6010926,RECEIVED,d3dfcfbc-4883-4e52-be9c-357efc3344d0,29ba941d-a2ea-4ba1-83d3-0d5e9c48a6de,c1,c3,1020,i7,?,
1768592267.6506033,RECEIVED,1a367eb0-7d5a-4943-a1fe-5f80ad7f05af,8b03bbf8-0f46-4788-9963-692d6cfcdbb9,c4,c1,1011,i4,?,
1768592267.6983552,SENT,d3dfcfbc-4883-4e52-be9c-357efc3344d0,29ba941d-a2ea-4ba1-83d3-0d5e9c48a6de,c1,c3,692,?,p3,
1768592267.6983998,FORWARDED,d3dfcfbc-4883-4e52-be9c-357efc3344d0,29ba941d-a2ea-4ba1-83d3-0d5e9c48a6de,c1,c3,692,?,p3,
1768592267.8935475,RECEIVED,23071e07-eae8-472c-b944-9d77ba8e964f,5d79b76d-d7db-4421-841f-7f11649d8a29,c1,c4,1016,i4,?,
1768592267.8944316,SENT,1a367eb0-7d5a-4943-a1fe-5f80ad7f05af,8b03bbf8-0f46-4788-9963-692d6cfcdbb9,c4,c1,687,?,p1,
1768592267.8944745,FORWARDED,1a367eb0-7d5a-4943-a1fe-5f80ad7f05af,8b03bbf8-0f46-4788-9963-692d6cfcdbb9,c4,c1,687,?,p1,
1768592267.9021492,RECEIVED,8350587f-1efa-4447-8b02-db9bc1108494,d75e8526-754d-444e-b631-491c1ceca65b,c1,DROP,691,i12,?,
1768592267.9839516,RECEIVED,2aafd45c-70a8-492e-9766-f683eea1b51c,9a1ac018-a17e-4b53-a859-a2b594c08fc9,c1,c3,1012,i4,?,
1768592267.9840844,RECEIVED,b449160c-c203-4d2d-8807-76c0d056eb7a,8a468ba2-a630-4753-91db-78fc5c9af4fa,c2,c3,1019,i12,?,
1768592268.0282688,SENT,23071e07-eae8-472c-b944-9d77ba8e964f,5d79b76d-d7db-4421-841f-7f11649d8a29,c1,c4,689,?,p1,
1768592268.028312,FORWARDED,23071e07-eae8-472c-b944-9d77ba8e964f,5d79b76d-d7db-4421-841f-7f11649d8a29,c1,c4,689,?,p1,
1768592268.0409331,SENT,4dfb3274-93b4-4a6c-8a8b-3d13274be700,ec725baa-a67c-49d1-a013-b53b70a241b1,c3,c4,687,?,p1,
1768592268.0411143,FORWARDED,4dfb3274-93b4-4a6c-8a8b-3d13274be700,ec725baa-a67c-49d1-a013-b53b70a241b1,c3,c4,687,?,p1,
1768592268.0693014,RECEIVED,d3b25b1f-babc-4c7b-8f95-f2b388eb5db2,0d83d6c4-f7e8-47a0-b8c2-ff189671ac55,c2,c3,1016,i1,?,
1768592268.0919962,RECEIVED,3347fc4a-83e1-440c-896d-6bd434bd7bf6,0a3ca1ec-1877-41b4-9047-a04c6fa60ccf,c1,c4,1023,i9,?,
1768592268.1040003,SENT,d3b25b1f-babc-4c7b-8f95-f2b388eb5db2,0d83d6c4-f7e8-47a0-b8c2-ff189671ac55,c2,c3,688,?,p3,
1768592268.1040964,FORWARDED,d3b25b1f-babc-4c7b-8f95-f2b388eb5db2,0d83d6c4-f7e8-47a0-b8c2-ff189671ac55,c2,c3,688,?,p3,
1768592268.106469,SENT,2aafd45c-70a8-492e-9766-f683eea1b51c,9a1ac018-a17e-4b53-a859-a2b594c08fc9,c1,c3,687,?,p3,
1768592268.1068256,FORWARDED,2aafd45c-70a8-492e-9766-f683eea1b51c,9a1ac018-a17e-4b53-a859-a2b594c08fc9,c1,c3,687,?,p3,
1768592268.2227337,RECEIVED,06b6905e-2a14-4d37-b458-711fb3d7faf3,841e0a3e-c56c-4747-b7ce-1eb6d6c87bcd,c4,c3,1015,i4,?,
1768592268.4241855,RECEIVED,94287d2b-2b52-47d2-bfdd-76acaac61866,509533ba-0425-4aea-b729-89484beff882,c4,DROP,441,x5,?,
1768592268.4476411,SENT,dd434908-33eb-4214-ace0-e614afc224db,dfe3c4dd-9878-4156-aae4-0c11faf74b5a,c3,c2,686,?,p2,
1768592268.447687,FORWARDED,dd434908-33eb-4214-ace0-e614afc224db,dfe3c4dd-9878-4156-aae4-0c11faf74b5a,c3,c2,686,?,p2,
1768592268.4613774,SENT,3347fc4a-83e1-440c-896d-6bd434bd7bf6,0a3ca1ec-1877-41b4-9047-a04c6fa60ccf,c1,c4,696,?,p1,
1768592268.4614134,FORWARDED,3347fc4a-83e1-440c-896d-6bd434bd7bf6,0a3ca1ec-1877-41b4-9047-a04c6fa60ccf,c1,c4,696,?,p1,
1768592268.5519266,RECEIVED,d7ec8c63-8a76-4c06-b6e5-9de6b002b6f4,ef76ef05-31c7-4a57-aae3-e34556824ff5,c1,c2,1015,i7,?,
1768592268.5623603,SENT,7b092b7a-9b08-4c60-b65a-e66160789e77,6db4bbb2-c8c6-4313-b887-ff65e5eac8f3,c5,c3,696,?,p3,
1768592268.5624027,FORWARDED,7b092b7a-9b08-4c60-b65a-e66160789e77,6db4bbb2-c8c6-4313-b887-ff65e5eac8f3,c5,c3,696,?,p3,
1768592268.609918,SENT,b449160c-c203-4d2d-8807-76c0d056eb7a,8a468ba2-a630-4753-91db-78fc5c9af4fa,c2,c3,693,?,p3,
1768592268.609959,FORWARDED,b449160c-c203-4d2d-8807-76c0d056eb7a,8a468ba2-a630-4753-91db-78fc5c9af4fa,c2,c3,693,?,p3,
1768592268.8707974,SENT,06b6905e-2a14-4d37-b458-711fb3d7faf3,841e0a3e-c56c-4747-b7ce-1eb6d6c87bcd,c4,c3,688,?,p3,
1768592268.870838,FORWARDED,06b6905e-2a14-4d37-b458-711fb3d7faf3,841e0a3e-c56c-4747-b7ce-1eb6d6c87bcd,c4,c3,688,?,p3,
1768592269.0532954,RECEIVED,1e062bd1-9027-4ca4-9ed9-126734411dc9,ebf9f7aa-5afa-4e59-9653-444763c6a951,c4,c2,1011,i12,?,
1768592269.1249979,RECEIVED,ec0c1f11-8d8f-490d-95a1-0125d4654f1c,b3aff899-12ad-4ad1-86fc-d55e4e49337d,c2,c1,1015,i8,?,
1768592269.126134,RECEIVED,25925959-c949-4098-814a-455d2e680e11,acb62d4f-c036-4e34-ac31-3f7fe8d17a51,c4,DROP,683,i11,?,
1768592269.1469243,SENT,8350587f-1efa-4447-8b02-db9bc1108494,d75e8526-754d-444e-b631-491c1ceca65b,c1,DROP,446,?,x3,
1768592269.146964,FORWARDED,8350587f-1efa-4447-8b02-db9bc1108494,d75e8526-754d-444e-b631-491c1ceca65b,c1,DROP,446,?,x3,
1768592269.4196432,RECEIVED,9351e4d0-4f95-49d4-9371-2656c5729c3d,e31adc16-795a-4b3c-9a4e-1f459490f31c,c4,c3,1020,i12,?,
1768592269.4776857,SENT,25925959-c949-4098-814a-455d2e680e11,acb62d4f-c036-4e34-ac31-3f7fe8d17a51,c4,DROP,441,?,e7,
1768592269.4777215,FORWARDED,25925959-c949-4098-814a-455d2e680e11,acb62d4f-c036-4e34-ac31-3f7fe8d17a51,c4,DROP,441,?,e7,
1768592269.6281688,SENT,d7ec8c63-8a76-4c06-b6e5-9de6b002b6f4,ef76ef05-31c7-4a57-aae3-e34556824ff5,c1,c2,688,?,p2,
1768592269.6282108,FORWARDED,d7ec8c63-8a76-4c06-b6e5-9de6b002b6f4,ef76ef05-31c7-4a57-aae3-e34556824ff5,c1,c2,688,?,p2,
1768592269.6390588,SENT,9351e4d0-4f95-49d4-9371-2656c5729c3d,e31adc16-795a-4b3c-9a4e-1f459490f31c,c4,c3,692,?,p3,
1768592269.6391056,FORWARDED,9351e4d0-4f95-49d4-9371-2656c5729c3d,e31adc16-795a-4b3c-9a4e-1f459490f31c,c4,c3,692,?,p3,
1768592269.65446,SENT,1e062bd1-9027-4ca4-9ed9-126734411dc9,ebf9f7aa-5afa-4e59-9653-444763c6a951,c4,c2,687,?,p2,
1768592269.654502,FORWARDED,1e062bd1-9027-4ca4-9ed9-126734411dc9,ebf9f7aa-5afa-4e59-9653-444763c6a951,c4,c2,687,?,p2,
1768592269.67042,SENT,ec0c1f11-8d8f-490d-95a1-0125d4654f1c,b3aff899-12ad-4ad1-86fc-d55e4e49337d,c2,c1,690,?,p1,
1768592269.6704612,FORWARDED,ec0c1f11-8d8f-490d-95a1-0125d4654f1c,b3aff899-12ad-4ad1-86fc-d55e4e49337d,c2,c1,690,?,p1,
1768592270.04191,RECEIVED,bc74eafb-7137-4eb6-bf1d-b6f4495ed0cd,056e106b-9e4b-47be-bbdb-7cffd1378175,c4,c2,1014,i7,?,
1768592270.233221,RECEIVED,373d4526-5b72-4ec3-9791-98cf0debb210,02567cc8-a76c-4009-9417-483067fa8066,c3,c2,1023,i12,?,
1768592270.2590222,RECEIVED,2e3043a9-4733-4ccf-a8c9-5723afc173d9,554195cb-cb19-46fd-b983-3155b85ca6ea,c1,c5,1012,i4,?,
1768592270.302766,RECEIVED,d2e93a2a-e61a-4299-9844-24d60cec29fc,fc40b6b4-38a5-4bc9-9d56-5bbcda1e8551,c2,c1,1020,i11,?,
1768592270.3514798,SENT,2e3043a9-4733-4ccf-a8c9-5723afc173d9,554195cb-cb19-46fd-b983-3155b85ca6ea,c1,c5,687,?,p2,
1768592270.3515213,FORWARDED,2e3043a9-4733-4ccf-a8c9-5723afc173d9,554195cb-cb19-46fd-b983-3155b85ca6ea,c1,c5,687,?,p2,
1768592270.5602663,RECEIVED,d877eb10-d332-41e8-9235-1ca67b53e3eb,ac076e5b-e334-49bf-a3ab-afd159781b1c,c4,c1,1016,i4,?,
1768592270.5784695,SENT,d2e93a2a-e61a-4299-9844-24d60cec29fc,fc40b6b4-38a5-4bc9-9d56-5bbcda1e8551,c2,c1,692,?,p1,
1768592270.5785124,FORWARDED,d2e93a2a-e61a-4299-9844-24d60cec29fc,fc40b6b4-38a5-4bc9-9d56-5bbcda1e8551,c2,c1,692,?,p1,
1768592270.792849,SENT,d877eb10-d332-41e8-9235-1ca67b53e3eb,ac076e5b-e334-49bf-a3ab-afd159781b1c,c4,c1,688,?,p1,
1768592270.7928908,FORWARDED,d877eb10-d332-41e8-9235-1ca67b53e3eb,ac076e5b-e334-49bf-a3ab-afd159781b1c,c4,c1,688,?,p1,
1768592270.9607372,RECEIVED,8d19136d-4b10-4a76-b5b6-7ac90c0c50d9,ddba13b4-a878-46b6-b9fe-40bda951ebac,c5,c1,1011,i7,?,
1768592271.0714464,SENT,bc74eafb-7137-4eb6-bf1d-b6f4495ed0cd,056e106b-9e4b-47be-bbdb-7cffd1378175,c4,c2,688,?,p2,
1768592271.0714974,FORWARDED,bc74eafb-7137-4eb6-bf1d-b6f4495ed0cd,056e106b-9e4b-47be-bbdb-7cffd1378175,c4,c2,688,?,p2,
1768592271.1524224,SENT,373d4526-5b72-4ec3-9791-98cf0debb210,02567cc8-a76c-4009-9417-483067fa8066,c3,c2,696,?,p2,
1768592271.1524634,FORWARDED,373d4526-5b72-4ec3-9791-98cf0debb210,02567cc8-a76c-4009-9417-483067fa8066,c3,c2,696,?,p2,
1768592271.2039716,SENT,8d19136d-4b10-4a76-b5b6-7ac90c0c50d9,ddba13b4-a878-46b6-b9fe-40bda951ebac,c5,c1,686,?,p1,
1768592271.2040145,FORWARDED,8d19136d-4b10-4a76-b5b6-7ac90c0c50d9,ddba13b4-a878-46b6-b9fe-40bda951ebac,c5,c1,686,?,p1,
1768592271.2229996,RECEIVED,49b8758e-af6d-419e-9882-eb0be174ed5f,34cb527e-9213-4e61-a1bd-fcfc44f709c2,c5,c1,1016,i8,?,
1768592271.2830057,SENT,49b8758e-af6d-419e-9882-eb0be174ed5f,34cb527e-9213-4e61-a1bd-fcfc44f709c2,c5,c1,688,?,p1,
1768592271.2832098,FORWARDED,49b8758e-af6d-419e-9882-eb0be174ed5f,34cb527e-9213-4e61-a1bd-fcfc44f709c2,c5,c1,688,?,p1,
1768592271.383133,RECEIVED,5d970d1c-2b37-4452-a180-9927b4815c80,777bcef1-9c51-4925-83e6-764e0c180658,c2,c3,1019,i9,?,
1768592271.4996023,RECEIVED,933a5d5b-d636-4443-9340-50ac8605868d,715afe21-01c9-4aee-b882-b6776cc16f08,c5,c4,1012,i11,?,
1768592271.5537648,RECEIVED,9a055d91-c701-4660-8932-cbe47e4ebc8f,6780da9a-0884-49dc-934b-1b205cbb10cc,c3,c4,1014,i9,?,
1768592271.589581,SENT,933a5d5b-d636-4443-9340-50ac8605868d,715afe21-01c9-4aee-b882-b6776cc16f08,c5,c4,687,?,p1,
1768592271.5896344,FORWARDED,933a5d5b-d636-4443-9340-50ac8605868d,715afe21-01c9-4aee-b882-b6776cc16f08,c5,c4,687,?,p1,
1768592271.773327,SENT,5d970d1c-2b37-4452-a180-9927b4815c80,777bcef1-9c51-4925-83e6-764e0c180658,c2,c3,691,?,p3,
1768592271.773371,FORWARDED,5d970d1c-2b37-4452-a180-9927b4815c80,777bcef1-9c51-4925-83e6-764e0c180658,c2,c3,691,?,p3,
1768592271.8232238,RECEIVED,020c58f6-bf32-4ca7-900a-2fa22edeea30,e566ab7e-7428-4c54-a0d4-d91e90f4d984,c5,DROP,440,x2,?,
1768592272.168728,RECEIVED,28ded112-9ba4-4ae0-a179-f724a1c937bf,4b59639d-7c88-426f-ae17-d501989d8064,c1,c3,1020,i11,?,
1768592272.289574,RECEIVED,d9fcc906-1178-41a9-a83e-c2fb579da4f5,25f89460-5845-4ea5-ad19-f84255356a18,c2,c4,1011,i8,?,
1768592272.3139267,RECEIVED,d46c71fe-8d77-457e-bdbe-13b9caae4638,12eaf623-5b2d-4e6f-9a1e-fd70280b456d,c3,c2,1024,i11,?,
1768592272.4277933,RECEIVED,f78156c3-c304-4a6f-a8f8-0b567cd3cc17,2f54119c-6f0c-47c0-ab5f-dbb7998969aa,c5,c2,1024,i5,?,
1768592272.429139,RECEIVED,0586d18d-66de-4cf1-84b9-d1d8b2e80dfb,432309bc-989e-45b3-9a15-f782265ba74d,c5,c3,1011,i4,?,
1768592272.4876206,SENT,f78156c3-c304-4a6f-a8f8-0b567cd3cc17,2f54119c-6f0c-47c0-ab5f-dbb7998969aa,c5,c2,695,?,p2,
1768592272.4876626,FORWARDED,f78156c3-c304-4a6f-a8f8-0b567cd3cc17,2f54119c-6f0c-47c0-ab5f-dbb7998969aa,c5,c2,695,?,p2,
1768592272.5445614,SENT,9a055d91-c701-4660-8932-cbe47e4ebc8f,6780da9a-0884-49dc-934b-1b205cbb10cc,c3,c4,689,?,p1,
1768592272.5445988,FORWARDED,9a055d91-c701-4660-8932-cbe47e4ebc8f,6780da9a-0884-49dc-934b-1b205cbb10cc,c3,c4,689,?,p1,
1768592272.582647,SENT,28ded112-9ba4-4ae0-a179-f724a1c937bf,4b59639d-7c88-426f-ae17-d501989d8064,c1,c3,691,?,p3,
1768592272.5827081,FORWARDED,28ded112-9ba4-4ae0-a179-f724a1c937bf,4b59639d-7c88-426f-ae17-d501989d8064,c1,c3,691,?,p3,
1768592272.6529703,SENT,d46c71fe-8d77-457e-bdbe-13b9caae4638,12eaf623-5b2d-4e6f-9a1e-fd70280b456d,c3,c2,696,?,p2,
1768592272.653013,FORWARDED,d46c71fe-8d77-457e-bdbe-13b9caae4638,12eaf623-5b2d-4e6f-9a1e-fd70280b456d,c3,c2,696,?,p2,
1768592272.743507,SENT,d9fcc906-1178-41a9-a83e-c2fb579da4f5,25f89460-5845-4ea5-ad19-f84255356a18,c2,c4,685,?,p1,
1768592272.743616,FORWARDED,d9fcc906-1178-41a9-a83e-c2fb579da4f5,25f89460-5845-4ea5-ad19-f84255356a18,c2,c4,685,?,p1,
1768592272.7549329,RECEIVED,5d284be3-5a68-4433-9425-bf8debab06d9,a3d52b7c-9732-44ac-a6cc-bbbc0201c996,c3,c4,1012,i7,?,
1768592272.7756286,RECEIVED,cad4e013-a458-484b-87b1-74c11367922a,3815bc1e-4cec-41d0-bfdf-fce0ab5cdfc2,c4,c1,1022,i11,?,
1768592272.8468692,SENT,5d284be3-5a68-4433-9425-bf8debab06d9,a3d52b7c-9732-44ac-a6cc-bbbc0201c996,c3,c4,687,?,p1,
1768592272.8469117,FORWARDED,5d284be3-5a68-4433-9425-bf8debab06d9,a3d52b7c-9732-44ac-a6cc-bbbc0201c996,c3,c4,687,?,p1,
1768592273.1288676,RECEIVED,d07b5f18-a499-404a-b7d9-47b7d78ec2b0,690d648e-cc26-4d91-be0b-1fc2967003a7,c2,c5,1015,i4,?,
1768592273.1781049,RECEIVED,649daca0-9efd-40c8-97d8-f8f39465e07d,9fcc377f-0032-45cc-90b8-3dd0a1045b1e,c2,c1,1013,i11,?,
1768592273.2159867,RECEIVED,8fa10464-1d39-4ee8-942d-0fbaf19d2ecf,87ff0b6d-bd01-49f9-ab73-bc5d2ec4df7b,c2,DROP,441,x8,?,
1768592273.2494264,SENT,649daca0-9efd-40c8-97d8-f8f39465e07d,9fcc377f-0032-45cc-90b8-3dd0a1045b1e,c2,c1,687,?,p1,
1768592273.2494683,FORWARDED,649daca0-9efd-40c8-97d8-f8f39465e07d,9fcc377f-0032-45cc-90b8-3dd0a1045b1e,c2,c1,687,?,p1,
1768592273.2915955,RECEIVED,bb939883-08c9-44e4-9240-79304b798ed6,987fb4be-11b5-43d1-8299-9c1b2c551d43,c5,DROP,440,x11,?,
1768592273.4334896,RECEIVED,a4c71441-fa28-4751-b1a0-63b00c4733e4,f8a8f93e-4d2f-40cc-8ebd-3793bd1e98d9,c4,c5,1023,i11,?,
1768592273.4651244,SENT,d07b5f18-a499-404a-b7d9-47b7d78ec2b0,690d648e-cc26-4d91-be0b-1fc2967003a7,c2,c5,688,?,p2,
1768592273.4651678,FORWARDED,d07b5f18-a499-404a-b7d9-47b7d78ec2b0,690d648e-cc26-4d91-be0b-1fc2967003a7,c2,c5,688,?,p2,
1768592273.5485346,RECEIVED,cffa060c-114b-4c19-9e2f-fbf1f0373828,8cca8ba6-7e28-4d0c-ae0c-b5ce3e39d1d1,c1,c4,1012,i1,?,
1768592273.5674427,SENT,cad4e013-a458-484b-87b1-74c11367922a,3815bc1e-4cec-41d0-bfdf-fce0ab5cdfc2,c4,c1,694,?,p1,
1768592273.5674849,FORWARDED,cad4e013-a458-484b-87b1-74c11367922a,3815bc1e-4cec-41d0-bfdf-fce0ab5cdfc2,c4,c1,694,?,p1,
1768592273.775586,RECEIVED,69ae6981-b263-4353-85fe-9e2678e23a87,978f7cd0-db6b-4de7-818f-66169ac3c475,c5,c2,1012,i4,?,
1768592273.8103225,SENT,69ae6981-b263-4353-85fe-9e2678e23a87,978f7cd0-db6b-4de7-818f-66169ac3c475,c5,c2,686,?,p2,
1768592273.8103647,FORWARDED,69ae6981-b263-4353-85fe-9e2678e23a87,978f7cd0-db6b-4de7-818f-66169ac3c475,c5,c2,686,?,p2,
1768592273.812535,RECEIVED,619b355a-0293-44e7-88f9-a8725b0a3625,6fcf7ef2-c501-450e-b822-dc1838666609,c1,c5,1019,i5,?,
1768592273.8129702,SENT,cffa060c-114b-4c19-9e2f-fbf1f0373828,8cca8ba6-7e28-4d0c-ae0c-b5ce3e39d1d1,c1,c4,687,?,p1,
1768592273.8130152,FORWARDED,cffa060c-114b-4c19-9e2f-fbf1f0373828,8cca8ba6-7e28-4d0c-ae0c-b5ce3e39d1d1,c1,c4,687,?,p1,
1768592273.862602,RECEIVED,fa919c41-e089-44f8-baed-29e1203b278c,a7882ac8-1fef-4fc3-bd99-917f896d99da,c3,c5,1015,i5,?,
1768592273.9012275,SENT,a4c71441-fa28-4751-b1a0-63b00c4733e4,f8a8f93e-4d2f-40cc-8ebd-3793bd1e98d9,c4,c5,696,?,p2,
1768592273.901268,FORWARDED,a4c71441-fa28-4751-b1a0-63b00c4733e4,f8a8f93e-4d2f-40cc-8ebd-3793bd1e98d9,c4,c5,696,?,p2,
1768592273.982908,SENT,0586d18d-66de-4cf1-84b9-d1d8b2e80dfb,432309bc-989e-45b3-9a15-f782265ba74d,c5,c3,687,?,p3,
1768592273.9829493,FORWARDED,0586d18d-66de-4cf1-84b9-d1d8b2e80dfb,432309bc-989e-45b3-9a15-f782265ba74d,c5,c3,687,?,p3,
1768592274.1792798,SENT,fa919c41-e089-44f8-baed-29e1203b278c,a7882ac8-1fef-4fc3-bd99-917f896d99da,c3,c5,688,?,p2,
1768592274.1793263,FORWARDED,fa919c41-e089-44f8-baed-29e1203b278c,a7882ac8-1fef-4fc3-bd99-917f896d99da,c3,c5,688,?,p2,
1768592274.2391734,RECEIVED,7947a971-ce97-4b29-9801-94837add7be3,03121274-4ad2-4bcb-b4d4-275191fff0bd,c4,c3,1019,i11,?,
1768592274.2492335,SENT,619b355a-0293-44e7-88f9-a8725b0a3625,6fcf7ef2-c501-450e-b822-dc1838666609,c1,c5,691,?,p2,
1768592274.2492757,FORWARDED,619b355a-0293-44e7-88f9-a8725b0a3625,6fcf7ef2-c501-450e-b822-dc1838666609,c1,c5,691,?,p2,
1768592274.295523,RECEIVED,e981e840-454e-42d0-bc78-a8a1a371d534,1fac7191-8a5d-48c2-aad9-b6aaf0c03e67,c2,c4,1019,i9,?,
1768592274.3123572,RECEIVED,15fba57d-746b-4e88-bc7e-5c8db1914d1d,f2001342-8d69-4b02-9ae2-8774b54724d5,c1,c5,1015,i8,?,
1768592274.431326,RECEIVED,5d1aaa95-edaf-40cf-adcd-23b22ac1aa63,fbe7ab94-4d94-46c8-b585-42a8e3118bee,c1,c4,1012,i8,?,
1768592274.5767534,SENT,15fba57d-746b-4e88-bc7e-5c8db1914d1d,f2001342-8d69-4b02-9ae2-8774b54724d5,c1,c5,688,?,p2,
1768592274.5767934,FORWARDED,15fba57d-746b-4e88-bc7e-5c8db1914d1d,f2001342-8d69-4b02-9ae2-8774b54724d5,c1,c5,688,?,p2,
1768592274.6053731,SENT,7947a971-ce97-4b29-9801-94837add7be3,03121274-4ad2-4bcb-b4d4-275191fff0bd,c4,c3,692,?,p3,
1768592274.605419,FORWARDED,7947a971-ce97-4b29-9801-94837add7be3,03121274-4ad2-4bcb-b4d4-275191fff0bd,c4,c3,692,?,p3,
1768592274.7646174,RECEIVED,61bb72e1-65ce-4a2d-a438-a39a2eed1df1,0b3f6f34-4f81-4e30-aeb2-ba47f4649156,c2,c4,1011,i6,?,
1768592274.8468955,SENT,5d1aaa95-edaf-40cf-adcd-23b22ac1aa63,fbe7ab94-4d94-46c8-b585-42a8e3118bee,c1,c4,687,?,p1,
1768592274.8469396,FORWARDED,5d1aaa95-edaf-40cf-adcd-23b22ac1aa63,fbe7ab94-4d94-46c8-b585-42a8e3118bee,c1,c4,687,?,p1,
1768592274.8970428,RECEIVED,bc434d3f-1a1c-4328-9fb3-f6c7c449f7d0,41cb463d-26ed-427b-a190-36d5b72ce155,c3,c5,1015,i2,?,
1768592274.8992658,SENT,e981e840-454e-42d0-bc78-a8a1a371d534,1fac7191-8a5d-48c2-aad9-b6aaf0c03e67,c2,c4,692,?,p1,
1768592274.8993075,FORWARDED,e981e840-454e-42d0-bc78-a8a1a371d534,1fac7191-8a5d-48c2-aad9-b6aaf0c03e67,c2,c4,692,?,p1,
1768592274.9738426,RECEIVED,5d64b811-2182-4167-b7a6-d8cf427bb4f9,fa5e798c-6d3b-4316-a3b1-da4b4030a678,c3,c1,1019,i5,?,
1768592275.0211136,SENT,5d64b811-2182-4167-b7a6-d8cf427bb4f9,fa5e798c-6d3b-4316-a3b1-da4b4030a678,c3,c1,693,?,p1,
1768592275.0211523,FORWARDED,5d64b811-2182-4167-b7a6-d8cf427bb4f9,fa5e798c-6d3b-4316-a3b1-da4b4030a678,c3,c1,693,?,p1,
1768592275.234086,SENT,61bb72e1-65ce-4a2d-a438-a39a2eed1df1,0b3f6f34-4f81-4e30-aeb2-ba47f4649156,c2,c4,686,?,p1,
1768592275.2341268,FORWARDED,61bb72e1-65ce-4a2d-a438-a39a2eed1df1,0b3f6f34-4f81-4e30-aeb2-ba47f4649156,c2,c4,686,?,p1,
1768592275.3606522,SENT,bc434d3f-1a1c-4328-9fb3-f6c7c449f7d0,41cb463d-26ed-427b-a190-36d5b72ce155,c3,c5,688,?,p2,
1768592275.3607028,FORWARDED,bc434d3f-1a1c-4328-9fb3-f6c7c449f7d0,41cb463d-26ed-427b-a190-36d5b72ce155,c3,c5,688,?,p2,
1768592275.666038,RECEIVED,0ae9b57f-e43f-4b99-89f4-3c5a2fdcd3b0,e6816166-df83-4e9b-b6df-90a958fb0112,c1,DROP,683,i8,?,
1768592275.905186,RECEIVED,985418ec-12d9-4342-985a-8ce7c7ea64ea,21570eae-bb45-4c88-9585-cc329e52730c,c1,c3,1020,i11,?,
1768592275.977221,SENT,985418ec-12d9-4342-985a-8ce7c7ea64ea,21570eae-bb45-4c88-9585-cc329e52730c,c1,c3,691,?,p3,
1768592275.9772635,FORWARDED,985418ec-12d9-4342-985a-8ce7c7ea64ea,21570eae-bb45-4c88-9585-cc329e52730c,c1,c3,691,?,p3,
1768592275.992506,SENT,0ae9b57f-e43f-4b99-89f4-3c5a2fdcd3b0,e6816166-df83-4e9b-b6df-90a958fb0112,c1,DROP,441,?,e2,
1768592275.9925559,FORWARDED,0ae9b57f-e43f-4b99-89f4-3c5a2fdcd3b0,e6816166-df83-4e9b-b6df-90a958fb0112,c1,DROP,441,?,e2,
1768592276.716363,RECEIVED,26ebb2c1-23d7-43e5-bde1-c753501b76ca,4bcc4b8d-8c8f-433b-85af-787ca04ee3ca,c5,c1,1023,i4,?,
1768592276.8092594,RECEIVED,a747d242-6bae-49ca-a7f9-79f515e19d98,356fa42c-2b5f-4661-96b6-cdc9186db206,c2,DROP,683,i4,?,
1768592276.9569557,SENT,26ebb2c1-23d7-43e5-bde1-c753501b76ca,4bcc4b8d-8c8f-433b-85af-787ca04ee3ca,c5,c1,696,?,p1,
1768592276.9570003,FORWARDED,26ebb2c1-23d7-43e5-bde1-c753501b76ca,4bcc4b8d-8c8f-433b-85af-787ca04ee3ca,c5,c1,696,?,p1,
1768592277.052158,RECEIVED,76f658ba-21e0-4f11-85cf-0138bcc4e887,4606f49f-8f52-41a9-bdc4-347ac86247e6,c1,c2,1016,i4,?,
1768592277.3740118,SENT,76f658ba-21e0-4f11-85cf-0138bcc4e887,4606f49f-8f52-41a9-bdc4-347ac86247e6,c1,c2,688,?,p2,
1768592277.3740714,FORWARDED,76f658ba-21e0-4f11-85cf-0138bcc4e887,4606f49f-8f52-41a9-bdc4-347ac86247e6,c1,c2,688,?,p2,
1768592277.3868957,SENT,a747d242-6bae-49ca-a7f9-79f515e19d98,356fa42c-2b5f-4661-96b6-cdc9186db206,c2,DROP,441,?,e9,
1768592277.387489,FORWARDED,a747d242-6bae-49ca-a7f9-79f515e19d98,356fa42c-2b5f-4661-96b6-cdc9186db206,c2,DROP,441,?,e9,
1768592277.4417663,RECEIVED,d5018723-9c90-4494-8717-feaaf350e56d,d4c57e2c-e928-4806-9247-f98e87677f13,c2,c1,1015,i9,?,
1768592277.6163838,RECEIVED,8570814e-3025-4765-82e9-312fdfada849,c6e620c1-7970-49ca-970f-a97a2db19340,c4,c5,1011,i2,?,
1768592277.8213875,RECEIVED,a8bed522-b68d-4dfd-94a2-2fcc0f023b59,d178bb2a-42e1-44ab-8f01-1ba36c12b313,c4,DROP,683,i2,?,
1768592277.9970903,RECEIVED,32c60035-7333-4d90-bb6b-b27a164c0120,a4a43bc7-5a3c-4ed1-aa1e-af84bdfdbaa8,c4,DROP,684,i9,?,
1768592278.0996714,SENT,8570814e-3025-4765-82e9-312fdfada849,c6e620c1-7970-49ca-970f-a97a2db19340,c4,c5,686,?,p2,
1768592278.0997202,FORWARDED,8570814e-3025-4765-82e9-312fdfada849,c6e620c1-7970-49ca-970f-a97a2db19340,c4,c5,686,?,p2,
1768592278.199706,SENT,d5018723-9c90-4494-8717-feaaf350e56d,d4c57e2c-e928-4806-9247-f98e87677f13,c2,c1,688,?,p1,
1768592278.1997476,FORWARDED,d5018723-9c90-4494-8717-feaaf350e56d,d4c57e2c-e928-4806-9247-f98e87677f13,c2,c1,688,?,p1,
1768592278.2774992,SENT,32c60035-7333-4d90-bb6b-b27a164c0120,a4a43bc7-5a3c-4ed1-aa1e-af84bdfdbaa8,c4,DROP,440,?,x12,
1768592278.2775486,FORWARDED,32c60035-7333-4d90-bb6b-b27a164c0120,a4a43bc7-5a3c-4ed1-aa1e-af84bdfdbaa8,c4,DROP,440,?,x12,
1768592278.3324728,RECEIVED,af503a0b-3a94-4b1a-a912-926d226eebe6,d285e388-e898-4d29-b5c1-5b096c7fdb5d,c4,c1,1019,i9,?,
1768592278.4293141,RECEIVED,548c2115-8cb5-44df-91b4-487fffa4d6e8,514dc4cc-76ae-41d4-bc04-ae0e6491b8f2,c5,c2,1023,i11,?,
1768592278.4417264,RECEIVED,c4962901-fb63-419e-addb-6bb57d128d64,3c66d5fb-8e55-4fdb-8553-e118e09efbb6,c1,c4,1015,i5,?,
1768592278.557763,RECEIVED,9003e579-1ffe-42de-8b3f-bb31745b5d26,9e0c454a-7baa-4257-bd95-eae2352e8e24,c3,DROP,441,x3,?,
1768592278.6270132,RECEIVED,35637482-bc40-4087-a17b-ee340d9ea033,fbede9b8-b89a-46c2-9672-e60a1722c691,c4,c3,1016,i4,?,
1768592278.7480602,SENT,c4962901-fb63-419e-addb-6bb57d128d64,3c66d5fb-8e55-4fdb-8553-e118e09efbb6,c1,c4,688,?,p1,
1768592278.7489111,FORWARDED,c4962901-fb63-419e-addb-6bb57d128d64,3c66d5fb-8e55-4fdb-8553-e118e09efbb6,c1,c4,688,?,p1,
1768592278.8265407,SENT,548c2115-8cb5-44df-91b4-487fffa4d6e8,514dc4cc-76ae-41d4-bc04-ae0e6491b8f2,c5,c2,695,?,p2,
1768592278.8265803,FORWARDED,548c2115-8cb5-44df-91b4-487fffa4d6e8,514dc4cc-76ae-41d4-bc04-ae0e6491b8f2,c5,c2,695,?,p2,
1768592278.850024,SENT,af503a0b-3a94-4b1a-a912-926d226eebe6,d285e388-e898-4d29-b5c1-5b096c7fdb5d,c4,c1,691,?,p1,
1768592278.8502755,FORWARDED,af503a0b-3a94-4b1a-a912-926d226eebe6,d285e388-e898-4d29-b5c1-5b096c7fdb5d,c4,c1,691,?,p1,
1768592278.8583941,RECEIVED,490f169e-2564-4d11-9937-04679d7cf378,770d178e-3afc-4c2d-96fd-8380318c2a51,c2,c1,1015,i4,?,
1768592278.9078062,SENT,a8bed522-b68d-4dfd-94a2-2fcc0f023b59,d178bb2a-42e1-44ab-8f01-1ba36c12b313,c4,DROP,441,?,x3,
1768592278.907846,FORWARDED,a8bed522-b68d-4dfd-94a2-2fcc0f023b59,d178bb2a-42e1-44ab-8f01-1ba36c12b313,c4,DROP,441,?,x3,
1768592279.001213,RECEIVED,b7454ba8-edc9-41f4-b672-f9d54a3fbcf6,77dc8287-285c-4f91-8bd0-6676bf99faa7,c2,DROP,679,i5,?,
1768592279.071311,SENT,35637482-bc40-4087-a17b-ee340d9ea033,fbede9b8-b89a-46c2-9672-e60a1722c691,c4,c3,689,?,p3,
1768592279.071349,FORWARDED,35637482-bc40-4087-a17b-ee340d9ea033,fbede9b8-b89a-46c2-9672-e60a1722c691,c4,c3,689,?,p3,
1768592279.1936111,RECEIVED,5dbef7a0-7fbf-4154-b599-fc1b2f7987bd,f58c3d65-3e64-425d-9088-24e4eb282aca,c2,c1,1015,i7,?,
1768592279.2280185,SENT,490f169e-2564-4d11-9937-04679d7cf378,770d178e-3afc-4c2d-96fd-8380318c2a51,c2,c1,688,?,p1,
1768592279.228512,FORWARDED,490f169e-2564-4d11-9937-04679d7cf378,770d178e-3afc-4c2d-96fd-8380318c2a51,c2,c1,688,?,p1,
1768592279.3058312,RECEIVED,8d6a5c5d-de1f-48e9-a5a7-4150028f5b71,e89d887f-2de6-46d5-853f-a8c1bf772872,c1,c3,1016,i4,?,
1768592279.4359944,SENT,8d6a5c5d-de1f-48e9-a5a7-4150028f5b71,e89d887f-2de6-46d5-853f-a8c1bf772872,c1,c3,688,?,p3,
1768592279.4360356,FORWARDED,8d6a5c5d-de1f-48e9-a5a7-4150028f5b71,e89d887f-2de6-46d5-853f-a8c1bf772872,c1,c3,688,?,p3,
1768592279.6753652,RECEIVED,1808e9b2-728d-4722-8a9b-0c5acc614014,40229afb-f374-4bed-9fcd-2620ffcaba94,c5,c4,1011,i1,?,
1768592280.0287712,RECEIVED,991b10a5-2875-4376-b53b-25db42825630,ede61446-eed7-4eab-bb0a-8eb89275087f,c1,c3,1019,i12,?,
1768592280.1614733,RECEIVED,07ca70b4-95d0-4712-a904-8bafbb35f26f,1ca3319e-8ebc-4f4e-ba07-b3285cff582b,c2,c4,1012,i5,?,
1768592280.2926917,RECEIVED,bb7af573-61c1-4d29-ad30-67b0c4e13abd,ec89b509-3208-4b15-82b5-5bbe5c745316,c5,c3,1013,i7,?,
1768592280.3300097,RECEIVED,c96fb79d-06d6-4a60-a07b-1f484f47f15d,f75d5215-e267-46fa-b710-a4a4f1922e8b,c2,c1,1023,i11,?,
1768592280.3464096,SENT,bb7af573-61c1-4d29-ad30-67b0c4e13abd,ec89b509-3208-4b15-82b5-5bbe5c745316,c5,c3,686,?,p3,
1768592280.346452,FORWARDED,bb7af573-61c1-4d29-ad30-67b0c4e13abd,ec89b509-3208-4b15-82b5-5bbe5c745316,c5,c3,686,?,p3,
1768592280.409738,SENT,07ca70b4-95d0-4712-a904-8bafbb35f26f,1ca3319e-8ebc-4f4e-ba07-b3285cff582b,c2,c4,687,?,p1,
1768592280.40978,FORWARDED,07ca70b4-95d0-4712-a904-8bafbb35f26f,1ca3319e-8ebc-4f4e-ba07-b3285cff582b,c2,c4,687,?,p1,
1768592280.4200733,SENT,b7454ba8-edc9-41f4-b672-f9d54a3fbcf6,77dc8287-285c-4f91-8bd0-6676bf99faa7,c2,DROP,436,?,e12,
1768592280.420111,FORWARDED,b7454ba8-edc9-41f4-b672-f9d54a3fbcf6,77dc8287-285c-4f91-8bd0-6676bf99faa7,c2,DROP,436,?,e12,
1768592280.4848416,RECEIVED,5257952d-1e74-4e08-bbd3-10f38505c615,8728373a-33fc-4281-9bb3-89849a72f7b5,c5,c4,1015,i8,?,
1768592280.5533135,SENT,5257952d-1e74-4e08-bbd3-10f38505c615,8728373a-33fc-4281-9bb3-89849a72f7b5,c5,c4,688,?,p1,
1768592280.5533547,FORWARDED,5257952d-1e74-4e08-bbd3-10f38505c615,8728373a-33fc-4281-9bb3-89849a72f7b5,c5,c4,688,?,p1,
1768592280.657227,SENT,c96fb79d-06d6-4a60-a07b-1f484f47f15d,f75d5215-e267-46fa-b710-a4a4f1922e8b,c2,c1,695,?,p1,
1768592280.657267,FORWARDED,c96fb79d-06d6-4a60-a07b-1f484f47f15d,f75d5215-e267-46fa-b710-a4a4f1922e8b,c2,c1,695,?,p1,
1768592280.8891737,RECEIVED,d6c5ee75-effe-4e14-9fa2-7d83d54bee70,9104a42d-d256-408e-b195-e8670eca2fe5,c5,c2,1017,i5,?,
1768592280.9623845,SENT,d6c5ee75-effe-4e14-9fa2-7d83d54bee70,9104a42d-d256-408e-b195-e8670eca2fe5,c5,c2,688,?,p2,
1768592280.9624171,FORWARDED,d6c5ee75-effe-4e14-9fa2-7d83d54bee70,9104a42d-d256-408e-b195-e8670eca2fe5,c5,c2,688,?,p2,
1768592281.0159647,SENT,5dbef7a0-7fbf-4154-b599-fc1b2f7987bd,f58c3d65-3e64-425d-9088-24e4eb282aca,c2,c1,688,?,p1,
1768592281.0160053,FORWARDED,5dbef7a0-7fbf-4154-b599-fc1b2f7987bd,f58c3d65-3e64-425d-9088-24e4eb282aca,c2,c1,688,?,p1,
1768592281.0328996,SENT,991b10a5-2875-4376-b53b-25db42825630,ede61446-eed7-4eab-bb0a-8eb89275087f,c1,c3,691,?,p3,
1768592281.0329401,FORWARDED,991b10a5-2875-4376-b53b-25db42825630,ede61446-eed7-4eab-bb0a-8eb89275087f,c1,c3,691,?,p3,
1768592281.0794578,RECEIVED,877105b6-09bc-4bd1-8a18-4bc2058d4923,467973f8-58bd-450c-b6fb-9223b8ac908c,c1,c5,1012,i4,?,
1768592281.1154952,RECEIVED,f54de4f7-3867-459c-acae-5a8fa2cd48b9,c08a8632-af54-4661-a7be-291d9000293e,c3,DROP,683,i8,?,
1768592281.1379728,SENT,877105b6-09bc-4bd1-8a18-4bc2058d4923,467973f8-58bd-450c-b6fb-9223b8ac908c,c1,c5,687,?,p2,
1768592281.1380143,FORWARDED,877105b6-09bc-4bd1-8a18-4bc2058d4923,467973f8-58bd-450c-b6fb-9223b8ac908c,c1,c5,687,?,p2,
1768592281.40951,SENT,1808e9b2-728d-4722-8a9b-0c5acc614014,40229afb-f374-4bed-9fcd-2620ffcaba94,c5,c4,687,?,p1,
1768592281.4095511,FORWARDED,1808e9b2-728d-4722-8a9b-0c5acc614014,40229afb-f374-4bed-9fcd-2620ffcaba94,c5,c4,687,?,p1,
1768592281.5522242,RECEIVED,d7d95390-a9c9-421f-b16b-ad613fe1ab28,5016eaed-e20c-4d68-8888-5ce91b2556c4,c2,c4,1015,i7,?,
1768592281.7028446,SENT,f54de4f7-3867-459c-acae-5a8fa2cd48b9,c08a8632-af54-4661-a7be-291d9000293e,c3,DROP,441,?,x2,
1768592281.7028859,FORWARDED,f54de4f7-3867-459c-acae-5a8fa2cd48b9,c08a8632-af54-4661-a7be-291d9000293e,c3,DROP,441,?,x2,
1768592282.2464745,SENT,d7d95390-a9c9-421f-b16b-ad613fe1ab28,5016eaed-e20c-4d68-8888-5ce91b2556c4,c2,c4,688,?,p1,
1768592282.2465172,FORWARDED,d7d95390-a9c9-421f-b16b-ad613fe1ab28,5016eaed-e20c-4d68-8888-5ce91b2556c4,c2,c4,688,?,p1,
1768592282.640408,RECEIVED,a5b79e7b-c449-48fc-b21b-43041970e191,2518db61-8699-4696-ae91-20ec3519edc5,c2,c5,1012,i4,?,
1768592282.8954382,RECEIVED,86403617-0920-4b2a-9fdb-b52e043ea58e,1ff5501d-4fa3-4fe7-a905-7eb6ceb91284,c4,c3,1015,i12,?,
1768592282.999713,SENT,a5b79e7b-c449-48fc-b21b-43041970e191,2518db61-8699-4696-ae91-20ec3519edc5,c2,c5,687,?,p2,
1768592282.9997559,FORWARDED,a5b79e7b-c449-48fc-b21b-43041970e191,2518db61-8699-4696-ae91-20ec3519edc5,c2,c5,687,?,p2,
1768592283.0332015,RECEIVED,ad9003ea-7f21-4f51-9464-06b3f6ede051,ead55445-abae-42f1-9473-75d119ee29c9,c5,c2,1026,i11,?,
1768592283.1022289,SENT,ad9003ea-7f21-4f51-9464-06b3f6ede051,ead55445-abae-42f1-9473-75d119ee29c9,c5,c2,695,?,p2,
1768592283.1034212,FORWARDED,ad9003ea-7f21-4f51-9464-06b3f6ede051,ead55445-abae-42f1-9473-75d119ee29c9,c5,c2,695,?,p2,
1768592283.297536,RECEIVED,8835f783-7512-470f-9c25-56d5385bd45a,661ad06b-8228-4b51-8a49-2b3e7535a4bc,c1,c3,1016,i11,?,
1768592283.3241484,RECEIVED,966fc17d-51b6-4ff6-adb1-728dcefab59d,18bd2c50-8d58-48e6-b395-005ce55deaba,c2,c1,1020,i2,?,
1768592283.4144785,SENT,8835f783-7512-470f-9c25-56d5385bd45a,661ad06b-8228-4b51-8a49-2b3e7535a4bc,c1,c3,689,?,p3,
1768592283.414534,FORWARDED,8835f783-7512-470f-9c25-56d5385bd45a,661ad06b-8228-4b51-8a49-2b3e7535a4bc,c1,c3,689,?,p3,
1768592283.5499964,SENT,966fc17d-51b6-4ff6-adb1-728dcefab59d,18bd2c50-8d58-48e6-b395-005ce55deaba,c2,c1,691,?,p1,
1768592283.5500383,FORWARDED,966fc17d-51b6-4ff6-adb1-728dcefab59d,18bd2c50-8d58-48e6-b395-005ce55deaba,c2,c1,691,?,p1,
1768592283.5924752,RECEIVED,94452a2d-36a5-4037-9f87-b9c8029aec0e,01b0c5eb-7187-4924-bf7c-41db67067444,c3,c2,1020,i11,?,
1768592283.646345,SENT,86403617-0920-4b2a-9fdb-b52e043ea58e,1ff5501d-4fa3-4fe7-a905-7eb6ceb91284,c4,c3,688,?,p3,
1768592283.6463869,FORWARDED,86403617-0920-4b2a-9fdb-b52e043ea58e,1ff5501d-4fa3-4fe7-a905-7eb6ceb91284,c4,c3,688,?,p3,
1768592283.798578,SENT,94452a2d-36a5-4037-9f87-b9c8029aec0e,01b0c5eb-7187-4924-bf7c-41db67067444,c3,c2,691,?,p2,
1768592283.798619,FORWARDED,94452a2d-36a5-4037-9f87-b9c8029aec0e,01b0c5eb-7187-4924-bf7c-41db67067444,c3,c2,691,?,p2,
1768592284.8129942,RECEIVED,52521bbc-7ca5-4fc7-8995-9610685874e1,9ffdc935-34c5-420c-9adf-de225615891f,c1,c4,1012,i8,?,
1768592284.9610727,SENT,52521bbc-7ca5-4fc7-8995-9610685874e1,9ffdc935-34c5-420c-9adf-de225615891f,c1,c4,686,?,p1,
1768592284.9611158,FORWARDED,52521bbc-7ca5-4fc7-8995-9610685874e1,9ffdc935-34c5-420c-9adf-de225615891f,c1,c4,686,?,p1,
1768592285.0606523,RECEIVED,7d9365ca-b6ad-401e-81f6-6cd6b8ce9e43,e13df677-f272-4eed-b15f-16f104b2c19e,c3,c5,1011,i8,?,
1768592285.1734972,RECEIVED,3a61ffe2-6cbe-4015-9691-f7ccad4b3607,f2701ca7-4efc-4b6b-b0da-8b3bf3d36c91,c2,c5,1026,i4,?,
1768592285.472373,SENT,3a61ffe2-6cbe-4015-9691-f7ccad4b3607,f2701ca7-4efc-4b6b-b0da-8b3bf3d36c91,c2,c5,697,?,p2,
1768592285.472672,FORWARDED,3a61ffe2-6cbe-4015-9691-f7ccad4b3607,f2701ca7-4efc-4b6b-b0da-8b3bf3d36c91,c2,c5,697,?,p2,
1768592285.506332,RECEIVED,4eba8d04-5341-4ad7-ac8a-f28363827791,2096b826-fe9f-4d12-8a44-7bf117c2f7a8,c3,DROP,687,i6,?,
1768592285.671584,RECEIVED,a6fddfb2-7ff0-4eec-95e3-9463a9ce3f50,ae8be488-c549-4b12-b40f-8dbff951b606,c4,c5,1019,i5,?,
1768592285.8104649,SENT,a6fddfb2-7ff0-4eec-95e3-9463a9ce3f50,ae8be488-c549-4b12-b40f-8dbff951b606,c4,c5,691,?,p2,
1768592285.810507,FORWARDED,a6fddfb2-7ff0-4eec-95e3-9463a9ce3f50,ae8be488-c549-4b12-b40f-8dbff951b606,c4,c5,691,?,p2,
1768592285.9180968,RECEIVED,34da6d06-4201-42be-84b4-720c328322a3,1053a540-6d24-463c-8dd6-3ed8f857fb3f,c4,c5,1017,i5,?,
1768592285.9643378,RECEIVED,ac6db315-7f7e-4797-9b09-505ac44fe838,49627e9c-6e7b-40d0-a450-841c943f2315,c5,c1,1015,i5,?,
1768592286.0129168,SENT,34da6d06-4201-42be-84b4-720c328322a3,1053a540-6d24-463c-8dd6-3ed8f857fb3f,c4,c5,688,?,p2,
1768592286.012956,FORWARDED,34da6d06-4201-42be-84b4-720c328322a3,1053a540-6d24-463c-8dd6-3ed8f857fb3f,c4,c5,688,?,p2,
1768592286.2795842,RECEIVED,2cf7f9c6-0094-4213-8577-a31d02f3f239,6b8e1e5d-051d-4dcd-a7dc-5bc3f01795fe,c1,c3,1017,i5,?,
1768592286.3163004,SENT,2cf7f9c6-0094-4213-8577-a31d02f3f239,6b8e1e5d-051d-4dcd-a7dc-5bc3f01795fe,c1,c3,688,?,p3,
1768592286.3163397,FORWARDED,2cf7f9c6-0094-4213-8577-a31d02f3f239,6b8e1e5d-051d-4dcd-a7dc-5bc3f01795fe,c1,c3,688,?,p3,
1768592286.445709,SENT,4eba8d04-5341-4ad7-ac8a-f28363827791,2096b826-fe9f-4d12-8a44-7bf117c2f7a8,c3,DROP,442,?,i4,
1768592286.4457493,REDIRECTED,4eba8d04-5341-4ad7-ac8a-f28363827791,2096b826-fe9f-4d12-8a44-7bf117c2f7a8,c3,DROP,442,?,i4,
1768592286.445778,FORWARDED,4eba8d04-5341-4ad7-ac8a-f28363827791,2096b826-fe9f-4d12-8a44-7bf117c2f7a8,c3,DROP,442,?,i3,
1768592286.4764109,RECEIVED,06043c4d-a90a-4e7d-8d58-e5ac640234f7,658e5209-354a-47dd-aae2-2120e35c2cd7,c3,c2,1011,i4,?,
1768592286.8893642,SENT,06043c4d-a90a-4e7d-8d58-e5ac640234f7,658e5209-354a-47dd-aae2-2120e35c2cd7,c3,c2,687,?,p2,
1768592286.8894053,FORWARDED,06043c4d-a90a-4e7d-8d58-e5ac640234f7,658e5209-354a-47dd-aae2-2120e35c2cd7,c3,c2,687,?,p2,
1768592287.0356164,SENT,7d9365ca-b6ad-401e-81f6-6cd6b8ce9e43,e13df677-f272-4eed-b15f-16f104b2c19e,c3,c5,686,?,p2,
1768592287.0356572,FORWARDED,7d9365ca-b6ad-401e-81f6-6cd6b8ce9e43,e13df677-f272-4eed-b15f-16f104b2c19e,c3,c5,686,?,p2,
1768592287.1399837,RECEIVED,53e22c69-ec4d-4036-8161-541427593529,d24d72cd-b13e-4b96-985b-7897bae4285f,c2,c1,1018,i11,?,
1768592287.141335,RECEIVED,e0b40deb-f73c-4b61-aa1f-2849e5fffb63,cf5c6e92-4c23-4852-8c1d-2fd638c724c2,c2,DROP,441,x3,?,
1768592287.3333898,RECEIVED,1b53702d-fb1c-440c-b272-7cc791ddcedd,c04888d6-a311-4691-bc2c-619bb9929823,c4,c1,1011,i5,?,
1768592287.4014099,SENT,1b53702d-fb1c-440c-b272-7cc791ddcedd,c04888d6-a311-4691-bc2c-619bb9929823,c4,c1,687,?,p1,
1768592287.401452,FORWARDED,1b53702d-fb1c-440c-b272-7cc791ddcedd,c04888d6-a311-4691-bc2c-619bb9929823,c4,c1,687,?,p1,
1768592287.4067037,SENT,ac6db315-7f7e-4797-9b09-505ac44fe838,49627e9c-6e7b-40d0-a450-841c943f2315,c5,c1,688,?,p1,
1768592287.406752,FORWARDED,ac6db315-7f7e-4797-9b09-505ac44fe838,49627e9c-6e7b-40d0-a450-841c943f2315,c5,c1,688,?,p1,
1768592287.408926,RECEIVED,20f872c0-71e7-4ec2-8a07-d2b85c26bd92,0e6daa3a-e825-4786-b35f-3ad742e04836,c2,DROP,687,i12,?,
1768592287.8934102,RECEIVED,1cdcfec8-047f-4d99-83fe-479f85df9d09,e37a12d2-9273-4739-befd-88f0cbd8fb88,c2,c5,1011,i9,?,
1768592287.9053466,RECEIVED,4fa3d808-2539-4029-997a-2c7c58f4a82e,c33b6f37-5f22-4a43-8956-3c1d20e36764,c2,c5,1011,i8,?,
1768592288.0078034,SENT,20f872c0-71e7-4ec2-8a07-d2b85c26bd92,0e6daa3a-e825-4786-b35f-3ad742e04836,c2,DROP,442,?,e1,
1768592288.007845,FORWARDED,20f872c0-71e7-4ec2-8a07-d2b85c26bd92,0e6daa3a-e825-4786-b35f-3ad742e04836,c2,DROP,442,?,e1,
1768592288.3366501,SENT,4fa3d808-2539-4029-997a-2c7c58f4a82e,c33b6f37-5f22-4a43-8956-3c1d20e36764,c2,c5,687,?,p2,
1768592288.3366902,FORWARDED,4fa3d808-2539-4029-997a-2c7c58f4a82e,c33b6f37-5f22-4a43-8956-3c1d20e36764,c2,c5,687,?,p2,
1768592288.433534,RECEIVED,91389c13-f5b1-4b3d-92da-f271402e8d89,dbfec521-da51-425b-ac51-9299f1a94b98,c5,c4,1010,i6,?,
1768592288.5593936,SENT,53e22c69-ec4d-4036-8161-541427593529,d24d72cd-b13e-4b96-985b-7897bae4285f,c2,c1,692,?,p1,
1768592288.5594335,FORWARDED,53e22c69-ec4d-4036-8161-541427593529,d24d72cd-b13e-4b96-985b-7897bae4285f,c2,c1,692,?,p1,
1768592288.8883913,SENT,1cdcfec8-047f-4d99-83fe-479f85df9d09,e37a12d2-9273-4739-befd-88f0cbd8fb88,c2,c5,687,?,p2,
1768592288.888451,FORWARDED,1cdcfec8-047f-4d99-83fe-479f85df9d09,e37a12d2-9273-4739-befd-88f0cbd8fb88,c2,c5,687,?,p2,
1768592288.8891687,RECEIVED,99f46cf2-746e-4426-b42b-1ca370d10ec8,14799693-ee3b-4a80-bd5a-763e4ee69adf,c2,c1,1015,i11,?,
1768592289.072643,RECEIVED,385b401e-5fb3-4fcf-9dce-b922097516c4,c1a58781-59b9-4d31-932d-813da56da295,c1,DROP,692,i11,?,
1768592289.4355812,SENT,99f46cf2-746e-4426-b42b-1ca370d10ec8,14799693-ee3b-4a80-bd5a-763e4ee69adf,c2,c1,688,?,p1,
1768592289.435616,FORWARDED,99f46cf2-746e-4426-b42b-1ca370d10ec8,14799693-ee3b-4a80-bd5a-763e4ee69adf,c2,c1,688,?,p1,
1768592289.608641,RECEIVED,2ebf7b1d-897f-4a7f-9bbc-4dcfa893b1ba,dc96c551-0b53-4aec-9e31-fdb04a802980,c4,c2,1016,i1,?,
1768592289.6785984,SENT,91389c13-f5b1-4b3d-92da-f271402e8d89,dbfec521-da51-425b-ac51-9299f1a94b98,c5,c4,687,?,p1,
1768592289.678637,FORWARDED,91389c13-f5b1-4b3d-92da-f271402e8d89,dbfec521-da51-425b-ac51-9299f1a94b98,c5,c4,687,?,p1,
1768592289.718986,SENT,385b401e-5fb3-4fcf-9dce-b922097516c4,c1a58781-59b9-4d31-932d-813da56da295,c1,DROP,445,?,e10,
1768592289.7190268,FORWARDED,385b401e-5fb3-4fcf-9dce-b922097516c4,c1a58781-59b9-4d31-932d-813da56da295,c1,DROP,445,?,e10,
1768592289.734697,SENT,2ebf7b1d-897f-4a7f-9bbc-4dcfa893b1ba,dc96c551-0b53-4aec-9e31-fdb04a802980,c4,c2,688,?,p2,
1768592289.7347343,FORWARDED,2ebf7b1d-897f-4a7f-9bbc-4dcfa893b1ba,dc96c551-0b53-4aec-9e31-fdb04a802980,c4,c2,688,?,p2,
1768592289.8493557,RECEIVED,e283d644-1356-48cd-8d95-b740b7ff01db,f7a5edea-de73-4a40-87ec-b50a9ddc53c5,c2,c5,1011,i4,?,
1768592289.94989,RECEIVED,b145b6ba-8bfe-49b6-abb4-3745f757ac9c,27605acc-ba7f-4eb0-aece-3d70b6bc1e08,c2,c1,1016,i2,?,
1768592289.98939,RECEIVED,a9fec10a-5c61-4e87-80ca-64dc5fc256e8,2ba4cdf3-c80b-4d81-a70e-5e32f4704eaf,c2,c3,1014,i11,?,
1768592290.068619,SENT,b145b6ba-8bfe-49b6-abb4-3745f757ac9c,27605acc-ba7f-4eb0-aece-3d70b6bc1e08,c2,c1,688,?,p1,
1768592290.068658,FORWARDED,b145b6ba-8bfe-49b6-abb4-3745f757ac9c,27605acc-ba7f-4eb0-aece-3d70b6bc1e08,c2,c1,688,?,p1,
1768592290.5491045,RECEIVED,6c54ec2e-edcf-4f07-948f-facc03332b8b,76226ad7-d74a-4aaf-9832-3d12af07d0c7,c5,c4,1020,i5,?,
1768592290.6904047,RECEIVED,a42767a7-e7a3-4a8c-b7b3-2ca1034ff597,c5510a18-e4e4-4eb9-bb99-64f3c0b05b5e,c5,c4,1019,i12,?,
1768592290.7713194,SENT,6c54ec2e-edcf-4f07-948f-facc03332b8b,76226ad7-d74a-4aaf-9832-3d12af07d0c7,c5,c4,691,?,p1,
1768592290.7715275,FORWARDED,6c54ec2e-edcf-4f07-948f-facc03332b8b,76226ad7-d74a-4aaf-9832-3d12af07d0c7,c5,c4,691,?,p1,
1768592291.028129,SENT,a42767a7-e7a3-4a8c-b7b3-2ca1034ff597,c5510a18-e4e4-4eb9-bb99-64f3c0b05b5e,c5,c4,691,?,p1,
1768592291.0281696,FORWARDED,a42767a7-e7a3-4a8c-b7b3-2ca1034ff597,c5510a18-e4e4-4eb9-bb99-64f3c0b05b5e,c5,c4,691,?,p1,
1768592291.0336843,RECEIVED,c688eb92-4d92-433b-a818-19db8d6bf5ea,b26cbd5c-7d5f-43c6-8223-989351ce1b3d,c5,c3,1023,i12,?,
1768592291.109238,RECEIVED,a33edff5-65ee-4168-926f-7594b8bb1c48,7233ebd5-90f1-442d-aeb9-933278939fb1,c1,c2,1015,i11,?,
1768592291.1586287,SENT,a9fec10a-5c61-4e87-80ca-64dc5fc256e8,2ba4cdf3-c80b-4d81-a70e-5e32f4704eaf,c2,c3,689,?,p3,
1768592291.1586678,FORWARDED,a9fec10a-5c61-4e87-80ca-64dc5fc256e8,2ba4cdf3-c80b-4d81-a70e-5e32f4704eaf,c2,c3,689,?,p3,
1768592291.2758932,RECEIVED,296f022a-dcb3-47c7-a458-7a5e1532ca93,ec7ce72d-82e6-4720-b068-6fa04aaf7792,c2,c3,1015,i6,?,
1768592291.4125593,RECEIVED,558d0df0-88fe-4c22-9502-da00063c301d,38e83992-7947-4464-a6c2-dddb9861ee21,c4,c1,1012,i4,?,
1768592291.4438887,RECEIVED,12c8ad1d-8cd7-491f-8c1f-d2c8ca42c296,f43c75a5-3170-43fa-a029-b911ce0f2bee,c5,c1,1021,i11,?,
1768592291.4892638,SENT,12c8ad1d-8cd7-491f-8c1f-d2c8ca42c296,f43c75a5-3170-43fa-a029-b911ce0f2bee,c5,c1,691,?,p1,
1768592291.4893062,FORWARDED,12c8ad1d-8cd7-491f-8c1f-d2c8ca42c296,f43c75a5-3170-43fa-a029-b911ce0f2bee,c5,c1,691,?,p1,
1768592291.563149,SENT,558d0df0-88fe-4c22-9502-da00063c301d,38e83992-7947-4464-a6c2-dddb9861ee21,c4,c1,687,?,p1,
1768592291.5631964,FORWARDED,558d0df0-88fe-4c22-9502-da00063c301d,38e83992-7947-4464-a6c2-dddb9861ee21,c4,c1,687,?,p1,
1768592291.5771008,SENT,296f022a-dcb3-47c7-a458-7a5e1532ca93,ec7ce72d-82e6-4720-b068-6fa04aaf7792,c2,c3,688,?,p3,
1768592291.577151,FORWARDED,296f022a-dcb3-47c7-a458-7a5e1532ca93,ec7ce72d-82e6-4720-b068-6fa04aaf7792,c2,c3,688,?,p3,
1768592291.7927358,SENT,e283d644-1356-48cd-8d95-b740b7ff01db,f7a5edea-de73-4a40-87ec-b50a9ddc53c5,c2,c5,687,?,p2,
1768592291.792783,FORWARDED,e283d644-1356-48cd-8d95-b740b7ff01db,f7a5edea-de73-4a40-87ec-b50a9ddc53c5,c2,c5,687,?,p2,
1768592292.0251105,RECEIVED,dca50446-66b1-45c3-aebd-664baf7d91d9,2ec7a9ed-d6ba-4103-99e4-764729a46980,c2,c4,1023,i11,?,
1768592292.1039193,SENT,c688eb92-4d92-433b-a818-19db8d6bf5ea,b26cbd5c-7d5f-43c6-8223-989351ce1b3d,c5,c3,696,?,p3,
1768592292.1041205,FORWARDED,c688eb92-4d92-433b-a818-19db8d6bf5ea,b26cbd5c-7d5f-43c6-8223-989351ce1b3d,c5,c3,696,?,p3,
1768592292.2372537,SENT,a33edff5-65ee-4168-926f-7594b8bb1c48,7233ebd5-90f1-442d-aeb9-933278939fb1,c1,c2,690,?,p2,
1768592292.2372873,FORWARDED,a33edff5-65ee-4168-926f-7594b8bb1c48,7233ebd5-90f1-442d-aeb9-933278939fb1,c1,c2,690,?,p2,
1768592292.5993152,RECEIVED,e15a5c54-3923-4523-a74f-37876d38898d,7e3f3d73-d9d1-4b0e-8e93-3cb69836c7ca,c3,c5,1016,i7,?,
1768592292.6575615,SENT,e15a5c54-3923-4523-a74f-37876d38898d,7e3f3d73-d9d1-4b0e-8e93-3cb69836c7ca,c3,c5,688,?,p2,
1768592292.6576023,FORWARDED,e15a5c54-3923-4523-a74f-37876d38898d,7e3f3d73-d9d1-4b0e-8e93-3cb69836c7ca,c3,c5,688,?,p2,
1768592292.8917136,RECEIVED,2c94c6f0-573e-455e-9e91-36ad7ecb1b32,9a93cfe7-21e3-4d73-838c-d2c055c29cad,c2,c4,1025,i12,?,
1768592292.9615219,SENT,2c94c6f0-573e-455e-9e91-36ad7ecb1b32,9a93cfe7-21e3-4d73-838c-d2c055c29cad,c2,c4,695,?,p1,
1768592292.9615655,FORWARDED,2c94c6f0-573e-455e-9e91-36ad7ecb1b32,9a93cfe7-21e3-4d73-838c-d2c055c29cad,c2,c4,695,?,p1,
1768592293.068885,RECEIVED,8c2bf232-a014-4fe3-91b1-a25995de5aee,52713e54-870c-4c20-b911-5c93ad7f25da,c1,DROP,688,i4,?,
1768592293.390485,RECEIVED,1531b933-443c-4f62-a785-70827f3e5aaa,a8b90c24-198a-449d-887e-53c380462675,c2,c5,1012,i4,?,
1768592293.4276435,RECEIVED,21ed74a1-2fd1-48fc-b742-0e31a39b18fe,98aa17af-b88d-401c-8cd3-d5167fc3fcfd,c2,c5,1019,i12,?,
1768592293.47891,SENT,dca50446-66b1-45c3-aebd-664baf7d91d9,2ec7a9ed-d6ba-4103-99e4-764729a46980,c2,c4,696,?,p1,
1768592293.478951,FORWARDED,dca50446-66b1-45c3-aebd-664baf7d91d9,2ec7a9ed-d6ba-4103-99e4-764729a46980,c2,c4,696,?,p1,
1768592293.494007,RECEIVED,1be6cf73-e2e0-4d13-bb07-b7966cf2de85,8c29898b-cc2b-4e79-8e30-40a695a93315,c1,c4,1015,i4,?,
1768592293.8011737,SENT,1531b933-443c-4f62-a785-70827f3e5aaa,a8b90c24-198a-449d-887e-53c380462675,c2,c5,686,?,p2,
1768592293.8012116,FORWARDED,1531b933-443c-4f62-a785-70827f3e5aaa,a8b90c24-198a-449d-887e-53c380462675,c2,c5,686,?,p2,
1768592293.9490027,SENT,21ed74a1-2fd1-48fc-b742-0e31a39b18fe,98aa17af-b88d-401c-8cd3-d5167fc3fcfd,c2,c5,691,?,p2,
1768592293.949043,FORWARDED,21ed74a1-2fd1-48fc-b742-0e31a39b18fe,98aa17af-b88d-401c-8cd3-d5167fc3fcfd,c2,c5,691,?,p2,
1768592294.1955664,SENT,1be6cf73-e2e0-4d13-bb07-b7966cf2de85,8c29898b-cc2b-4e79-8e30-40a695a93315,c1,c4,688,?,p1,
1768592294.1956007,FORWARDED,1be6cf73-e2e0-4d13-bb07-b7966cf2de85,8c29898b-cc2b-4e79-8e30-40a695a93315,c1,c4,688,?,p1,
1768592294.2919428,RECEIVED,30fc4fb7-8a07-4b0c-8177-1bb17313581b,545bb1b5-665b-46ee-9c3b-af32162794c2,c3,c5,1011,i4,?,
1768592294.3292694,RECEIVED,9306a77a-ce96-4864-93f8-6e9b00bbe643,7d410c80-57c6-4c68-a751-4ca563e17f39,c2,c4,1024,i7,?,
1768592294.4632275,SENT,9306a77a-ce96-4864-93f8-6e9b00bbe643,7d410c80-57c6-4c68-a751-4ca563e17f39,c2,c4,695,?,p1,
1768592294.463288,FORWARDED,9306a77a-ce96-4864-93f8-6e9b00bbe643,7d410c80-57c6-4c68-a751-4ca563e17f39,c2,c4,695,?,p1,
1768592294.468729,RECEIVED,2a3acacd-ad8f-46f4-9018-bfe9ef19134c,d8fa39a1-3f51-4f26-937a-0a81dd32f344,c3,c4,1025,i6,?,
1768592294.5584326,RECEIVED,38ca682e-60d1-4282-83f3-49d7ee035b97,364880bc-7080-4a34-ae5c-4423eff7bff8,c5,DROP,683,i6,?,
1768592294.5684216,SENT,2a3acacd-ad8f-46f4-9018-bfe9ef19134c,d8fa39a1-3f51-4f26-937a-0a81dd32f344,c3,c4,696,?,p1,
1768592294.5684683,FORWARDED,2a3acacd-ad8f-46f4-9018-bfe9ef19134c,d8fa39a1-3f51-4f26-937a-0a81dd32f344,c3,c4,696,?,p1,
1768592294.7539637,SENT,8c2bf232-a014-4fe3-91b1-a25995de5aee,52713e54-870c-4c20-b911-5c93ad7f25da,c1,DROP,442,?,x10,
1768592294.754006,FORWARDED,8c2bf232-a014-4fe3-91b1-a25995de5aee,52713e54-870c-4c20-b911-5c93ad7f25da,c1,DROP,442,?,x10,
1768592294.7639596,SENT,38ca682e-60d1-4282-83f3-49d7ee035b97,364880bc-7080-4a34-ae5c-4423eff7bff8,c5,DROP,440,?,e2,
1768592294.7639997,FORWARDED,38ca682e-60d1-4282-83f3-49d7ee035b97,364880bc-7080-4a34-ae5c-4423eff7bff8,c5,DROP,440,?,e2,
1768592294.8723023,RECEIVED,59857957-7edc-493b-8d7d-9ff8bfd1df8d,395b4f23-8fad-4f7e-9eab-9e9a9e033252,c2,c1,1011,i9,?,
1768592295.020301,RECEIVED,ebe1c6ea-4831-475a-8780-3586ad3e8278,21315855-84f5-471c-87a6-44eea6dcceb9,c2,c4,1023,i6,?,
1768592295.0378358,SENT,30fc4fb7-8a07-4b0c-8177-1bb17313581b,545bb1b5-665b-46ee-9c3b-af32162794c2,c3,c5,687,?,p2,
1768592295.0378778,FORWARDED,30fc4fb7-8a07-4b0c-8177-1bb17313581b,545bb1b5-665b-46ee-9c3b-af32162794c2,c3,c5,687,?,p2,
1768592295.254207,RECEIVED,8e385de9-a37c-4a6a-9c97-7fd4c70be505,058c82b3-63c5-4d34-a299-9eb1aff75403,c3,c1,1019,i8,?,
1768592295.446916,SENT,59857957-7edc-493b-8d7d-9ff8bfd1df8d,395b4f23-8fad-4f7e-9eab-9e9a9e033252,c2,c1,685,?,p1,
1768592295.4469576,FORWARDED,59857957-7edc-493b-8d7d-9ff8bfd1df8d,395b4f23-8fad-4f7e-9eab-9e9a9e033252,c2,c1,685,?,p1,
1768592295.5363264,SENT,8e385de9-a37c-4a6a-9c97-7fd4c70be505,058c82b3-63c5-4d34-a299-9eb1aff75403,c3,c1,693,?,p1,
1768592295.5363667,FORWARDED,8e385de9-a37c-4a6a-9c97-7fd4c70be505,058c82b3-63c5-4d34-a299-9eb1aff75403,c3,c1,693,?,p1,
1768592295.889511,RECEIVED,1d08399b-d336-4bd2-8947-caa4c315fb86,fc92378b-3329-4144-a480-5801837386f6,c3,c5,1011,i8,?,
1768592295.9851477,SENT,ebe1c6ea-4831-475a-8780-3586ad3e8278,21315855-84f5-471c-87a6-44eea6dcceb9,c2,c4,696,?,p1,
1768592295.9851882,FORWARDED,ebe1c6ea-4831-475a-8780-3586ad3e8278,21315855-84f5-471c-87a6-44eea6dcceb9,c2,c4,696,?,p1,
1768592295.986074,RECEIVED,c8f6911a-3a63-4f8c-8f46-7b8f4430d9f2,782200fe-b80e-4bab-9781-d98bd219d0a7,c4,c1,1014,i8,?,
1768592296.494191,SENT,c8f6911a-3a63-4f8c-8f46-7b8f4430d9f2,782200fe-b80e-4bab-9781-d98bd219d0a7,c4,c1,688,?,p1,
1768592296.4942334,FORWARDED,c8f6911a-3a63-4f8c-8f46-7b8f4430d9f2,782200fe-b80e-4bab-9781-d98bd219d0a7,c4,c1,688,?,p1,
1768592296.862356,SENT,1d08399b-d336-4bd2-8947-caa4c315fb86,fc92378b-3329-4144-a480-5801837386f6,c3,c5,687,?,p2,
1768592296.862397,FORWARDED,1d08399b-d336-4bd2-8947-caa4c315fb86,fc92378b-3329-4144-a480-5801837386f6,c3,c5,687,?,p2,
1768592297.271215,RECEIVED,f4d23647-35c2-4bc0-9822-621c6103d6de,7ea81438-c193-4222-b8ac-fa216bf7aed6,c4,c2,1020,i11,?,
1768592297.2961442,SENT,f4d23647-35c2-4bc0-9822-621c6103d6de,7ea81438-c193-4222-b8ac-fa216bf7aed6,c4,c2,691,?,p2,
1768592297.2961843,FORWARDED,f4d23647-35c2-4bc0-9822-621c6103d6de,7ea81438-c193-4222-b8ac-fa216bf7aed6,c4,c2,691,?,p2,
1768592297.3134816,RECEIVED,5c28edd1-4105-448e-8df6-140251416620,dc0c764d-e37b-4989-9014-ebeb05dc0012,c3,c2,1023,i12,?,
1768592297.573534,RECEIVED,f35836f4-050e-4b47-9967-a4dcd9ac06d9,16ec5245-02b8-4b41-b24f-c2b5733d0ea9,c3,c2,1019,i12,?,
1768592297.8552556,SENT,5c28edd1-4105-448e-8df6-140251416620,dc0c764d-e37b-4989-9014-ebeb05dc0012,c3,c2,696,?,p2,
1768592297.8552945,FORWARDED,5c28edd1-4105-448e-8df6-140251416620,dc0c764d-e37b-4989-9014-ebeb05dc0012,c3,c2,696,?,p2,
1768592297.9969912,RECEIVED,c3277801-0406-439d-b05a-3921c9b8aed7,d17f4100-6943-447d-8abe-734f95819c45,c3,c2,1011,i6,?,
1768592298.0210817,RECEIVED,46ad8555-4a12-4cc6-aea7-f353fc56d856,ec46243b-d05b-47c6-925f-0ce4850992b2,c2,c5,1019,i11,?,
1768592298.0515335,RECEIVED,bef926dd-da3e-4608-be5a-c7215a570993,aeb512b4-f81b-4642-beff-6efb24ece0f9,c2,c4,1010,i1,?,
1768592298.3515933,RECEIVED,5e4ac5f5-cbe3-45aa-8ca2-8dc439e11b72,be6f2f8e-0e2c-4489-ac0f-9fa34ed3825e,c1,c5,1012,i9,?,
1768592298.5364957,SENT,5e4ac5f5-cbe3-45aa-8ca2-8dc439e11b72,be6f2f8e-0e2c-4489-ac0f-9fa34ed3825e,c1,c5,687,?,p2,
1768592298.5365536,FORWARDED,5e4ac5f5-cbe3-45aa-8ca2-8dc439e11b72,be6f2f8e-0e2c-4489-ac0f-9fa34ed3825e,c1,c5,687,?,p2,
1768592298.5638225,RECEIVED,765714ed-f386-45fb-935f-b7344350c6e6,0d7821f9-25fd-487c-9c7b-8824cbf3fef4,c1,c3,1019,i9,?,
1768592298.6790557,RECEIVED,2665f1e5-faa6-4416-b8cd-d70d24263374,93fd7616-fbc0-481c-80ab-40689931fce4,c1,c4,1027,i11,?,
1768592298.7644498,SENT,2665f1e5-faa6-4416-b8cd-d70d24263374,93fd7616-fbc0-481c-80ab-40689931fce4,c1,c4,697,?,p1,
1768592298.7644866,FORWARDED,2665f1e5-faa6-4416-b8cd-d70d24263374,93fd7616-fbc0-481c-80ab-40689931fce4,c1,c4,697,?,p1,
1768592299.1839354,SENT,46ad8555-4a12-4cc6-aea7-f353fc56d856,ec46243b-d05b-47c6-925f-0ce4850992b2,c2,c5,691,?,p2,
1768592299.183979,FORWARDED,46ad8555-4a12-4cc6-aea7-f353fc56d856,ec46243b-d05b-47c6-925f-0ce4850992b2,c2,c5,691,?,p2,
1768592299.3807073,SENT,f35836f4-050e-4b47-9967-a4dcd9ac06d9,16ec5245-02b8-4b41-b24f-c2b5733d0ea9,c3,c2,691,?,p2,
1768592299.3807504,FORWARDED,f35836f4-050e-4b47-9967-a4dcd9ac06d9,16ec5245-02b8-4b41-b24f-c2b5733d0ea9,c3,c2,691,?,p2,
1768592299.3925016,SENT,bef926dd-da3e-4608-be5a-c7215a570993,aeb512b4-f81b-4642-beff-6efb24ece0f9,c2,c4,687,?,p1,
1768592299.3925443,FORWARDED,bef926dd-da3e-4608-be5a-c7215a570993,aeb512b4-f81b-4642-beff-6efb24ece0f9,c2,c4,687,?,p1,
1768592299.5141098,SENT,765714ed-f386-45fb-935f-b7344350c6e6,0d7821f9-25fd-487c-9c7b-8824cbf3fef4,c1,c3,691,?,p3,
1768592299.514153,FORWARDED,765714ed-f386-45fb-935f-b7344350c6e6,0d7821f9-25fd-487c-9c7b-8824cbf3fef4,c1,c3,691,?,p3,
1768592299.6397521,RECEIVED,28b8f1e7-4ca9-41d3-ad1e-4059c2723bce,9dc28d8b-a9f2-4d34-bd03-26d36b422e9d,c5,c4,1012,i7,?,
1768592299.7761467,SENT,c3277801-0406-439d-b05a-3921c9b8aed7,d17f4100-6943-447d-8abe-734f95819c45,c3,c2,687,?,p2,
1768592299.7761898,FORWARDED,c3277801-0406-439d-b05a-3921c9b8aed7,d17f4100-6943-447d-8abe-734f95819c45,c3,c2,687,?,p2,
1768592299.8515909,RECEIVED,5e63609a-c185-4a64-b2fa-bb0828aef165,273773bd-71b7-4794-9d5d-4f3971a489b6,c5,c4,1016,i8,?,
1768592299.8576193,SENT,28b8f1e7-4ca9-41d3-ad1e-4059c2723bce,9dc28d8b-a9f2-4d34-bd03-26d36b422e9d,c5,c4,687,?,p1,
1768592299.8576622,FORWARDED,28b8f1e7-4ca9-41d3-ad1e-4059c2723bce,9dc28d8b-a9f2-4d34-bd03-26d36b422e9d,c5,c4,687,?,p1,
1768592299.9624772,RECEIVED,665ca93a-859c-4c10-8362-46e9a7e970d6,88664ef6-1ae2-4023-8ebc-3ea7a7e4ceb3,c3,c4,1011,i2,?,
1768592300.0688913,RECEIVED,8192ddf9-a742-4aeb-a2b2-6df3ed67a784,dd9e0b8a-fffb-4141-b8c9-f5bd817dcc0e,c1,c2,1015,i4,?,
1768592300.2464602,SENT,5e63609a-c185-4a64-b2fa-bb0828aef165,273773bd-71b7-4794-9d5d-4f3971a489b6,c5,c4,688,?,p1,
1768592300.2465,FORWARDED,5e63609a-c185-4a64-b2fa-bb0828aef165,273773bd-71b7-4794-9d5d-4f3971a489b6,c5,c4,688,?,p1,
1768592300.2466488,RECEIVED,2c14bd6d-02fe-4261-8ac4-b7714f91f590,940c093e-36b2-405a-800e-ade826aa1c68,c4,c1,1019,i12,?,
1768592301.0389173,SENT,8192ddf9-a742-4aeb-a2b2-6df3ed67a784,dd9e0b8a-fffb-4141-b8c9-f5bd817dcc0e,c1,c2,688,?,p2,
1768592301.0389602,FORWARDED,8192ddf9-a742-4aeb-a2b2-6df3ed67a784,dd9e0b8a-fffb-4141-b8c9-f5bd817dcc0e,c1,c2,688,?,p2,
1768592301.076158,RECEIVED,5d3602d3-b764-48fc-8bf2-ecd8e5d403e8,7681f436-857d-4018-897b-01ec14b80fe7,c1,c2,1011,i1,?,
1768592301.2492802,SENT,2c14bd6d-02fe-4261-8ac4-b7714f91f590,940c093e-36b2-405a-800e-ade826aa1c68,c4,c1,692,?,p1,
1768592301.2493224,FORWARDED,2c14bd6d-02fe-4261-8ac4-b7714f91f590,940c093e-36b2-405a-800e-ade826aa1c68,c4,c1,692,?,p1,
1768592301.3008711,RECEIVED,2b7165f2-c777-4244-9645-f130ce35e7de,177e4785-721e-4f5c-ac77-267b6d5bc3e2,c5,c1,1012,i4,?,
1768592301.3354297,SENT,665ca93a-859c-4c10-8362-46e9a7e970d6,88664ef6-1ae2-4023-8ebc-3ea7a7e4ceb3,c3,c4,687,?,p1,
1768592301.3354669,FORWARDED,665ca93a-859c-4c10-8362-46e9a7e970d6,88664ef6-1ae2-4023-8ebc-3ea7a7e4ceb3,c3,c4,687,?,p1,
1768592301.4740808,SENT,5d3602d3-b764-48fc-8bf2-ecd8e5d403e8,7681f436-857d-4018-897b-01ec14b80fe7,c1,c2,686,?,p2,
1768592301.4741206,FORWARDED,5d3602d3-b764-48fc-8bf2-ecd8e5d403e8,7681f436-857d-4018-897b-01ec14b80fe7,c1,c2,686,?,p2,
1768592301.636864,RECEIVED,93d101c3-8be8-4301-bf6b-d38eb376b611,d5ae74ed-5731-4d68-9fa3-b7a4c7949a16,c1,c5,1010,i1,?,
1768592301.687715,RECEIVED,9496e496-e20d-40fb-a075-fc7dfb947c35,69eff880-7c66-4253-874a-a44b53b6e0bf,c4,c3,1020,i11,?,
1768592301.6996596,SENT,2b7165f2-c777-4244-9645-f130ce35e7de,177e4785-721e-4f5c-ac77-267b6d5bc3e2,c5,c1,687,?,p1,
1768592301.6996973,FORWARDED,2b7165f2-c777-4244-9645-f130ce35e7de,177e4785-721e-4f5c-ac77-267b6d5bc3e2,c5,c1,687,?,p1,
1768592301.9093132,SENT,9496e496-e20d-40fb-a075-fc7dfb947c35,69eff880-7c66-4253-874a-a44b53b6e0bf,c4,c3,691,?,p3,
1768592301.9093652,FORWARDED,9496e496-e20d-40fb-a075-fc7dfb947c35,69eff880-7c66-4253-874a-a44b53b6e0bf,c4,c3,691,?,p3,
1768592302.0790575,RECEIVED,ce9e454f-3f23-48c4-ae01-ddb5d56fc561,cc2d3972-bcda-4be2-bd16-5c661c220733,c2,c4,1011,i7,?,
1768592302.2185063,SENT,93d101c3-8be8-4301-bf6b-d38eb376b611,d5ae74ed-5731-4d68-9fa3-b7a4c7949a16,c1,c5,687,?,p2,
1768592302.2185464,FORWARDED,93d101c3-8be8-4301-bf6b-d38eb376b611,d5ae74ed-5731-4d68-9fa3-b7a4c7949a16,c1,c5,687,?,p2,
1768592302.3359923,RECEIVED,e31a6b84-a87f-4e24-a575-db316e2e933d,d6956a2a-f896-47ac-8c54-c5eb26d9e2ce,c3,c1,1011,i6,?,
1768592302.3938346,RECEIVED,059a36d1-b9a8-49e6-9292-3295739c8d13,499f1f53-cd83-4ec6-a000-9ed2c2b41872,c4,c2,1019,i12,?,
1768592302.4866006,RECEIVED,1843ee7e-dfde-430d-8f54-ae5bd0c080e3,306e255c-7a56-4fc0-9eed-6c236ad03bd7,c3,c5,1011,i8,?,
1768592302.7721012,RECEIVED,ab6d60db-6f8b-49e2-bad8-773a6c3b7997,8e655c90-18bc-4adc-a071-8ced2b5b42d7,c5,c1,1019,i11,?,
1768592302.784598,SENT,ce9e454f-3f23-48c4-ae01-ddb5d56fc561,cc2d3972-bcda-4be2-bd16-5c661c220733,c2,c4,687,?,p1,
1768592302.7846413,FORWARDED,ce9e454f-3f23-48c4-ae01-ddb5d56fc561,cc2d3972-bcda-4be2-bd16-5c661c220733,c2,c4,687,?,p1,
1768592302.9636006,SENT,e31a6b84-a87f-4e24-a575-db316e2e933d,d6956a2a-f896-47ac-8c54-c5eb26d9e2ce,c3,c1,687,?,p1,
1768592302.963806,FORWARDED,e31a6b84-a87f-4e24-a575-db316e2e933d,d6956a2a-f896-47ac-8c54-c5eb26d9e2ce,c3,c1,687,?,p1,
1768592302.9808738,RECEIVED,20ebdd35-4bef-49eb-b0a8-07eedcd5a0d1,65a68a72-5b12-4fd3-a913-b52235f68f88,c4,DROP,679,i7,?,
1768592303.0574224,SENT,059a36d1-b9a8-49e6-9292-3295739c8d13,499f1f53-cd83-4ec6-a000-9ed2c2b41872,c4,c2,692,?,p2,
1768592303.0574708,FORWARDED,059a36d1-b9a8-49e6-9292-3295739c8d13,499f1f53-cd83-4ec6-a000-9ed2c2b41872,c4,c2,692,?,p2,
1768592303.0710742,RECEIVED,0b87b8af-b7ff-4abf-a179-a9bbfb76c724,df23cbeb-e4c8-4cfc-8e14-ab69443e437c,c5,c2,1011,i5,?,
1768592303.2851205,SENT,0b87b8af-b7ff-4abf-a179-a9bbfb76c724,df23cbeb-e4c8-4cfc-8e14-ab69443e437c,c5,c2,687,?,p2,
1768592303.2851577,FORWARDED,0b87b8af-b7ff-4abf-a179-a9bbfb76c724,df23cbeb-e4c8-4cfc-8e14-ab69443e437c,c5,c2,687,?,p2,
1768592303.4670963,RECEIVED,1e848f29-9138-4248-a8b4-c83d6ee77cf0,267530c1-1f43-4a24-b336-bcb1db36b902,c2,c5,1015,i4,?,
1768592303.50534,SENT,20ebdd35-4bef-49eb-b0a8-07eedcd5a0d1,65a68a72-5b12-4fd3-a913-b52235f68f88,c4,DROP,437,?,i1,
1768592303.5053797,FORWARDED,20ebdd35-4bef-49eb-b0a8-07eedcd5a0d1,65a68a72-5b12-4fd3-a913-b52235f68f88,c4,DROP,437,?,i1,
1768592303.5414965,RECEIVED,c1f72647-219b-48ba-9b3d-72a8665925b4,bc9a430d-014a-4775-9387-ef3e0f298d90,c1,c2,1015,i8,?,
1768592303.7017355,SENT,ab6d60db-6f8b-49e2-bad8-773a6c3b7997,8e655c90-18bc-4adc-a071-8ced2b5b42d7,c5,c1,691,?,p1,
1768592303.7017775,FORWARDED,ab6d60db-6f8b-49e2-bad8-773a6c3b7997,8e655c90-18bc-4adc-a071-8ced2b5b42d7,c5,c1,691,?,p1,
1768592304.3196187,RECEIVED,581709da-f99f-49cb-bfbf-e32f3d13be2a,bde6a4b2-1f9c-44a8-9619-ee21738648a7,c2,c1,1016,i8,?,
1768592304.3405428,SENT,c1f72647-219b-48ba-9b3d-72a8665925b4,bc9a430d-014a-4775-9387-ef3e0f298d90,c1,c2,688,?,p2,
1768592304.3405848,FORWARDED,c1f72647-219b-48ba-9b3d-72a8665925b4,bc9a430d-014a-4775-9387-ef3e0f298d90,c1,c2,688,?,p2,
1768592304.44809,RECEIVED,2389a559-0a1f-4a2b-82bf-0dc72521e6d6,a0ef3924-71bf-4b74-89b0-f9f525fde132,c1,c5,1020,i8,?,
1768592304.4613812,RECEIVED,b7acfe2a-7e7f-47d6-9b53-057c1e690c42,90b85b42-1cf8-4c00-81de-cbd0aa5cb440,c1,DROP,442,x4,?,
1768592304.4769635,SENT,581709da-f99f-49cb-bfbf-e32f3d13be2a,bde6a4b2-1f9c-44a8-9619-ee21738648a7,c2,c1,688,?,p1,
1768592304.4770033,FORWARDED,581709da-f99f-49cb-bfbf-e32f3d13be2a,bde6a4b2-1f9c-44a8-9619-ee21738648a7,c2,c1,688,?,p1,
1768592304.5519168,SENT,1e848f29-9138-4248-a8b4-c83d6ee77cf0,267530c1-1f43-4a24-b336-bcb1db36b902,c2,c5,688,?,p2,
1768592304.5519583,FORWARDED,1e848f29-9138-4248-a8b4-c83d6ee77cf0,267530c1-1f43-4a24-b336-bcb1db36b902,c2,c5,688,?,p2,
1768592304.675192,SENT,2389a559-0a1f-4a2b-82bf-0dc72521e6d6,a0ef3924-71bf-4b74-89b0-f9f525fde132,c1,c5,691,?,p2,
1768592304.6752315,FORWARDED,2389a559-0a1f-4a2b-82bf-0dc72521e6d6,a0ef3924-71bf-4b74-89b0-f9f525fde132,c1,c5,691,?,p2,
1768592304.740898,RECEIVED,a554d4b9-2c1b-46f2-ac10-344bbffcfa77,2adab43c-f147-488c-b63a-bb3c894549d5,c3,c1,1011,i6,?,
1768592304.9456077,RECEIVED,df3274e9-ece7-4910-b931-bd044343c448,43cc1989-9ad3-485b-8152-ffc0914757a4,c1,c3,1015,i6,?,
1768592305.2102869,RECEIVED,12e0d6d6-3e65-44f6-b105-c227997f3c15,60b06490-9d6d-4634-bb05-be4778f46c05,c1,c3,1020,i12,?,
1768592305.2367013,SENT,df3274e9-ece7-4910-b931-bd044343c448,43cc1989-9ad3-485b-8152-ffc0914757a4,c1,c3,690,?,p3,
1768592305.2367415,FORWARDED,df3274e9-ece7-4910-b931-bd044343c448,43cc1989-9ad3-485b-8152-ffc0914757a4,c1,c3,690,?,p3,
1768592305.514152,SENT,12e0d6d6-3e65-44f6-b105-c227997f3c15,60b06490-9d6d-4634-bb05-be4778f46c05,c1,c3,691,?,p3,
1768592305.5141928,FORWARDED,12e0d6d6-3e65-44f6-b105-c227997f3c15,60b06490-9d6d-4634-bb05-be4778f46c05,c1,c3,691,?,p3,
1768592305.8821588,SENT,1843ee7e-dfde-430d-8f54-ae5bd0c080e3,306e255c-7a56-4fc0-9eed-6c236ad03bd7,c3,c5,687,?,p2,
1768592305.8821995,FORWARDED,1843ee7e-dfde-430d-8f54-ae5bd0c080e3,306e255c-7a56-4fc0-9eed-6c236ad03bd7,c3,c5,687,?,p2,
1768592306.0808144,RECEIVED,f17bbbdc-d0f5-4227-a9c1-7a4c558c2515,d5cc5f32-0005-4ad9-a8c4-d70a12d0565b,c1,c4,1016,i12,?,
1768592306.2438927,SENT,f17bbbdc-d0f5-4227-a9c1-7a4c558c2515,d5cc5f32-0005-4ad9-a8c4-d70a12d0565b,c1,c4,688,?,p1,
1768592306.2440698,FORWARDED,f17bbbdc-d0f5-4227-a9c1-7a4c558c2515,d5cc5f32-0005-4ad9-a8c4-d70a12d0565b,c1,c4,688,?,p1,
1768592306.429908,RECEIVED,4c9a72fa-1a1a-4d73-81dd-78bb60cfa0a3,84cce9bd-c1f7-412c-baf8-f2fc0592f9c8,c5,c1,1011,i6,?,
1768592306.449336,RECEIVED,7db78578-1c85-4bbb-b545-0e529d080eec,617fa77f-be08-4963-b8cb-3688962da862,c5,c3,1019,i11,?,
1768592306.5461276,SENT,7db78578-1c85-4bbb-b545-0e529d080eec,617fa77f-be08-4963-b8cb-3688962da862,c5,c3,692,?,p3,
1768592306.5461705,FORWARDED,7db78578-1c85-4bbb-b545-0e529d080eec,617fa77f-be08-4963-b8cb-3688962da862,c5,c3,692,?,p3,
1768592306.5779278,SENT,a554d4b9-2c1b-46f2-ac10-344bbffcfa77,2adab43c-f147-488c-b63a-bb3c894549d5,c3,c1,686,?,p1,
1768592306.577969,FORWARDED,a554d4b9-2c1b-46f2-ac10-344bbffcfa77,2adab43c-f147-488c-b63a-bb3c894549d5,c3,c1,686,?,p1,
1768592306.8619883,RECEIVED,9e441752-821c-4e39-9dfb-c5b501f68414,465bf3b0-9f8b-424c-bdba-f34cbffe2b88,c4,c2,1012,i9,?,
1768592306.9161606,RECEIVED,9b8953cd-4d3a-41d7-86a6-967a66366f28,6c2dd50f-7e3b-41d2-8926-b1ca4ea308a6,c3,c1,1011,i8,?,
1768592307.0714178,RECEIVED,72a3668a-f64e-453f-afae-0f2cbf39d321,b6a85f2e-a0b2-43aa-b1cd-880dc7f64b04,c2,DROP,684,i9,?,
1768592307.0988498,SENT,72a3668a-f64e-453f-afae-0f2cbf39d321,b6a85f2e-a0b2-43aa-b1cd-880dc7f64b04,c2,DROP,441,?,i7,
1768592307.0988886,FORWARDED,72a3668a-f64e-453f-afae-0f2cbf39d321,b6a85f2e-a0b2-43aa-b1cd-880dc7f64b04,c2,DROP,441,?,i7,
1768592307.1088316,RECEIVED,a0478a62-456e-4666-9492-a98ccb813395,b0fcfd22-1f0c-4b25-be2b-33d9a12d12f8,c3,c5,1012,i9,?,
1768592307.1589293,RECEIVED,15357191-4281-4237-bef8-e30e177ba489,f8abf777-25cc-489a-9fce-4f701394d45f,c3,c5,1023,i11,?,
1768592307.2377543,RECEIVED,3ea28e71-9ce2-4fcc-9201-19e62cb5f7ba,08cb3306-9110-4c54-af04-c96673ffb66e,c2,c3,1016,i6,?,
1768592307.3001556,SENT,3ea28e71-9ce2-4fcc-9201-19e62cb5f7ba,08cb3306-9110-4c54-af04-c96673ffb66e,c2,c3,690,?,p3,
1768592307.3001971,FORWARDED,3ea28e71-9ce2-4fcc-9201-19e62cb5f7ba,08cb3306-9110-4c54-af04-c96673ffb66e,c2,c3,690,?,p3,
1768592307.307781,RECEIVED,1756b224-5df5-438d-adef-46c6bba1f0b5,ade5490c-c3c7-4e78-b8fb-6fb4d08bdff9,c5,c1,1011,i11,?,
1768592307.3336296,SENT,a0478a62-456e-4666-9492-a98ccb813395,b0fcfd22-1f0c-4b25-be2b-33d9a12d12f8,c3,c5,687,?,p2,
1768592307.333671,FORWARDED,a0478a62-456e-4666-9492-a98ccb813395,b0fcfd22-1f0c-4b25-be2b-33d9a12d12f8,c3,c5,687,?,p2,
1768592307.3504527,SENT,9e441752-821c-4e39-9dfb-c5b501f68414,465bf3b0-9f8b-424c-bdba-f34cbffe2b88,c4,c2,687,?,p2,
1768592307.350496,FORWARDED,9e441752-821c-4e39-9dfb-c5b501f68414,465bf3b0-9f8b-424c-bdba-f34cbffe2b88,c4,c2,687,?,p2,
1768592307.765875,SENT,9b8953cd-4d3a-41d7-86a6-967a66366f28,6c2dd50f-7e3b-41d2-8926-b1ca4ea308a6,c3,c1,686,?,p1,
1768592307.7659192,FORWARDED,9b8953cd-4d3a-41d7-86a6-967a66366f28,6c2dd50f-7e3b-41d2-8926-b1ca4ea308a6,c3,c1,686,?,p1,
1768592307.8711014,RECEIVED,9c040037-89c7-4ab5-b990-e3165024fd98,31008322-5236-489d-a3dc-bf4c53c0b3c0,c2,c1,1017,i9,?,
1768592307.9050567,RECEIVED,8f1ed4ad-b7af-4b44-b452-da83a3fb0952,27160613-ec2b-471c-a2dd-b5d9944651b8,c2,c5,1011,i8,?,
1768592307.9616587,RECEIVED,9d92053e-6ef3-4dac-a57f-48640a984ebd,938723b9-ce2d-4733-bf4f-df9a425f46d9,c4,c2,1015,i11,?,
1768592307.9660757,SENT,9c040037-89c7-4ab5-b990-e3165024fd98,31008322-5236-489d-a3dc-bf4c53c0b3c0,c2,c1,688,?,p1,
1768592307.966117,FORWARDED,9c040037-89c7-4ab5-b990-e3165024fd98,31008322-5236-489d-a3dc-bf4c53c0b3c0,c2,c1,688,?,p1,
1768592307.9729385,SENT,4c9a72fa-1a1a-4d73-81dd-78bb60cfa0a3,84cce9bd-c1f7-412c-baf8-f2fc0592f9c8,c5,c1,687,?,p1,
1768592307.9729805,FORWARDED,4c9a72fa-1a1a-4d73-81dd-78bb60cfa0a3,84cce9bd-c1f7-412c-baf8-f2fc0592f9c8,c5,c1,687,?,p1,
1768592307.9861033,SENT,15357191-4281-4237-bef8-e30e177ba489,f8abf777-25cc-489a-9fce-4f701394d45f,c3,c5,695,?,p2,
1768592307.9861546,FORWARDED,15357191-4281-4237-bef8-e30e177ba489,f8abf777-25cc-489a-9fce-4f701394d45f,c3,c5,695,?,p2,
1768592308.1204329,RECEIVED,4a64d465-40cd-46ec-bb34-5d52e9326b86,fe04187e-4625-4a6b-817f-58b561d5203d,c1,c5,1011,i4,?,
1768592308.1207898,SENT,1756b224-5df5-438d-adef-46c6bba1f0b5,ade5490c-c3c7-4e78-b8fb-6fb4d08bdff9,c5,c1,687,?,p1,
1768592308.1208744,FORWARDED,1756b224-5df5-438d-adef-46c6bba1f0b5,ade5490c-c3c7-4e78-b8fb-6fb4d08bdff9,c5,c1,687,?,p1,
1768592308.3130114,SENT,8f1ed4ad-b7af-4b44-b452-da83a3fb0952,27160613-ec2b-471c-a2dd-b5d9944651b8,c2,c5,686,?,p2,
1768592308.3132086,FORWARDED,8f1ed4ad-b7af-4b44-b452-da83a3fb0952,27160613-ec2b-471c-a2dd-b5d9944651b8,c2,c5,686,?,p2,
1768592308.389039,RECEIVED,c5c4481d-83d1-4fef-88f6-adfaebd92b30,40ef8da9-d577-4b5e-9786-576e2ad09eee,c2,DROP,438,x6,?,
1768592308.511623,SENT,9d92053e-6ef3-4dac-a57f-48640a984ebd,938723b9-ce2d-4733-bf4f-df9a425f46d9,c4,c2,688,?,p2,
1768592308.511666,FORWARDED,9d92053e-6ef3-4dac-a57f-48640a984ebd,938723b9-ce2d-4733-bf4f-df9a425f46d9,c4,c2,688,?,p2,
1768592308.6278298,RECEIVED,7b021387-4d06-40d1-81aa-ac674ca34563,e8f39740-aa14-4d53-9692-ef945f0b436d,c5,c1,1012,i5,?,
1768592308.8928123,RECEIVED,972b4aa0-9a47-4983-a5d7-f2bef03fba21,aaac73aa-4ea3-43a2-bc59-3a0b8795429f,c3,c1,1015,i4,?,
1768592308.9711072,RECEIVED,c4331546-0c2b-48c4-8d40-1775265772c8,3f37fe0a-605f-4d35-bc9a-02b227b9ebc8,c2,c3,1019,i12,?,
1768592309.0316107,SENT,7b021387-4d06-40d1-81aa-ac674ca34563,e8f39740-aa14-4d53-9692-ef945f0b436d,c5,c1,687,?,p1,
1768592309.0316513,FORWARDED,7b021387-4d06-40d1-81aa-ac674ca34563,e8f39740-aa14-4d53-9692-ef945f0b436d,c5,c1,687,?,p1,
1768592309.041632,SENT,4a64d465-40cd-46ec-bb34-5d52e9326b86,fe04187e-4625-4a6b-817f-58b561d5203d,c1,c5,686,?,p2,
1768592309.0416636,FORWARDED,4a64d465-40cd-46ec-bb34-5d52e9326b86,fe04187e-4625-4a6b-817f-58b561d5203d,c1,c5,686,?,p2,
1768592309.4786427,RECEIVED,4360fd32-5508-490b-96dc-ba0fcdc47ee0,93657a4f-22cc-4312-9431-bc6b22c7bd23,c4,DROP,442,x10,?,
1768592309.623905,SENT,972b4aa0-9a47-4983-a5d7-f2bef03fba21,aaac73aa-4ea3-43a2-bc59-3a0b8795429f,c3,c1,688,?,p1,
1768592309.6239462,FORWARDED,972b4aa0-9a47-4983-a5d7-f2bef03fba21,aaac73aa-4ea3-43a2-bc59-3a0b8795429f,c3,c1,688,?,p1,
1768592309.8035011,SENT,c4331546-0c2b-48c4-8d40-1775265772c8,3f37fe0a-605f-4d35-bc9a-02b227b9ebc8,c2,c3,692,?,p3,
1768592309.8035624,FORWARDED,c4331546-0c2b-48c4-8d40-1775265772c8,3f37fe0a-605f-4d35-bc9a-02b227b9ebc8,c2,c3,692,?,p3,
1768592309.8458197,RECEIVED,dd4e58a2-fdca-4680-8095-ce4bbc9f9480,2bd7507c-f70b-44e1-88f4-06e775ba0fd0,c4,c1,1015,i4,?,
1768592310.0900156,RECEIVED,da98aa6c-5201-454d-97ef-8c6c35b95b18,ab108762-bb73-4de1-a181-de31fab0b6bd,c2,c4,1011,i11,?,
1768592310.314105,RECEIVED,e7f6e88b-7660-4c9c-b39d-f8a7174d09b4,d94bf00f-3b95-4009-aac0-fd2d535b8900,c2,c5,1011,i1,?,
1768592310.4998326,RECEIVED,b1bed6af-5ae2-4670-b376-360f21753982,349ecaa6-6ce4-445a-a9a1-8e4a90bdb4de,c4,c5,1011,i4,?,
1768592310.6163259,RECEIVED,444bfa25-e80c-4592-9168-d7a665ea9b7e,52184215-8b23-4adc-adc3-fd377ff2a38a,c5,c4,1029,i11,?,
1768592310.656908,SENT,444bfa25-e80c-4592-9168-d7a665ea9b7e,52184215-8b23-4adc-adc3-fd377ff2a38a,c5,c4,697,?,p1,
1768592310.656949,FORWARDED,444bfa25-e80c-4592-9168-d7a665ea9b7e,52184215-8b23-4adc-adc3-fd377ff2a38a,c5,c4,697,?,p1,
1768592310.7586713,SENT,e7f6e88b-7660-4c9c-b39d-f8a7174d09b4,d94bf00f-3b95-4009-aac0-fd2d535b8900,c2,c5,687,?,p2,
1768592310.758714,FORWARDED,e7f6e88b-7660-4c9c-b39d-f8a7174d09b4,d94bf00f-3b95-4009-aac0-fd2d535b8900,c2,c5,687,?,p2,
1768592310.8680758,SENT,da98aa6c-5201-454d-97ef-8c6c35b95b18,ab108762-bb73-4de1-a181-de31fab0b6bd,c2,c4,687,?,p1,
1768592310.8681195,FORWARDED,da98aa6c-5201-454d-97ef-8c6c35b95b18,ab108762-bb73-4de1-a181-de31fab0b6bd,c2,c4,687,?,p1,
1768592311.198352,SENT,dd4e58a2-fdca-4680-8095-ce4bbc9f9480,2bd7507c-f70b-44e1-88f4-06e775ba0fd0,c4,c1,688,?,p1,
1768592311.1983943,FORWARDED,dd4e58a2-fdca-4680-8095-ce4bbc9f9480,2bd7507c-f70b-44e1-88f4-06e775ba0fd0,c4,c1,688,?,p1,
1768592311.2126548,RECEIVED,66043947-f170-4e68-9fbf-6c1dce02f94b,77ebc10d-f58b-4db1-af04-9373878c8441,c4,c3,1012,i4,?,
1768592311.280243,RECEIVED,6da5c177-0e42-44fb-a1c1-afccb046443c,28371be3-7d0c-4f9c-90b5-5defe283d2b3,c2,c4,1015,i6,?,
1768592311.365045,RECEIVED,eafca8f8-4780-42b0-9fa6-216f0d88f367,547c7bec-e5d9-4691-a94f-716c184e3797,c2,c5,1016,i4,?,
1768592311.4470212,SENT,eafca8f8-4780-42b0-9fa6-216f0d88f367,547c7bec-e5d9-4691-a94f-716c184e3797,c2,c5,688,?,p2,
1768592311.4470704,FORWARDED,eafca8f8-4780-42b0-9fa6-216f0d88f367,547c7bec-e5d9-4691-a94f-716c184e3797,c2,c5,688,?,p2,
1768592311.497638,SENT,66043947-f170-4e68-9fbf-6c1dce02f94b,77ebc10d-f58b-4db1-af04-9373878c8441,c4,c3,687,?,p3,
1768592311.49768,FORWARDED,66043947-f170-4e68-9fbf-6c1dce02f94b,77ebc10d-f58b-4db1-af04-9373878c8441,c4,c3,687,?,p3,
1768592311.8016167,RECEIVED,ea924c6f-6ee3-4c42-9cc7-52d47f13e5fc,09f0afbc-42bc-4a34-9d4f-bb5f6ed33aa3,c1,c2,1024,i5,?,
1768592311.885776,SENT,ea924c6f-6ee3-4c42-9cc7-52d47f13e5fc,09f0afbc-42bc-4a34-9d4f-bb5f6ed33aa3,c1,c2,695,?,p2,
1768592311.885819,FORWARDED,ea924c6f-6ee3-4c42-9cc7-52d47f13e5fc,09f0afbc-42bc-4a34-9d4f-bb5f6ed33aa3,c1,c2,695,?,p2,
1768592311.8878784,SENT,b1bed6af-5ae2-4670-b376-360f21753982,349ecaa6-6ce4-445a-a9a1-8e4a90bdb4de,c4,c5,686,?,p2,
1768592311.8879194,FORWARDED,b1bed6af-5ae2-4670-b376-360f21753982,349ecaa6-6ce4-445a-a9a1-8e4a90bdb4de,c4,c5,686,?,p2,
1768592311.9011877,SENT,6da5c177-0e42-44fb-a1c1-afccb046443c,28371be3-7d0c-4f9c-90b5-5defe283d2b3,c2,c4,689,?,p1,
1768592311.9012291,FORWARDED,6da5c177-0e42-44fb-a1c1-afccb046443c,28371be3-7d0c-4f9c-90b5-5defe283d2b3,c2,c4,689,?,p1,
1768592312.0992746,RECEIVED,e645d421-59eb-47e8-bb98-a2f04a1008b7,574fa72c-c274-43a9-a791-3e1a88e62dc9,c2,c3,1011,i2,?,
1768592312.3267746,RECEIVED,acd93e04-87b6-4b63-9ca9-9ad64225a771,d464e712-dd29-4a00-82a4-4a5c521970b3,c3,c1,1012,i11,?,
1768592312.4439898,RECEIVED,892ab6ad-022a-4dba-a8f5-7135dab2a615,b6422f29-8828-45cf-83dd-6335aaa654f4,c4,c2,1021,i11,?,
1768592312.506094,SENT,892ab6ad-022a-4dba-a8f5-7135dab2a615,b6422f29-8828-45cf-83dd-6335aaa654f4,c4,c2,692,?,p2,
1768592312.5061352,FORWARDED,892ab6ad-022a-4dba-a8f5-7135dab2a615,b6422f29-8828-45cf-83dd-6335aaa654f4,c4,c2,692,?,p2,
1768592312.5986793,RECEIVED,302f0bfc-ad48-4d2c-a0e2-e6c6f7cac863,d3f058bd-0ec1-48dc-a618-b00dff354bb9,c5,c3,1015,i4,?,
1768592312.6368341,SENT,e645d421-59eb-47e8-bb98-a2f04a1008b7,574fa72c-c274-43a9-a791-3e1a88e62dc9,c2,c3,686,?,p3,
1768592312.6368778,FORWARDED,e645d421-59eb-47e8-bb98-a2f04a1008b7,574fa72c-c274-43a9-a791-3e1a88e62dc9,c2,c3,686,?,p3,
1768592312.6935089,RECEIVED,52de6b90-b47d-4f6d-a170-1ccfe0b1fb0e,3f839ef9-9780-48f0-85ef-0d37d5c25c23,c5,c2,1011,i5,?,
1768592312.7931867,SENT,acd93e04-87b6-4b63-9ca9-9ad64225a771,d464e712-dd29-4a00-82a4-4a5c521970b3,c3,c1,687,?,p1,
1768592312.7932222,FORWARDED,acd93e04-87b6-4b63-9ca9-9ad64225a771,d464e712-dd29-4a00-82a4-4a5c521970b3,c3,c1,687,?,p1,
1768592312.8471465,RECEIVED,82a1c0e5-6a87-4d23-9028-88720b52f314,b0b26111-33c0-452d-808b-e0747295b65b,c3,c2,1026,i12,?,
1768592313.0920014,RECEIVED,38f30b3a-6ed0-4376-a7b8-5d08718fb2c3,df7ff0eb-db8d-4f09-b68e-d7c89d8bb825,c1,c5,1011,i4,?,
1768592313.183289,RECEIVED,f5dfd97f-3572-45c9-b731-8be119600368,3437bdca-b2dc-4563-89d1-888a794af82c,c4,c3,1011,i9,?,
1768592313.3281024,RECEIVED,b1463ef8-d8d3-4f94-ac93-32df082986c3,1165bc50-b54d-4c02-a58e-fe7a66dbb364,c1,c3,1016,i8,?,
1768592313.355534,SENT,f5dfd97f-3572-45c9-b731-8be119600368,3437bdca-b2dc-4563-89d1-888a794af82c,c4,c3,687,?,p3,
1768592313.3555772,FORWARDED,f5dfd97f-3572-45c9-b731-8be119600368,3437bdca-b2dc-4563-89d1-888a794af82c,c4,c3,687,?,p3,
1768592313.371639,SENT,52de6b90-b47d-4f6d-a170-1ccfe0b1fb0e,3f839ef9-9780-48f0-85ef-0d37d5c25c23,c5,c2,687,?,p2,
1768592313.3716881,FORWARDED,52de6b90-b47d-4f6d-a170-1ccfe0b1fb0e,3f839ef9-9780-48f0-85ef-0d37d5c25c23,c5,c2,687,?,p2,
1768592313.526866,SENT,38f30b3a-6ed0-4376-a7b8-5d08718fb2c3,df7ff0eb-db8d-4f09-b68e-d7c89d8bb825,c1,c5,687,?,p2,
1768592313.526908,FORWARDED,38f30b3a-6ed0-4376-a7b8-5d08718fb2c3,df7ff0eb-db8d-4f09-b68e-d7c89d8bb825,c1,c5,687,?,p2,
1768592313.6830678,RECEIVED,d1dd0528-c090-4f11-a5a9-444e7d278d79,40b76223-8ea8-4a7e-80de-45963fe3073f,c4,c3,1016,i7,?,
1768592313.7550638,SENT,d1dd0528-c090-4f11-a5a9-444e7d278d79,40b76223-8ea8-4a7e-80de-45963fe3073f,c4,c3,688,?,p3,
1768592313.7551296,FORWARDED,d1dd0528-c090-4f11-a5a9-444e7d278d79,40b76223-8ea8-4a7e-80de-45963fe3073f,c4,c3,688,?,p3,
1768592313.7713356,SENT,b1463ef8-d8d3-4f94-ac93-32df082986c3,1165bc50-b54d-4c02-a58e-fe7a66dbb364,c1,c3,688,?,p3,
1768592313.7713761,FORWARDED,b1463ef8-d8d3-4f94-ac93-32df082986c3,1165bc50-b54d-4c02-a58e-fe7a66dbb364,c1,c3,688,?,p3,
1768592313.795515,RECEIVED,28f73c3a-4b41-4ed4-b4c3-475b0dbe06bd,5d4792d6-217b-4f5c-b246-ad7635a70f97,c5,c2,1010,i2,?,
1768592313.9833283,SENT,82a1c0e5-6a87-4d23-9028-88720b52f314,b0b26111-33c0-452d-808b-e0747295b65b,c3,c2,698,?,p2,
1768592313.9833703,FORWARDED,82a1c0e5-6a87-4d23-9028-88720b52f314,b0b26111-33c0-452d-808b-e0747295b65b,c3,c2,698,?,p2,
1768592314.0220096,RECEIVED,58a463ed-d036-45c5-b085-1ea90653b932,c4d76551-ec6a-4f09-8d74-d69c8a2b4acf,c3,c5,1019,i6,?,
1768592314.096946,SENT,302f0bfc-ad48-4d2c-a0e2-e6c6f7cac863,d3f058bd-0ec1-48dc-a618-b00dff354bb9,c5,c3,688,?,p3,
1768592314.096992,FORWARDED,302f0bfc-ad48-4d2c-a0e2-e6c6f7cac863,d3f058bd-0ec1-48dc-a618-b00dff354bb9,c5,c3,688,?,p3,
1768592314.3468719,RECEIVED,4e4489e3-e553-450c-9877-94e41c312944,f54f2496-05ca-459f-9438-904ebf6bfcb6,c3,c5,1016,i4,?,
1768592314.546963,SENT,4e4489e3-e553-450c-9877-94e41c312944,f54f2496-05ca-459f-9438-904ebf6bfcb6,c3,c5,689,?,p2,
1768592314.5470035,FORWARDED,4e4489e3-e553-450c-9877-94e41c312944,f54f2496-05ca-459f-9438-904ebf6bfcb6,c3,c5,689,?,p2,
1768592314.5510862,RECEIVED,1fa4d1f9-3737-49d0-90b4-ebf7a7e5bd49,91c98e92-55b5-4e47-b8e2-c819ee0dbaca,c4,c2,1015,i9,?,
1768592314.7971418,SENT,28f73c3a-4b41-4ed4-b4c3-475b0dbe06bd,5d4792d6-217b-4f5c-b246-ad7635a70f97,c5,c2,687,?,p2,
1768592314.7971907,FORWARDED,28f73c3a-4b41-4ed4-b4c3-475b0dbe06bd,5d4792d6-217b-4f5c-b246-ad7635a70f97,c5,c2,687,?,p2,
1768592314.8304312,SENT,1fa4d1f9-3737-49d0-90b4-ebf7a7e5bd49,91c98e92-55b5-4e47-b8e2-c819ee0dbaca,c4,c2,688,?,p2,
1768592314.8304732,FORWARDED,1fa4d1f9-3737-49d0-90b4-ebf7a7e5bd49,91c98e92-55b5-4e47-b8e2-c819ee0dbaca,c4,c2,688,?,p2,
1768592315.2414172,RECEIVED,7c692fcd-b798-4517-812e-405e0e66d91d,9c88099e-ef54-4782-9519-b35ae21fa429,c1,c4,1025,i1,?,
1768592315.3320935,SENT,7c692fcd-b798-4517-812e-405e0e66d91d,9c88099e-ef54-4782-9519-b35ae21fa429,c1,c4,695,?,p1,
1768592315.3321445,FORWARDED,7c692fcd-b798-4517-812e-405e0e66d91d,9c88099e-ef54-4782-9519-b35ae21fa429,c1,c4,695,?,p1,
1768592315.7025259,SENT,58a463ed-d036-45c5-b085-1ea90653b932,c4d76551-ec6a-4f09-8d74-d69c8a2b4acf,c3,c5,692,?,p2,
1768592315.702574,FORWARDED,58a463ed-d036-45c5-b085-1ea90653b932,c4d76551-ec6a-4f09-8d74-d69c8a2b4acf,c3,c5,692,?,p2,
1768592315.8029845,RECEIVED,cebf43a1-bd75-431f-b95b-8e1916858aac,ba338357-5770-4042-9ab4-872698c7ab9b,c1,c3,1024,i12,?,
1768592316.0602446,RECEIVED,ddd5dacc-79bd-4847-8835-74e812680d06,42a1aadf-6ac5-4449-ba6f-03720c245975,c5,c2,1015,i8,?,
1768592316.1627717,RECEIVED,c129815a-2275-4b2f-8018-2c03254f8ca2,77b4c152-fade-433a-9573-0f0f65aa9bff,c5,c2,1011,i11,?,
1768592316.2367175,SENT,cebf43a1-bd75-431f-b95b-8e1916858aac,ba338357-5770-4042-9ab4-872698c7ab9b,c1,c3,696,?,p3,
1768592316.2367597,FORWARDED,cebf43a1-bd75-431f-b95b-8e1916858aac,ba338357-5770-4042-9ab4-872698c7ab9b,c1,c3,696,?,p3,
1768592316.3779573,RECEIVED,90382490-4205-4949-b3c0-7939a836799c,c73ca604-35ed-496a-aef0-58f2ee2c4974,c4,c1,1019,i1,?,
1768592316.512027,RECEIVED,0a1b44cc-de1d-4002-a986-f2f3a024a834,d7fe696a-55c6-42ca-b819-834df5233da4,c5,DROP,682,i4,?,
1768592316.8707628,RECEIVED,60bea123-659f-489f-b1be-7c7d08873c4a,1df86abf-19ac-44a0-ace2-751e4a87a79a,c1,c5,1015,i12,?,
1768592316.88635,SENT,c129815a-2275-4b2f-8018-2c03254f8ca2,77b4c152-fade-433a-9573-0f0f65aa9bff,c5,c2,687,?,p2,
1768592316.8867912,FORWARDED,c129815a-2275-4b2f-8018-2c03254f8ca2,77b4c152-fade-433a-9573-0f0f65aa9bff,c5,c2,687,?,p2,
1768592316.8990748,SENT,90382490-4205-4949-b3c0-7939a836799c,c73ca604-35ed-496a-aef0-58f2ee2c4974,c4,c1,691,?,p1,
1768592316.8991125,FORWARDED,90382490-4205-4949-b3c0-7939a836799c,c73ca604-35ed-496a-aef0-58f2ee2c4974,c4,c1,691,?,p1,
1768592317.0024798,RECEIVED,6adf6ea2-bf8b-4b3e-8460-b72da9274445,0336e0ea-1ee1-4d0b-8174-5f5066a8ce52,c1,DROP,438,x3,?,
1768592317.0032935,SENT,60bea123-659f-489f-b1be-7c7d08873c4a,1df86abf-19ac-44a0-ace2-751e4a87a79a,c1,c5,688,?,p2,
1768592317.003335,FORWARDED,60bea123-659f-489f-b1be-7c7d08873c4a,1df86abf-19ac-44a0-ace2-751e4a87a79a,c1,c5,688,?,p2,
1768592317.225788,SENT,0a1b44cc-de1d-4002-a986-f2f3a024a834,d7fe696a-55c6-42ca-b819-834df5233da4,c5,DROP,441,?,e9,
1768592317.2258325,FORWARDED,0a1b44cc-de1d-4002-a986-f2f3a024a834,d7fe696a-55c6-42ca-b819-834df5233da4,c5,DROP,441,?,e9,
1768592317.2490997,SENT,ddd5dacc-79bd-4847-8835-74e812680d06,42a1aadf-6ac5-4449-ba6f-03720c245975,c5,c2,688,?,p2,
1768592317.2491426,FORWARDED,ddd5dacc-79bd-4847-8835-74e812680d06,42a1aadf-6ac5-4449-ba6f-03720c245975,c5,c2,688,?,p2,
1768592317.5705907,RECEIVED,4e7f9b5e-e28f-4409-9a90-e67a4d90b163,80e5a5ef-be1d-4c9b-933d-f968705beb1a,c2,c3,1023,i11,?,
1768592317.9175594,RECEIVED,2ec6f3e5-037d-4009-80d2-7b6dbee648d3,8fd641fc-d187-481a-bb80-e5a200749667,c3,c4,1016,i2,?,
1768592317.9558663,RECEIVED,8e721011-fb65-4c83-84cd-61bf59f62aa3,861d8377-13dc-4f12-91e6-5a445148cd4a,c3,c1,1012,i9,?,
1768592318.0056953,SENT,2ec6f3e5-037d-4009-80d2-7b6dbee648d3,8fd641fc-d187-481a-bb80-e5a200749667,c3,c4,688,?,p1,
1768592318.0057375,FORWARDED,2ec6f3e5-037d-4009-80d2-7b6dbee648d3,8fd641fc-d187-481a-bb80-e5a200749667,c3,c4,688,?,p1,
1768592318.142244,SENT,8e721011-fb65-4c83-84cd-61bf59f62aa3,861d8377-13dc-4f12-91e6-5a445148cd4a,c3,c1,687,?,p1,
1768592318.142297,FORWARDED,8e721011-fb65-4c83-84cd-61bf59f62aa3,861d8377-13dc-4f12-91e6-5a445148cd4a,c3,c1,687,?,p1,
1768592318.2173052,RECEIVED,6572b888-25fe-4819-a87d-f0e3af717232,c2ced10f-6500-4e20-ac59-0e633de57ff4,c1,c2,1018,i5,?,
1768592318.419266,RECEIVED,4e0382ee-5941-4818-9d07-39c4fa2effb9,b8303c1b-55e5-49d4-beaf-7b976fb09b66,c3,c4,1012,i4,?,
1768592318.6459427,SENT,4e0382ee-5941-4818-9d07-39c4fa2effb9,b8303c1b-55e5-49d4-beaf-7b976fb09b66,c3,c4,687,?,p1,
1768592318.6459851,FORWARDED,4e0382ee-5941-4818-9d07-39c4fa2effb9,b8303c1b-55e5-49d4-beaf-7b976fb09b66,c3,c4,687,?,p1,
1768592318.8200672,SENT,4e7f9b5e-e28f-4409-9a90-e67a4d90b163,80e5a5ef-be1d-4c9b-933d-f968705beb1a,c2,c3,695,?,p3,
1768592318.820111,FORWARDED,4e7f9b5e-e28f-4409-9a90-e67a4d90b163,80e5a5ef-be1d-4c9b-933d-f968705beb1a,c2,c3,695,?,p3,
1768592318.8260021,RECEIVED,051533fd-8b8c-4bf9-8f59-0feed0e819fe,e3cfcbe3-156d-4db9-9cab-cc9dda2632a7,c2,c3,1024,i11,?,
1768592318.8271885,RECEIVED,ff930cf4-d672-4e1f-8993-8be3ea333b58,43d8882b-90c7-445b-b94e-c5703365a9cb,c1,c4,1012,i11,?,
1768592318.8784528,RECEIVED,274ee234-a272-4b53-b23e-e0eb2ff66c63,6b891245-09b6-4f52-b19c-07b1bbed53a1,c2,c1,1012,i4,?,
1768592318.9227014,SENT,ff930cf4-d672-4e1f-8993-8be3ea333b58,43d8882b-90c7-445b-b94e-c5703365a9cb,c1,c4,687,?,p1,
1768592318.9227343,FORWARDED,ff930cf4-d672-4e1f-8993-8be3ea333b58,43d8882b-90c7-445b-b94e-c5703365a9cb,c1,c4,687,?,p1,
1768592318.925204,SENT,051533fd-8b8c-4bf9-8f59-0feed0e819fe,e3cfcbe3-156d-4db9-9cab-cc9dda2632a7,c2,c3,696,?,p3,
1768592318.9252455,FORWARDED,051533fd-8b8c-4bf9-8f59-0feed0e819fe,e3cfcbe3-156d-4db9-9cab-cc9dda2632a7,c2,c3,696,?,p3,
1768592318.9637485,SENT,274ee234-a272-4b53-b23e-e0eb2ff66c63,6b891245-09b6-4f52-b19c-07b1bbed53a1,c2,c1,687,?,p1,
1768592318.9637883,FORWARDED,274ee234-a272-4b53-b23e-e0eb2ff66c63,6b891245-09b6-4f52-b19c-07b1bbed53a1,c2,c1,687,?,p1,
1768592319.1186595,RECEIVED,ab060d88-5464-4cb1-ba35-a3a98f024636,918ec8ff-75c3-4e60-84f4-58c6e11f16c4,c3,DROP,684,i5,?,
1768592319.4414065,SENT,6572b888-25fe-4819-a87d-f0e3af717232,c2ced10f-6500-4e20-ac59-0e633de57ff4,c1,c2,692,?,p2,
1768592319.441445,FORWARDED,6572b888-25fe-4819-a87d-f0e3af717232,c2ced10f-6500-4e20-ac59-0e633de57ff4,c1,c2,692,?,p2,
1768592319.5249405,RECEIVED,005297cc-e33e-416e-981d-0d8b1efd4977,413f512c-246c-4055-98f7-9f7df7c9881d,c4,c2,1020,i11,?,
1768592319.558727,SENT,ab060d88-5464-4cb1-ba35-a3a98f024636,918ec8ff-75c3-4e60-84f4-58c6e11f16c4,c3,DROP,441,?,x6,
1768592319.5587687,FORWARDED,ab060d88-5464-4cb1-ba35-a3a98f024636,918ec8ff-75c3-4e60-84f4-58c6e11f16c4,c3,DROP,441,?,x6,
1768592319.8349063,SENT,005297cc-e33e-416e-981d-0d8b1efd4977,413f512c-246c-4055-98f7-9f7df7c9881d,c4,c2,693,?,p2,
1768592319.8349462,FORWARDED,005297cc-e33e-416e-981d-0d8b1efd4977,413f512c-246c-4055-98f7-9f7df7c9881d,c4,c2,693,?,p2,
1768592319.938337,RECEIVED,45bfdb90-8551-44ef-9237-9ed35b3c3c55,0b361892-ca2f-4f5d-952e-c809853de66f,c1,DROP,687,i2,?,
1768592320.1582856,RECEIVED,9bf9377b-fd6d-48a1-8fab-5aa10f2ff016,57536b67-17c3-4198-aa4b-27a7728de116,c1,c4,1012,i12,?,
1768592320.2635949,SENT,9bf9377b-fd6d-48a1-8fab-5aa10f2ff016,57536b67-17c3-4198-aa4b-27a7728de116,c1,c4,687,?,p1,
1768592320.2636359,FORWARDED,9bf9377b-fd6d-48a1-8fab-5aa10f2ff016,57536b67-17c3-4198-aa4b-27a7728de116,c1,c4,687,?,p1,
1768592320.430829,RECEIVED,7a99aa75-2602-4eb0-8261-0f44d8cfd155,2b928623-f961-483b-97df-ba038ac418f3,c1,c3,1012,i4,?,
1768592320.485786,RECEIVED,4c39c179-0605-42e3-bc26-178866bf4ce4,1ad4ddf0-e63d-42f5-acd2-4cbd15b31954,c1,c5,1011,i5,?,
1768592320.566203,SENT,4c39c179-0605-42e3-bc26-178866bf4ce4,1ad4ddf0-e63d-42f5-acd2-4cbd15b31954,c1,c5,687,?,p2,
1768592320.566246,FORWARDED,4c39c179-0605-42e3-bc26-178866bf4ce4,1ad4ddf0-e63d-42f5-acd2-4cbd15b31954,c1,c5,687,?,p2,
1768592320.5784652,SENT,7a99aa75-2602-4eb0-8261-0f44d8cfd155,2b928623-f961-483b-97df-ba038ac418f3,c1,c3,687,?,p3,
1768592320.5785072,FORWARDED,7a99aa75-2602-4eb0-8261-0f44d8cfd155,2b928623-f961-483b-97df-ba038ac418f3,c1,c3,687,?,p3,
1768592320.62238,RECEIVED,8893d512-0377-44b4-a75d-9da40312b179,e0bb1c77-6a5d-49dd-af5c-d09119b02086,c5,c3,1020,i11,?,
1768592320.7882953,RECEIVED,f10b6bd8-c456-453e-ac00-0f599f4b1fa9,2e88b332-ca31-423f-9678-03be5eab0720,c2,c1,1012,i9,?,
1768592320.9217846,SENT,8893d512-0377-44b4-a75d-9da40312b179,e0bb1c77-6a5d-49dd-af5c-d09119b02086,c5,c3,691,?,p3,
1768592320.921826,FORWARDED,8893d512-0377-44b4-a75d-9da40312b179,e0bb1c77-6a5d-49dd-af5c-d09119b02086,c5,c3,691,?,p3,
1768592320.9832227,RECEIVED,f417ed88-3595-47e8-b1b5-c20c8d537ae1,870e92f0-7916-4340-9ffc-71bf1010d59c,c3,c1,1023,i1,?,
1768592320.9843261,RECEIVED,57b76f43-27ef-4123-9fb2-005f411d6f04,007f55f0-cb51-4d20-86cc-cdb7ef793c1f,c4,c2,1010,i9,?,
1768592320.9953172,RECEIVED,fc51fcaa-b0a4-46b1-846b-2ac77fa0a62e,7771c5de-99cd-4051-8bfc-f7b6cacc10d7,c5,c3,1020,i9,?,
1768592321.2488503,SENT,f10b6bd8-c456-453e-ac00-0f599f4b1fa9,2e88b332-ca31-423f-9678-03be5eab0720,c2,c1,687,?,p1,
1768592321.2488887,FORWARDED,f10b6bd8-c456-453e-ac00-0f599f4b1fa9,2e88b332-ca31-423f-9678-03be5eab0720,c2,c1,687,?,p1,
1768592321.2738624,SENT,f417ed88-3595-47e8-b1b5-c20c8d537ae1,870e92f0-7916-4340-9ffc-71bf1010d59c,c3,c1,695,?,p1,
1768592321.273903,FORWARDED,f417ed88-3595-47e8-b1b5-c20c8d537ae1,870e92f0-7916-4340-9ffc-71bf1010d59c,c3,c1,695,?,p1,
1768592321.2834604,SENT,fc51fcaa-b0a4-46b1-846b-2ac77fa0a62e,7771c5de-99cd-4051-8bfc-f7b6cacc10d7,c5,c3,691,?,p3,
1768592321.2835019,FORWARDED,fc51fcaa-b0a4-46b1-846b-2ac77fa0a62e,7771c5de-99cd-4051-8bfc-f7b6cacc10d7,c5,c3,691,?,p3,
1768592321.44885,RECEIVED,a4c65a8c-a3ea-4523-89d0-90d44be600bd,051e6727-c56a-497b-8d60-e760571a1194,c4,c2,1023,i11,?,
1768592321.5429716,RECEIVED,aa55b481-71e2-40d9-90de-69a0af518c30,d522e404-2850-4b85-898d-c97a43d94956,c1,c2,1012,i12,?,
1768592321.6433837,RECEIVED,2b5f65fe-aac8-42f4-a948-1285c9c3e08f,878a2d75-86a8-44cb-8251-137a70285a13,c5,c1,1023,i11,?,
1768592321.7897005,SENT,aa55b481-71e2-40d9-90de-69a0af518c30,d522e404-2850-4b85-898d-c97a43d94956,c1,c2,687,?,p2,
1768592321.7897413,FORWARDED,aa55b481-71e2-40d9-90de-69a0af518c30,d522e404-2850-4b85-898d-c97a43d94956,c1,c2,687,?,p2,
1768592321.9120083,RECEIVED,611c9ce0-3d8a-41db-9cfa-47ec7f5673ab,edd7e7c2-d2f9-4a24-b275-e394610bd91f,c1,c5,1010,i6,?,
1768592322.0098248,RECEIVED,422abf3b-e9bf-4571-8ff4-6a29af4ffda4,d314949f-08b4-4245-92b4-b10d607a1e24,c1,c5,1010,i2,?,
1768592322.093604,SENT,57b76f43-27ef-4123-9fb2-005f411d6f04,007f55f0-cb51-4d20-86cc-cdb7ef793c1f,c4,c2,685,?,p2,
1768592322.0936434,FORWARDED,57b76f43-27ef-4123-9fb2-005f411d6f04,007f55f0-cb51-4d20-86cc-cdb7ef793c1f,c4,c2,685,?,p2,
1768592322.1016674,SENT,a4c65a8c-a3ea-4523-89d0-90d44be600bd,051e6727-c56a-497b-8d60-e760571a1194,c4,c2,695,?,p2,
1768592322.1018343,FORWARDED,a4c65a8c-a3ea-4523-89d0-90d44be600bd,051e6727-c56a-497b-8d60-e760571a1194,c4,c2,695,?,p2,
1768592322.2711399,SENT,611c9ce0-3d8a-41db-9cfa-47ec7f5673ab,edd7e7c2-d2f9-4a24-b275-e394610bd91f,c1,c5,687,?,p2,
1768592322.271186,FORWARDED,611c9ce0-3d8a-41db-9cfa-47ec7f5673ab,edd7e7c2-d2f9-4a24-b275-e394610bd91f,c1,c5,687,?,p2,
1768592322.4508395,SENT,45bfdb90-8551-44ef-9237-9ed35b3c3c55,0b361892-ca2f-4f5d-952e-c809853de66f,c1,DROP,442,?,i6,
1768592322.450888,FORWARDED,45bfdb90-8551-44ef-9237-9ed35b3c3c55,0b361892-ca2f-4f5d-952e-c809853de66f,c1,DROP,442,?,i6,
1768592322.4775848,RECEIVED,337e26ee-8ac9-4e06-b419-d0bd9b3beb69,d892daf6-5917-4207-8081-cda71994d317,c5,DROP,688,i5,?,
1768592322.5013494,RECEIVED,56c73ea3-8627-441e-a760-e193d433a07c,89a2b87b-c747-4f89-b066-aad6dd22525f,c2,c3,1015,i4,?,
1768592322.6261868,SENT,337e26ee-8ac9-4e06-b419-d0bd9b3beb69,d892daf6-5917-4207-8081-cda71994d317,c5,DROP,442,?,i4,
1768592322.6262293,REDIRECTED,337e26ee-8ac9-4e06-b419-d0bd9b3beb69,d892daf6-5917-4207-8081-cda71994d317,c5,DROP,442,?,i4,
1768592322.6262596,FORWARDED,337e26ee-8ac9-4e06-b419-d0bd9b3beb69,d892daf6-5917-4207-8081-cda71994d317,c5,DROP,442,?,i3,
1768592322.749343,RECEIVED,4a0825ed-61b6-41fb-a9fa-7711d8419726,5f0b1338-9ec2-46e6-82ff-e33339e96606,c5,c2,1015,i8,?,
1768592323.0923796,SENT,422abf3b-e9bf-4571-8ff4-6a29af4ffda4,d314949f-08b4-4245-92b4-b10d607a1e24,c1,c5,687,?,p2,
1768592323.0924203,FORWARDED,422abf3b-e9bf-4571-8ff4-6a29af4ffda4,d314949f-08b4-4245-92b4-b10d607a1e24,c1,c5,687,?,p2,
1768592323.3233256,SENT,2b5f65fe-aac8-42f4-a948-1285c9c3e08f,878a2d75-86a8-44cb-8251-137a70285a13,c5,c1,695,?,p1,
1768592323.3233657,FORWARDED,2b5f65fe-aac8-42f4-a948-1285c9c3e08f,878a2d75-86a8-44cb-8251-137a70285a13,c5,c1,695,?,p1,
1768592323.4229722,RECEIVED,9337cc69-2c19-4925-af1c-6b6241c8ce12,17f88e80-8a22-46e5-bb30-9c73e704ee1c,c3,c1,1020,i5,?,
1768592323.5001724,SENT,56c73ea3-8627-441e-a760-e193d433a07c,89a2b87b-c747-4f89-b066-aad6dd22525f,c2,c3,688,?,p3,
1768592323.5002089,FORWARDED,56c73ea3-8627-441e-a760-e193d433a07c,89a2b87b-c747-4f89-b066-aad6dd22525f,c2,c3,688,?,p3,
1768592323.51523,SENT,9337cc69-2c19-4925-af1c-6b6241c8ce12,17f88e80-8a22-46e5-bb30-9c73e704ee1c,c3,c1,692,?,p1,
1768592323.5152798,FORWARDED,9337cc69-2c19-4925-af1c-6b6241c8ce12,17f88e80-8a22-46e5-bb30-9c73e704ee1c,c3,c1,692,?,p1,
1768592323.5419543,RECEIVED,2b419143-810f-442b-8269-2e7377eb8184,10b0a59a-c818-4159-8983-d6e0c011de99,c3,c5,1016,i4,?,
1768592323.634713,RECEIVED,03de1b21-c8a3-4ea6-8350-7a061749c443,eb7bdbe6-d84e-4bb6-ac7b-97220a4eb2c5,c1,c3,1012,i2,?,
1768592323.688562,SENT,4a0825ed-61b6-41fb-a9fa-7711d8419726,5f0b1338-9ec2-46e6-82ff-e33339e96606,c5,c2,688,?,p2,
1768592323.6886036,FORWARDED,4a0825ed-61b6-41fb-a9fa-7711d8419726,5f0b1338-9ec2-46e6-82ff-e33339e96606,c5,c2,688,?,p2,
1768592323.796944,SENT,2b419143-810f-442b-8269-2e7377eb8184,10b0a59a-c818-4159-8983-d6e0c011de99,c3,c5,688,?,p2,
1768592323.7969851,FORWARDED,2b419143-810f-442b-8269-2e7377eb8184,10b0a59a-c818-4159-8983-d6e0c011de99,c3,c5,688,?,p2,
1768592323.8086014,SENT,03de1b21-c8a3-4ea6-8350-7a061749c443,eb7bdbe6-d84e-4bb6-ac7b-97220a4eb2c5,c1,c3,687,?,p3,
1768592323.8086374,FORWARDED,03de1b21-c8a3-4ea6-8350-7a061749c443,eb7bdbe6-d84e-4bb6-ac7b-97220a4eb2c5,c1,c3,687,?,p3,
1768592324.0465019,RECEIVED,ded8d568-29df-4816-9618-331708eba327,ac7a353a-16ea-439d-b6f5-bb19f896033b,c1,c4,1015,i6,?,
1768592324.4486072,RECEIVED,566d33bb-16cd-465b-8faf-1669e486c463,bc15f9f0-c69e-40d6-8c98-7efb9fb42933,c5,c4,1012,i6,?,
1768592324.5120137,RECEIVED,8826411b-abb9-46f0-ba24-01796f412f11,c282a556-ee40-4db1-a1a3-8fbefdcea9ab,c4,c1,1023,i12,?,
1768592324.5784354,RECEIVED,8e0092cc-27f5-420c-8429-0a04b7af88ae,1226a253-d392-4a0a-8733-dee66aadf1d7,c5,DROP,692,i12,?,
1768592324.769298,SENT,ded8d568-29df-4816-9618-331708eba327,ac7a353a-16ea-439d-b6f5-bb19f896033b,c1,c4,688,?,p1,
1768592324.7693384,FORWARDED,ded8d568-29df-4816-9618-331708eba327,ac7a353a-16ea-439d-b6f5-bb19f896033b,c1,c4,688,?,p1,
1768592324.787735,RECEIVED,9d2a206b-4bf7-4e3f-a3e5-13df46d3ffc5,bfb08d44-8f9d-40a4-815a-89ac037b1f87,c2,c3,1020,i11,?,
1768592324.8456843,RECEIVED,0f3ae735-2210-4fea-873e-58966d676528,a7cdb9a8-2ad9-4aa7-b4ae-47d89de504bf,c5,c3,1012,i6,?,
1768592324.8639705,SENT,566d33bb-16cd-465b-8faf-1669e486c463,bc15f9f0-c69e-40d6-8c98-7efb9fb42933,c5,c4,687,?,p1,
1768592324.8641596,FORWARDED,566d33bb-16cd-465b-8faf-1669e486c463,bc15f9f0-c69e-40d6-8c98-7efb9fb42933,c5,c4,687,?,p1,
1768592324.938367,RECEIVED,2af56654-fdf4-4663-b7ce-fcefdf6db892,f6008f0a-7254-4589-8a09-b540f19a4864,c2,c3,1011,i4,?,
1768592324.9465551,SENT,0f3ae735-2210-4fea-873e-58966d676528,a7cdb9a8-2ad9-4aa7-b4ae-47d89de504bf,c5,c3,687,?,p3,
1768592324.9466035,FORWARDED,0f3ae735-2210-4fea-873e-58966d676528,a7cdb9a8-2ad9-4aa7-b4ae-47d89de504bf,c5,c3,687,?,p3,
1768592324.9711573,SENT,9d2a206b-4bf7-4e3f-a3e5-13df46d3ffc5,bfb08d44-8f9d-40a4-815a-89ac037b1f87,c2,c3,691,?,p3,
1768592324.971202,FORWARDED,9d2a206b-4bf7-4e3f-a3e5-13df46d3ffc5,bfb08d44-8f9d-40a4-815a-89ac037b1f87,c2,c3,691,?,p3,
1768592325.1086938,RECEIVED,bd23a51d-91a9-41af-b049-007c2d98072c,d046c1f9-dc2d-4efa-9c68-d41e58ef0705,c5,c4,1016,i8,?,
1768592325.1894438,SENT,bd23a51d-91a9-41af-b049-007c2d98072c,d046c1f9-dc2d-4efa-9c68-d41e58ef0705,c5,c4,688,?,p1,
1768592325.189485,FORWARDED,bd23a51d-91a9-41af-b049-007c2d98072c,d046c1f9-dc2d-4efa-9c68-d41e58ef0705,c5,c4,688,?,p1,
1768592325.2098188,SENT,8e0092cc-27f5-420c-8429-0a04b7af88ae,1226a253-d392-4a0a-8733-dee66aadf1d7,c5,DROP,445,?,i11,
1768592325.2098615,REDIRECTED,8e0092cc-27f5-420c-8429-0a04b7af88ae,1226a253-d392-4a0a-8733-dee66aadf1d7,c5,DROP,445,?,i11,
1768592325.2098904,FORWARDED,8e0092cc-27f5-420c-8429-0a04b7af88ae,1226a253-d392-4a0a-8733-dee66aadf1d7,c5,DROP,445,?,i10,
1768592325.2513516,SENT,2af56654-fdf4-4663-b7ce-fcefdf6db892,f6008f0a-7254-4589-8a09-b540f19a4864,c2,c3,687,?,p3,
1768592325.2513883,FORWARDED,2af56654-fdf4-4663-b7ce-fcefdf6db892,f6008f0a-7254-4589-8a09-b540f19a4864,c2,c3,687,?,p3,
1768592325.4180138,SENT,8826411b-abb9-46f0-ba24-01796f412f11,c282a556-ee40-4db1-a1a3-8fbefdcea9ab,c4,c1,696,?,p1,
1768592325.4183233,FORWARDED,8826411b-abb9-46f0-ba24-01796f412f11,c282a556-ee40-4db1-a1a3-8fbefdcea9ab,c4,c1,696,?,p1,
1768592325.8981814,RECEIVED,ecd2d402-dd15-411d-a8bd-82192e6eb62f,f6217cd5-d7cb-4bcd-b0de-2a56bb4bbecb,c5,DROP,441,x1,?,
1768592326.129007,RECEIVED,71f1ff1f-cf2e-42cb-a79a-f2a66adad43b,ac20ee16-78b7-4274-9c91-6d9e2f83b7bf,c2,c4,1015,i7,?,
1768592326.1391544,RECEIVED,b2255610-d6b4-4457-801a-35c8cda09fc2,476654c1-f138-495c-9a75-0a5cd38a9cce,c4,c5,1012,i8,?,
1768592326.2092347,SENT,71f1ff1f-cf2e-42cb-a79a-f2a66adad43b,ac20ee16-78b7-4274-9c91-6d9e2f83b7bf,c2,c4,688,?,p1,
1768592326.2092772,FORWARDED,71f1ff1f-cf2e-42cb-a79a-f2a66adad43b,ac20ee16-78b7-4274-9c91-6d9e2f83b7bf,c2,c4,688,?,p1,
1768592326.2617395,SENT,b2255610-d6b4-4457-801a-35c8cda09fc2,476654c1-f138-495c-9a75-0a5cd38a9cce,c4,c5,687,?,p2,
1768592326.2617836,FORWARDED,b2255610-d6b4-4457-801a-35c8cda09fc2,476654c1-f138-495c-9a75-0a5cd38a9cce,c4,c5,687,?,p2,
1768592326.4066343,RECEIVED,1b209b74-d7ec-4bea-9d26-5f1628775905,0a6f045d-50a4-4b9f-8f1f-06dd3ee2c8bf,c2,c3,1012,i8,?,
1768592326.8437788,SENT,1b209b74-d7ec-4bea-9d26-5f1628775905,0a6f045d-50a4-4b9f-8f1f-06dd3ee2c8bf,c2,c3,687,?,p3,
1768592326.8438208,FORWARDED,1b209b74-d7ec-4bea-9d26-5f1628775905,0a6f045d-50a4-4b9f-8f1f-06dd3ee2c8bf,c2,c3,687,?,p3,
1768592326.9372532,RECEIVED,eb78300c-fc1d-488f-855e-d8835a554754,323c1a72-3d07-4220-9d60-8dfa5f61a51c,c1,c3,1018,i12,?,
1768592327.2733018,RECEIVED,68a95672-6aa7-4895-aafb-eefb71b2f1f3,19f4061b-7089-4c05-9be0-4b08da40a642,c2,c5,1016,i5,?,
1768592327.3106198,RECEIVED,0b7339d5-c5ac-4caf-8a83-9085e7533e5f,dbda02ae-21eb-4383-aaea-00dd2d79664a,c5,c3,1015,i1,?,
1768592327.4539914,RECEIVED,b9a805b1-1633-439b-a701-ff4036d4de6e,4f454ecf-7b37-47f5-a113-2daecf994471,c4,c2,1011,i2,?,
1768592327.5903354,RECEIVED,40b141ed-23b4-4ee4-bce5-13dfeeb2bc1c,a3bc1278-7a52-408e-af35-656cbe9e1340,c5,c1,1011,i12,?,
1768592327.7233155,RECEIVED,e9f50400-c0b4-4abb-926b-8760446f36c5,63068f81-6a89-48e9-837e-b240d04708a6,c5,c4,1015,i6,?,
1768592327.7363954,SENT,68a95672-6aa7-4895-aafb-eefb71b2f1f3,19f4061b-7089-4c05-9be0-4b08da40a642,c2,c5,688,?,p2,
1768592327.7364378,FORWARDED,68a95672-6aa7-4895-aafb-eefb71b2f1f3,19f4061b-7089-4c05-9be0-4b08da40a642,c2,c5,688,?,p2,
1768592327.8918836,RECEIVED,dbbd2593-bba0-40df-b601-f2d5a11330d6,024a00eb-de61-4139-b855-f552574a32be,c3,c1,1016,i11,?,
1768592327.936989,SENT,b9a805b1-1633-439b-a701-ff4036d4de6e,4f454ecf-7b37-47f5-a113-2daecf994471,c4,c2,687,?,p2,
1768592327.9370337,FORWARDED,b9a805b1-1633-439b-a701-ff4036d4de6e,4f454ecf-7b37-47f5-a113-2daecf994471,c4,c2,687,?,p2,
1768592327.958594,RECEIVED,a8f0a303-f0bf-4ae9-8efe-5f502f34ccfb,d3665df2-12b9-4463-acbf-40cc5350923c,c4,DROP,684,i1,?,
1768592328.0219054,RECEIVED,f4d76b7c-ed91-4ff8-961c-2df5ecf8c3bf,b11463ac-f7d2-485a-aac6-14a42fe6fa14,c3,c4,1024,i11,?,
1768592328.1741529,RECEIVED,71e0b0d8-9463-4c6d-ac77-12283e5cfc6e,f5f539af-513c-4878-949e-25d4aab6b7e6,c3,c4,1015,i6,?,
1768592328.1889656,SENT,dbbd2593-bba0-40df-b601-f2d5a11330d6,024a00eb-de61-4139-b855-f552574a32be,c3,c1,688,?,p1,
1768592328.189009,FORWARDED,dbbd2593-bba0-40df-b601-f2d5a11330d6,024a00eb-de61-4139-b855-f552574a32be,c3,c1,688,?,p1,
1768592328.208176,SENT,40b141ed-23b4-4ee4-bce5-13dfeeb2bc1c,a3bc1278-7a52-408e-af35-656cbe9e1340,c5,c1,687,?,p1,
1768592328.208218,FORWARDED,40b141ed-23b4-4ee4-bce5-13dfeeb2bc1c,a3bc1278-7a52-408e-af35-656cbe9e1340,c5,c1,687,?,p1,
1768592328.3103256,SENT,0b7339d5-c5ac-4caf-8a83-9085e7533e5f,dbda02ae-21eb-4383-aaea-00dd2d79664a,c5,c3,688,?,p3,
1768592328.3103652,FORWARDED,0b7339d5-c5ac-4caf-8a83-9085e7533e5f,dbda02ae-21eb-4383-aaea-00dd2d79664a,c5,c3,688,?,p3,
1768592328.315455,SENT,f4d76b7c-ed91-4ff8-961c-2df5ecf8c3bf,b11463ac-f7d2-485a-aac6-14a42fe6fa14,c3,c4,695,?,p1,
1768592328.3154929,FORWARDED,f4d76b7c-ed91-4ff8-961c-2df5ecf8c3bf,b11463ac-f7d2-485a-aac6-14a42fe6fa14,c3,c4,695,?,p1,
1768592328.4055545,SENT,71e0b0d8-9463-4c6d-ac77-12283e5cfc6e,f5f539af-513c-4878-949e-25d4aab6b7e6,c3,c4,688,?,p1,
1768592328.405595,FORWARDED,71e0b0d8-9463-4c6d-ac77-12283e5cfc6e,f5f539af-513c-4878-949e-25d4aab6b7e6,c3,c4,688,?,p1,
1768592328.41715,SENT,eb78300c-fc1d-488f-855e-d8835a554754,323c1a72-3d07-4220-9d60-8dfa5f61a51c,c1,c3,691,?,p3,
1768592328.4171913,FORWARDED,eb78300c-fc1d-488f-855e-d8835a554754,323c1a72-3d07-4220-9d60-8dfa5f61a51c,c1,c3,691,?,p3,
1768592328.5329177,SENT,a8f0a303-f0bf-4ae9-8efe-5f502f34ccfb,d3665df2-12b9-4463-acbf-40cc5350923c,c4,DROP,440,?,e12,
1768592328.532957,FORWARDED,a8f0a303-f0bf-4ae9-8efe-5f502f34ccfb,d3665df2-12b9-4463-acbf-40cc5350923c,c4,DROP,440,?,e12,
1768592328.7290368,RECEIVED,35d17468-62ad-4c88-a9f1-a37a19fbe59b,a443e9b3-1992-47e7-ad08-4c23f8a04c04,c4,c3,1012,i9,?,
1768592328.7392263,RECEIVED,84ea3326-be29-46e8-a386-1cc558d0ad97,bdf63077-7909-4f59-ab6f-832fab6922dd,c3,DROP,688,i12,?,
1768592328.7930303,RECEIVED,fce2f01d-d3e2-4b68-8856-3e76e911472c,2b34bb45-2610-41be-995c-621740d09f2b,c4,c5,1011,i7,?,
1768592328.8725312,SENT,e9f50400-c0b4-4abb-926b-8760446f36c5,63068f81-6a89-48e9-837e-b240d04708a6,c5,c4,688,?,p1,
1768592328.8725724,FORWARDED,e9f50400-c0b4-4abb-926b-8760446f36c5,63068f81-6a89-48e9-837e-b240d04708a6,c5,c4,688,?,p1,
1768592328.898719,SENT,84ea3326-be29-46e8-a386-1cc558d0ad97,bdf63077-7909-4f59-ab6f-832fab6922dd,c3,DROP,442,?,e7,
1768592328.8987615,FORWARDED,84ea3326-be29-46e8-a386-1cc558d0ad97,bdf63077-7909-4f59-ab6f-832fab6922dd,c3,DROP,442,?,e7,
1768592328.9472692,SENT,35d17468-62ad-4c88-a9f1-a37a19fbe59b,a443e9b3-1992-47e7-ad08-4c23f8a04c04,c4,c3,687,?,p3,
1768592328.9473093,FORWARDED,35d17468-62ad-4c88-a9f1-a37a19fbe59b,a443e9b3-1992-47e7-ad08-4c23f8a04c04,c4,c3,687,?,p3,
1768592329.1478374,RECEIVED,98f51771-16d2-408a-bf02-87cf5d1f2551,9db7d353-d527-4676-93a5-1320e2f0f793,c4,c2,1020,i4,?,
1768592329.24364,SENT,fce2f01d-d3e2-4b68-8856-3e76e911472c,2b34bb45-2610-41be-995c-621740d09f2b,c4,c5,687,?,p2,
1768592329.2436833,FORWARDED,fce2f01d-d3e2-4b68-8856-3e76e911472c,2b34bb45-2610-41be-995c-621740d09f2b,c4,c5,687,?,p2,
1768592329.2988935,RECEIVED,d81b2fda-5f99-4c7c-8bc9-850e2cf9fa6b,9204b4ec-9028-4846-908c-e34fe40f244a,c3,DROP,683,i1,?,
1768592329.4142168,RECEIVED,c9f20b2d-3ae4-47a8-9ba8-192a65558e68,fd456150-c702-4f9a-9b42-546004291abc,c3,c5,1023,i11,?,
1768592329.4296582,SENT,98f51771-16d2-408a-bf02-87cf5d1f2551,9db7d353-d527-4676-93a5-1320e2f0f793,c4,c2,692,?,p2,
1768592329.4297068,FORWARDED,98f51771-16d2-408a-bf02-87cf5d1f2551,9db7d353-d527-4676-93a5-1320e2f0f793,c4,c2,692,?,p2,
1768592329.5510714,RECEIVED,28f541cc-43ff-418e-af2f-c58fd679d463,89929e13-e4a6-4b6b-8b11-8d3492216a54,c4,c2,1019,i1,?,
1768592329.9584131,RECEIVED,23df60bf-f8ca-4e8e-9535-feac1f8b0742,69a50548-ef58-46fa-8fdc-18922e0d61e4,c4,c2,1019,i12,?,
1768592330.0843875,SENT,28f541cc-43ff-418e-af2f-c58fd679d463,89929e13-e4a6-4b6b-8b11-8d3492216a54,c4,c2,691,?,p2,
1768592330.0844321,FORWARDED,28f541cc-43ff-418e-af2f-c58fd679d463,89929e13-e4a6-4b6b-8b11-8d3492216a54,c4,c2,691,?,p2,
1768592330.1362565,RECEIVED,5cf69ddf-3416-44ba-8d63-385c6fd1e8dc,b6b18907-8736-4253-8ef7-461d67700c2b,c1,c4,1019,i11,?,
1768592330.2030048,SENT,23df60bf-f8ca-4e8e-9535-feac1f8b0742,69a50548-ef58-46fa-8fdc-18922e0d61e4,c4,c2,691,?,p2,
1768592330.2032244,FORWARDED,23df60bf-f8ca-4e8e-9535-feac1f8b0742,69a50548-ef58-46fa-8fdc-18922e0d61e4,c4,c2,691,?,p2,
1768592330.222197,RECEIVED,351baedf-72d0-4039-9184-e16c2e33519a,3c484d8a-0200-4630-80cd-c5baa74e829f,c2,c4,1019,i4,?,
1768592330.3942664,RECEIVED,ee75c8fb-4565-413f-8d1c-9288acff89c3,e3f42d4c-a076-4d3c-807f-2427fe7a0822,c5,c3,1020,i11,?,
1768592330.394382,RECEIVED,7ab9126c-5232-490d-8d8d-d58d8bdae9b0,60a29026-0373-4247-b106-9f4a5a0011a6,c2,c5,1011,i4,?,
1768592330.4951594,RECEIVED,d08da914-8956-4f96-a6ed-fb0d7d4cf595,02671088-a3ad-455d-bf50-a7ad57544933,c1,c2,1017,i1,?,
1768592330.516939,SENT,d08da914-8956-4f96-a6ed-fb0d7d4cf595,02671088-a3ad-455d-bf50-a7ad57544933,c1,c2,688,?,p2,
1768592330.5169818,FORWARDED,d08da914-8956-4f96-a6ed-fb0d7d4cf595,02671088-a3ad-455d-bf50-a7ad57544933,c1,c2,688,?,p2,
1768592330.5246801,RECEIVED,97be1887-555c-48ba-bb7d-8e06903139c9,1b847abb-ed96-4bf4-81c7-2ecc9a7578b3,c4,c5,1011,i1,?,
1768592330.7172365,SENT,ee75c8fb-4565-413f-8d1c-9288acff89c3,e3f42d4c-a076-4d3c-807f-2427fe7a0822,c5,c3,691,?,p3,
1768592330.7172818,FORWARDED,ee75c8fb-4565-413f-8d1c-9288acff89c3,e3f42d4c-a076-4d3c-807f-2427fe7a0822,c5,c3,691,?,p3,
1768592330.7446458,SENT,d81b2fda-5f99-4c7c-8bc9-850e2cf9fa6b,9204b4ec-9028-4846-908c-e34fe40f244a,c3,DROP,441,?,e5,
1768592330.744711,FORWARDED,d81b2fda-5f99-4c7c-8bc9-850e2cf9fa6b,9204b4ec-9028-4846-908c-e34fe40f244a,c3,DROP,441,?,e5,
1768592330.7636998,RECEIVED,7bc56e67-43ac-4fbd-a6da-d4cb7df8df61,e0f9b6fb-273d-4b3f-9467-a290c1f327a0,c1,c5,1019,i4,?,
1768592330.8473709,SENT,7ab9126c-5232-490d-8d8d-d58d8bdae9b0,60a29026-0373-4247-b106-9f4a5a0011a6,c2,c5,687,?,p2,
1768592330.8474092,FORWARDED,7ab9126c-5232-490d-8d8d-d58d8bdae9b0,60a29026-0373-4247-b106-9f4a5a0011a6,c2,c5,687,?,p2,
1768592331.014272,RECEIVED,53400bcd-dfa1-4205-98f4-957da228280e,a20a8dab-fb3a-4935-9645-8166428bbb30,c2,c3,1019,i1,?,
1768592331.2128072,SENT,5cf69ddf-3416-44ba-8d63-385c6fd1e8dc,b6b18907-8736-4253-8ef7-461d67700c2b,c1,c4,692,?,p1,
1768592331.2128482,FORWARDED,5cf69ddf-3416-44ba-8d63-385c6fd1e8dc,b6b18907-8736-4253-8ef7-461d67700c2b,c1,c4,692,?,p1,
1768592331.353874,SENT,53400bcd-dfa1-4205-98f4-957da228280e,a20a8dab-fb3a-4935-9645-8166428bbb30,c2,c3,691,?,p3,
1768592331.3539155,FORWARDED,53400bcd-dfa1-4205-98f4-957da228280e,a20a8dab-fb3a-4935-9645-8166428bbb30,c2,c3,691,?,p3,
1768592331.382943,SENT,7bc56e67-43ac-4fbd-a6da-d4cb7df8df61,e0f9b6fb-273d-4b3f-9467-a290c1f327a0,c1,c5,692,?,p2,
1768592331.3829842,FORWARDED,7bc56e67-43ac-4fbd-a6da-d4cb7df8df61,e0f9b6fb-273d-4b3f-9467-a290c1f327a0,c1,c5,692,?,p2,
1768592331.4087946,SENT,351baedf-72d0-4039-9184-e16c2e33519a,3c484d8a-0200-4630-80cd-c5baa74e829f,c2,c4,692,?,p1,
1768592331.4088366,FORWARDED,351baedf-72d0-4039-9184-e16c2e33519a,3c484d8a-0200-4630-80cd-c5baa74e829f,c2,c4,692,?,p1,
1768592331.4852169,RECEIVED,dc939009-238e-47cb-825f-2809d69ece89,177b2577-58df-4198-a664-844c1a5e3bc3,c2,c5,1015,i12,?,
1768592331.6543286,RECEIVED,333fee01-aafb-427a-b892-ca8cdff3cdc1,3549a9aa-a498-4183-a643-0d6256632ca4,c2,c5,1019,i8,?,
1768592331.7779815,SENT,97be1887-555c-48ba-bb7d-8e06903139c9,1b847abb-ed96-4bf4-81c7-2ecc9a7578b3,c4,c5,687,?,p2,
1768592331.7780218,FORWARDED,97be1887-555c-48ba-bb7d-8e06903139c9,1b847abb-ed96-4bf4-81c7-2ecc9a7578b3,c4,c5,687,?,p2,
1768592331.8024533,RECEIVED,5b6d47b4-90d2-4d1a-b3b0-7c033a722f8c,3dea498c-2e44-49e3-b82e-37e429062d8e,c1,c2,1016,i7,?,
1768592331.8236654,SENT,c9f20b2d-3ae4-47a8-9ba8-192a65558e68,fd456150-c702-4f9a-9b42-546004291abc,c3,c5,695,?,p2,
1768592331.8237078,FORWARDED,c9f20b2d-3ae4-47a8-9ba8-192a65558e68,fd456150-c702-4f9a-9b42-546004291abc,c3,c5,695,?,p2,
1768592331.8445961,SENT,dc939009-238e-47cb-825f-2809d69ece89,177b2577-58df-4198-a664-844c1a5e3bc3,c2,c5,688,?,p2,
1768592331.844636,FORWARDED,dc939009-238e-47cb-825f-2809d69ece89,177b2577-58df-4198-a664-844c1a5e3bc3,c2,c5,688,?,p2,
1768592332.0944815,SENT,333fee01-aafb-427a-b892-ca8cdff3cdc1,3549a9aa-a498-4183-a643-0d6256632ca4,c2,c5,692,?,p2,
1768592332.0945241,FORWARDED,333fee01-aafb-427a-b892-ca8cdff3cdc1,3549a9aa-a498-4183-a643-0d6256632ca4,c2,c5,692,?,p2,
1768592332.1382573,RECEIVED,605a37ca-dded-46a0-a308-557c706a44b2,ab29d1b5-9102-4f54-b30b-6a740a27b4b1,c3,DROP,441,x12,?,
1768592332.1403995,SENT,5b6d47b4-90d2-4d1a-b3b0-7c033a722f8c,3dea498c-2e44-49e3-b82e-37e429062d8e,c1,c2,688,?,p2,
1768592332.1404364,FORWARDED,5b6d47b4-90d2-4d1a-b3b0-7c033a722f8c,3dea498c-2e44-49e3-b82e-37e429062d8e,c1,c2,688,?,p2,
1768592332.2526302,RECEIVED,85fa3840-ae64-4a8b-8154-fc0c0e5dab9c,ebcadb56-c76d-464a-9d87-d094f841c0ee,c3,c1,1010,i6,?,
1768592332.4379833,RECEIVED,84919ced-1945-4ba0-b2dc-784605716b5c,55fb9cce-2d62-4d7b-8fd0-254cbf3bc99b,c4,c2,1015,i7,?,
1768592332.5457,RECEIVED,3864c190-6e51-484d-858b-48a31342e146,ed979a2c-5d13-441c-be0f-0718f12a2c1a,c4,DROP,687,i2,?,
1768592332.6601427,SENT,85fa3840-ae64-4a8b-8154-fc0c0e5dab9c,ebcadb56-c76d-464a-9d87-d094f841c0ee,c3,c1,686,?,p1,
1768592332.6601882,FORWARDED,85fa3840-ae64-4a8b-8154-fc0c0e5dab9c,ebcadb56-c76d-464a-9d87-d094f841c0ee,c3,c1,686,?,p1,
1768592332.8001878,SENT,3864c190-6e51-484d-858b-48a31342e146,ed979a2c-5d13-441c-be0f-0718f12a2c1a,c4,DROP,442,?,i8,
1768592332.8002245,FORWARDED,3864c190-6e51-484d-858b-48a31342e146,ed979a2c-5d13-441c-be0f-0718f12a2c1a,c4,DROP,442,?,i8,
1768592332.9230132,SENT,84919ced-1945-4ba0-b2dc-784605716b5c,55fb9cce-2d62-4d7b-8fd0-254cbf3bc99b,c4,c2,688,?,p2,
1768592332.9237072,FORWARDED,84919ced-1945-4ba0-b2dc-784605716b5c,55fb9cce-2d62-4d7b-8fd0-254cbf3bc99b,c4,c2,688,?,p2,
1768592333.0025756,RECEIVED,60533bef-4675-46ec-bd4c-086e0b6e8a9a,c277c57a-9860-4c8f-b090-9a9cd27d80ac,c1,DROP,441,x4,?,
1768592333.2284527,RECEIVED,39e32541-0b42-4d99-98b3-d0f99973421f,329547ff-2894-434d-8e7c-4dce38d2fe10,c5,c3,1011,i11,?,
1768592333.3462994,RECEIVED,df378f85-1614-4b2e-abf2-b92ae5beedaa,0d2e7759-bee3-4112-b328-edddd47e1a73,c5,c2,1020,i11,?,
1768592333.4236672,SENT,df378f85-1614-4b2e-abf2-b92ae5beedaa,0d2e7759-bee3-4112-b328-edddd47e1a73,c5,c2,692,?,p2,
1768592333.4237084,FORWARDED,df378f85-1614-4b2e-abf2-b92ae5beedaa,0d2e7759-bee3-4112-b328-edddd47e1a73,c5,c2,692,?,p2,
1768592333.4774094,RECEIVED,f4c3b2b4-3357-4402-8d0a-e629075c656f,5d96adcc-356a-4ffc-86d6-8b132390d3ca,c4,c3,1014,i9,?,
1768592333.6016629,RECEIVED,c04b6153-83a6-4b0f-90cb-15ec1e779fff,5dc602be-59ba-4832-8edd-67ff0bf55a8e,c3,c5,1016,i4,?,
1768592333.6950738,SENT,c04b6153-83a6-4b0f-90cb-15ec1e779fff,5dc602be-59ba-4832-8edd-67ff0bf55a8e,c3,c5,688,?,p2,
1768592333.6951165,FORWARDED,c04b6153-83a6-4b0f-90cb-15ec1e779fff,5dc602be-59ba-4832-8edd-67ff0bf55a8e,c3,c5,688,?,p2,
1768592334.0998254,SENT,39e32541-0b42-4d99-98b3-d0f99973421f,329547ff-2894-434d-8e7c-4dce38d2fe10,c5,c3,687,?,p3,
1768592334.0998816,FORWARDED,39e32541-0b42-4d99-98b3-d0f99973421f,329547ff-2894-434d-8e7c-4dce38d2fe10,c5,c3,687,?,p3,
1768592334.1214592,RECEIVED,6f04ee06-32eb-4c78-9fde-941af95d3d73,95745984-5766-49ae-8eee-7e1a6dd9b0fd,c1,c5,1015,i6,?,
1768592334.1992183,RECEIVED,e2f1c3a6-b154-4ebc-8287-ee4c0ebb5ba6,8502dfc0-03bf-43ce-9580-b6ce233b5d2a,c3,c5,1013,i4,?,
1768592334.2590916,RECEIVED,cc44f0ad-e451-4874-a20d-7c231eadd596,e9bd3fb0-2cb8-46cc-a5d3-3169b3eb0242,c3,c4,1017,i8,?,
1768592334.2630181,SENT,e2f1c3a6-b154-4ebc-8287-ee4c0ebb5ba6,8502dfc0-03bf-43ce-9580-b6ce233b5d2a,c3,c5,687,?,p2,
1768592334.2630699,FORWARDED,e2f1c3a6-b154-4ebc-8287-ee4c0ebb5ba6,8502dfc0-03bf-43ce-9580-b6ce233b5d2a,c3,c5,687,?,p2,
1768592334.318673,SENT,cc44f0ad-e451-4874-a20d-7c231eadd596,e9bd3fb0-2cb8-46cc-a5d3-3169b3eb0242,c3,c4,689,?,p1,
1768592334.3187087,FORWARDED,cc44f0ad-e451-4874-a20d-7c231eadd596,e9bd3fb0-2cb8-46cc-a5d3-3169b3eb0242,c3,c4,689,?,p1,
1768592334.37235,RECEIVED,081c66e1-56ca-49bf-8570-5365f2f36146,de2d41c0-a89e-4f77-92b6-4e50e009c9e8,c4,DROP,684,i7,?,
1768592334.4188154,SENT,6f04ee06-32eb-4c78-9fde-941af95d3d73,95745984-5766-49ae-8eee-7e1a6dd9b0fd,c1,c5,688,?,p2,
1768592334.4188645,FORWARDED,6f04ee06-32eb-4c78-9fde-941af95d3d73,95745984-5766-49ae-8eee-7e1a6dd9b0fd,c1,c5,688,?,p2,
1768592334.5672512,RECEIVED,ea35dc91-06de-4b0c-a70b-85a799b61e10,8c0d12a9-5abf-4374-926f-c9a7c48160e8,c3,c5,1011,i1,?,
1768592334.674301,SENT,f4c3b2b4-3357-4402-8d0a-e629075c656f,5d96adcc-356a-4ffc-86d6-8b132390d3ca,c4,c3,688,?,p3,
1768592334.6743464,FORWARDED,f4c3b2b4-3357-4402-8d0a-e629075c656f,5d96adcc-356a-4ffc-86d6-8b132390d3ca,c4,c3,688,?,p3,
1768592334.6901526,SENT,081c66e1-56ca-49bf-8570-5365f2f36146,de2d41c0-a89e-4f77-92b6-4e50e009c9e8,c4,DROP,441,?,i5,
1768592334.6901941,FORWARDED,081c66e1-56ca-49bf-8570-5365f2f36146,de2d41c0-a89e-4f77-92b6-4e50e009c9e8,c4,DROP,441,?,i5,
1768592334.8135989,RECEIVED,e7ff5224-ef0d-40eb-a2fb-407f0c456d2f,2b3c0d7d-f77c-49de-aeaf-ec87ec33fbe0,c4,c2,1020,i9,?,
1768592334.8933182,SENT,e7ff5224-ef0d-40eb-a2fb-407f0c456d2f,2b3c0d7d-f77c-49de-aeaf-ec87ec33fbe0,c4,c2,691,?,p2,
1768592334.8933659,FORWARDED,e7ff5224-ef0d-40eb-a2fb-407f0c456d2f,2b3c0d7d-f77c-49de-aeaf-ec87ec33fbe0,c4,c2,691,?,p2,
1768592334.9031122,RECEIVED,fc9b5ada-3253-4f29-a395-10ea93a25f3b,b7eafd55-de5c-4db7-a277-d3e9a9a317f7,c5,c2,1012,i8,?,
1768592334.9975202,SENT,fc9b5ada-3253-4f29-a395-10ea93a25f3b,b7eafd55-de5c-4db7-a277-d3e9a9a317f7,c5,c2,687,?,p2,
1768592334.9975617,FORWARDED,fc9b5ada-3253-4f29-a395-10ea93a25f3b,b7eafd55-de5c-4db7-a277-d3e9a9a317f7,c5,c2,687,?,p2,
1768592335.3358681,RECEIVED,70985ec7-7d9b-46db-86e6-560e75df5529,a63e70da-2aa1-4509-aee1-00b84febe091,c3,c1,1015,i11,?,
1768592335.4926565,RECEIVED,88fcc923-e3e8-4174-bb6a-e566242617a3,3273c7e1-6dee-44cb-b56d-ba81351c61e0,c2,c4,1015,i9,?,
1768592335.5181785,RECEIVED,77120e5e-5b78-4ec1-a3dc-2071c30d51d1,269686ec-9a36-47a8-bfe5-4f93c210d776,c5,c4,1015,i4,?,
1768592335.520081,SENT,ea35dc91-06de-4b0c-a70b-85a799b61e10,8c0d12a9-5abf-4374-926f-c9a7c48160e8,c3,c5,687,?,p2,
1768592335.5201366,FORWARDED,ea35dc91-06de-4b0c-a70b-85a799b61e10,8c0d12a9-5abf-4374-926f-c9a7c48160e8,c3,c5,687,?,p2,
1768592335.8057165,SENT,70985ec7-7d9b-46db-86e6-560e75df5529,a63e70da-2aa1-4509-aee1-00b84febe091,c3,c1,689,?,p1,
1768592335.8057575,FORWARDED,70985ec7-7d9b-46db-86e6-560e75df5529,a63e70da-2aa1-4509-aee1-00b84febe091,c3,c1,689,?,p1,
1768592335.9025788,SENT,77120e5e-5b78-4ec1-a3dc-2071c30d51d1,269686ec-9a36-47a8-bfe5-4f93c210d776,c5,c4,688,?,p1,
1768592335.9026191,FORWARDED,77120e5e-5b78-4ec1-a3dc-2071c30d51d1,269686ec-9a36-47a8-bfe5-4f93c210d776,c5,c4,688,?,p1,
1768592336.0627718,SENT,88fcc923-e3e8-4174-bb6a-e566242617a3,3273c7e1-6dee-44cb-b56d-ba81351c61e0,c2,c4,688,?,p1,
1768592336.062807,FORWARDED,88fcc923-e3e8-4174-bb6a-e566242617a3,3273c7e1-6dee-44cb-b56d-ba81351c61e0,c2,c4,688,?,p1,
1768592336.1293895,RECEIVED,6c7ee6cc-4b77-454d-8d86-2fbd717c1aa5,7f4e3ef3-4b49-4197-a1ec-eb81faf172c4,c5,c1,1012,i2,?,
1768592336.3219912,RECEIVED,a875255d-f657-4fe1-87ab-99dcacf150d0,10da3212-c7b1-4e29-81dd-4113c4ca6b80,c1,c4,1016,i5,?,
1768592336.3722138,SENT,6c7ee6cc-4b77-454d-8d86-2fbd717c1aa5,7f4e3ef3-4b49-4197-a1ec-eb81faf172c4,c5,c1,687,?,p1,
1768592336.3722563,FORWARDED,6c7ee6cc-4b77-454d-8d86-2fbd717c1aa5,7f4e3ef3-4b49-4197-a1ec-eb81faf172c4,c5,c1,687,?,p1,
1768592336.4235837,SENT,a875255d-f657-4fe1-87ab-99dcacf150d0,10da3212-c7b1-4e29-81dd-4113c4ca6b80,c1,c4,688,?,p1,
1768592336.4236248,FORWARDED,a875255d-f657-4fe1-87ab-99dcacf150d0,10da3212-c7b1-4e29-81dd-4113c4ca6b80,c1,c4,688,?,p1,
1768592336.4542606,RECEIVED,1c200aac-2bd4-430c-911a-65ed4abbad5e,db1c85fd-d632-45b7-8c4d-ef588771e0eb,c5,c4,1015,i11,?,
1768592336.5532088,RECEIVED,efc2450e-6402-4b40-b48d-3782f5247a00,3c5f2ce6-4377-43bf-b8a7-57d2c8a911b5,c2,c4,1016,i6,?,
1768592336.7860823,RECEIVED,d6de20e1-7830-42d4-8cf5-bfcf01fbd5e8,942bcdae-7a00-4008-b248-a43d57377503,c3,c5,1015,i7,?,
1768592336.8059707,SENT,efc2450e-6402-4b40-b48d-3782f5247a00,3c5f2ce6-4377-43bf-b8a7-57d2c8a911b5,c2,c4,688,?,p1,
1768592336.8060615,FORWARDED,efc2450e-6402-4b40-b48d-3782f5247a00,3c5f2ce6-4377-43bf-b8a7-57d2c8a911b5,c2,c4,688,?,p1,
1768592336.8092885,RECEIVED,a3dee49c-55c9-4902-bff8-98f442d9a4a7,19426f08-aa73-42a8-a46e-7ad134598051,c3,c5,1023,i1,?,
1768592337.0049198,RECEIVED,8192b081-0e80-4354-9f93-a7e1ee976377,67dff49c-2657-4a13-b85e-4c4c01f0cbd5,c5,c3,1020,i11,?,
1768592337.1064029,SENT,8192b081-0e80-4354-9f93-a7e1ee976377,67dff49c-2657-4a13-b85e-4c4c01f0cbd5,c5,c3,691,?,p3,
1768592337.1064444,FORWARDED,8192b081-0e80-4354-9f93-a7e1ee976377,67dff49c-2657-4a13-b85e-4c4c01f0cbd5,c5,c3,691,?,p3,
1768592337.4255085,SENT,d6de20e1-7830-42d4-8cf5-bfcf01fbd5e8,942bcdae-7a00-4008-b248-a43d57377503,c3,c5,688,?,p2,
1768592337.4255586,FORWARDED,d6de20e1-7830-42d4-8cf5-bfcf01fbd5e8,942bcdae-7a00-4008-b248-a43d57377503,c3,c5,688,?,p2,
1768592337.4585102,SENT,1c200aac-2bd4-430c-911a-65ed4abbad5e,db1c85fd-d632-45b7-8c4d-ef588771e0eb,c5,c4,688,?,p1,
1768592337.4585607,FORWARDED,1c200aac-2bd4-430c-911a-65ed4abbad5e,db1c85fd-d632-45b7-8c4d-ef588771e0eb,c5,c4,688,?,p1,
1768592337.5720687,SENT,a3dee49c-55c9-4902-bff8-98f442d9a4a7,19426f08-aa73-42a8-a46e-7ad134598051,c3,c5,695,?,p2,
1768592337.5721257,FORWARDED,a3dee49c-55c9-4902-bff8-98f442d9a4a7,19426f08-aa73-42a8-a46e-7ad134598051,c3,c5,695,?,p2,
1768592337.6331375,RECEIVED,fa12d04a-2787-4162-a89f-0d1049d13f0d,a4b5c99d-d213-4497-b93c-0ef13c19d060,c2,c4,1016,i11,?,
1768592337.6467783,RECEIVED,48ffc58a-755f-4d1a-a899-919ed0bea526,82ea7ffb-b772-4c30-aea3-5c68264b69a1,c2,c4,1015,i8,?,
1768592337.7084525,SENT,fa12d04a-2787-4162-a89f-0d1049d13f0d,a4b5c99d-d213-4497-b93c-0ef13c19d060,c2,c4,688,?,p1,
1768592337.7084908,FORWARDED,fa12d04a-2787-4162-a89f-0d1049d13f0d,a4b5c99d-d213-4497-b93c-0ef13c19d060,c2,c4,688,?,p1,
1768592337.7473109,RECEIVED,831804f2-97b8-4424-b998-dfe3ab18f092,e2cc99cc-dbd2-44dc-9a4e-dead6d5c22a2,c5,c4,1016,i7,?,
1768592337.836945,SENT,831804f2-97b8-4424-b998-dfe3ab18f092,e2cc99cc-dbd2-44dc-9a4e-dead6d5c22a2,c5,c4,688,?,p1,
1768592337.836986,FORWARDED,831804f2-97b8-4424-b998-dfe3ab18f092,e2cc99cc-dbd2-44dc-9a4e-dead6d5c22a2,c5,c4,688,?,p1,
1768592338.2934787,RECEIVED,3b9752ed-50e5-4fdd-a3c3-ce24e773770e,6cd25812-8411-42e6-b55a-69594fb77d15,c2,c3,1016,i6,?,
1768592338.6064544,SENT,48ffc58a-755f-4d1a-a899-919ed0bea526,82ea7ffb-b772-4c30-aea3-5c68264b69a1,c2,c4,688,?,p1,
1768592338.606496,FORWARDED,48ffc58a-755f-4d1a-a899-919ed0bea526,82ea7ffb-b772-4c30-aea3-5c68264b69a1,c2,c4,688,?,p1,
1768592338.7813807,SENT,3b9752ed-50e5-4fdd-a3c3-ce24e773770e,6cd25812-8411-42e6-b55a-69594fb77d15,c2,c3,690,?,p3,
1768592338.7814226,FORWARDED,3b9752ed-50e5-4fdd-a3c3-ce24e773770e,6cd25812-8411-42e6-b55a-69594fb77d15,c2,c3,690,?,p3,
1768592339.0989904,RECEIVED,ffef4ab4-17a3-47e4-88ca-1d046ce2d080,653c5623-b97c-443b-bf4f-11dfb95e343f,c4,c1,1020,i12,?,
1768592339.1695435,SENT,ffef4ab4-17a3-47e4-88ca-1d046ce2d080,653c5623-b97c-443b-bf4f-11dfb95e343f,c4,c1,693,?,p1,
1768592339.1695862,FORWARDED,ffef4ab4-17a3-47e4-88ca-1d046ce2d080,653c5623-b97c-443b-bf4f-11dfb95e343f,c4,c1,693,?,p1,
1768592339.4351676,RECEIVED,b9ca2f84-ebba-4905-b16c-34d440a940dc,bad48044-b766-4ac5-9acf-d66ce6616af8,c1,c5,1028,i11,?,
1768592339.5636501,SENT,b9ca2f84-ebba-4905-b16c-34d440a940dc,bad48044-b766-4ac5-9acf-d66ce6616af8,c1,c5,697,?,p2,
1768592339.563691,FORWARDED,b9ca2f84-ebba-4905-b16c-34d440a940dc,bad48044-b766-4ac5-9acf-d66ce6616af8,c1,c5,697,?,p2,
1768592339.617277,RECEIVED,8a0ef005-86ea-4391-a314-dbcf849787ba,1be347e1-7296-417a-a75b-41a431c77ccb,c5,c3,1015,i11,?,
1768592339.8159761,RECEIVED,1847324d-e3f8-4bf3-b991-454e07ced50b,9cf52c85-1309-40f0-a5d9-c0fa3266a29d,c3,c1,1015,i1,?,
1768592340.4181025,SENT,1847324d-e3f8-4bf3-b991-454e07ced50b,9cf52c85-1309-40f0-a5d9-c0fa3266a29d,c3,c1,688,?,p1,
1768592340.4181478,FORWARDED,1847324d-e3f8-4bf3-b991-454e07ced50b,9cf52c85-1309-40f0-a5d9-c0fa3266a29d,c3,c1,688,?,p1,
1768592340.9762845,RECEIVED,2af1083c-6bca-426d-9a15-6a47262fa28f,e42d4847-4103-40d5-b060-fd6696c4c201,c4,c3,1021,i12,?,
1768592340.9889572,RECEIVED,08c75473-10f1-430a-8024-204bab5c5121,a93f5871-e363-4d35-8986-42bd3be0014f,c5,c1,1015,i9,?,
1768592341.0229714,SENT,2af1083c-6bca-426d-9a15-6a47262fa28f,e42d4847-4103-40d5-b060-fd6696c4c201,c4,c3,691,?,p3,
1768592341.0230107,FORWARDED,2af1083c-6bca-426d-9a15-6a47262fa28f,e42d4847-4103-40d5-b060-fd6696c4c201,c4,c3,691,?,p3,
1768592341.06762,RECEIVED,cd70e78a-8f7b-48b6-a753-32b0d55478f2,d3f3131e-5b58-49b2-9de3-de461679dd3c,c2,c3,1020,i6,?,
1768592341.1490343,SENT,cd70e78a-8f7b-48b6-a753-32b0d55478f2,d3f3131e-5b58-49b2-9de3-de461679dd3c,c2,c3,692,?,p3,
1768592341.1490881,FORWARDED,cd70e78a-8f7b-48b6-a753-32b0d55478f2,d3f3131e-5b58-49b2-9de3-de461679dd3c,c2,c3,692,?,p3,
1768592341.1622474,SENT,08c75473-10f1-430a-8024-204bab5c5121,a93f5871-e363-4d35-8986-42bd3be0014f,c5,c1,689,?,p1,
1768592341.1622884,FORWARDED,08c75473-10f1-430a-8024-204bab5c5121,a93f5871-e363-4d35-8986-42bd3be0014f,c5,c1,689,?,p1,
1768592341.189847,SENT,8a0ef005-86ea-4391-a314-dbcf849787ba,1be347e1-7296-417a-a75b-41a431c77ccb,c5,c3,688,?,p3,
1768592341.1898894,FORWARDED,8a0ef005-86ea-4391-a314-dbcf849787ba,1be347e1-7296-417a-a75b-41a431c77ccb,c5,c3,688,?,p3,
1768592341.2897677,RECEIVED,74decc87-ea1a-4127-8043-4b4686cf3f1c,9ec4c1fe-cc16-4120-9910-b4e254db9324,c3,c2,1020,i12,?,
1768592341.367579,SENT,74decc87-ea1a-4127-8043-4b4686cf3f1c,9ec4c1fe-cc16-4120-9910-b4e254db9324,c3,c2,691,?,p2,
1768592341.367626,FORWARDED,74decc87-ea1a-4127-8043-4b4686cf3f1c,9ec4c1fe-cc16-4120-9910-b4e254db9324,c3,c2,691,?,p2,
1768592341.9625847,RECEIVED,c09eadef-bcfb-475b-9779-923e99987a01,06bab542-8654-47f9-8815-b85f3d6fb240,c3,c1,1012,i8,?,
1768592342.0129225,RECEIVED,8c052b11-8418-4b01-a4d7-404d3bf04223,b116655a-1462-4a52-b6b9-45c475807b43,c4,DROP,685,i6,?,
1768592342.0666974,SENT,8c052b11-8418-4b01-a4d7-404d3bf04223,b116655a-1462-4a52-b6b9-45c475807b43,c4,DROP,441,?,i8,
1768592342.0667508,FORWARDED,8c052b11-8418-4b01-a4d7-404d3bf04223,b116655a-1462-4a52-b6b9-45c475807b43,c4,DROP,441,?,i8,
1768592342.0715098,SENT,c09eadef-bcfb-475b-9779-923e99987a01,06bab542-8654-47f9-8815-b85f3d6fb240,c3,c1,686,?,p1,
1768592342.071551,FORWARDED,c09eadef-bcfb-475b-9779-923e99987a01,06bab542-8654-47f9-8815-b85f3d6fb240,c3,c1,686,?,p1,
1768592342.3305964,RECEIVED,264dd941-2bf7-4607-9f09-0f148d1ea6d3,9a4f06fa-8e2f-4d99-a570-1c4cfb91cb29,c2,DROP,684,i11,?,
1768592342.7087374,RECEIVED,d49073a3-b613-4897-82ae-a8661effc1f5,f7f54b66-7114-4981-a04e-e453528c70ef,c2,c5,1014,i8,?,
1768592342.784595,SENT,264dd941-2bf7-4607-9f09-0f148d1ea6d3,9a4f06fa-8e2f-4d99-a570-1c4cfb91cb29,c2,DROP,441,?,e9,
1768592342.7846339,FORWARDED,264dd941-2bf7-4607-9f09-0f148d1ea6d3,9a4f06fa-8e2f-4d99-a570-1c4cfb91cb29,c2,DROP,441,?,e9,
1768592343.125269,RECEIVED,0495ac52-8411-48ce-8783-960e5d492685,8b034e9c-f92e-451d-aa1f-86d1e305cda1,c5,DROP,441,x5,?,
1768592343.2421782,RECEIVED,60edbca3-6db1-4908-85e7-e0875aee153e,09640938-cb61-4414-8590-c0e0d050658b,c2,c5,1011,i4,?,
1768592343.8192523,RECEIVED,32920543-2d42-4c7b-a48f-cc6f18b99dac,5cf9a19d-b29a-4df7-9232-5245331ee55a,c3,c2,1025,i5,?,
1768592343.8383663,SENT,d49073a3-b613-4897-82ae-a8661effc1f5,f7f54b66-7114-4981-a04e-e453528c70ef,c2,c5,689,?,p2,
1768592343.8384097,FORWARDED,d49073a3-b613-4897-82ae-a8661effc1f5,f7f54b66-7114-4981-a04e-e453528c70ef,c2,c5,689,?,p2,
1768592343.844623,SENT,32920543-2d42-4c7b-a48f-cc6f18b99dac,5cf9a19d-b29a-4df7-9232-5245331ee55a,c3,c2,695,?,p2,
1768592343.8446627,FORWARDED,32920543-2d42-4c7b-a48f-cc6f18b99dac,5cf9a19d-b29a-4df7-9232-5245331ee55a,c3,c2,695,?,p2,
1768592343.9104111,RECEIVED,7e73b04d-72e5-4beb-a19a-00046d124bf8,ecba66b7-9f8f-4b04-b001-68f118da18b8,c1,c3,1020,i6,?,
1768592343.9650283,SENT,7e73b04d-72e5-4beb-a19a-00046d124bf8,ecba66b7-9f8f-4b04-b001-68f118da18b8,c1,c3,691,?,p3,
1768592343.9651315,FORWARDED,7e73b04d-72e5-4beb-a19a-00046d124bf8,ecba66b7-9f8f-4b04-b001-68f118da18b8,c1,c3,691,?,p3,
1768592344.0022323,SENT,60edbca3-6db1-4908-85e7-e0875aee153e,09640938-cb61-4414-8590-c0e0d050658b,c2,c5,687,?,p2,
1768592344.002275,FORWARDED,60edbca3-6db1-4908-85e7-e0875aee153e,09640938-cb61-4414-8590-c0e0d050658b,c2,c5,687,?,p2,
1768592344.6828601,RECEIVED,32b1b5de-d178-495c-9ef8-cf7337981580,2b127f69-36ba-4e8e-8bc9-a18b0d693409,c2,c3,1019,i5,?,
1768592344.6865082,RECEIVED,3c41dab4-050a-4af5-b51b-c9c044ca8566,8ff3cdab-f7c5-464f-8db9-eea2ca4e9a61,c2,DROP,684,i9,?,
1768592344.8234503,SENT,3c41dab4-050a-4af5-b51b-c9c044ca8566,8ff3cdab-f7c5-464f-8db9-eea2ca4e9a61,c2,DROP,441,?,x8,
1768592344.8234904,FORWARDED,3c41dab4-050a-4af5-b51b-c9c044ca8566,8ff3cdab-f7c5-464f-8db9-eea2ca4e9a61,c2,DROP,441,?,x8,
1768592344.9945765,RECEIVED,0a84de33-2d03-415e-ad99-5e7a2edb2f0a,0c5d88b7-97e2-40bb-9d9c-44d5a562bcfc,c4,c2,1012,i2,?,
1768592345.0656474,SENT,0a84de33-2d03-415e-ad99-5e7a2edb2f0a,0c5d88b7-97e2-40bb-9d9c-44d5a562bcfc,c4,c2,687,?,p2,
1768592345.0656888,FORWARDED,0a84de33-2d03-415e-ad99-5e7a2edb2f0a,0c5d88b7-97e2-40bb-9d9c-44d5a562bcfc,c4,c2,687,?,p2,
1768592345.4229696,SENT,32b1b5de-d178-495c-9ef8-cf7337981580,2b127f69-36ba-4e8e-8bc9-a18b0d693409,c2,c3,692,?,p3,
1768592345.4230049,FORWARDED,32b1b5de-d178-495c-9ef8-cf7337981580,2b127f69-36ba-4e8e-8bc9-a18b0d693409,c2,c3,692,?,p3,
1768592345.4851208,RECEIVED,b7550085-d6c5-4781-8cd3-3a95553d5690,afc04eee-0b5f-4b97-b000-62abf04a32d2,c5,c2,1015,i2,?,
1768592345.5669982,RECEIVED,a7dfbf35-34fc-415b-a7b7-b683c67ce856,5c65072a-7fb7-4bd6-83ed-b2748cd6ff25,c1,c5,1015,i5,?,
1768592345.7753198,SENT,a7dfbf35-34fc-415b-a7b7-b683c67ce856,5c65072a-7fb7-4bd6-83ed-b2748cd6ff25,c1,c5,688,?,p2,
1768592345.77536,FORWARDED,a7dfbf35-34fc-415b-a7b7-b683c67ce856,5c65072a-7fb7-4bd6-83ed-b2748cd6ff25,c1,c5,688,?,p2,
1768592346.033909,SENT,b7550085-d6c5-4781-8cd3-3a95553d5690,afc04eee-0b5f-4b97-b000-62abf04a32d2,c5,c2,688,?,p2,
1768592346.033945,FORWARDED,b7550085-d6c5-4781-8cd3-3a95553d5690,afc04eee-0b5f-4b97-b000-62abf04a32d2,c5,c2,688,?,p2,
1768592346.1631548,RECEIVED,62365657-7376-40ee-814a-0b9a95e28558,84b4592f-7943-4068-aa2d-c045a597e262,c3,c5,1016,i5,?,
1768592346.294514,RECEIVED,231bbfb8-a706-49ab-a84f-86310d81c679,87b6fc0a-00f7-4e88-b177-2a8802f25a01,c2,c3,1013,i8,?,
1768592346.3669348,SENT,231bbfb8-a706-49ab-a84f-86310d81c679,87b6fc0a-00f7-4e88-b177-2a8802f25a01,c2,c3,686,?,p3,
1768592346.366989,FORWARDED,231bbfb8-a706-49ab-a84f-86310d81c679,87b6fc0a-00f7-4e88-b177-2a8802f25a01,c2,c3,686,?,p3,
1768592346.4126148,SENT,62365657-7376-40ee-814a-0b9a95e28558,84b4592f-7943-4068-aa2d-c045a597e262,c3,c5,688,?,p2,
1768592346.4126582,FORWARDED,62365657-7376-40ee-814a-0b9a95e28558,84b4592f-7943-4068-aa2d-c045a597e262,c3,c5,688,?,p2,
1768592346.8566852,RECEIVED,b711d1fb-6d35-4add-bea2-ce57864de39b,8df73b3b-0dc9-4383-83d8-2e791e10b3d1,c3,c1,1011,i11,?,
1768592347.2355742,RECEIVED,a2813d2f-c364-488a-80ae-66719b05a085,0a9caead-5aec-44cf-8f6c-c039eda0054f,c3,c5,1010,i4,?,
1768592347.3540144,RECEIVED,93d3bca9-f62f-42b5-8f54-de04dd67043e,b882c23a-3d4d-4f80-a1fa-b70f4d70f20c,c2,c4,1015,i6,?,
1768592347.3700268,SENT,a2813d2f-c364-488a-80ae-66719b05a085,0a9caead-5aec-44cf-8f6c-c039eda0054f,c3,c5,687,?,p2,
1768592347.3700778,FORWARDED,a2813d2f-c364-488a-80ae-66719b05a085,0a9caead-5aec-44cf-8f6c-c039eda0054f,c3,c5,687,?,p2,
1768592347.3785145,RECEIVED,eb4dc534-ef99-4bdd-b4b4-1d295869f035,1951edf6-7eb5-4fbe-8259-43ecb717184c,c5,c2,1011,i12,?,
1768592347.4798162,SENT,93d3bca9-f62f-42b5-8f54-de04dd67043e,b882c23a-3d4d-4f80-a1fa-b70f4d70f20c,c2,c4,688,?,p1,
1768592347.4798608,FORWARDED,93d3bca9-f62f-42b5-8f54-de04dd67043e,b882c23a-3d4d-4f80-a1fa-b70f4d70f20c,c2,c4,688,?,p1,
1768592347.5646713,RECEIVED,eee6b7e7-bc0e-4179-95e9-c24483234171,a992798b-15c2-436d-b7da-24a6c1d63065,c1,c3,1012,i8,?,
1768592347.565071,SENT,b711d1fb-6d35-4add-bea2-ce57864de39b,8df73b3b-0dc9-4383-83d8-2e791e10b3d1,c3,c1,687,?,p1,
1768592347.5651143,FORWARDED,b711d1fb-6d35-4add-bea2-ce57864de39b,8df73b3b-0dc9-4383-83d8-2e791e10b3d1,c3,c1,687,?,p1,
1768592347.6416266,SENT,eee6b7e7-bc0e-4179-95e9-c24483234171,a992798b-15c2-436d-b7da-24a6c1d63065,c1,c3,687,?,p3,
1768592347.64166,FORWARDED,eee6b7e7-bc0e-4179-95e9-c24483234171,a992798b-15c2-436d-b7da-24a6c1d63065,c1,c3,687,?,p3,
1768592347.6649692,RECEIVED,ff9270aa-0973-4e31-9fbf-49fd7968a9d3,74a5906d-9bc2-4712-ac84-50ac5e8ee76c,c1,c5,1014,i4,?,
1768592347.9584486,RECEIVED,b05b196b-2930-4886-ac06-ad3b0ee1a38c,fd703a8f-d224-49bc-9763-0bc780d60344,c2,c4,1019,i11,?,
1768592348.4085948,RECEIVED,bc15f05f-f815-4fe4-8d80-f1f4a579f1e7,538d2694-fbd5-4044-93c9-f9b29dd7d3d0,c4,c5,1011,i4,?,
1768592348.4109037,RECEIVED,ebfd0003-05d6-49b1-b2c5-9c114652f5f7,8afa411a-734d-4f99-9851-cae93265e1b5,c5,c3,1016,i9,?,
1768592348.4213586,RECEIVED,3c3e8027-3cce-4ee8-83bb-bf8ed2fd09c3,292f9278-c5f3-409b-a993-03c127e12961,c2,c3,1016,i4,?,
1768592348.4573243,SENT,b05b196b-2930-4886-ac06-ad3b0ee1a38c,fd703a8f-d224-49bc-9763-0bc780d60344,c2,c4,692,?,p1,
1768592348.4573677,FORWARDED,b05b196b-2930-4886-ac06-ad3b0ee1a38c,fd703a8f-d224-49bc-9763-0bc780d60344,c2,c4,692,?,p1,
1768592348.499184,SENT,ebfd0003-05d6-49b1-b2c5-9c114652f5f7,8afa411a-734d-4f99-9851-cae93265e1b5,c5,c3,688,?,p3,
1768592348.4992478,FORWARDED,ebfd0003-05d6-49b1-b2c5-9c114652f5f7,8afa411a-734d-4f99-9851-cae93265e1b5,c5,c3,688,?,p3,
1768592348.536257,RECEIVED,ebff58d6-216a-497c-9292-e85441c225fd,75567c4f-8295-4ab9-a54d-937927d483f7,c2,c4,1019,i11,?,
1768592348.6556737,RECEIVED,9e0bdd60-4e92-4d41-a6ea-c6d77af08a62,4fa8e787-135f-43d7-9266-eabbf955222f,c4,c5,1011,i4,?,
1768592348.785694,SENT,ebff58d6-216a-497c-9292-e85441c225fd,75567c4f-8295-4ab9-a54d-937927d483f7,c2,c4,692,?,p1,
1768592348.7857292,FORWARDED,ebff58d6-216a-497c-9292-e85441c225fd,75567c4f-8295-4ab9-a54d-937927d483f7,c2,c4,692,?,p1,
1768592348.9111092,SENT,3c3e8027-3cce-4ee8-83bb-bf8ed2fd09c3,292f9278-c5f3-409b-a993-03c127e12961,c2,c3,688,?,p3,
1768592348.9111512,FORWARDED,3c3e8027-3cce-4ee8-83bb-bf8ed2fd09c3,292f9278-c5f3-409b-a993-03c127e12961,c2,c3,688,?,p3,
1768592348.920241,SENT,ff9270aa-0973-4e31-9fbf-49fd7968a9d3,74a5906d-9bc2-4712-ac84-50ac5e8ee76c,c1,c5,688,?,p2,
1768592348.9202788,FORWARDED,ff9270aa-0973-4e31-9fbf-49fd7968a9d3,74a5906d-9bc2-4712-ac84-50ac5e8ee76c,c1,c5,688,?,p2,
1768592348.9883618,RECEIVED,f0269837-0d5e-4b25-8359-4963124de6d6,6a946bcc-4fa3-4e23-b515-502d29d644c0,c5,c2,1011,i9,?,
1768592349.0054197,RECEIVED,cf92c1b9-375d-4e3d-848d-59ee69f1b204,6b4a6f98-e75f-43eb-858a-b1c68ce185f9,c1,DROP,684,i8,?,
1768592349.0122054,SENT,eb4dc534-ef99-4bdd-b4b4-1d295869f035,1951edf6-7eb5-4fbe-8259-43ecb717184c,c5,c2,687,?,p2,
1768592349.0122485,FORWARDED,eb4dc534-ef99-4bdd-b4b4-1d295869f035,1951edf6-7eb5-4fbe-8259-43ecb717184c,c5,c2,687,?,p2,
1768592349.027572,SENT,bc15f05f-f815-4fe4-8d80-f1f4a579f1e7,538d2694-fbd5-4044-93c9-f9b29dd7d3d0,c4,c5,686,?,p2,
1768592349.027617,FORWARDED,bc15f05f-f815-4fe4-8d80-f1f4a579f1e7,538d2694-fbd5-4044-93c9-f9b29dd7d3d0,c4,c5,686,?,p2,
1768592349.0443437,RECEIVED,881428a5-838c-48e3-a5ca-b51c2eef3bfe,5c1e1d6c-cf97-44dc-9005-e4091448bdc2,c2,c4,1012,i11,?,
1768592349.1306562,SENT,881428a5-838c-48e3-a5ca-b51c2eef3bfe,5c1e1d6c-cf97-44dc-9005-e4091448bdc2,c2,c4,687,?,p1,
1768592349.130694,FORWARDED,881428a5-838c-48e3-a5ca-b51c2eef3bfe,5c1e1d6c-cf97-44dc-9005-e4091448bdc2,c2,c4,687,?,p1,
1768592349.2159123,RECEIVED,9ec6fa2a-044c-456a-944e-c0a64566a4da,5ac95f1e-2bd8-4202-acf6-7e655e32d54d,c3,c4,1020,i4,?,
1768592349.3064609,RECEIVED,df7b708f-c638-46f6-9849-b1992daf0b5e,347a475f-5a56-42be-9536-2e94630a643b,c2,c4,1020,i4,?,
1768592349.3660064,RECEIVED,d4e489c6-708a-410f-9790-93a21e0eaebd,2870c1d7-6bff-490d-b942-ce58a81fb5ba,c3,c2,1022,i11,?,
1768592349.3911858,SENT,df7b708f-c638-46f6-9849-b1992daf0b5e,347a475f-5a56-42be-9536-2e94630a643b,c2,c4,692,?,p1,
1768592349.3912377,FORWARDED,df7b708f-c638-46f6-9849-b1992daf0b5e,347a475f-5a56-42be-9536-2e94630a643b,c2,c4,692,?,p1,
1768592349.537921,SENT,9ec6fa2a-044c-456a-944e-c0a64566a4da,5ac95f1e-2bd8-4202-acf6-7e655e32d54d,c3,c4,691,?,p1,
1768592349.537967,FORWARDED,9ec6fa2a-044c-456a-944e-c0a64566a4da,5ac95f1e-2bd8-4202-acf6-7e655e32d54d,c3,c4,691,?,p1,
1768592349.58765,RECEIVED,fda5de0b-2234-456a-b298-e8850f1f5b92,8c3ded97-83da-492e-a261-02363990206d,c4,c3,1015,i4,?,
1768592349.6137366,RECEIVED,2af43b49-fca3-4263-b0d0-b16747196c8c,6e2076dc-2ab0-473b-9ed1-1e8d5562ac65,c4,c1,1019,i9,?,
1768592349.6248956,RECEIVED,67b0466c-8095-4f09-9977-f1dfd2c090c1,3b1c493c-910d-4617-b5fa-8be1a9465f08,c4,c5,1023,i7,?,
1768592349.7936664,SENT,9e0bdd60-4e92-4d41-a6ea-c6d77af08a62,4fa8e787-135f-43d7-9266-eabbf955222f,c4,c5,687,?,p2,
1768592349.7937062,FORWARDED,9e0bdd60-4e92-4d41-a6ea-c6d77af08a62,4fa8e787-135f-43d7-9266-eabbf955222f,c4,c5,687,?,p2,
1768592349.82073,RECEIVED,fe60654d-329e-43a1-a624-966a650c6664,e59f97c7-cc83-4454-80d7-34cef3474db7,c2,DROP,684,i12,?,
1768592349.8743293,SENT,f0269837-0d5e-4b25-8359-4963124de6d6,6a946bcc-4fa3-4e23-b515-502d29d644c0,c5,c2,687,?,p2,
1768592349.8743718,FORWARDED,f0269837-0d5e-4b25-8359-4963124de6d6,6a946bcc-4fa3-4e23-b515-502d29d644c0,c5,c2,687,?,p2,
1768592349.967874,SENT,fe60654d-329e-43a1-a624-966a650c6664,e59f97c7-cc83-4454-80d7-34cef3474db7,c2,DROP,441,?,x3,
1768592349.967935,FORWARDED,fe60654d-329e-43a1-a624-966a650c6664,e59f97c7-cc83-4454-80d7-34cef3474db7,c2,DROP,441,?,x3,
1768592350.0381877,SENT,cf92c1b9-375d-4e3d-848d-59ee69f1b204,6b4a6f98-e75f-43eb-858a-b1c68ce185f9,c1,DROP,440,?,i12,
1768592350.0382383,FORWARDED,cf92c1b9-375d-4e3d-848d-59ee69f1b204,6b4a6f98-e75f-43eb-858a-b1c68ce185f9,c1,DROP,440,?,i12,
1768592350.1395583,SENT,fda5de0b-2234-456a-b298-e8850f1f5b92,8c3ded97-83da-492e-a261-02363990206d,c4,c3,690,?,p3,
1768592350.1395974,FORWARDED,fda5de0b-2234-456a-b298-e8850f1f5b92,8c3ded97-83da-492e-a261-02363990206d,c4,c3,690,?,p3,
1768592350.225794,SENT,67b0466c-8095-4f09-9977-f1dfd2c090c1,3b1c493c-910d-4617-b5fa-8be1a9465f08,c4,c5,696,?,p2,
1768592350.2258353,FORWARDED,67b0466c-8095-4f09-9977-f1dfd2c090c1,3b1c493c-910d-4617-b5fa-8be1a9465f08,c4,c5,696,?,p2,
1768592350.2427025,RECEIVED,538eb86d-04d8-4b19-b4ff-58dd2d21dc6a,e8e95028-dacf-47e9-8e05-d70422968807,c3,c4,1010,i5,?,
1768592350.5050192,RECEIVED,eba084d3-960e-4eed-a6d5-0850bd7bd28d,957508ec-24e1-4a85-9dae-b447fb095d56,c2,c5,1028,i11,?,
1768592350.6002758,SENT,eba084d3-960e-4eed-a6d5-0850bd7bd28d,957508ec-24e1-4a85-9dae-b447fb095d56,c2,c5,698,?,p2,
1768592350.6003256,FORWARDED,eba084d3-960e-4eed-a6d5-0850bd7bd28d,957508ec-24e1-4a85-9dae-b447fb095d56,c2,c5,698,?,p2,
1768592350.6165066,RECEIVED,6461b48d-0b7e-4c5c-9f11-66571562e7c5,0d753904-ac31-4907-9eb9-5b1e51c1e370,c1,c4,1019,i11,?,
1768592350.643718,RECEIVED,7576e4e2-a636-407b-9201-5d4f69c554dd,361802da-ca90-4617-8c08-5d5f9669834d,c1,c5,1015,i2,?,
1768592350.766928,RECEIVED,1da2500a-2df7-4a8d-a929-1d44633a91b1,d3fb5259-5618-4410-bcdb-649c3e4490a6,c2,DROP,685,i12,?,
1768592350.8423207,SENT,1da2500a-2df7-4a8d-a929-1d44633a91b1,d3fb5259-5618-4410-bcdb-649c3e4490a6,c2,DROP,441,?,e12,
1768592350.8423626,FORWARDED,1da2500a-2df7-4a8d-a929-1d44633a91b1,d3fb5259-5618-4410-bcdb-649c3e4490a6,c2,DROP,441,?,e12,
1768592350.8815353,SENT,538eb86d-04d8-4b19-b4ff-58dd2d21dc6a,e8e95028-dacf-47e9-8e05-d70422968807,c3,c4,687,?,p1,
1768592350.8815768,FORWARDED,538eb86d-04d8-4b19-b4ff-58dd2d21dc6a,e8e95028-dacf-47e9-8e05-d70422968807,c3,c4,687,?,p1,
1768592350.9324148,RECEIVED,78037f45-9c58-483e-8306-369bfece0165,ed5563a3-f2ed-4e16-aa8a-56fa16ce471a,c1,c5,1020,i11,?,
1768592351.0076876,SENT,78037f45-9c58-483e-8306-369bfece0165,ed5563a3-f2ed-4e16-aa8a-56fa16ce471a,c1,c5,692,?,p2,
1768592351.0077245,FORWARDED,78037f45-9c58-483e-8306-369bfece0165,ed5563a3-f2ed-4e16-aa8a-56fa16ce471a,c1,c5,692,?,p2,
1768592351.3373399,RECEIVED,b3f1448a-27fc-4024-b13c-0b14db2aa7be,de12fb33-fbc2-4389-8d0a-e5721fe6528f,c5,c4,1011,i12,?,
1768592351.3585114,SENT,d4e489c6-708a-410f-9790-93a21e0eaebd,2870c1d7-6bff-490d-b942-ce58a81fb5ba,c3,c2,695,?,p2,
1768592351.3585532,FORWARDED,d4e489c6-708a-410f-9790-93a21e0eaebd,2870c1d7-6bff-490d-b942-ce58a81fb5ba,c3,c2,695,?,p2,
1768592351.6384044,SENT,2af43b49-fca3-4263-b0d0-b16747196c8c,6e2076dc-2ab0-473b-9ed1-1e8d5562ac65,c4,c1,691,?,p1,
1768592351.6384575,FORWARDED,2af43b49-fca3-4263-b0d0-b16747196c8c,6e2076dc-2ab0-473b-9ed1-1e8d5562ac65,c4,c1,691,?,p1,
1768592351.9359195,SENT,7576e4e2-a636-407b-9201-5d4f69c554dd,361802da-ca90-4617-8c08-5d5f9669834d,c1,c5,688,?,p2,
1768592351.9359636,FORWARDED,7576e4e2-a636-407b-9201-5d4f69c554dd,361802da-ca90-4617-8c08-5d5f9669834d,c1,c5,688,?,p2,
1768592352.0914223,SENT,b3f1448a-27fc-4024-b13c-0b14db2aa7be,de12fb33-fbc2-4389-8d0a-e5721fe6528f,c5,c4,687,?,p1,
1768592352.091466,FORWARDED,b3f1448a-27fc-4024-b13c-0b14db2aa7be,de12fb33-fbc2-4389-8d0a-e5721fe6528f,c5,c4,687,?,p1,
1768592352.1330132,RECEIVED,430f701b-e422-4738-be3f-98ed95a770ff,f72d838b-de6f-4cfb-b215-392b25a28d08,c1,c5,1014,i11,?,
1768592352.1835103,RECEIVED,cb9e5f51-f2c1-45b5-9d73-c55443b4c459,1601fe82-e5d5-4bcd-8ffa-d515b8cb6637,c1,c4,1023,i1,?,
1768592352.2595782,SENT,6461b48d-0b7e-4c5c-9f11-66571562e7c5,0d753904-ac31-4907-9eb9-5b1e51c1e370,c1,c4,692,?,p1,
1768592352.259619,FORWARDED,6461b48d-0b7e-4c5c-9f11-66571562e7c5,0d753904-ac31-4907-9eb9-5b1e51c1e370,c1,c4,692,?,p1,
1768592352.4114017,RECEIVED,433386f8-5a31-4e4e-a733-2edff7f501c2,0aecd26e-9636-42d9-9784-aebdfa86b526,c2,c1,1011,i8,?,
1768592352.4480848,SENT,433386f8-5a31-4e4e-a733-2edff7f501c2,0aecd26e-9636-42d9-9784-aebdfa86b526,c2,c1,687,?,p1,
1768592352.4481277,FORWARDED,433386f8-5a31-4e4e-a733-2edff7f501c2,0aecd26e-9636-42d9-9784-aebdfa86b526,c2,c1,687,?,p1,
1768592352.4507413,SENT,cb9e5f51-f2c1-45b5-9d73-c55443b4c459,1601fe82-e5d5-4bcd-8ffa-d515b8cb6637,c1,c4,696,?,p1,
1768592352.4507837,FORWARDED,cb9e5f51-f2c1-45b5-9d73-c55443b4c459,1601fe82-e5d5-4bcd-8ffa-d515b8cb6637,c1,c4,696,?,p1,
1768592352.5208244,RECEIVED,c3dbaa87-37e2-4db8-9812-b8b79954247f,d7aea17f-3c58-4d54-ac35-02ae2583f71f,c2,c4,1019,i12,?,
1768592352.5427241,SENT,430f701b-e422-4738-be3f-98ed95a770ff,f72d838b-de6f-4cfb-b215-392b25a28d08,c1,c5,688,?,p2,
1768592352.5427608,FORWARDED,430f701b-e422-4738-be3f-98ed95a770ff,f72d838b-de6f-4cfb-b215-392b25a28d08,c1,c5,688,?,p2,
1768592352.7791317,SENT,c3dbaa87-37e2-4db8-9812-b8b79954247f,d7aea17f-3c58-4d54-ac35-02ae2583f71f,c2,c4,691,?,p1,
1768592352.7791712,FORWARDED,c3dbaa87-37e2-4db8-9812-b8b79954247f,d7aea17f-3c58-4d54-ac35-02ae2583f71f,c2,c4,691,?,p1,
1768592352.8572514,RECEIVED,12aaa0fa-972d-4b83-b8ec-3066ae6596a3,d72d138a-5687-40d5-818e-878516e56299,c2,c1,1016,i4,?,
1768592353.1896207,RECEIVED,c6b3443b-f333-46a6-b632-8025dcecd753,1869edec-2498-4933-998b-1628c2ca2192,c3,DROP,683,i11,?,
1768592353.2538424,SENT,12aaa0fa-972d-4b83-b8ec-3066ae6596a3,d72d138a-5687-40d5-818e-878516e56299,c2,c1,688,?,p1,
1768592353.2539604,FORWARDED,12aaa0fa-972d-4b83-b8ec-3066ae6596a3,d72d138a-5687-40d5-818e-878516e56299,c2,c1,688,?,p1,
1768592353.2690306,SENT,c6b3443b-f333-46a6-b632-8025dcecd753,1869edec-2498-4933-998b-1628c2ca2192,c3,DROP,441,?,x6,
1768592353.2690861,FORWARDED,c6b3443b-f333-46a6-b632-8025dcecd753,1869edec-2498-4933-998b-1628c2ca2192,c3,DROP,441,?,x6,
1768592354.1441586,RECEIVED,365ee875-a83f-4626-a947-c13a006f4e8f,f172dde3-0fe3-4b79-867a-576e9558e8b0,c3,c5,1023,i6,?,
1768592354.2444086,RECEIVED,da254342-44de-4d5f-8b51-5b635a4f6f05,e6ad09d7-a725-4610-9526-a1efc06c0a9b,c2,c1,1016,i6,?,
1768592354.5807774,SENT,365ee875-a83f-4626-a947-c13a006f4e8f,f172dde3-0fe3-4b79-867a-576e9558e8b0,c3,c5,695,?,p2,
1768592354.580818,FORWARDED,365ee875-a83f-4626-a947-c13a006f4e8f,f172dde3-0fe3-4b79-867a-576e9558e8b0,c3,c5,695,?,p2,
1768592354.7180793,RECEIVED,94d5804a-3495-452c-9c81-a38c67ef31ff,93a0f1da-7fa1-41f0-956e-f9e3a0c3b97d,c2,c4,1016,i2,?,
1768592354.7332067,SENT,da254342-44de-4d5f-8b51-5b635a4f6f05,e6ad09d7-a725-4610-9526-a1efc06c0a9b,c2,c1,688,?,p1,
1768592354.7332547,FORWARDED,da254342-44de-4d5f-8b51-5b635a4f6f05,e6ad09d7-a725-4610-9526-a1efc06c0a9b,c2,c1,688,?,p1,
1768592354.8237092,SENT,94d5804a-3495-452c-9c81-a38c67ef31ff,93a0f1da-7fa1-41f0-956e-f9e3a0c3b97d,c2,c4,689,?,p1,
1768592354.8237634,FORWARDED,94d5804a-3495-452c-9c81-a38c67ef31ff,93a0f1da-7fa1-41f0-956e-f9e3a0c3b97d,c2,c4,689,?,p1,
1768592354.9859216,RECEIVED,37791e05-c7ca-4dd3-90b0-30f0dc56e559,47cb292a-a70f-43e3-93dd-41b38833881d,c2,c1,1012,i4,?,
1768592355.0669498,RECEIVED,b8617966-5740-498f-abd3-1ee4ff772b8f,71ac3bba-8353-4bf8-b765-6f3ff3d6c5d0,c3,c1,1015,i4,?,
1768592355.1458468,SENT,37791e05-c7ca-4dd3-90b0-30f0dc56e559,47cb292a-a70f-43e3-93dd-41b38833881d,c2,c1,687,?,p1,
1768592355.1458907,FORWARDED,37791e05-c7ca-4dd3-90b0-30f0dc56e559,47cb292a-a70f-43e3-93dd-41b38833881d,c2,c1,687,?,p1,
1768592355.5787175,RECEIVED,43e8f0e9-a29b-45b1-9e4f-0e7294d9ff93,26f00c55-31d0-4526-8b58-f3a410e5bba3,c4,c3,1015,i4,?,
1768592355.6120973,RECEIVED,4c28ec40-3e47-4521-bc53-7af5978c8466,8fdc9c42-152d-43b3-9f41-f3c53706b3f3,c1,c2,1010,i12,?,
1768592355.6898615,RECEIVED,62284efd-81f4-4a3f-abd1-cae0d3448cfd,c9a93fb8-f117-40b3-8816-a7a016bc4348,c5,c3,1025,i4,?,
1768592355.7163901,RECEIVED,a9cc7132-63a3-47ed-8a1b-eeb552296d36,70314aa0-d90b-437f-a866-7fb477905842,c3,c4,1015,i2,?,
1768592355.7357094,RECEIVED,bdae030b-366d-439c-ae1a-fbe41aca2883,f85a3799-d234-4414-9cf8-5a0904188647,c2,c4,1011,i6,?,
1768592355.7481275,SENT,62284efd-81f4-4a3f-abd1-cae0d3448cfd,c9a93fb8-f117-40b3-8816-a7a016bc4348,c5,c3,695,?,p3,
1768592355.74817,FORWARDED,62284efd-81f4-4a3f-abd1-cae0d3448cfd,c9a93fb8-f117-40b3-8816-a7a016bc4348,c5,c3,695,?,p3,
1768592355.7941377,RECEIVED,381cb04b-2d2a-4f55-aacc-689bd0630519,7627ffd0-590d-4dd0-a59b-cc62cdf2c6b1,c2,DROP,684,i9,?,
1768592356.0009334,RECEIVED,d714429f-edfb-49aa-ae90-e8c6ef682027,978da804-e6af-4202-b189-319176ca44a8,c5,c4,1019,i12,?,
1768592356.0693996,SENT,381cb04b-2d2a-4f55-aacc-689bd0630519,7627ffd0-590d-4dd0-a59b-cc62cdf2c6b1,c2,DROP,441,?,e7,
1768592356.0694408,FORWARDED,381cb04b-2d2a-4f55-aacc-689bd0630519,7627ffd0-590d-4dd0-a59b-cc62cdf2c6b1,c2,DROP,441,?,e7,
1768592356.116423,SENT,d714429f-edfb-49aa-ae90-e8c6ef682027,978da804-e6af-4202-b189-319176ca44a8,c5,c4,692,?,p1,
1768592356.1164641,FORWARDED,d714429f-edfb-49aa-ae90-e8c6ef682027,978da804-e6af-4202-b189-319176ca44a8,c5,c4,692,?,p1,
1768592356.3271675,SENT,b8617966-5740-498f-abd3-1ee4ff772b8f,71ac3bba-8353-4bf8-b765-6f3ff3d6c5d0,c3,c1,688,?,p1,
1768592356.3272088,FORWARDED,b8617966-5740-498f-abd3-1ee4ff772b8f,71ac3bba-8353-4bf8-b765-6f3ff3d6c5d0,c3,c1,688,?,p1,
1768592356.338814,SENT,43e8f0e9-a29b-45b1-9e4f-0e7294d9ff93,26f00c55-31d0-4526-8b58-f3a410e5bba3,c4,c3,688,?,p3,
1768592356.3388565,FORWARDED,43e8f0e9-a29b-45b1-9e4f-0e7294d9ff93,26f00c55-31d0-4526-8b58-f3a410e5bba3,c4,c3,688,?,p3,
1768592356.344749,RECEIVED,fa6af9ea-c30b-4660-9182-5b30436e82cf,35145f07-b3fc-49f0-acfa-feef2963340d,c4,c2,1016,i7,?,
1768592356.3525567,SENT,bdae030b-366d-439c-ae1a-fbe41aca2883,f85a3799-d234-4414-9cf8-5a0904188647,c2,c4,687,?,p1,
1768592356.3525987,FORWARDED,bdae030b-366d-439c-ae1a-fbe41aca2883,f85a3799-d234-4414-9cf8-5a0904188647,c2,c4,687,?,p1,
1768592356.3958352,SENT,fa6af9ea-c30b-4660-9182-5b30436e82cf,35145f07-b3fc-49f0-acfa-feef2963340d,c4,c2,689,?,p2,
1768592356.3958774,FORWARDED,fa6af9ea-c30b-4660-9182-5b30436e82cf,35145f07-b3fc-49f0-acfa-feef2963340d,c4,c2,689,?,p2,
1768592356.43156,SENT,a9cc7132-63a3-47ed-8a1b-eeb552296d36,70314aa0-d90b-437f-a866-7fb477905842,c3,c4,689,?,p1,
1768592356.431602,FORWARDED,a9cc7132-63a3-47ed-8a1b-eeb552296d36,70314aa0-d90b-437f-a866-7fb477905842,c3,c4,689,?,p1,
1768592356.636888,SENT,4c28ec40-3e47-4521-bc53-7af5978c8466,8fdc9c42-152d-43b3-9f41-f3c53706b3f3,c1,c2,687,?,p2,
1768592356.6369367,FORWARDED,4c28ec40-3e47-4521-bc53-7af5978c8466,8fdc9c42-152d-43b3-9f41-f3c53706b3f3,c1,c2,687,?,p2,
1768592356.823674,RECEIVED,28c5df75-450d-4d5e-9b31-de1400c226ec,66f6abad-f93f-4561-bf04-5ed80cc08617,c2,c5,1012,i8,?,
1768592357.0359764,SENT,28c5df75-450d-4d5e-9b31-de1400c226ec,66f6abad-f93f-4561-bf04-5ed80cc08617,c2,c5,687,?,p2,
1768592357.0360198,FORWARDED,28c5df75-450d-4d5e-9b31-de1400c226ec,66f6abad-f93f-4561-bf04-5ed80cc08617,c2,c5,687,?,p2,
1768592357.6634865,RECEIVED,e05af97f-a308-44f9-8bc6-e5ee8e446cf9,eeeb3260-4dbc-473c-a691-22dfb24e7436,c4,c5,1011,i1,?,
1768592357.7297876,RECEIVED,7d178b2b-8ccf-454a-bdb1-72dc486f691d,413f087f-7574-4536-ad69-2013e2fe6d6f,c1,DROP,689,i11,?,
1768592357.7839947,SENT,7d178b2b-8ccf-454a-bdb1-72dc486f691d,413f087f-7574-4536-ad69-2013e2fe6d6f,c1,DROP,442,?,i4,
1768592357.7840354,REDIRECTED,7d178b2b-8ccf-454a-bdb1-72dc486f691d,413f087f-7574-4536-ad69-2013e2fe6d6f,c1,DROP,442,?,i4,
1768592357.7842603,FORWARDED,7d178b2b-8ccf-454a-bdb1-72dc486f691d,413f087f-7574-4536-ad69-2013e2fe6d6f,c1,DROP,442,?,i3,
1768592358.0728948,RECEIVED,28e40256-09a9-4934-a93c-04f1b6ba4d98,827f4800-3d27-4ec5-9f34-2aceec655a99,c2,c1,1012,i7,?,
1768592358.1495,SENT,28e40256-09a9-4934-a93c-04f1b6ba4d98,827f4800-3d27-4ec5-9f34-2aceec655a99,c2,c1,687,?,p1,
1768592358.1497371,FORWARDED,28e40256-09a9-4934-a93c-04f1b6ba4d98,827f4800-3d27-4ec5-9f34-2aceec655a99,c2,c1,687,?,p1,
1768592358.2059653,RECEIVED,5647c2c9-e2b3-4970-a4e1-6c191c154e53,4f9be3b6-1a06-4cec-af14-073e9c0e39ac,c3,DROP,688,i1,?,
1768592358.4573433,RECEIVED,7e0eda81-f9b2-46c9-b79c-f14b807f0bbd,893f56f5-1c1c-4d89-ae1f-3748f5fe252d,c2,DROP,442,x1,?,
1768592358.465266,SENT,5647c2c9-e2b3-4970-a4e1-6c191c154e53,4f9be3b6-1a06-4cec-af14-073e9c0e39ac,c3,DROP,442,?,x4,
1768592358.465308,FORWARDED,5647c2c9-e2b3-4970-a4e1-6c191c154e53,4f9be3b6-1a06-4cec-af14-073e9c0e39ac,c3,DROP,442,?,x4,
1768592358.5972521,SENT,e05af97f-a308-44f9-8bc6-e5ee8e446cf9,eeeb3260-4dbc-473c-a691-22dfb24e7436,c4,c5,686,?,p2,
1768592358.5974402,FORWARDED,e05af97f-a308-44f9-8bc6-e5ee8e446cf9,eeeb3260-4dbc-473c-a691-22dfb24e7436,c4,c5,686,?,p2,
1768592359.2075813,RECEIVED,7d859dc7-b895-4eb9-8514-7799225ba73b,5c6428ac-fc64-4ad4-9c3e-3950b933fa7d,c4,DROP,684,i11,?,
1768592359.48622,SENT,7d859dc7-b895-4eb9-8514-7799225ba73b,5c6428ac-fc64-4ad4-9c3e-3950b933fa7d,c4,DROP,441,?,x5,
1768592359.4862583,FORWARDED,7d859dc7-b895-4eb9-8514-7799225ba73b,5c6428ac-fc64-4ad4-9c3e-3950b933fa7d,c4,DROP,441,?,x5,
1768592359.68304,RECEIVED,69b3d471-6167-467a-9cd0-a4c373f77362,9297936b-d9ba-470c-b146-b0cedc569fca,c1,c4,1011,i7,?,
1768592359.839155,SENT,69b3d471-6167-467a-9cd0-a4c373f77362,9297936b-d9ba-470c-b146-b0cedc569fca,c1,c4,687,?,p1,
1768592359.8391974,FORWARDED,69b3d471-6167-467a-9cd0-a4c373f77362,9297936b-d9ba-470c-b146-b0cedc569fca,c1,c4,687,?,p1,
1768592359.8883011,RECEIVED,39f5eb90-a309-4f18-a563-f3d80b0c85a7,a4deaf13-0ee1-467e-a132-b5e0dc59b041,c1,c5,1010,i9,?,
1768592360.2044516,RECEIVED,50cbe041-d143-42b1-b166-0e9ab958d71f,d7347e6a-d723-4759-885b-108b2dd5065c,c1,c4,1006,i12,?,
1768592361.0321558,SENT,39f5eb90-a309-4f18-a563-f3d80b0c85a7,a4deaf13-0ee1-467e-a132-b5e0dc59b041,c1,c5,687,?,p2,
1768592361.0322149,FORWARDED,39f5eb90-a309-4f18-a563-f3d80b0c85a7,a4deaf13-0ee1-467e-a132-b5e0dc59b041,c1,c5,687,?,p2,
1768592361.076674,SENT,50cbe041-d143-42b1-b166-0e9ab958d71f,d7347e6a-d723-4759-885b-108b2dd5065c,c1,c4,684,?,p1,
1768592361.0767143,FORWARDED,50cbe041-d143-42b1-b166-0e9ab958d71f,d7347e6a-d723-4759-885b-108b2dd5065c,c1,c4,684,?,p1,
1768592361.205691,RECEIVED,49f86cb1-efb7-4c83-b937-8f2ddc8e9cbb,3affb924-b300-4bb0-9f0d-d6e3602d8e96,c4,c5,1019,i1,?,
1768592361.336865,SENT,49f86cb1-efb7-4c83-b937-8f2ddc8e9cbb,3affb924-b300-4bb0-9f0d-d6e3602d8e96,c4,c5,691,?,p2,
1768592361.3369064,FORWARDED,49f86cb1-efb7-4c83-b937-8f2ddc8e9cbb,3affb924-b300-4bb0-9f0d-d6e3602d8e96,c4,c5,691,?,p2,
1768592361.8079991,RECEIVED,9a807325-f743-4f9c-8fdd-611a1d56946b,1aef931f-430b-4b5d-ab64-5324b20195a7,c3,c2,1012,i4,?,
1768592361.8867614,SENT,9a807325-f743-4f9c-8fdd-611a1d56946b,1aef931f-430b-4b5d-ab64-5324b20195a7,c3,c2,687,?,p2,
1768592361.886802,FORWARDED,9a807325-f743-4f9c-8fdd-611a1d56946b,1aef931f-430b-4b5d-ab64-5324b20195a7,c3,c2,687,?,p2,
1768592362.2510417,RECEIVED,e1ecdc45-eb35-4c60-8b28-ccb363374574,0efc007a-beb7-4737-a8fa-bbbfe6179c18,c2,c1,1023,i11,?,
1768592362.3213341,RECEIVED,00bcb706-6022-47aa-9f02-59b7828330ad,1c20adfe-e05d-43f2-b0b3-c4b6ed775ba6,c5,c2,1011,i4,?,
1768592362.384397,RECEIVED,39f9deb7-4535-4ef6-a88d-d5f614219403,ecc0b597-dcba-4582-bb75-5245f4b9d7f0,c4,c2,1020,i8,?,
1768592362.4646971,SENT,39f9deb7-4535-4ef6-a88d-d5f614219403,ecc0b597-dcba-4582-bb75-5245f4b9d7f0,c4,c2,692,?,p2,
1768592362.4647386,FORWARDED,39f9deb7-4535-4ef6-a88d-d5f614219403,ecc0b597-dcba-4582-bb75-5245f4b9d7f0,c4,c2,692,?,p2,
1768592362.6841476,SENT,e1ecdc45-eb35-4c60-8b28-ccb363374574,0efc007a-beb7-4737-a8fa-bbbfe6179c18,c2,c1,695,?,p1,
1768592362.684183,FORWARDED,e1ecdc45-eb35-4c60-8b28-ccb363374574,0efc007a-beb7-4737-a8fa-bbbfe6179c18,c2,c1,695,?,p1,
1768592362.8730192,SENT,00bcb706-6022-47aa-9f02-59b7828330ad,1c20adfe-e05d-43f2-b0b3-c4b6ed775ba6,c5,c2,687,?,p2,
1768592362.873075,FORWARDED,00bcb706-6022-47aa-9f02-59b7828330ad,1c20adfe-e05d-43f2-b0b3-c4b6ed775ba6,c5,c2,687,?,p2,
1768592363.0676055,RECEIVED,f1f2fba9-6a65-4bfd-974b-ca957288e4ab,4845c8d6-e1f1-4763-9ced-35392c39de59,c1,c2,1011,i4,?,
1768592363.2026227,RECEIVED,4a518dbb-93d2-4778-8ae8-4f0e749b68ba,9e43356d-11b4-4f7b-9d2a-ee1da35a0ab9,c1,c5,1019,i11,?,
1768592363.4923863,SENT,f1f2fba9-6a65-4bfd-974b-ca957288e4ab,4845c8d6-e1f1-4763-9ced-35392c39de59,c1,c2,687,?,p2,
1768592363.4924293,FORWARDED,f1f2fba9-6a65-4bfd-974b-ca957288e4ab,4845c8d6-e1f1-4763-9ced-35392c39de59,c1,c2,687,?,p2,
1768592363.755929,RECEIVED,eb72f1c9-af2f-4743-8ef0-b2eba2e17953,086f2121-cd84-4622-aac2-741e6c851652,c1,c3,1016,i4,?,
1768592363.8474739,RECEIVED,c3994922-1600-4dfb-9912-eb3493dddb8a,3c1beed7-f839-48cd-9425-7a9908fe35e6,c5,c1,1015,i9,?,
1768592363.856628,SENT,eb72f1c9-af2f-4743-8ef0-b2eba2e17953,086f2121-cd84-4622-aac2-741e6c851652,c1,c3,688,?,p3,
1768592363.8566697,FORWARDED,eb72f1c9-af2f-4743-8ef0-b2eba2e17953,086f2121-cd84-4622-aac2-741e6c851652,c1,c3,688,?,p3,
1768592364.3668091,RECEIVED,6ee1a09c-e3c4-4898-a6d5-b4c3bd71dbfb,d6c63a9a-b8cb-419c-85dc-56b7d48ad1eb,c1,c3,1016,i4,?,
1768592364.4177282,SENT,4a518dbb-93d2-4778-8ae8-4f0e749b68ba,9e43356d-11b4-4f7b-9d2a-ee1da35a0ab9,c1,c5,692,?,p2,
1768592364.4177701,FORWARDED,4a518dbb-93d2-4778-8ae8-4f0e749b68ba,9e43356d-11b4-4f7b-9d2a-ee1da35a0ab9,c1,c5,692,?,p2,
1768592364.4776978,SENT,6ee1a09c-e3c4-4898-a6d5-b4c3bd71dbfb,d6c63a9a-b8cb-419c-85dc-56b7d48ad1eb,c1,c3,688,?,p3,
1768592364.47774,FORWARDED,6ee1a09c-e3c4-4898-a6d5-b4c3bd71dbfb,d6c63a9a-b8cb-419c-85dc-56b7d48ad1eb,c1,c3,688,?,p3,
1768592364.5102537,RECEIVED,9967bfa7-3841-41d8-9a74-45421c10aee5,c94dde92-4a91-4a0b-a5da-51cec9a08605,c4,c5,1016,i11,?,
1768592364.5571609,SENT,c3994922-1600-4dfb-9912-eb3493dddb8a,3c1beed7-f839-48cd-9425-7a9908fe35e6,c5,c1,688,?,p1,
1768592364.5572047,FORWARDED,c3994922-1600-4dfb-9912-eb3493dddb8a,3c1beed7-f839-48cd-9425-7a9908fe35e6,c5,c1,688,?,p1,
1768592364.7265303,SENT,9967bfa7-3841-41d8-9a74-45421c10aee5,c94dde92-4a91-4a0b-a5da-51cec9a08605,c4,c5,688,?,p2,
1768592364.7265804,FORWARDED,9967bfa7-3841-41d8-9a74-45421c10aee5,c94dde92-4a91-4a0b-a5da-51cec9a08605,c4,c5,688,?,p2,
1768592364.7330706,RECEIVED,6622989c-b5eb-4ecb-aca8-708cd6440eec,4be5fa03-ef7f-48bc-99aa-3ea47d6ae5e4,c4,c5,1019,i4,?,
1768592364.9241972,RECEIVED,dca56520-5072-4e97-89bc-bf2a2ad5273c,26862c6f-05c5-4050-aae9-818a407b7aa2,c2,DROP,692,i12,?,
1768592365.2588189,RECEIVED,2b62fc07-39d8-405d-8ef9-314f3aa702e9,15bfc2ff-707e-473b-a875-1c15df4407ac,c5,c1,1019,i2,?,
1768592365.3652618,SENT,dca56520-5072-4e97-89bc-bf2a2ad5273c,26862c6f-05c5-4050-aae9-818a407b7aa2,c2,DROP,447,?,x10,
1768592365.3655596,FORWARDED,dca56520-5072-4e97-89bc-bf2a2ad5273c,26862c6f-05c5-4050-aae9-818a407b7aa2,c2,DROP,447,?,x10,
1768592365.5657039,SENT,2b62fc07-39d8-405d-8ef9-314f3aa702e9,15bfc2ff-707e-473b-a875-1c15df4407ac,c5,c1,693,?,p1,
1768592365.565745,FORWARDED,2b62fc07-39d8-405d-8ef9-314f3aa702e9,15bfc2ff-707e-473b-a875-1c15df4407ac,c5,c1,693,?,p1,
1768592365.8954303,RECEIVED,e83cb92c-eb1f-48b9-a637-da8af51366c4,a8d3e7b5-32aa-4ee3-b22b-55fa25da573d,c3,c2,1019,i11,?,
1768592366.1118033,RECEIVED,e6d79aa0-15b4-40c6-b46a-266af34365b5,37ad137c-24db-416b-924c-9aedbbe53726,c4,c3,1011,i4,?,
1768592366.2741017,RECEIVED,2850dc81-40af-4008-a4b4-d49c13c22b76,7b12f0df-e0b3-4845-bbb3-7fb1d61cb882,c2,DROP,440,x8,?,
1768592366.412076,RECEIVED,7b94ad2a-bdb9-4547-8a7f-9ce4c5d6377f,1722db4e-d8ba-4bda-96b8-41e910e35d96,c2,c3,1024,i11,?,
1768592366.4761996,SENT,7b94ad2a-bdb9-4547-8a7f-9ce4c5d6377f,1722db4e-d8ba-4bda-96b8-41e910e35d96,c2,c3,695,?,p3,
1768592366.476241,FORWARDED,7b94ad2a-bdb9-4547-8a7f-9ce4c5d6377f,1722db4e-d8ba-4bda-96b8-41e910e35d96,c2,c3,695,?,p3,
1768592366.4795587,RECEIVED,e07c3738-7dad-4075-84c8-ff86aa70f492,2f8c6df1-19cb-4470-9d44-c02aa06af5e1,c4,c5,1014,i12,?,
1768592366.630856,SENT,e83cb92c-eb1f-48b9-a637-da8af51366c4,a8d3e7b5-32aa-4ee3-b22b-55fa25da573d,c3,c2,691,?,p2,
1768592366.6308997,FORWARDED,e83cb92c-eb1f-48b9-a637-da8af51366c4,a8d3e7b5-32aa-4ee3-b22b-55fa25da573d,c3,c2,691,?,p2,
1768592366.7201035,SENT,e6d79aa0-15b4-40c6-b46a-266af34365b5,37ad137c-24db-416b-924c-9aedbbe53726,c4,c3,686,?,p3,
1768592366.7201447,FORWARDED,e6d79aa0-15b4-40c6-b46a-266af34365b5,37ad137c-24db-416b-924c-9aedbbe53726,c4,c3,686,?,p3,
1768592366.7679598,SENT,6622989c-b5eb-4ecb-aca8-708cd6440eec,4be5fa03-ef7f-48bc-99aa-3ea47d6ae5e4,c4,c5,691,?,p2,
1768592366.768146,FORWARDED,6622989c-b5eb-4ecb-aca8-708cd6440eec,4be5fa03-ef7f-48bc-99aa-3ea47d6ae5e4,c4,c5,691,?,p2,
1768592366.7961938,RECEIVED,e97eca80-6151-463f-9be6-448a891f7ce3,c547a639-ffb0-4cc6-8dda-c2a491acedea,c2,c3,1024,i9,?,
1768592366.9257817,SENT,e97eca80-6151-463f-9be6-448a891f7ce3,c547a639-ffb0-4cc6-8dda-c2a491acedea,c2,c3,695,?,p3,
1768592366.9258237,FORWARDED,e97eca80-6151-463f-9be6-448a891f7ce3,c547a639-ffb0-4cc6-8dda-c2a491acedea,c2,c3,695,?,p3,
1768592366.9394875,SENT,e07c3738-7dad-4075-84c8-ff86aa70f492,2f8c6df1-19cb-4470-9d44-c02aa06af5e1,c4,c5,688,?,p2,
1768592366.939528,FORWARDED,e07c3738-7dad-4075-84c8-ff86aa70f492,2f8c6df1-19cb-4470-9d44-c02aa06af5e1,c4,c5,688,?,p2,
1768592367.7517931,RECEIVED,4d5d9799-f5d3-4620-8931-16734bc339c2,196c935b-1096-43ad-8ea2-69f3bd0e6e75,c5,c2,1014,i11,?,
1768592368.204913,RECEIVED,8cfeaa6e-7f93-4dce-8193-8c4f592a9ec6,bbb1d739-5a43-4fe9-ae83-15124a073fba,c1,c3,1017,i2,?,
1768592368.3958921,SENT,8cfeaa6e-7f93-4dce-8193-8c4f592a9ec6,bbb1d739-5a43-4fe9-ae83-15124a073fba,c1,c3,691,?,p3,
1768592368.395933,FORWARDED,8cfeaa6e-7f93-4dce-8193-8c4f592a9ec6,bbb1d739-5a43-4fe9-ae83-15124a073fba,c1,c3,691,?,p3,
1768592368.6213565,RECEIVED,61be3a5f-bb11-4fe8-ac0a-3ab834cb7633,73ceb928-05ac-4e6f-a4ce-2aaa7d723581,c4,c3,1019,i9,?,
1768592368.6666012,RECEIVED,49d846fa-1161-43b2-bc8f-e113eeab7b7c,308657d0-d042-4cd1-bd72-92ace4d236ab,c5,c4,1016,i9,?,
1768592368.7010074,SENT,61be3a5f-bb11-4fe8-ac0a-3ab834cb7633,73ceb928-05ac-4e6f-a4ce-2aaa7d723581,c4,c3,691,?,p3,
1768592368.7012475,FORWARDED,61be3a5f-bb11-4fe8-ac0a-3ab834cb7633,73ceb928-05ac-4e6f-a4ce-2aaa7d723581,c4,c3,691,?,p3,
1768592368.8586109,SENT,49d846fa-1161-43b2-bc8f-e113eeab7b7c,308657d0-d042-4cd1-bd72-92ace4d236ab,c5,c4,688,?,p1,
1768592368.8586595,FORWARDED,49d846fa-1161-43b2-bc8f-e113eeab7b7c,308657d0-d042-4cd1-bd72-92ace4d236ab,c5,c4,688,?,p1,
1768592369.3492613,SENT,4d5d9799-f5d3-4620-8931-16734bc339c2,196c935b-1096-43ad-8ea2-69f3bd0e6e75,c5,c2,690,?,p2,
1768592369.3493178,FORWARDED,4d5d9799-f5d3-4620-8931-16734bc339c2,196c935b-1096-43ad-8ea2-69f3bd0e6e75,c5,c2,690,?,p2,
1768592369.72939,RECEIVED,3db827c9-3ea7-43f2-90d3-b6bed5ce6124,1dbb50af-4ffa-4afd-9a3e-9dc38049f3b5,c4,c2,1011,i1,?,
1768592370.1623828,RECEIVED,79677b16-1704-4e23-9cc2-c4c9c280b9c4,6a365ff2-a888-4fa4-99c5-84ac2b319a77,c4,DROP,682,i1,?,
1768592370.2084112,SENT,3db827c9-3ea7-43f2-90d3-b6bed5ce6124,1dbb50af-4ffa-4afd-9a3e-9dc38049f3b5,c4,c2,687,?,p2,
1768592370.2084515,FORWARDED,3db827c9-3ea7-43f2-90d3-b6bed5ce6124,1dbb50af-4ffa-4afd-9a3e-9dc38049f3b5,c4,c2,687,?,p2,
1768592370.325703,RECEIVED,edd9db7a-9e74-404d-841c-3f52af7b5bf2,7441b069-7100-4921-a41a-09fcc0574922,c1,c4,1011,i8,?,
1768592370.7391481,RECEIVED,5ce49bcb-1467-4d6c-8504-6aa8216c964a,baf7c907-d1ad-4d65-b184-9442ef8c0b1a,c1,c5,1012,i8,?,
1768592370.8110752,SENT,5ce49bcb-1467-4d6c-8504-6aa8216c964a,baf7c907-d1ad-4d65-b184-9442ef8c0b1a,c1,c5,687,?,p2,
1768592370.8111186,FORWARDED,5ce49bcb-1467-4d6c-8504-6aa8216c964a,baf7c907-d1ad-4d65-b184-9442ef8c0b1a,c1,c5,687,?,p2,
1768592371.2655725,SENT,79677b16-1704-4e23-9cc2-c4c9c280b9c4,6a365ff2-a888-4fa4-99c5-84ac2b319a77,c4,DROP,441,?,x2,
1768592371.2656138,FORWARDED,79677b16-1704-4e23-9cc2-c4c9c280b9c4,6a365ff2-a888-4fa4-99c5-84ac2b319a77,c4,DROP,441,?,x2,
1768592371.355853,SENT,edd9db7a-9e74-404d-841c-3f52af7b5bf2,7441b069-7100-4921-a41a-09fcc0574922,c1,c4,687,?,p1,
1768592371.355896,FORWARDED,edd9db7a-9e74-404d-841c-3f52af7b5bf2,7441b069-7100-4921-a41a-09fcc0574922,c1,c4,687,?,p1,
1768592371.9491317,RECEIVED,8493bc7a-4787-4559-9d7d-006ce9e1f99b,1fbe908e-bed9-4992-85b8-8b3471b0dfc6,c5,c4,1009,i9,?,
1768592371.962808,RECEIVED,426f4bb7-141a-4ead-bb91-dd8d46756ee1,190ab91d-e9d7-42bc-82a0-e27fedfd83f4,c3,c4,1011,i7,?,
1768592372.2654996,RECEIVED,b42175b0-9faa-41ec-90d7-bebdf13fe308,ada4a269-2e38-4b12-b900-163235c5e80f,c2,c1,1024,i1,?,
1768592372.3085957,SENT,426f4bb7-141a-4ead-bb91-dd8d46756ee1,190ab91d-e9d7-42bc-82a0-e27fedfd83f4,c3,c4,687,?,p1,
1768592372.3086474,FORWARDED,426f4bb7-141a-4ead-bb91-dd8d46756ee1,190ab91d-e9d7-42bc-82a0-e27fedfd83f4,c3,c4,687,?,p1,
1768592372.3415043,SENT,8493bc7a-4787-4559-9d7d-006ce9e1f99b,1fbe908e-bed9-4992-85b8-8b3471b0dfc6,c5,c4,687,?,p1,
1768592372.3415468,FORWARDED,8493bc7a-4787-4559-9d7d-006ce9e1f99b,1fbe908e-bed9-4992-85b8-8b3471b0dfc6,c5,c4,687,?,p1,
1768592372.3654313,RECEIVED,be0c1a0f-282d-41b5-b4e3-62b63ae3aea2,83f0505f-a73a-4681-b19f-c0b1cc4c8a7e,c1,c4,1019,i11,?,
1768592372.4700418,SENT,b42175b0-9faa-41ec-90d7-bebdf13fe308,ada4a269-2e38-4b12-b900-163235c5e80f,c2,c1,694,?,p1,
1768592372.4701433,FORWARDED,b42175b0-9faa-41ec-90d7-bebdf13fe308,ada4a269-2e38-4b12-b900-163235c5e80f,c2,c1,694,?,p1,
1768592372.6371422,RECEIVED,f35e4621-76e3-4af3-9ef7-141f108fe549,388ffe34-778d-4fbd-a35f-564234754c9a,c2,c5,1015,i5,?,
1768592372.6765666,SENT,be0c1a0f-282d-41b5-b4e3-62b63ae3aea2,83f0505f-a73a-4681-b19f-c0b1cc4c8a7e,c1,c4,692,?,p1,
1768592372.676612,FORWARDED,be0c1a0f-282d-41b5-b4e3-62b63ae3aea2,83f0505f-a73a-4681-b19f-c0b1cc4c8a7e,c1,c4,692,?,p1,
1768592372.8095684,RECEIVED,1775f7ca-83c6-4c44-ba84-2a3a1b5d392c,f519634c-9aa0-43b4-b876-c3e9abbfe811,c4,c3,1018,i8,?,
1768592373.2399948,SENT,1775f7ca-83c6-4c44-ba84-2a3a1b5d392c,f519634c-9aa0-43b4-b876-c3e9abbfe811,c4,c3,691,?,p3,
1768592373.2400413,FORWARDED,1775f7ca-83c6-4c44-ba84-2a3a1b5d392c,f519634c-9aa0-43b4-b876-c3e9abbfe811,c4,c3,691,?,p3,
1768592373.251122,RECEIVED,33ea2037-9e31-4e23-b195-a93ccbe0809c,093891d2-ef55-487f-ae58-55c17341d221,c4,c1,1012,i5,?,
1768592373.2871501,SENT,f35e4621-76e3-4af3-9ef7-141f108fe549,388ffe34-778d-4fbd-a35f-564234754c9a,c2,c5,688,?,p2,
1768592373.2871926,FORWARDED,f35e4621-76e3-4af3-9ef7-141f108fe549,388ffe34-778d-4fbd-a35f-564234754c9a,c2,c5,688,?,p2,
1768592373.513804,SENT,33ea2037-9e31-4e23-b195-a93ccbe0809c,093891d2-ef55-487f-ae58-55c17341d221,c4,c1,687,?,p1,
1768592373.5138469,FORWARDED,33ea2037-9e31-4e23-b195-a93ccbe0809c,093891d2-ef55-487f-ae58-55c17341d221,c4,c1,687,?,p1,
1768592373.6928868,RECEIVED,ac999fc3-c143-4685-a441-49015a551dfe,eda93f6d-7665-4a42-b336-2548e04c271e,c1,c2,1025,i9,?,
1768592373.7103157,SENT,ac999fc3-c143-4685-a441-49015a551dfe,eda93f6d-7665-4a42-b336-2548e04c271e,c1,c2,695,?,p2,
1768592373.7103598,FORWARDED,ac999fc3-c143-4685-a441-49015a551dfe,eda93f6d-7665-4a42-b336-2548e04c271e,c1,c2,695,?,p2,
1768592373.752681,RECEIVED,174f4826-2409-439b-8bb7-5eaaa84ba71a,91e16c9c-7830-4eb6-984e-504eb1247b82,c4,c5,1015,i9,?,
1768592373.7555459,RECEIVED,aa1b620e-5ff6-42ea-a98b-7c2a741bf188,c711a0da-dacc-4ba0-9685-35f8db196fec,c1,c3,1012,i4,?,
1768592373.854188,RECEIVED,9543dcdf-32aa-4bdc-8076-84b50c3f829f,545b57c7-3b3f-4ca9-b442-ae79b2ff6c42,c5,c4,1016,i5,?,
1768592373.9557755,RECEIVED,02257780-fe9d-4346-91a4-465362779e10,d79c2ca2-5708-49a4-8f81-63089fb77e7d,c3,c4,1014,i4,?,
1768592373.9772563,SENT,aa1b620e-5ff6-42ea-a98b-7c2a741bf188,c711a0da-dacc-4ba0-9685-35f8db196fec,c1,c3,687,?,p3,
1768592373.9773018,FORWARDED,aa1b620e-5ff6-42ea-a98b-7c2a741bf188,c711a0da-dacc-4ba0-9685-35f8db196fec,c1,c3,687,?,p3,
1768592374.0156524,RECEIVED,2ef99d6c-f0bd-4bbc-aaba-e138090ca7fa,be57ff8f-b487-4b02-b1d1-ad12a7951ab0,c5,c3,1011,i6,?,
1768592374.0173175,SENT,174f4826-2409-439b-8bb7-5eaaa84ba71a,91e16c9c-7830-4eb6-984e-504eb1247b82,c4,c5,688,?,p2,
1768592374.0173604,FORWARDED,174f4826-2409-439b-8bb7-5eaaa84ba71a,91e16c9c-7830-4eb6-984e-504eb1247b82,c4,c5,688,?,p2,
1768592374.214475,SENT,9543dcdf-32aa-4bdc-8076-84b50c3f829f,545b57c7-3b3f-4ca9-b442-ae79b2ff6c42,c5,c4,689,?,p1,
1768592374.2145169,FORWARDED,9543dcdf-32aa-4bdc-8076-84b50c3f829f,545b57c7-3b3f-4ca9-b442-ae79b2ff6c42,c5,c4,689,?,p1,
1768592374.273883,RECEIVED,485c3715-69d1-430a-a191-149716191f3a,e2497409-c197-4e3d-a2ef-ac17dccb7498,c5,c4,1012,i9,?,
1768592374.3194366,SENT,485c3715-69d1-430a-a191-149716191f3a,e2497409-c197-4e3d-a2ef-ac17dccb7498,c5,c4,687,?,p1,
1768592374.3194776,FORWARDED,485c3715-69d1-430a-a191-149716191f3a,e2497409-c197-4e3d-a2ef-ac17dccb7498,c5,c4,687,?,p1,
1768592374.5583382,RECEIVED,9aa00a3c-de94-4342-b284-25ce67d081e5,9206a105-9aa9-4df0-a457-cd2d7d85f426,c3,c5,1015,i9,?,
1768592374.7121487,RECEIVED,edff9a9b-fbae-41f8-8e80-959aeb0c9a58,a5422f76-2f40-4188-a19d-8d1a0077cadb,c5,c4,1011,i5,?,
1768592374.808249,SENT,9aa00a3c-de94-4342-b284-25ce67d081e5,9206a105-9aa9-4df0-a457-cd2d7d85f426,c3,c5,688,?,p2,
1768592374.8082907,FORWARDED,9aa00a3c-de94-4342-b284-25ce67d081e5,9206a105-9aa9-4df0-a457-cd2d7d85f426,c3,c5,688,?,p2,
1768592374.8198147,SENT,2ef99d6c-f0bd-4bbc-aaba-e138090ca7fa,be57ff8f-b487-4b02-b1d1-ad12a7951ab0,c5,c3,687,?,p3,
1768592374.8198543,FORWARDED,2ef99d6c-f0bd-4bbc-aaba-e138090ca7fa,be57ff8f-b487-4b02-b1d1-ad12a7951ab0,c5,c3,687,?,p3,
1768592375.8230643,RECEIVED,57fd4c1c-f19e-4d6a-8c37-840d3be63bc7,c28b5bb8-e246-4bee-a4ee-2ac766589904,c4,c1,1019,i12,?,
1768592375.915544,RECEIVED,ee9ee029-1305-4bed-be01-f3f38021b5fe,0858b864-ac2c-4f3c-bf65-b7a5bc3114b4,c5,c2,1009,i1,?,
1768592375.9473593,SENT,02257780-fe9d-4346-91a4-465362779e10,d79c2ca2-5708-49a4-8f81-63089fb77e7d,c3,c4,688,?,p1,
1768592375.9473991,FORWARDED,02257780-fe9d-4346-91a4-465362779e10,d79c2ca2-5708-49a4-8f81-63089fb77e7d,c3,c4,688,?,p1,
1768592375.985927,RECEIVED,76d3b13e-d717-432d-8ccb-57d579aea7b0,eea20d2b-55b5-43bc-bd7b-2d7ef42b1716,c4,c1,1012,i7,?,
1768592375.9939513,SENT,57fd4c1c-f19e-4d6a-8c37-840d3be63bc7,c28b5bb8-e246-4bee-a4ee-2ac766589904,c4,c1,692,?,p1,
1768592375.9939916,FORWARDED,57fd4c1c-f19e-4d6a-8c37-840d3be63bc7,c28b5bb8-e246-4bee-a4ee-2ac766589904,c4,c1,692,?,p1,
1768592376.3009608,RECEIVED,e89b2a46-15c8-48c4-bb76-2fc5118305d1,aaf99cab-bb8a-4a11-900e-86141a478dc8,c5,c2,1020,i1,?,
1768592376.3287256,RECEIVED,ebfb3120-3118-4aec-aee7-a48637b60c6f,3452a15e-08c4-430e-a03f-70945e01d51a,c4,DROP,683,i11,?,
1768592376.3353505,SENT,76d3b13e-d717-432d-8ccb-57d579aea7b0,eea20d2b-55b5-43bc-bd7b-2d7ef42b1716,c4,c1,687,?,p1,
1768592376.335402,FORWARDED,76d3b13e-d717-432d-8ccb-57d579aea7b0,eea20d2b-55b5-43bc-bd7b-2d7ef42b1716,c4,c1,687,?,p1,
1768592376.349849,SENT,edff9a9b-fbae-41f8-8e80-959aeb0c9a58,a5422f76-2f40-4188-a19d-8d1a0077cadb,c5,c4,687,?,p1,
1768592376.3498912,FORWARDED,edff9a9b-fbae-41f8-8e80-959aeb0c9a58,a5422f76-2f40-4188-a19d-8d1a0077cadb,c5,c4,687,?,p1,
1768592376.3816867,RECEIVED,cfced01c-310e-4dd8-ba8a-e4dba1dcc4ed,f6f5b25a-1dea-4a12-9596-1646110f575e,c5,c1,1017,i6,?,
1768592376.4552927,SENT,cfced01c-310e-4dd8-ba8a-e4dba1dcc4ed,f6f5b25a-1dea-4a12-9596-1646110f575e,c5,c1,688,?,p1,
1768592376.4553359,FORWARDED,cfced01c-310e-4dd8-ba8a-e4dba1dcc4ed,f6f5b25a-1dea-4a12-9596-1646110f575e,c5,c1,688,?,p1,
1768592376.6579993,RECEIVED,e31d1598-0e53-4165-87ce-0d2ea68a67f0,6154cbf0-efbe-4248-9856-02e14b7e7ea9,c1,c4,1016,i4,?,
1768592376.6753948,RECEIVED,902daeb9-9a67-4be8-9646-ded82bc69402,010c77fc-194c-4923-87ad-f54040dec836,c3,c4,1015,i8,?,
1768592376.6993515,SENT,e89b2a46-15c8-48c4-bb76-2fc5118305d1,aaf99cab-bb8a-4a11-900e-86141a478dc8,c5,c2,691,?,p2,
1768592376.699396,FORWARDED,e89b2a46-15c8-48c4-bb76-2fc5118305d1,aaf99cab-bb8a-4a11-900e-86141a478dc8,c5,c2,691,?,p2,
1768592376.757735,SENT,e31d1598-0e53-4165-87ce-0d2ea68a67f0,6154cbf0-efbe-4248-9856-02e14b7e7ea9,c1,c4,688,?,p1,
1768592376.7577727,FORWARDED,e31d1598-0e53-4165-87ce-0d2ea68a67f0,6154cbf0-efbe-4248-9856-02e14b7e7ea9,c1,c4,688,?,p1,
1768592376.7937849,RECEIVED,4178ce2d-8a71-4a96-9ffc-9cc30e2b2a88,064957bb-88f4-4044-9001-86dd01576ced,c3,c2,1019,i9,?,
1768592376.8463912,RECEIVED,0666513a-0712-4c05-85a1-51f176f49764,af728ede-7dcb-4ec4-acb6-31dec032a8cb,c2,c3,1024,i12,?,
1768592376.8603296,RECEIVED,da7072a3-42c5-49b1-a1f5-254ae6eb29c2,9997fe0d-68d1-43cc-b1e0-7859002d8829,c4,c3,1012,i4,?,
1768592376.959795,SENT,ee9ee029-1305-4bed-be01-f3f38021b5fe,0858b864-ac2c-4f3c-bf65-b7a5bc3114b4,c5,c2,687,?,p2,
1768592376.9598336,FORWARDED,ee9ee029-1305-4bed-be01-f3f38021b5fe,0858b864-ac2c-4f3c-bf65-b7a5bc3114b4,c5,c2,687,?,p2,
1768592376.987153,SENT,da7072a3-42c5-49b1-a1f5-254ae6eb29c2,9997fe0d-68d1-43cc-b1e0-7859002d8829,c4,c3,687,?,p3,
1768592376.9871933,FORWARDED,da7072a3-42c5-49b1-a1f5-254ae6eb29c2,9997fe0d-68d1-43cc-b1e0-7859002d8829,c4,c3,687,?,p3,
1768592377.1104112,SENT,0666513a-0712-4c05-85a1-51f176f49764,af728ede-7dcb-4ec4-acb6-31dec032a8cb,c2,c3,696,?,p3,
1768592377.110453,FORWARDED,0666513a-0712-4c05-85a1-51f176f49764,af728ede-7dcb-4ec4-acb6-31dec032a8cb,c2,c3,696,?,p3,
1768592377.3048341,SENT,4178ce2d-8a71-4a96-9ffc-9cc30e2b2a88,064957bb-88f4-4044-9001-86dd01576ced,c3,c2,691,?,p2,
1768592377.3048756,FORWARDED,4178ce2d-8a71-4a96-9ffc-9cc30e2b2a88,064957bb-88f4-4044-9001-86dd01576ced,c3,c2,691,?,p2,
1768592377.3097444,RECEIVED,b9544926-1d56-4c23-84cf-62b1c88c54a4,f97c6219-09ee-4fd8-b1ed-e8a10f721b62,c4,c3,1010,i5,?,
1768592377.4906833,SENT,ebfb3120-3118-4aec-aee7-a48637b60c6f,3452a15e-08c4-430e-a03f-70945e01d51a,c4,DROP,441,?,e7,
1768592377.4907317,FORWARDED,ebfb3120-3118-4aec-aee7-a48637b60c6f,3452a15e-08c4-430e-a03f-70945e01d51a,c4,DROP,441,?,e7,
1768592377.582935,RECEIVED,307f64f4-f348-43cf-bb9a-253e40142a5f,d34cb3bb-3b83-467e-a144-97e457b4f8f9,c1,c5,1012,i4,?,
1768592377.6390948,RECEIVED,d1761bd8-8631-4bd2-8bfd-46366a36fd49,cd74274f-2dab-4f5d-8dc4-de57812a7d89,c1,c5,1011,i8,?,
1768592377.8317575,RECEIVED,64b2f986-b846-49e3-8978-5bde02dacbdf,93606ec7-10ac-4fac-ad32-021f1de61ef6,c2,c1,1022,i11,?,
1768592377.8389566,SENT,902daeb9-9a67-4be8-9646-ded82bc69402,010c77fc-194c-4923-87ad-f54040dec836,c3,c4,688,?,p1,
1768592377.8389974,FORWARDED,902daeb9-9a67-4be8-9646-ded82bc69402,010c77fc-194c-4923-87ad-f54040dec836,c3,c4,688,?,p1,
1768592377.844922,SENT,307f64f4-f348-43cf-bb9a-253e40142a5f,d34cb3bb-3b83-467e-a144-97e457b4f8f9,c1,c5,687,?,p2,
1768592377.8449621,FORWARDED,307f64f4-f348-43cf-bb9a-253e40142a5f,d34cb3bb-3b83-467e-a144-97e457b4f8f9,c1,c5,687,?,p2,
1768592378.155151,RECEIVED,9d72c95e-bfe4-4c81-b2e2-055cb84c2d58,71c43bdc-43b0-4020-8414-7116096454cb,c2,c4,1015,i11,?,
1768592378.449561,SENT,64b2f986-b846-49e3-8978-5bde02dacbdf,93606ec7-10ac-4fac-ad32-021f1de61ef6,c2,c1,695,?,p1,
1768592378.4496205,FORWARDED,64b2f986-b846-49e3-8978-5bde02dacbdf,93606ec7-10ac-4fac-ad32-021f1de61ef6,c2,c1,695,?,p1,
1768592378.5251718,SENT,d1761bd8-8631-4bd2-8bfd-46366a36fd49,cd74274f-2dab-4f5d-8dc4-de57812a7d89,c1,c5,687,?,p2,
1768592378.5252113,FORWARDED,d1761bd8-8631-4bd2-8bfd-46366a36fd49,cd74274f-2dab-4f5d-8dc4-de57812a7d89,c1,c5,687,?,p2,
1768592378.5381527,RECEIVED,d5c9c275-2af4-4cf8-a306-271d7627e266,f5a8fdc1-18f2-41ed-b7ab-cd00272306bf,c4,c3,1019,i12,?,
1768592378.5731885,SENT,b9544926-1d56-4c23-84cf-62b1c88c54a4,f97c6219-09ee-4fd8-b1ed-e8a10f721b62,c4,c3,687,?,p3,
1768592378.5732305,FORWARDED,b9544926-1d56-4c23-84cf-62b1c88c54a4,f97c6219-09ee-4fd8-b1ed-e8a10f721b62,c4,c3,687,?,p3,
1768592378.7476764,SENT,d5c9c275-2af4-4cf8-a306-271d7627e266,f5a8fdc1-18f2-41ed-b7ab-cd00272306bf,c4,c3,691,?,p3,
1768592378.747719,FORWARDED,d5c9c275-2af4-4cf8-a306-271d7627e266,f5a8fdc1-18f2-41ed-b7ab-cd00272306bf,c4,c3,691,?,p3,
1768592379.013932,SENT,9d72c95e-bfe4-4c81-b2e2-055cb84c2d58,71c43bdc-43b0-4020-8414-7116096454cb,c2,c4,688,?,p1,
1768592379.0139697,FORWARDED,9d72c95e-bfe4-4c81-b2e2-055cb84c2d58,71c43bdc-43b0-4020-8414-7116096454cb,c2,c4,688,?,p1,
1768592379.3111608,RECEIVED,c4743891-0903-4ad4-9a71-58d6fca705de,15e53ff8-ac11-4d11-b7a7-0e03c11931cf,c2,c4,1024,i11,?,
1768592379.373786,RECEIVED,a19c6778-2d21-43f7-ad9c-1a364f6b6ad6,55bd2827-b304-4462-8ab7-0770987e7c55,c4,c5,1015,i2,?,
1768592379.413574,RECEIVED,439e7b8c-78fb-44a8-b66e-1189e280e769,61661976-92c7-4647-9728-0befdce35832,c4,c1,1011,i4,?,
1768592379.436476,RECEIVED,20e9f472-4d7e-4908-a3f7-2a7af9528ecd,96d4976b-997c-4811-8fa6-e81e148d52eb,c5,c1,1027,i11,?,
1768592379.581331,RECEIVED,3407e2c6-f9c4-435c-a8f3-feed7d212d33,86f69d5a-ace3-40fc-a97b-0c72f19de1b1,c1,c2,1015,i7,?,
1768592379.7488086,SENT,c4743891-0903-4ad4-9a71-58d6fca705de,15e53ff8-ac11-4d11-b7a7-0e03c11931cf,c2,c4,695,?,p1,
1768592379.7488515,FORWARDED,c4743891-0903-4ad4-9a71-58d6fca705de,15e53ff8-ac11-4d11-b7a7-0e03c11931cf,c2,c4,695,?,p1,
1768592379.8169444,RECEIVED,ec7c5f81-39bb-45bc-a34b-79d4e35fc8aa,44d7ade1-826e-4faf-a844-cc8c8e29a3e1,c5,c1,1019,i4,?,
1768592379.8419352,SENT,20e9f472-4d7e-4908-a3f7-2a7af9528ecd,96d4976b-997c-4811-8fa6-e81e148d52eb,c5,c1,697,?,p1,
1768592379.841978,FORWARDED,20e9f472-4d7e-4908-a3f7-2a7af9528ecd,96d4976b-997c-4811-8fa6-e81e148d52eb,c5,c1,697,?,p1,
1768592379.9334838,RECEIVED,59cc9483-4884-4797-934a-6da03a2fd8a2,6f22a07e-20ff-443e-9b5f-1d733d57cbab,c1,c5,1012,i4,?,
1768592380.0242224,SENT,a19c6778-2d21-43f7-ad9c-1a364f6b6ad6,55bd2827-b304-4462-8ab7-0770987e7c55,c4,c5,689,?,p2,
1768592380.0242639,FORWARDED,a19c6778-2d21-43f7-ad9c-1a364f6b6ad6,55bd2827-b304-4462-8ab7-0770987e7c55,c4,c5,689,?,p2,
1768592380.1319714,SENT,59cc9483-4884-4797-934a-6da03a2fd8a2,6f22a07e-20ff-443e-9b5f-1d733d57cbab,c1,c5,687,?,p2,
1768592380.1320133,FORWARDED,59cc9483-4884-4797-934a-6da03a2fd8a2,6f22a07e-20ff-443e-9b5f-1d733d57cbab,c1,c5,687,?,p2,
1768592380.3136246,RECEIVED,ef913a9c-6daa-436e-90f7-80852ee0edfb,73d89dea-1400-4a67-8d8c-650c95e51830,c1,c3,1023,i12,?,
1768592380.517954,RECEIVED,2ca74655-387e-4ab5-8b68-054558bd92c0,7bdcfe33-420e-4b59-a7fd-27984b5d7ab9,c1,c4,1019,i11,?,
1768592380.5342014,RECEIVED,f96b3cf6-7549-48fe-8a44-fb3a8ab8ab22,9bc26226-2c5b-490f-80b0-7138bc84f77b,c5,c3,1019,i6,?,
1768592380.5809765,RECEIVED,58ae5869-7b26-4b20-8b36-0e2ad7ff0ab7,4e3bbfc4-8faf-4f70-9db8-55afeab3ea90,c4,c1,1020,i12,?,
1768592380.5947335,SENT,f96b3cf6-7549-48fe-8a44-fb3a8ab8ab22,9bc26226-2c5b-490f-80b0-7138bc84f77b,c5,c3,692,?,p3,
1768592380.5947745,FORWARDED,f96b3cf6-7549-48fe-8a44-fb3a8ab8ab22,9bc26226-2c5b-490f-80b0-7138bc84f77b,c5,c3,692,?,p3,
1768592380.596422,SENT,439e7b8c-78fb-44a8-b66e-1189e280e769,61661976-92c7-4647-9728-0befdce35832,c4,c1,687,?,p1,
1768592380.5964608,FORWARDED,439e7b8c-78fb-44a8-b66e-1189e280e769,61661976-92c7-4647-9728-0befdce35832,c4,c1,687,?,p1,
1768592380.754368,SENT,ec7c5f81-39bb-45bc-a34b-79d4e35fc8aa,44d7ade1-826e-4faf-a844-cc8c8e29a3e1,c5,c1,692,?,p1,
1768592380.7544098,FORWARDED,ec7c5f81-39bb-45bc-a34b-79d4e35fc8aa,44d7ade1-826e-4faf-a844-cc8c8e29a3e1,c5,c1,692,?,p1,
1768592380.7945395,SENT,2ca74655-387e-4ab5-8b68-054558bd92c0,7bdcfe33-420e-4b59-a7fd-27984b5d7ab9,c1,c4,692,?,p1,
1768592380.7945936,FORWARDED,2ca74655-387e-4ab5-8b68-054558bd92c0,7bdcfe33-420e-4b59-a7fd-27984b5d7ab9,c1,c4,692,?,p1,
1768592380.8981032,SENT,58ae5869-7b26-4b20-8b36-0e2ad7ff0ab7,4e3bbfc4-8faf-4f70-9db8-55afeab3ea90,c4,c1,692,?,p1,
1768592380.8981419,FORWARDED,58ae5869-7b26-4b20-8b36-0e2ad7ff0ab7,4e3bbfc4-8faf-4f70-9db8-55afeab3ea90,c4,c1,692,?,p1,
1768592380.9718175,SENT,3407e2c6-f9c4-435c-a8f3-feed7d212d33,86f69d5a-ace3-40fc-a97b-0c72f19de1b1,c1,c2,688,?,p2,
1768592380.9718592,FORWARDED,3407e2c6-f9c4-435c-a8f3-feed7d212d33,86f69d5a-ace3-40fc-a97b-0c72f19de1b1,c1,c2,688,?,p2,
1768592380.996833,RECEIVED,648b64cf-1c34-4efb-b2fb-8bc6b37f2f0f,b2502114-fe28-4017-bd0d-49bae681f74b,c5,c2,1011,i5,?,
1768592381.0039363,RECEIVED,19260d10-a8e2-46f7-951b-ec5720057ca4,ab75f763-7dd2-40d2-8e5a-51bae727c82f,c5,c3,1016,i12,?,
1768592381.109513,SENT,ef913a9c-6daa-436e-90f7-80852ee0edfb,73d89dea-1400-4a67-8d8c-650c95e51830,c1,c3,695,?,p3,
1768592381.1095552,FORWARDED,ef913a9c-6daa-436e-90f7-80852ee0edfb,73d89dea-1400-4a67-8d8c-650c95e51830,c1,c3,695,?,p3,
1768592381.1264722,SENT,19260d10-a8e2-46f7-951b-ec5720057ca4,ab75f763-7dd2-40d2-8e5a-51bae727c82f,c5,c3,688,?,p3,
1768592381.126513,FORWARDED,19260d10-a8e2-46f7-951b-ec5720057ca4,ab75f763-7dd2-40d2-8e5a-51bae727c82f,c5,c3,688,?,p3,
1768592381.1691453,RECEIVED,f8673fff-fb42-4637-9a74-178823732bc3,f7036a74-6cf7-4c8f-a732-f5f37269e8c1,c3,c2,1019,i8,?,
1768592381.184596,RECEIVED,91a4d2ac-7d9e-4a86-9f8a-b8e8cba3402c,971543d9-be0b-46c8-b257-e77423d46fe6,c4,c2,1011,i11,?,
1768592381.1953683,RECEIVED,6ece82db-50ee-4586-8e31-8a1785d10ae5,610ebe09-b631-4c40-98c3-bc3b4d0c26a4,c3,c5,1011,i4,?,
1768592381.2756283,SENT,648b64cf-1c34-4efb-b2fb-8bc6b37f2f0f,b2502114-fe28-4017-bd0d-49bae681f74b,c5,c2,687,?,p2,
1768592381.2756739,FORWARDED,648b64cf-1c34-4efb-b2fb-8bc6b37f2f0f,b2502114-fe28-4017-bd0d-49bae681f74b,c5,c2,687,?,p2,
1768592381.3013473,RECEIVED,93ad495a-9821-4ab1-b6a7-bb121d738d42,39312007-de81-4db1-a27d-08a113b75dd1,c2,c3,1022,i12,?,
1768592381.4572108,RECEIVED,234451e9-ccde-46de-a7ad-a55287a84dd2,a76537f8-278a-448e-887c-8647ffc2060e,c5,c4,1016,i8,?,
1768592381.5577536,RECEIVED,929104ed-91ee-4c93-9d2b-e21547cc1bd5,67705fdd-4e52-4a1e-a950-80669ecdb815,c5,DROP,685,i8,?,
1768592381.5775757,SENT,929104ed-91ee-4c93-9d2b-e21547cc1bd5,67705fdd-4e52-4a1e-a950-80669ecdb815,c5,DROP,441,?,x4,
1768592381.577615,FORWARDED,929104ed-91ee-4c93-9d2b-e21547cc1bd5,67705fdd-4e52-4a1e-a950-80669ecdb815,c5,DROP,441,?,x4,
1768592381.6307456,SENT,234451e9-ccde-46de-a7ad-a55287a84dd2,a76537f8-278a-448e-887c-8647ffc2060e,c5,c4,688,?,p1,
1768592381.6307878,FORWARDED,234451e9-ccde-46de-a7ad-a55287a84dd2,a76537f8-278a-448e-887c-8647ffc2060e,c5,c4,688,?,p1,
1768592381.8120615,SENT,91a4d2ac-7d9e-4a86-9f8a-b8e8cba3402c,971543d9-be0b-46c8-b257-e77423d46fe6,c4,c2,686,?,p2,
1768592381.8121042,FORWARDED,91a4d2ac-7d9e-4a86-9f8a-b8e8cba3402c,971543d9-be0b-46c8-b257-e77423d46fe6,c4,c2,686,?,p2,
1768592381.938105,SENT,f8673fff-fb42-4637-9a74-178823732bc3,f7036a74-6cf7-4c8f-a732-f5f37269e8c1,c3,c2,692,?,p2,
1768592381.9381416,FORWARDED,f8673fff-fb42-4637-9a74-178823732bc3,f7036a74-6cf7-4c8f-a732-f5f37269e8c1,c3,c2,692,?,p2,
1768592381.964271,RECEIVED,659513da-8e55-411e-9f50-dc99d94b217f,cb1f189c-4185-4b98-96d6-75437e94ed9e,c4,c2,1016,i2,?,
1768592382.0293,RECEIVED,86a40128-93e3-4b3d-822a-b62104c7233d,8ac525f4-c746-4508-a712-30bd7f774590,c3,DROP,683,i12,?,
1768592382.0529804,SENT,6ece82db-50ee-4586-8e31-8a1785d10ae5,610ebe09-b631-4c40-98c3-bc3b4d0c26a4,c3,c5,687,?,p2,
1768592382.053022,FORWARDED,6ece82db-50ee-4586-8e31-8a1785d10ae5,610ebe09-b631-4c40-98c3-bc3b4d0c26a4,c3,c5,687,?,p2,
1768592382.067764,SENT,659513da-8e55-411e-9f50-dc99d94b217f,cb1f189c-4185-4b98-96d6-75437e94ed9e,c4,c2,689,?,p2,
1768592382.0678062,FORWARDED,659513da-8e55-411e-9f50-dc99d94b217f,cb1f189c-4185-4b98-96d6-75437e94ed9e,c4,c2,689,?,p2,
1768592382.3266587,RECEIVED,745570e3-f03f-4e5d-be76-0f62f836bb03,d3d8141c-86b1-4eb5-bd9d-e007b4080822,c4,c5,1012,i4,?,
1768592382.3393376,SENT,86a40128-93e3-4b3d-822a-b62104c7233d,8ac525f4-c746-4508-a712-30bd7f774590,c3,DROP,441,?,e2,
1768592382.3393784,FORWARDED,86a40128-93e3-4b3d-822a-b62104c7233d,8ac525f4-c746-4508-a712-30bd7f774590,c3,DROP,441,?,e2,
1768592382.3600984,SENT,745570e3-f03f-4e5d-be76-0f62f836bb03,d3d8141c-86b1-4eb5-bd9d-e007b4080822,c4,c5,686,?,p2,
1768592382.360144,FORWARDED,745570e3-f03f-4e5d-be76-0f62f836bb03,d3d8141c-86b1-4eb5-bd9d-e007b4080822,c4,c5,686,?,p2,
1768592382.4262311,RECEIVED,25b0053d-4362-403b-b001-81e44bd65aec,1faee048-3e8b-4b2b-ae2b-f6f31a5c1006,c5,c4,1015,i8,?,
1768592382.4906802,RECEIVED,1104781d-67c8-4713-9b8a-69913dffa2a6,bbe2c0d7-5387-4a9f-8016-1bf35c2294fc,c4,DROP,687,i5,?,
1768592382.7229228,RECEIVED,966b8726-aa44-428d-85f4-133c51f870d2,d86bdc7a-f65a-41d2-b2b5-359c3308d09b,c5,c4,1024,i11,?,
1768592382.815666,SENT,966b8726-aa44-428d-85f4-133c51f870d2,d86bdc7a-f65a-41d2-b2b5-359c3308d09b,c5,c4,695,?,p1,
1768592382.8157082,FORWARDED,966b8726-aa44-428d-85f4-133c51f870d2,d86bdc7a-f65a-41d2-b2b5-359c3308d09b,c5,c4,695,?,p1,
1768592382.8819883,SENT,25b0053d-4362-403b-b001-81e44bd65aec,1faee048-3e8b-4b2b-ae2b-f6f31a5c1006,c5,c4,688,?,p1,
1768592382.8820314,FORWARDED,25b0053d-4362-403b-b001-81e44bd65aec,1faee048-3e8b-4b2b-ae2b-f6f31a5c1006,c5,c4,688,?,p1,
1768592383.0342543,SENT,93ad495a-9821-4ab1-b6a7-bb121d738d42,39312007-de81-4db1-a27d-08a113b75dd1,c2,c3,696,?,p3,
1768592383.034321,FORWARDED,93ad495a-9821-4ab1-b6a7-bb121d738d42,39312007-de81-4db1-a27d-08a113b75dd1,c2,c3,696,?,p3,
1768592383.092351,SENT,1104781d-67c8-4713-9b8a-69913dffa2a6,bbe2c0d7-5387-4a9f-8016-1bf35c2294fc,c4,DROP,442,?,x3,
1768592383.0923972,FORWARDED,1104781d-67c8-4713-9b8a-69913dffa2a6,bbe2c0d7-5387-4a9f-8016-1bf35c2294fc,c4,DROP,442,?,x3,
1768592383.1040819,RECEIVED,9d575d20-a12a-4f2e-adde-95fcd81ff7cf,818661e9-ed31-42a8-be99-ecc7189d36ce,c5,c3,1016,i5,?,
1768592383.3608158,SENT,9d575d20-a12a-4f2e-adde-95fcd81ff7cf,818661e9-ed31-42a8-be99-ecc7189d36ce,c5,c3,688,?,p3,
1768592383.3608572,FORWARDED,9d575d20-a12a-4f2e-adde-95fcd81ff7cf,818661e9-ed31-42a8-be99-ecc7189d36ce,c5,c3,688,?,p3,
1768592383.922625,RECEIVED,12a536e0-070e-4d1f-84a7-46479dffdfd0,66e27fed-ded6-471d-9649-f7851a3ca520,c5,c1,1019,i5,?,
1768592383.9798498,RECEIVED,6e41237e-c2df-4eb5-ab91-efee452c6bd6,c8651ceb-c87b-46ac-9675-81fa37f0b5f2,c1,c3,1016,i7,?,
1768592384.036913,RECEIVED,144f3713-6695-4348-931a-e51877c73e35,1b09a250-d86e-4b58-9f77-85ac44704273,c2,c4,1011,i4,?,
1768592384.0914025,SENT,6e41237e-c2df-4eb5-ab91-efee452c6bd6,c8651ceb-c87b-46ac-9675-81fa37f0b5f2,c1,c3,689,?,p3,
1768592384.0914433,FORWARDED,6e41237e-c2df-4eb5-ab91-efee452c6bd6,c8651ceb-c87b-46ac-9675-81fa37f0b5f2,c1,c3,689,?,p3,
1768592384.2173755,SENT,144f3713-6695-4348-931a-e51877c73e35,1b09a250-d86e-4b58-9f77-85ac44704273,c2,c4,687,?,p1,
1768592384.217418,FORWARDED,144f3713-6695-4348-931a-e51877c73e35,1b09a250-d86e-4b58-9f77-85ac44704273,c2,c4,687,?,p1,
1768592384.314613,SENT,12a536e0-070e-4d1f-84a7-46479dffdfd0,66e27fed-ded6-471d-9649-f7851a3ca520,c5,c1,691,?,p1,
1768592384.3146474,FORWARDED,12a536e0-070e-4d1f-84a7-46479dffdfd0,66e27fed-ded6-471d-9649-f7851a3ca520,c5,c1,691,?,p1,
1768592384.6266391,RECEIVED,d39b960e-16e8-401f-8940-23c81e158172,80eb7efc-6750-46a4-b85c-8ff5d71f1ace,c2,c4,1012,i9,?,
1768592384.7123082,RECEIVED,58a89006-3e2a-42bf-92b1-5a3d4e951292,8839be86-1cae-4aba-8144-e1899070ab18,c1,c2,1016,i6,?,
1768592384.830653,SENT,d39b960e-16e8-401f-8940-23c81e158172,80eb7efc-6750-46a4-b85c-8ff5d71f1ace,c2,c4,687,?,p1,
1768592384.8306952,FORWARDED,d39b960e-16e8-401f-8940-23c81e158172,80eb7efc-6750-46a4-b85c-8ff5d71f1ace,c2,c4,687,?,p1,
1768592384.8631651,RECEIVED,e206c4a9-029a-4ca0-b0f3-630f8112f5ce,9df19cb3-6732-461d-bd9e-434a513d420e,c2,DROP,683,i6,?,
1768592384.8712294,SENT,58a89006-3e2a-42bf-92b1-5a3d4e951292,8839be86-1cae-4aba-8144-e1899070ab18,c1,c2,688,?,p2,
1768592384.87127,FORWARDED,58a89006-3e2a-42bf-92b1-5a3d4e951292,8839be86-1cae-4aba-8144-e1899070ab18,c1,c2,688,?,p2,
1768592384.9246175,RECEIVED,a007a53d-bca2-4148-97a3-8a950e4a111c,0e64b752-6160-4273-a0d4-7220c47c9ed1,c3,c4,1019,i11,?,
1768592385.0093026,RECEIVED,0814ee70-83cc-4afc-b592-c3be6bdd481c,62533020-53ae-4356-bdd0-98fbbc37c110,c2,DROP,684,i8,?,
1768592385.4994667,SENT,e206c4a9-029a-4ca0-b0f3-630f8112f5ce,9df19cb3-6732-461d-bd9e-434a513d420e,c2,DROP,441,?,x3,
1768592385.4995096,FORWARDED,e206c4a9-029a-4ca0-b0f3-630f8112f5ce,9df19cb3-6732-461d-bd9e-434a513d420e,c2,DROP,441,?,x3,
1768592385.7592962,RECEIVED,e21c3d4d-ce5c-4e05-a962-e3381e272737,c91fc027-9cca-40f4-bc61-2552702ec12e,c3,c1,1016,i11,?,
1768592385.7710278,RECEIVED,85ef6e1e-a1d0-4529-8e21-e3683a47a230,87a1803f-dab2-40a1-ac9f-ecab7ba15005,c5,c3,1020,i12,?,
1768592385.774395,SENT,0814ee70-83cc-4afc-b592-c3be6bdd481c,62533020-53ae-4356-bdd0-98fbbc37c110,c2,DROP,441,?,x12,
1768592385.7744358,FORWARDED,0814ee70-83cc-4afc-b592-c3be6bdd481c,62533020-53ae-4356-bdd0-98fbbc37c110,c2,DROP,441,?,x12,
1768592385.784114,SENT,e21c3d4d-ce5c-4e05-a962-e3381e272737,c91fc027-9cca-40f4-bc61-2552702ec12e,c3,c1,689,?,p1,
1768592385.7841535,FORWARDED,e21c3d4d-ce5c-4e05-a962-e3381e272737,c91fc027-9cca-40f4-bc61-2552702ec12e,c3,c1,689,?,p1,
1768592385.8707147,SENT,85ef6e1e-a1d0-4529-8e21-e3683a47a230,87a1803f-dab2-40a1-ac9f-ecab7ba15005,c5,c3,692,?,p3,
1768592385.870754,FORWARDED,85ef6e1e-a1d0-4529-8e21-e3683a47a230,87a1803f-dab2-40a1-ac9f-ecab7ba15005,c5,c3,692,?,p3,
1768592385.918514,SENT,a007a53d-bca2-4148-97a3-8a950e4a111c,0e64b752-6160-4273-a0d4-7220c47c9ed1,c3,c4,691,?,p1,
1768592385.9185627,FORWARDED,a007a53d-bca2-4148-97a3-8a950e4a111c,0e64b752-6160-4273-a0d4-7220c47c9ed1,c3,c4,691,?,p1,
1768592386.1787024,RECEIVED,33a30a7f-973e-47dd-9606-f1bc1c4843e2,d2ade536-fc22-4d4d-89d0-ed18d5477691,c5,c4,1009,i12,?,
1768592386.7367473,RECEIVED,762a7ee6-3494-4bfe-977b-50ea77948da2,efb58e00-f4b2-47af-9f19-68021c6e348c,c5,c2,1012,i4,?,
1768592386.9074676,RECEIVED,b93879e7-c7ce-4b0d-989f-75928acbf2c9,df400536-716a-425f-8b97-0eadafbff54e,c5,c3,1015,i8,?,
1768592387.0470862,SENT,b93879e7-c7ce-4b0d-989f-75928acbf2c9,df400536-716a-425f-8b97-0eadafbff54e,c5,c3,688,?,p3,
1768592387.0471275,FORWARDED,b93879e7-c7ce-4b0d-989f-75928acbf2c9,df400536-716a-425f-8b97-0eadafbff54e,c5,c3,688,?,p3,
1768592387.109381,RECEIVED,59c236f0-879e-4b45-a0cc-7a49a7b532fc,cf4a331f-98a4-456d-b24c-dfcc6bd4dd5a,c4,c2,1019,i4,?,
1768592387.1167042,SENT,762a7ee6-3494-4bfe-977b-50ea77948da2,efb58e00-f4b2-47af-9f19-68021c6e348c,c5,c2,687,?,p2,
1768592387.1169498,FORWARDED,762a7ee6-3494-4bfe-977b-50ea77948da2,efb58e00-f4b2-47af-9f19-68021c6e348c,c5,c2,687,?,p2,
1768592387.165206,RECEIVED,ad2a9176-5322-48a6-acf5-e42ea5b0531a,cdab0145-ca72-4123-8fa7-859efda0da2b,c5,DROP,689,i4,?,
1768592387.2182298,SENT,ad2a9176-5322-48a6-acf5-e42ea5b0531a,cdab0145-ca72-4123-8fa7-859efda0da2b,c5,DROP,442,?,x5,
1768592387.2182689,FORWARDED,ad2a9176-5322-48a6-acf5-e42ea5b0531a,cdab0145-ca72-4123-8fa7-859efda0da2b,c5,DROP,442,?,x5,
1768592387.3022633,SENT,59c236f0-879e-4b45-a0cc-7a49a7b532fc,cf4a331f-98a4-456d-b24c-dfcc6bd4dd5a,c4,c2,691,?,p2,
1768592387.302307,FORWARDED,59c236f0-879e-4b45-a0cc-7a49a7b532fc,cf4a331f-98a4-456d-b24c-dfcc6bd4dd5a,c4,c2,691,?,p2,
1768592387.320035,RECEIVED,7324a63f-e718-49b0-85a6-1fce2ca6f7b7,a4aa6ab4-5a73-4786-a13c-f4032abb25c9,c4,c5,1027,i8,?,
1768592387.3350215,SENT,33a30a7f-973e-47dd-9606-f1bc1c4843e2,d2ade536-fc22-4d4d-89d0-ed18d5477691,c5,c4,687,?,p1,
1768592387.3350759,FORWARDED,33a30a7f-973e-47dd-9606-f1bc1c4843e2,d2ade536-fc22-4d4d-89d0-ed18d5477691,c5,c4,687,?,p1,
1768592387.9059863,RECEIVED,6ab7db9f-6193-42aa-87f1-3f076ad74007,cc85e102-3254-4ac1-ac5e-5b4bc8163c8b,c3,c5,1015,i4,?,
1768592387.92452,RECEIVED,587c4b02-cc12-42ca-a5e6-4e8aa2e7759b,34c91b72-e364-48a6-bce9-5ce5b9422bd8,c3,DROP,441,x3,?,
1768592388.1167872,SENT,6ab7db9f-6193-42aa-87f1-3f076ad74007,cc85e102-3254-4ac1-ac5e-5b4bc8163c8b,c3,c5,689,?,p2,
1768592388.1168249,FORWARDED,6ab7db9f-6193-42aa-87f1-3f076ad74007,cc85e102-3254-4ac1-ac5e-5b4bc8163c8b,c3,c5,689,?,p2,
1768592388.1390305,SENT,7324a63f-e718-49b0-85a6-1fce2ca6f7b7,a4aa6ab4-5a73-4786-a13c-f4032abb25c9,c4,c5,697,?,p2,
1768592388.1390853,FORWARDED,7324a63f-e718-49b0-85a6-1fce2ca6f7b7,a4aa6ab4-5a73-4786-a13c-f4032abb25c9,c4,c5,697,?,p2,
1768592388.1725583,RECEIVED,1e56d8d5-63c6-497c-9ed0-b94ec19f9937,96678193-0984-4bd3-8bdd-78aa7e776e89,c3,c2,1015,i2,?,
1768592388.19836,RECEIVED,81563fdd-1857-42c7-8140-8956ac1aa93a,6d50c90b-6461-42a7-bde1-af2021443991,c5,DROP,689,i6,?,
1768592388.2405317,SENT,81563fdd-1857-42c7-8140-8956ac1aa93a,6d50c90b-6461-42a7-bde1-af2021443991,c5,DROP,442,?,i2,
1768592388.2405722,FORWARDED,81563fdd-1857-42c7-8140-8956ac1aa93a,6d50c90b-6461-42a7-bde1-af2021443991,c5,DROP,442,?,i2,
1768592388.278456,RECEIVED,b6a1b2ce-eb47-403f-8afe-6a71c6e160b2,288acbca-2c93-4548-824c-e59098dc01f3,c1,c5,1020,i11,?,
1768592388.2880278,RECEIVED,16ef1478-55b3-42f1-a252-eddbee490bb6,5761b9cb-ecb1-43ed-9f34-9cf9f3ff9c85,c1,c3,1012,i11,?,
1768592388.346859,RECEIVED,2057d81c-f2d7-4dda-93bb-53ee6c43ac06,f66a27ee-a4b9-470b-8062-09b02daa0d36,c1,c2,1013,i4,?,
1768592388.4316375,SENT,2057d81c-f2d7-4dda-93bb-53ee6c43ac06,f66a27ee-a4b9-470b-8062-09b02daa0d36,c1,c2,687,?,p2,
1768592388.431679,FORWARDED,2057d81c-f2d7-4dda-93bb-53ee6c43ac06,f66a27ee-a4b9-470b-8062-09b02daa0d36,c1,c2,687,?,p2,
1768592388.4401474,SENT,16ef1478-55b3-42f1-a252-eddbee490bb6,5761b9cb-ecb1-43ed-9f34-9cf9f3ff9c85,c1,c3,687,?,p3,
1768592388.4401875,FORWARDED,16ef1478-55b3-42f1-a252-eddbee490bb6,5761b9cb-ecb1-43ed-9f34-9cf9f3ff9c85,c1,c3,687,?,p3,
1768592388.500182,SENT,b6a1b2ce-eb47-403f-8afe-6a71c6e160b2,288acbca-2c93-4548-824c-e59098dc01f3,c1,c5,692,?,p2,
1768592388.500223,FORWARDED,b6a1b2ce-eb47-403f-8afe-6a71c6e160b2,288acbca-2c93-4548-824c-e59098dc01f3,c1,c5,692,?,p2,
1768592388.6270409,RECEIVED,c655e766-0316-4c3d-9f6c-6320b632c010,3d020e29-4a5d-4dff-b000-e28b53aa0edf,c2,c1,1019,i2,?,
1768592388.7404408,RECEIVED,8bdd1242-57f5-420a-a700-32225f8e821f,63098e1c-1d1c-4a0d-b767-8d8f653b9b01,c3,c2,1019,i11,?,
1768592388.7661333,RECEIVED,f19ecf3d-fe07-4679-adb1-6dae0609dac6,0b4b2563-7482-4ad5-a836-aee3f2bf7ba6,c2,c1,1012,i5,?,
1768592388.9343624,SENT,1e56d8d5-63c6-497c-9ed0-b94ec19f9937,96678193-0984-4bd3-8bdd-78aa7e776e89,c3,c2,688,?,p2,
1768592388.934405,FORWARDED,1e56d8d5-63c6-497c-9ed0-b94ec19f9937,96678193-0984-4bd3-8bdd-78aa7e776e89,c3,c2,688,?,p2,
1768592388.978,RECEIVED,a153a1a3-d00c-4f41-98b9-493abd899517,91429563-0778-44d6-acdc-4d33f46bedb8,c2,c1,1016,i2,?,
1768592389.103864,SENT,a153a1a3-d00c-4f41-98b9-493abd899517,91429563-0778-44d6-acdc-4d33f46bedb8,c2,c1,689,?,p1,
1768592389.1039057,FORWARDED,a153a1a3-d00c-4f41-98b9-493abd899517,91429563-0778-44d6-acdc-4d33f46bedb8,c2,c1,689,?,p1,
1768592389.238125,RECEIVED,8cdcc5b3-877b-4e5c-bfbe-843a313c17f1,b3662715-f7a7-4835-b2d1-c126660f5fdb,c4,c1,1012,i9,?,
1768592389.2647767,SENT,f19ecf3d-fe07-4679-adb1-6dae0609dac6,0b4b2563-7482-4ad5-a836-aee3f2bf7ba6,c2,c1,687,?,p1,
1768592389.2648187,FORWARDED,f19ecf3d-fe07-4679-adb1-6dae0609dac6,0b4b2563-7482-4ad5-a836-aee3f2bf7ba6,c2,c1,687,?,p1,
1768592389.330349,RECEIVED,bc6b87ca-e3c7-4ca4-a672-8bf157590ad9,f40a2408-815a-4251-8640-09724c3c0dad,c4,c1,1024,i11,?,
1768592389.3838878,SENT,bc6b87ca-e3c7-4ca4-a672-8bf157590ad9,f40a2408-815a-4251-8640-09724c3c0dad,c4,c1,695,?,p1,
1768592389.3839293,FORWARDED,bc6b87ca-e3c7-4ca4-a672-8bf157590ad9,f40a2408-815a-4251-8640-09724c3c0dad,c4,c1,695,?,p1,
1768592389.3910754,SENT,8cdcc5b3-877b-4e5c-bfbe-843a313c17f1,b3662715-f7a7-4835-b2d1-c126660f5fdb,c4,c1,687,?,p1,
1768592389.3911169,FORWARDED,8cdcc5b3-877b-4e5c-bfbe-843a313c17f1,b3662715-f7a7-4835-b2d1-c126660f5fdb,c4,c1,687,?,p1,
1768592389.4314454,RECEIVED,2b24dae1-1ff4-45eb-a359-664a258f2a3e,9f4125e7-a65e-4281-b558-667430c3ece4,c2,c4,1011,i7,?,
1768592389.4570065,RECEIVED,f065d090-a2c0-417d-8e09-1dba6e001e2c,85b335a1-caf7-4d8d-b195-8949bdacca85,c2,c3,1019,i12,?,
1768592389.5237474,RECEIVED,95eaf39d-fed3-4031-9a14-5b838ed11b21,1d40661b-26f8-406a-8b4a-2e68bbe1a546,c4,c2,1011,i5,?,
1768592389.546334,RECEIVED,a159ef3a-97dd-4618-beb6-3b9aaacbc4a2,1d452fe1-af01-46f4-acc4-e86099787df3,c1,c2,1010,i11,?,
1768592389.5609987,RECEIVED,0b109820-1847-42c4-87cf-82b260f8a259,8868397f-2edb-40c1-b057-954ea2dbeb20,c1,c3,1020,i1,?,
1768592389.583952,RECEIVED,133df560-6c08-4206-82af-41443fd7747b,4fc73ff9-9dbe-4785-83fd-dd9ca6a81ef5,c5,c4,1011,i5,?,
1768592389.6837857,SENT,c655e766-0316-4c3d-9f6c-6320b632c010,3d020e29-4a5d-4dff-b000-e28b53aa0edf,c2,c1,691,?,p1,
1768592389.683828,FORWARDED,c655e766-0316-4c3d-9f6c-6320b632c010,3d020e29-4a5d-4dff-b000-e28b53aa0edf,c2,c1,691,?,p1,
1768592389.7501907,SENT,2b24dae1-1ff4-45eb-a359-664a258f2a3e,9f4125e7-a65e-4281-b558-667430c3ece4,c2,c4,687,?,p1,
1768592389.7502325,FORWARDED,2b24dae1-1ff4-45eb-a359-664a258f2a3e,9f4125e7-a65e-4281-b558-667430c3ece4,c2,c4,687,?,p1,
1768592389.7770417,RECEIVED,4062654f-d519-430c-a4e8-0806da32852f,408dc59e-b635-415b-b646-d743fae50477,c5,DROP,442,x6,?,
1768592389.7823784,SENT,f065d090-a2c0-417d-8e09-1dba6e001e2c,85b335a1-caf7-4d8d-b195-8949bdacca85,c2,c3,691,?,p3,
1768592389.7824192,FORWARDED,f065d090-a2c0-417d-8e09-1dba6e001e2c,85b335a1-caf7-4d8d-b195-8949bdacca85,c2,c3,691,?,p3,
1768592389.7993824,SENT,8bdd1242-57f5-420a-a700-32225f8e821f,63098e1c-1d1c-4a0d-b767-8d8f653b9b01,c3,c2,692,?,p2,
1768592389.799424,FORWARDED,8bdd1242-57f5-420a-a700-32225f8e821f,63098e1c-1d1c-4a0d-b767-8d8f653b9b01,c3,c2,692,?,p2,
1768592389.805388,SENT,0b109820-1847-42c4-87cf-82b260f8a259,8868397f-2edb-40c1-b057-954ea2dbeb20,c1,c3,692,?,p3,
1768592389.8054256,FORWARDED,0b109820-1847-42c4-87cf-82b260f8a259,8868397f-2edb-40c1-b057-954ea2dbeb20,c1,c3,692,?,p3,
1768592389.8607845,SENT,a159ef3a-97dd-4618-beb6-3b9aaacbc4a2,1d452fe1-af01-46f4-acc4-e86099787df3,c1,c2,687,?,p2,
1768592389.8608277,FORWARDED,a159ef3a-97dd-4618-beb6-3b9aaacbc4a2,1d452fe1-af01-46f4-acc4-e86099787df3,c1,c2,687,?,p2,
1768592389.901139,SENT,95eaf39d-fed3-4031-9a14-5b838ed11b21,1d40661b-26f8-406a-8b4a-2e68bbe1a546,c4,c2,687,?,p2,
1768592389.901182,FORWARDED,95eaf39d-fed3-4031-9a14-5b838ed11b21,1d40661b-26f8-406a-8b4a-2e68bbe1a546,c4,c2,687,?,p2,
1768592389.9365857,RECEIVED,f9cee95c-403f-4821-b4f6-1f432ba2d2f1,fb1bde2b-116d-4055-ae0e-f68255fc3302,c3,c5,1011,i8,?,
1768592390.133916,RECEIVED,60811d17-fc24-426f-870f-69a6dca79543,521301d9-8f3c-491d-a882-8a73e7bf462b,c4,c2,1023,i11,?,
1768592390.1449368,SENT,133df560-6c08-4206-82af-41443fd7747b,4fc73ff9-9dbe-4785-83fd-dd9ca6a81ef5,c5,c4,687,?,p1,
1768592390.1449785,FORWARDED,133df560-6c08-4206-82af-41443fd7747b,4fc73ff9-9dbe-4785-83fd-dd9ca6a81ef5,c5,c4,687,?,p1,
1768592390.3219082,SENT,f9cee95c-403f-4821-b4f6-1f432ba2d2f1,fb1bde2b-116d-4055-ae0e-f68255fc3302,c3,c5,687,?,p2,
1768592390.321959,FORWARDED,f9cee95c-403f-4821-b4f6-1f432ba2d2f1,fb1bde2b-116d-4055-ae0e-f68255fc3302,c3,c5,687,?,p2,
1768592390.5588198,SENT,60811d17-fc24-426f-870f-69a6dca79543,521301d9-8f3c-491d-a882-8a73e7bf462b,c4,c2,695,?,p2,
1768592390.5588562,FORWARDED,60811d17-fc24-426f-870f-69a6dca79543,521301d9-8f3c-491d-a882-8a73e7bf462b,c4,c2,695,?,p2,
1768592390.911673,RECEIVED,a026460a-4082-4c36-945b-5bc369ebcbe1,5f3b4b56-ee6e-4d3f-96ac-c18c49c97c53,c3,c5,1012,i7,?,
1768592391.0228348,SENT,a026460a-4082-4c36-945b-5bc369ebcbe1,5f3b4b56-ee6e-4d3f-96ac-c18c49c97c53,c3,c5,687,?,p2,
1768592391.0228875,FORWARDED,a026460a-4082-4c36-945b-5bc369ebcbe1,5f3b4b56-ee6e-4d3f-96ac-c18c49c97c53,c3,c5,687,?,p2,
1768592391.4337897,RECEIVED,2304eff1-55c3-4150-a224-7a4aa06cd7b4,979c922e-a6ff-4dd2-ab31-2995260fb34c,c1,DROP,681,i4,?,
1768592391.4450853,SENT,2304eff1-55c3-4150-a224-7a4aa06cd7b4,979c922e-a6ff-4dd2-ab31-2995260fb34c,c1,DROP,438,?,i7,
1768592391.445133,FORWARDED,2304eff1-55c3-4150-a224-7a4aa06cd7b4,979c922e-a6ff-4dd2-ab31-2995260fb34c,c1,DROP,438,?,i7,
1768592391.8411305,RECEIVED,cde07eff-9db1-424f-8856-db4807a36d52,c627f9bf-4735-43f9-952b-5f4208df3ee9,c1,c3,1015,i1,?,
1768592392.502666,RECEIVED,88970919-db9d-4226-bdc8-c3701e251f0b,cbcd2d38-72f8-4fb7-8112-dc841fcbf983,c2,c5,1011,i5,?,
1768592392.5033665,RECEIVED,bd0bae9d-b594-4a69-9228-9a7f5056336e,002cd9c8-24d9-430e-9089-f504cafbb74f,c5,DROP,687,i7,?,
1768592392.544966,RECEIVED,3b495247-176d-40fe-ad3f-85e59b78c34d,d980b7a1-87b6-413b-9f2a-c62ace382df9,c4,DROP,687,i11,?,
1768592392.5825968,RECEIVED,0abc7dd3-5964-49ac-ae0d-e78271f15f31,d2a663ca-93dc-4f4b-be9e-fb081acac4ac,c1,c4,1018,i11,?,
1768592392.8328671,RECEIVED,34256f58-0009-4b86-9aba-3d8b89ab748a,7919384b-22f2-4ddd-8c61-9a0c9c7f735c,c3,DROP,677,i7,?,
1768592393.1643958,SENT,3b495247-176d-40fe-ad3f-85e59b78c34d,d980b7a1-87b6-413b-9f2a-c62ace382df9,c4,DROP,442,?,i4,
1768592393.1644368,FORWARDED,3b495247-176d-40fe-ad3f-85e59b78c34d,d980b7a1-87b6-413b-9f2a-c62ace382df9,c4,DROP,442,?,i4,
1768592393.3746643,SENT,bd0bae9d-b594-4a69-9228-9a7f5056336e,002cd9c8-24d9-430e-9089-f504cafbb74f,c5,DROP,442,?,i4,
1768592393.3747184,FORWARDED,bd0bae9d-b594-4a69-9228-9a7f5056336e,002cd9c8-24d9-430e-9089-f504cafbb74f,c5,DROP,442,?,i4,
1768592393.4821308,SENT,cde07eff-9db1-424f-8856-db4807a36d52,c627f9bf-4735-43f9-952b-5f4208df3ee9,c1,c3,688,?,p3,
1768592393.4821887,FORWARDED,cde07eff-9db1-424f-8856-db4807a36d52,c627f9bf-4735-43f9-952b-5f4208df3ee9,c1,c3,688,?,p3,
1768592393.6102927,SENT,88970919-db9d-4226-bdc8-c3701e251f0b,cbcd2d38-72f8-4fb7-8112-dc841fcbf983,c2,c5,687,?,p2,
1768592393.610341,FORWARDED,88970919-db9d-4226-bdc8-c3701e251f0b,cbcd2d38-72f8-4fb7-8112-dc841fcbf983,c2,c5,687,?,p2,
1768592393.7820888,RECEIVED,9eb53281-29bc-49c2-92d0-eb4fa1aceb8e,dbe57c10-b62c-44b4-bd3c-6429f36719f1,c2,c4,1012,i6,?,
1768592393.8309164,RECEIVED,683303c3-b26c-460c-aeb0-a5f6baf99ea8,47f2780b-6cbe-433c-bdfa-913812377d7f,c2,DROP,688,i11,?,
1768592393.849913,RECEIVED,6311f296-bad1-432c-8d26-cc46d170875a,c3a6f796-5e55-4a24-98fb-9e505458411e,c1,c5,1016,i11,?,
1768592393.8774643,SENT,6311f296-bad1-432c-8d26-cc46d170875a,c3a6f796-5e55-4a24-98fb-9e505458411e,c1,c5,689,?,p2,
1768592393.877504,FORWARDED,6311f296-bad1-432c-8d26-cc46d170875a,c3a6f796-5e55-4a24-98fb-9e505458411e,c1,c5,689,?,p2,
1768592393.8837178,SENT,9eb53281-29bc-49c2-92d0-eb4fa1aceb8e,dbe57c10-b62c-44b4-bd3c-6429f36719f1,c2,c4,687,?,p1,
1768592393.883761,FORWARDED,9eb53281-29bc-49c2-92d0-eb4fa1aceb8e,dbe57c10-b62c-44b4-bd3c-6429f36719f1,c2,c4,687,?,p1,
1768592393.931335,RECEIVED,3a06190e-096f-4e01-9b99-35b3a6633bfe,8b7b4642-1ff4-46d4-91fe-4fb6f6e164f5,c1,c2,1012,i4,?,
1768592393.9780037,SENT,34256f58-0009-4b86-9aba-3d8b89ab748a,7919384b-22f2-4ddd-8c61-9a0c9c7f735c,c3,DROP,438,?,i4,
1768592393.9782271,REDIRECTED,34256f58-0009-4b86-9aba-3d8b89ab748a,7919384b-22f2-4ddd-8c61-9a0c9c7f735c,c3,DROP,438,?,i4,
1768592393.9782634,FORWARDED,34256f58-0009-4b86-9aba-3d8b89ab748a,7919384b-22f2-4ddd-8c61-9a0c9c7f735c,c3,DROP,438,?,i3,
1768592394.0086176,SENT,683303c3-b26c-460c-aeb0-a5f6baf99ea8,47f2780b-6cbe-433c-bdfa-913812377d7f,c2,DROP,442,?,i1,
1768592394.0086584,FORWARDED,683303c3-b26c-460c-aeb0-a5f6baf99ea8,47f2780b-6cbe-433c-bdfa-913812377d7f,c2,DROP,442,?,i1,
1768592394.1505923,SENT,0abc7dd3-5964-49ac-ae0d-e78271f15f31,d2a663ca-93dc-4f4b-be9e-fb081acac4ac,c1,c4,691,?,p1,
1768592394.150634,FORWARDED,0abc7dd3-5964-49ac-ae0d-e78271f15f31,d2a663ca-93dc-4f4b-be9e-fb081acac4ac,c1,c4,691,?,p1,
1768592394.3073819,SENT,3a06190e-096f-4e01-9b99-35b3a6633bfe,8b7b4642-1ff4-46d4-91fe-4fb6f6e164f5,c1,c2,687,?,p2,
1768592394.3074203,FORWARDED,3a06190e-096f-4e01-9b99-35b3a6633bfe,8b7b4642-1ff4-46d4-91fe-4fb6f6e164f5,c1,c2,687,?,p2,
1768592394.4294431,RECEIVED,cbbf9d33-b1dc-45a7-8279-977cd2c2dc26,0aaa391e-618e-40bd-9013-516b1d616287,c4,c1,1012,i2,?,
1768592394.732214,RECEIVED,184e9d93-e5e6-4510-944b-f5d475aae57c,dc3dfbf3-37dc-4070-a1cb-f5106916f2fb,c3,c1,1016,i12,?,
1768592394.7758129,RECEIVED,203fd887-df8f-4d7d-ae8d-de6da839d842,f363a2b3-e0fe-4920-99fa-f1e31301b201,c4,DROP,683,i4,?,
1768592394.8685694,RECEIVED,f77b1fe4-fad0-4591-a4b8-12010501af26,bca70635-b26e-42df-9c70-5d3ebb2aad0b,c5,c2,1010,i2,?,
1768592394.922464,SENT,cbbf9d33-b1dc-45a7-8279-977cd2c2dc26,0aaa391e-618e-40bd-9013-516b1d616287,c4,c1,687,?,p1,
1768592394.9225037,FORWARDED,cbbf9d33-b1dc-45a7-8279-977cd2c2dc26,0aaa391e-618e-40bd-9013-516b1d616287,c4,c1,687,?,p1,
1768592394.9761393,RECEIVED,c4546b40-2c52-40b0-9666-882ccd2ef107,fd05e7a5-c4c0-490f-b5dc-42d452f85f18,c2,c3,1020,i11,?,
1768592395.0226212,SENT,184e9d93-e5e6-4510-944b-f5d475aae57c,dc3dfbf3-37dc-4070-a1cb-f5106916f2fb,c3,c1,690,?,p1,
1768592395.0226774,FORWARDED,184e9d93-e5e6-4510-944b-f5d475aae57c,dc3dfbf3-37dc-4070-a1cb-f5106916f2fb,c3,c1,690,?,p1,
1768592395.0561242,SENT,c4546b40-2c52-40b0-9666-882ccd2ef107,fd05e7a5-c4c0-490f-b5dc-42d452f85f18,c2,c3,691,?,p3,
1768592395.0561633,FORWARDED,c4546b40-2c52-40b0-9666-882ccd2ef107,fd05e7a5-c4c0-490f-b5dc-42d452f85f18,c2,c3,691,?,p3,
1768592395.0747352,RECEIVED,e9e5d4bd-74ed-4176-90d0-54c0355d620c,ee168bb2-52ad-43cf-bb96-f8ffb6dece8b,c2,c3,1025,i11,?,
1768592395.1589844,SENT,e9e5d4bd-74ed-4176-90d0-54c0355d620c,ee168bb2-52ad-43cf-bb96-f8ffb6dece8b,c2,c3,695,?,p3,
1768592395.1590269,FORWARDED,e9e5d4bd-74ed-4176-90d0-54c0355d620c,ee168bb2-52ad-43cf-bb96-f8ffb6dece8b,c2,c3,695,?,p3,
1768592395.2447846,SENT,203fd887-df8f-4d7d-ae8d-de6da839d842,f363a2b3-e0fe-4920-99fa-f1e31301b201,c4,DROP,441,?,x5,
1768592395.2448263,FORWARDED,203fd887-df8f-4d7d-ae8d-de6da839d842,f363a2b3-e0fe-4920-99fa-f1e31301b201,c4,DROP,441,?,x5,
1768592395.2605026,RECEIVED,24b80b9e-194f-482f-abce-35c16b3a5a38,9bcaa90a-d0ed-43d2-9cbc-9735700f48ac,c1,c4,1010,i5,?,
1768592395.2719555,RECEIVED,4559df76-b5f8-4ae6-8814-c93045ad6d0b,2bfcebf7-83c4-4dbf-8593-486b090f189b,c3,c2,1010,i9,?,
1768592395.347077,SENT,24b80b9e-194f-482f-abce-35c16b3a5a38,9bcaa90a-d0ed-43d2-9cbc-9735700f48ac,c1,c4,687,?,p1,
1768592395.3471174,FORWARDED,24b80b9e-194f-482f-abce-35c16b3a5a38,9bcaa90a-d0ed-43d2-9cbc-9735700f48ac,c1,c4,687,?,p1,
1768592395.3764942,RECEIVED,3446f579-fc23-4cc5-98de-079c17dcfef5,6c7dd6d5-fe79-4a9c-b5bd-2de8a6fe6167,c1,c5,1019,i11,?,
1768592395.5253644,RECEIVED,c17c756b-3aaf-4ce2-af45-029b59c7d7a6,2bb41ac8-ee32-4ac4-9eab-73bc90288e8a,c5,c4,1012,i12,?,
1768592395.603062,SENT,c17c756b-3aaf-4ce2-af45-029b59c7d7a6,2bb41ac8-ee32-4ac4-9eab-73bc90288e8a,c5,c4,687,?,p1,
1768592395.6030984,FORWARDED,c17c756b-3aaf-4ce2-af45-029b59c7d7a6,2bb41ac8-ee32-4ac4-9eab-73bc90288e8a,c5,c4,687,?,p1,
1768592395.782727,RECEIVED,e9de89d5-50df-4942-8eed-b11e8363ef69,fcdda237-2975-4138-a92a-83758c28be0a,c1,DROP,441,x9,?,
1768592395.8665261,RECEIVED,f7b6dd85-90d5-484a-9add-4305288deb55,4789135a-3883-49e0-a37c-af8a66b745d9,c3,c5,1019,i4,?,
1768592396.0973382,RECEIVED,71716e9d-9efa-4c2c-81d0-897339bf7039,09199b26-a478-4374-b479-dd46dee6ac76,c3,c4,1015,i5,?,
1768592396.173503,SENT,3446f579-fc23-4cc5-98de-079c17dcfef5,6c7dd6d5-fe79-4a9c-b5bd-2de8a6fe6167,c1,c5,691,?,p2,
1768592396.1735466,FORWARDED,3446f579-fc23-4cc5-98de-079c17dcfef5,6c7dd6d5-fe79-4a9c-b5bd-2de8a6fe6167,c1,c5,691,?,p2,
1768592396.1798506,RECEIVED,89bf14bb-ae0d-491d-b029-387f8de9dfc3,dc486c31-93ae-4ba7-b8d6-73be35b66556,c5,DROP,441,x1,?,
1768592396.5385857,SENT,4559df76-b5f8-4ae6-8814-c93045ad6d0b,2bfcebf7-83c4-4dbf-8593-486b090f189b,c3,c2,687,?,p2,
1768592396.538627,FORWARDED,4559df76-b5f8-4ae6-8814-c93045ad6d0b,2bfcebf7-83c4-4dbf-8593-486b090f189b,c3,c2,687,?,p2,
1768592396.8308709,SENT,f7b6dd85-90d5-484a-9add-4305288deb55,4789135a-3883-49e0-a37c-af8a66b745d9,c3,c5,691,?,p2,
1768592396.8309166,FORWARDED,f7b6dd85-90d5-484a-9add-4305288deb55,4789135a-3883-49e0-a37c-af8a66b745d9,c3,c5,691,?,p2,
1768592396.8675604,SENT,f77b1fe4-fad0-4591-a4b8-12010501af26,bca70635-b26e-42df-9c70-5d3ebb2aad0b,c5,c2,687,?,p2,
1768592396.867601,FORWARDED,f77b1fe4-fad0-4591-a4b8-12010501af26,bca70635-b26e-42df-9c70-5d3ebb2aad0b,c5,c2,687,?,p2,
1768592397.0715218,RECEIVED,65a66bbd-9e70-47df-8b9f-8e6fb48cbc8a,892759e6-22b3-4a2f-a73b-a03a679af6cf,c2,c1,1017,i7,?,
1768592397.0978506,SENT,71716e9d-9efa-4c2c-81d0-897339bf7039,09199b26-a478-4374-b479-dd46dee6ac76,c3,c4,688,?,p1,
1768592397.0978935,FORWARDED,71716e9d-9efa-4c2c-81d0-897339bf7039,09199b26-a478-4374-b479-dd46dee6ac76,c3,c4,688,?,p1,
1768592397.133624,SENT,65a66bbd-9e70-47df-8b9f-8e6fb48cbc8a,892759e6-22b3-4a2f-a73b-a03a679af6cf,c2,c1,688,?,p1,
1768592397.133739,FORWARDED,65a66bbd-9e70-47df-8b9f-8e6fb48cbc8a,892759e6-22b3-4a2f-a73b-a03a679af6cf,c2,c1,688,?,p1,
1768592397.3808248,RECEIVED,97b8374b-9521-4e07-ac30-d787661f4c6a,8b898c31-cb04-46ca-aa92-3131e2a01965,c2,c4,1013,i12,?,
1768592397.4144957,SENT,97b8374b-9521-4e07-ac30-d787661f4c6a,8b898c31-cb04-46ca-aa92-3131e2a01965,c2,c4,686,?,p1,
1768592397.4145365,FORWARDED,97b8374b-9521-4e07-ac30-d787661f4c6a,8b898c31-cb04-46ca-aa92-3131e2a01965,c2,c4,686,?,p1,
1768592397.4644582,RECEIVED,cd2d6538-2fdb-4668-8737-fae33ce554c7,e3752b3a-5460-46a1-b887-fbfb231e01ab,c3,c1,1021,i11,?,
1768592397.4772856,SENT,cd2d6538-2fdb-4668-8737-fae33ce554c7,e3752b3a-5460-46a1-b887-fbfb231e01ab,c3,c1,692,?,p1,
1768592397.477338,FORWARDED,cd2d6538-2fdb-4668-8737-fae33ce554c7,e3752b3a-5460-46a1-b887-fbfb231e01ab,c3,c1,692,?,p1,
1768592397.9299054,RECEIVED,b5eed663-a838-4ad9-82f4-984867ce10d0,4e247ab3-7ce9-4165-aa8a-183db6cd30fc,c5,c3,1015,i9,?,
1768592398.4092512,SENT,b5eed663-a838-4ad9-82f4-984867ce10d0,4e247ab3-7ce9-4165-aa8a-183db6cd30fc,c5,c3,688,?,p3,
1768592398.4093356,FORWARDED,b5eed663-a838-4ad9-82f4-984867ce10d0,4e247ab3-7ce9-4165-aa8a-183db6cd30fc,c5,c3,688,?,p3,
1768592398.6029236,RECEIVED,ff45e30a-83ad-4fa3-9294-2fe36fcbaa2b,9f1b2f6b-a881-4842-b30a-2efb881c2959,c2,c3,1012,i1,?,
1768592398.7315276,RECEIVED,5a646dce-5ff5-4cc5-ac66-0a51c1feeb6d,86b1e4b8-569f-4a26-8e93-9d68ad50d05a,c1,c4,1011,i4,?,
1768592398.8455946,SENT,ff45e30a-83ad-4fa3-9294-2fe36fcbaa2b,9f1b2f6b-a881-4842-b30a-2efb881c2959,c2,c3,687,?,p3,
1768592398.8456388,FORWARDED,ff45e30a-83ad-4fa3-9294-2fe36fcbaa2b,9f1b2f6b-a881-4842-b30a-2efb881c2959,c2,c3,687,?,p3,
1768592398.8571339,RECEIVED,e8d4f6e9-be17-44c5-963d-a30bd2cfc01c,61e6b9d1-b0c0-406d-95a0-9cb38980607b,c4,c5,1018,i11,?,
1768592399.0578337,RECEIVED,409e0726-9f20-4f44-9bf5-b4c52378247b,999888a7-60c2-4426-94ec-f2594d0a10d3,c2,c1,1012,i8,?,
1768592399.0958202,RECEIVED,291457cf-4b6a-497c-9f5b-45c304150810,1e75d308-a95b-4f34-a975-9ae3e1be2163,c1,c3,1015,i4,?,
1768592399.1140127,RECEIVED,905c4790-e7d8-4066-866a-2b5046ae2201,da2f65bb-bb2b-4dd2-bfa6-bc8d2984ea03,c4,c1,1012,i7,?,
1768592399.1503656,SENT,905c4790-e7d8-4066-866a-2b5046ae2201,da2f65bb-bb2b-4dd2-bfa6-bc8d2984ea03,c4,c1,687,?,p1,
1768592399.1504061,FORWARDED,905c4790-e7d8-4066-866a-2b5046ae2201,da2f65bb-bb2b-4dd2-bfa6-bc8d2984ea03,c4,c1,687,?,p1,
1768592399.4149923,RECEIVED,44c5da84-04a9-4705-bb54-dd2cd35f0806,693b14fa-7ac7-4899-8f55-f54b58f3a800,c5,c3,1023,i1,?,
1768592399.437118,SENT,409e0726-9f20-4f44-9bf5-b4c52378247b,999888a7-60c2-4426-94ec-f2594d0a10d3,c2,c1,687,?,p1,
1768592399.4371672,FORWARDED,409e0726-9f20-4f44-9bf5-b4c52378247b,999888a7-60c2-4426-94ec-f2594d0a10d3,c2,c1,687,?,p1,
1768592399.5887167,RECEIVED,c31c1eb0-f618-4862-b0db-4e8beb9fd16b,80140352-2cbc-4b86-b852-4b4d0207b352,c5,c2,1012,i6,?,
1768592399.654769,RECEIVED,98d9ce2c-7529-4ddc-af1c-93e0013e03c6,0454154b-d9c7-4fea-98a9-872fc3cd9103,c2,DROP,688,i11,?,
1768592399.729343,SENT,98d9ce2c-7529-4ddc-af1c-93e0013e03c6,0454154b-d9c7-4fea-98a9-872fc3cd9103,c2,DROP,442,?,x6,
1768592399.72938,FORWARDED,98d9ce2c-7529-4ddc-af1c-93e0013e03c6,0454154b-d9c7-4fea-98a9-872fc3cd9103,c2,DROP,442,?,x6,
1768592399.7389596,SENT,291457cf-4b6a-497c-9f5b-45c304150810,1e75d308-a95b-4f34-a975-9ae3e1be2163,c1,c3,688,?,p3,
1768592399.7390025,FORWARDED,291457cf-4b6a-497c-9f5b-45c304150810,1e75d308-a95b-4f34-a975-9ae3e1be2163,c1,c3,688,?,p3,
1768592399.8034873,SENT,c31c1eb0-f618-4862-b0db-4e8beb9fd16b,80140352-2cbc-4b86-b852-4b4d0207b352,c5,c2,687,?,p2,
1768592399.8036313,FORWARDED,c31c1eb0-f618-4862-b0db-4e8beb9fd16b,80140352-2cbc-4b86-b852-4b4d0207b352,c5,c2,687,?,p2,
1768592399.9304307,SENT,5a646dce-5ff5-4cc5-ac66-0a51c1feeb6d,86b1e4b8-569f-4a26-8e93-9d68ad50d05a,c1,c4,686,?,p1,
1768592399.9304717,FORWARDED,5a646dce-5ff5-4cc5-ac66-0a51c1feeb6d,86b1e4b8-569f-4a26-8e93-9d68ad50d05a,c1,c4,686,?,p1,
1768592400.2611632,RECEIVED,deb73e17-812b-462b-9a32-cc8206d5d66e,a0e8cfa9-9e9c-4997-bcda-f8978ff9a4fc,c3,c4,1011,i1,?,
1768592400.2800806,RECEIVED,448c157f-ce9b-4d70-8be7-b8b506840a50,6c5194ca-e647-4287-8f16-e4b2c2f12617,c4,c3,1011,i4,?,
1768592400.4031734,SENT,44c5da84-04a9-4705-bb54-dd2cd35f0806,693b14fa-7ac7-4899-8f55-f54b58f3a800,c5,c3,695,?,p3,
1768592400.40321,FORWARDED,44c5da84-04a9-4705-bb54-dd2cd35f0806,693b14fa-7ac7-4899-8f55-f54b58f3a800,c5,c3,695,?,p3,
1768592400.571649,RECEIVED,c37c5975-7a92-4e86-85b1-5e6e001bab35,fccb4260-4c62-49ee-b651-3a18a79984e2,c1,c4,1011,i4,?,
1768592400.6974976,SENT,c37c5975-7a92-4e86-85b1-5e6e001bab35,fccb4260-4c62-49ee-b651-3a18a79984e2,c1,c4,687,?,p1,
1768592400.6975546,FORWARDED,c37c5975-7a92-4e86-85b1-5e6e001bab35,fccb4260-4c62-49ee-b651-3a18a79984e2,c1,c4,687,?,p1,
1768592400.8807044,RECEIVED,89300b52-dd7f-4c57-9683-6afdf531c849,53eb0145-2eb4-4844-9e7c-0933ad468858,c3,c2,1016,i4,?,
1768592400.9051538,RECEIVED,925b3a06-51c1-43c1-be53-0f951eaae0b3,c0495183-2814-4842-a53b-3424ecc1766b,c1,c3,1015,i5,?,
1768592401.0401318,SENT,e8d4f6e9-be17-44c5-963d-a30bd2cfc01c,61e6b9d1-b0c0-406d-95a0-9cb38980607b,c4,c5,691,?,p2,
1768592401.0401745,FORWARDED,e8d4f6e9-be17-44c5-963d-a30bd2cfc01c,61e6b9d1-b0c0-406d-95a0-9cb38980607b,c4,c5,691,?,p2,
1768592401.063527,SENT,89300b52-dd7f-4c57-9683-6afdf531c849,53eb0145-2eb4-4844-9e7c-0933ad468858,c3,c2,688,?,p2,
1768592401.0636194,FORWARDED,89300b52-dd7f-4c57-9683-6afdf531c849,53eb0145-2eb4-4844-9e7c-0933ad468858,c3,c2,688,?,p2,
1768592401.1293495,SENT,448c157f-ce9b-4d70-8be7-b8b506840a50,6c5194ca-e647-4287-8f16-e4b2c2f12617,c4,c3,687,?,p3,
1768592401.1293938,FORWARDED,448c157f-ce9b-4d70-8be7-b8b506840a50,6c5194ca-e647-4287-8f16-e4b2c2f12617,c4,c3,687,?,p3,
1768592401.224392,RECEIVED,7da06899-117f-42e5-8eea-e77ae0b63e29,847755b7-7de4-4ed4-8e32-31138202063e,c2,c5,1015,i9,?,
1768592401.3826833,SENT,deb73e17-812b-462b-9a32-cc8206d5d66e,a0e8cfa9-9e9c-4997-bcda-f8978ff9a4fc,c3,c4,687,?,p1,
1768592401.3827255,FORWARDED,deb73e17-812b-462b-9a32-cc8206d5d66e,a0e8cfa9-9e9c-4997-bcda-f8978ff9a4fc,c3,c4,687,?,p1,
1768592401.5101855,SENT,925b3a06-51c1-43c1-be53-0f951eaae0b3,c0495183-2814-4842-a53b-3424ecc1766b,c1,c3,688,?,p3,
1768592401.5102227,FORWARDED,925b3a06-51c1-43c1-be53-0f951eaae0b3,c0495183-2814-4842-a53b-3424ecc1766b,c1,c3,688,?,p3,
1768592401.8922622,RECEIVED,dc3d6dcd-bbe9-4faf-88af-b52d68618750,16e0adbb-a554-431b-949c-ccfe169c8e43,c5,c4,1011,i6,?,
1768592402.0828526,SENT,dc3d6dcd-bbe9-4faf-88af-b52d68618750,16e0adbb-a554-431b-949c-ccfe169c8e43,c5,c4,687,?,p1,
1768592402.082899,FORWARDED,dc3d6dcd-bbe9-4faf-88af-b52d68618750,16e0adbb-a554-431b-949c-ccfe169c8e43,c5,c4,687,?,p1,
1768592402.1250646,RECEIVED,8f27cce0-42f4-4139-82da-5bd286240106,0011e526-d664-4b2f-8d7f-a9f87aaef27a,c1,c5,1015,i8,?,
1768592402.1763573,RECEIVED,25fe0cf6-6ce1-4e9b-9106-1ab806eeccf0,f9c4bb98-44e2-4492-a9b0-94e976bee8f9,c2,c5,1011,i6,?,
1768592402.230772,SENT,7da06899-117f-42e5-8eea-e77ae0b63e29,847755b7-7de4-4ed4-8e32-31138202063e,c2,c5,688,?,p2,
1768592402.2309008,FORWARDED,7da06899-117f-42e5-8eea-e77ae0b63e29,847755b7-7de4-4ed4-8e32-31138202063e,c2,c5,688,?,p2,
1768592402.253703,RECEIVED,12591212-2445-48a4-b630-4b5a68f759ba,122cc780-fa3f-4125-a6e0-aa53425a75f1,c1,c4,1011,i7,?,
1768592402.607517,SENT,12591212-2445-48a4-b630-4b5a68f759ba,122cc780-fa3f-4125-a6e0-aa53425a75f1,c1,c4,687,?,p1,
1768592402.6075597,FORWARDED,12591212-2445-48a4-b630-4b5a68f759ba,122cc780-fa3f-4125-a6e0-aa53425a75f1,c1,c4,687,?,p1,
1768592402.6246727,RECEIVED,ac29db09-0570-47be-9d73-2ed97c403cb1,59f7eea7-6060-4a52-a3b3-2e6d43c449e1,c5,c4,1016,i4,?,
1768592402.7118356,SENT,ac29db09-0570-47be-9d73-2ed97c403cb1,59f7eea7-6060-4a52-a3b3-2e6d43c449e1,c5,c4,688,?,p1,
1768592402.71189,FORWARDED,ac29db09-0570-47be-9d73-2ed97c403cb1,59f7eea7-6060-4a52-a3b3-2e6d43c449e1,c5,c4,688,?,p1,
1768592402.7144513,SENT,8f27cce0-42f4-4139-82da-5bd286240106,0011e526-d664-4b2f-8d7f-a9f87aaef27a,c1,c5,688,?,p2,
1768592402.714832,FORWARDED,8f27cce0-42f4-4139-82da-5bd286240106,0011e526-d664-4b2f-8d7f-a9f87aaef27a,c1,c5,688,?,p2,
1768592402.7288518,RECEIVED,08424dfd-4320-4f2c-a240-7223781fcf88,ea634b26-d18b-44de-a5cb-a58c680b9d63,c5,DROP,441,x1,?,
1768592403.1444242,SENT,25fe0cf6-6ce1-4e9b-9106-1ab806eeccf0,f9c4bb98-44e2-4492-a9b0-94e976bee8f9,c2,c5,687,?,p2,
1768592403.1444774,FORWARDED,25fe0cf6-6ce1-4e9b-9106-1ab806eeccf0,f9c4bb98-44e2-4492-a9b0-94e976bee8f9,c2,c5,687,?,p2,
1768592403.5167303,RECEIVED,eb06bb4a-4433-4953-9d2e-fe231cb4fa9f,410dc987-06ab-460c-94d8-06d301446aa8,c3,c4,1015,i4,?,
1768592404.1788454,RECEIVED,5be230ce-63b3-479c-a112-1aea1317af51,a8ac9074-b45f-42f9-9b4a-d138704c145b,c3,c4,1015,i11,?,
1768592404.255213,RECEIVED,45c60a4a-48ed-40f1-b32f-9b50d5f22f51,03ebce11-8d62-4d18-8123-f018f757a97c,c4,c5,1011,i1,?,
1768592404.359801,SENT,eb06bb4a-4433-4953-9d2e-fe231cb4fa9f,410dc987-06ab-460c-94d8-06d301446aa8,c3,c4,689,?,p1,
1768592404.3598413,FORWARDED,eb06bb4a-4433-4953-9d2e-fe231cb4fa9f,410dc987-06ab-460c-94d8-06d301446aa8,c3,c4,689,?,p1,
1768592404.3731267,RECEIVED,5720fece-dc39-46b7-a808-18c849de89e1,29dcc344-e5a9-4d5e-a87b-739707fe2377,c1,c5,1016,i9,?,
1768592404.5876298,SENT,5720fece-dc39-46b7-a808-18c849de89e1,29dcc344-e5a9-4d5e-a87b-739707fe2377,c1,c5,688,?,p2,
1768592404.5876865,FORWARDED,5720fece-dc39-46b7-a808-18c849de89e1,29dcc344-e5a9-4d5e-a87b-739707fe2377,c1,c5,688,?,p2,
1768592404.6001332,RECEIVED,79636da0-cb0a-412b-88e0-6ba4bf2b5dda,19f5539e-a794-4c5d-8bd9-c6815e6e05dc,c4,c3,1015,i12,?,
1768592404.7033365,SENT,45c60a4a-48ed-40f1-b32f-9b50d5f22f51,03ebce11-8d62-4d18-8123-f018f757a97c,c4,c5,687,?,p2,
1768592404.7033792,FORWARDED,45c60a4a-48ed-40f1-b32f-9b50d5f22f51,03ebce11-8d62-4d18-8123-f018f757a97c,c4,c5,687,?,p2,
1768592404.7187963,RECEIVED,3921f378-1bca-4f73-91b5-931bf0b92dc5,7c141bff-6dcc-4432-ad32-a91973ff0449,c4,c2,1011,i1,?,
1768592404.8075826,SENT,5be230ce-63b3-479c-a112-1aea1317af51,a8ac9074-b45f-42f9-9b4a-d138704c145b,c3,c4,688,?,p1,
1768592404.8076255,FORWARDED,5be230ce-63b3-479c-a112-1aea1317af51,a8ac9074-b45f-42f9-9b4a-d138704c145b,c3,c4,688,?,p1,
1768592404.9091558,SENT,3921f378-1bca-4f73-91b5-931bf0b92dc5,7c141bff-6dcc-4432-ad32-a91973ff0449,c4,c2,687,?,p2,
1768592404.9092007,FORWARDED,3921f378-1bca-4f73-91b5-931bf0b92dc5,7c141bff-6dcc-4432-ad32-a91973ff0449,c4,c2,687,?,p2,
1768592404.941683,SENT,79636da0-cb0a-412b-88e0-6ba4bf2b5dda,19f5539e-a794-4c5d-8bd9-c6815e6e05dc,c4,c3,688,?,p3,
1768592404.9417357,FORWARDED,79636da0-cb0a-412b-88e0-6ba4bf2b5dda,19f5539e-a794-4c5d-8bd9-c6815e6e05dc,c4,c3,688,?,p3,
1768592404.9748888,RECEIVED,3c9530cb-6f44-425c-a161-d8dfa3ddb07b,5e4c3fb3-ecf2-405f-aad1-1f7243be4952,c2,c3,1017,i4,?,
1768592405.0018036,SENT,3c9530cb-6f44-425c-a161-d8dfa3ddb07b,5e4c3fb3-ecf2-405f-aad1-1f7243be4952,c2,c3,689,?,p3,
1768592405.0018454,FORWARDED,3c9530cb-6f44-425c-a161-d8dfa3ddb07b,5e4c3fb3-ecf2-405f-aad1-1f7243be4952,c2,c3,689,?,p3,
1768592405.0582385,RECEIVED,e423bf95-2e6b-4ce8-8e42-f3b1ef6904c8,cf1a6d3d-c362-4404-a0e9-b43d207719be,c3,c1,1011,i8,?,
1768592405.1751797,RECEIVED,5b97ccd0-cb83-40ff-931a-c87d370167fe,5c62476f-3b5a-40a0-b903-d608bf13cb86,c3,c2,1011,i9,?,
1768592405.1822886,RECEIVED,75e63577-019f-440e-93a5-0cfb6134fa6b,b6c41c65-5775-44f3-ab88-21551238a0c7,c4,c3,1022,i12,?,
1768592405.2820067,RECEIVED,666289f4-2cc1-4eb6-bb3b-785e842b780e,8327551e-be85-44e0-bbf1-62b4c8dcb8fb,c2,c5,1023,i11,?,
1768592405.5136669,RECEIVED,910247ae-7168-423d-aa34-a4ceb85eea66,6e2dc49e-8d2c-4978-a3f3-f703114b2c88,c2,c1,1015,i6,?,
1768592405.583349,SENT,e423bf95-2e6b-4ce8-8e42-f3b1ef6904c8,cf1a6d3d-c362-4404-a0e9-b43d207719be,c3,c1,687,?,p1,
1768592405.5833898,FORWARDED,e423bf95-2e6b-4ce8-8e42-f3b1ef6904c8,cf1a6d3d-c362-4404-a0e9-b43d207719be,c3,c1,687,?,p1,
1768592406.0207584,SENT,910247ae-7168-423d-aa34-a4ceb85eea66,6e2dc49e-8d2c-4978-a3f3-f703114b2c88,c2,c1,688,?,p1,
1768592406.0207992,FORWARDED,910247ae-7168-423d-aa34-a4ceb85eea66,6e2dc49e-8d2c-4978-a3f3-f703114b2c88,c2,c1,688,?,p1,
1768592406.1996775,SENT,5b97ccd0-cb83-40ff-931a-c87d370167fe,5c62476f-3b5a-40a0-b903-d608bf13cb86,c3,c2,687,?,p2,
1768592406.199718,FORWARDED,5b97ccd0-cb83-40ff-931a-c87d370167fe,5c62476f-3b5a-40a0-b903-d608bf13cb86,c3,c2,687,?,p2,
1768592406.3480306,RECEIVED,f99dfa70-8068-41e5-81ab-ef3a8e9d5971,201a3e78-1dc9-4abd-acfa-db47807ca336,c1,c2,1019,i12,?,
1768592406.360107,RECEIVED,176451cb-1137-404a-b964-c588c59a6843,42d6f52d-4b68-4abb-94fc-a038e4110f0e,c1,c3,1013,i4,?,
1768592406.4023964,SENT,176451cb-1137-404a-b964-c588c59a6843,42d6f52d-4b68-4abb-94fc-a038e4110f0e,c1,c3,687,?,p3,
1768592406.4024389,FORWARDED,176451cb-1137-404a-b964-c588c59a6843,42d6f52d-4b68-4abb-94fc-a038e4110f0e,c1,c3,687,?,p3,
1768592406.5147824,RECEIVED,3a111724-a3da-4a05-8633-7af18ca9db7e,25a70eaf-3ae1-49ed-83bc-70b4d6f1efc8,c4,c5,1011,i6,?,
1768592406.6353943,SENT,666289f4-2cc1-4eb6-bb3b-785e842b780e,8327551e-be85-44e0-bbf1-62b4c8dcb8fb,c2,c5,695,?,p2,
1768592406.6354396,FORWARDED,666289f4-2cc1-4eb6-bb3b-785e842b780e,8327551e-be85-44e0-bbf1-62b4c8dcb8fb,c2,c5,695,?,p2,
1768592406.8345816,RECEIVED,be2b0372-5dac-417b-86cd-032efdf66772,3ee80aed-80a8-45a6-bd81-5d149b3c0d84,c4,c5,1016,i8,?,
1768592406.9926713,SENT,be2b0372-5dac-417b-86cd-032efdf66772,3ee80aed-80a8-45a6-bd81-5d149b3c0d84,c4,c5,688,?,p2,
1768592406.9927108,FORWARDED,be2b0372-5dac-417b-86cd-032efdf66772,3ee80aed-80a8-45a6-bd81-5d149b3c0d84,c4,c5,688,?,p2,
1768592407.0777936,SENT,f99dfa70-8068-41e5-81ab-ef3a8e9d5971,201a3e78-1dc9-4abd-acfa-db47807ca336,c1,c2,691,?,p2,
1768592407.077868,FORWARDED,f99dfa70-8068-41e5-81ab-ef3a8e9d5971,201a3e78-1dc9-4abd-acfa-db47807ca336,c1,c2,691,?,p2,
1768592407.1756685,RECEIVED,ed40a63b-a88e-4d5c-842b-9bb09ee14358,308b87c6-a8a8-4386-b9b2-3b088d446d46,c3,c4,1011,i5,?,
1768592407.3194737,RECEIVED,ddcd8cfa-d64c-4a84-be6d-9427febcfa10,144be300-2db9-4231-a59a-04744a4c36cb,c4,c2,1019,i11,?,
1768592407.3252587,SENT,3a111724-a3da-4a05-8633-7af18ca9db7e,25a70eaf-3ae1-49ed-83bc-70b4d6f1efc8,c4,c5,687,?,p2,
1768592407.3253016,FORWARDED,3a111724-a3da-4a05-8633-7af18ca9db7e,25a70eaf-3ae1-49ed-83bc-70b4d6f1efc8,c4,c5,687,?,p2,
1768592407.8768034,SENT,ddcd8cfa-d64c-4a84-be6d-9427febcfa10,144be300-2db9-4231-a59a-04744a4c36cb,c4,c2,692,?,p2,
1768592407.8768425,FORWARDED,ddcd8cfa-d64c-4a84-be6d-9427febcfa10,144be300-2db9-4231-a59a-04744a4c36cb,c4,c2,692,?,p2,
1768592407.930016,SENT,ed40a63b-a88e-4d5c-842b-9bb09ee14358,308b87c6-a8a8-4386-b9b2-3b088d446d46,c3,c4,687,?,p1,
1768592407.930341,FORWARDED,ed40a63b-a88e-4d5c-842b-9bb09ee14358,308b87c6-a8a8-4386-b9b2-3b088d446d46,c3,c4,687,?,p1,
1768592407.9814215,RECEIVED,16af6d43-a8f9-4504-8617-ac5c43bb23ef,f79a1762-d0a6-49c4-8ae3-63f125287db5,c5,c3,1011,i6,?,
1768592407.9860826,RECEIVED,50815eaf-f301-4275-ba05-7d92d3724cbd,93b8a04f-73dc-48cf-8a4f-0e9f21ca08bc,c3,c4,1012,i11,?,
1768592407.9973137,RECEIVED,3534f1de-434b-4b3e-95b8-a693ac78d9e5,87a91407-b7bc-4e9b-9814-befa0a7992de,c1,DROP,687,i4,?,
1768592408.2082832,SENT,75e63577-019f-440e-93a5-0cfb6134fa6b,b6c41c65-5775-44f3-ab88-21551238a0c7,c4,c3,695,?,p3,
1768592408.2083254,FORWARDED,75e63577-019f-440e-93a5-0cfb6134fa6b,b6c41c65-5775-44f3-ab88-21551238a0c7,c4,c3,695,?,p3,
1768592408.375234,RECEIVED,0edfa2a5-18d9-4fee-b94c-5a51b1a72cb0,f482142e-2de0-48a1-824a-28ea20a11e93,c1,c5,1010,i11,?,
1768592408.466237,SENT,50815eaf-f301-4275-ba05-7d92d3724cbd,93b8a04f-73dc-48cf-8a4f-0e9f21ca08bc,c3,c4,687,?,p1,
1768592408.4662797,FORWARDED,50815eaf-f301-4275-ba05-7d92d3724cbd,93b8a04f-73dc-48cf-8a4f-0e9f21ca08bc,c3,c4,687,?,p1,
1768592408.7180772,RECEIVED,7e883df9-fc67-4cf0-bcd0-67c602a97ba0,ff6dcd3e-788c-4485-a21f-44bbd2c160c9,c1,c4,1011,i9,?,
1768592408.722086,RECEIVED,85fd29e9-c541-41f6-8b72-af2d1328accc,e59f56ac-e8a1-4d3f-9422-23d7616b6422,c2,c4,1013,i7,?,
1768592408.734175,SENT,16af6d43-a8f9-4504-8617-ac5c43bb23ef,f79a1762-d0a6-49c4-8ae3-63f125287db5,c5,c3,687,?,p3,
1768592408.7342155,FORWARDED,16af6d43-a8f9-4504-8617-ac5c43bb23ef,f79a1762-d0a6-49c4-8ae3-63f125287db5,c5,c3,687,?,p3,
1768592408.9258204,RECEIVED,6d2438d3-05f0-4269-a4f9-1c5d60da68bd,b0793136-7c50-4055-8f3f-257817b5dc7c,c3,c2,1015,i4,?,
1768592409.0897498,SENT,85fd29e9-c541-41f6-8b72-af2d1328accc,e59f56ac-e8a1-4d3f-9422-23d7616b6422,c2,c4,688,?,p1,
1768592409.0897923,FORWARDED,85fd29e9-c541-41f6-8b72-af2d1328accc,e59f56ac-e8a1-4d3f-9422-23d7616b6422,c2,c4,688,?,p1,
1768592409.2342293,SENT,3534f1de-434b-4b3e-95b8-a693ac78d9e5,87a91407-b7bc-4e9b-9814-befa0a7992de,c1,DROP,443,?,e7,
1768592409.2342775,FORWARDED,3534f1de-434b-4b3e-95b8-a693ac78d9e5,87a91407-b7bc-4e9b-9814-befa0a7992de,c1,DROP,443,?,e7,
1768592409.427088,RECEIVED,4d3e0d72-4bc1-4fbe-abc9-0b83f0e102d0,5b9667bf-188f-4156-b67c-c28982058c39,c4,c1,1012,i9,?,
1768592409.4948373,SENT,4d3e0d72-4bc1-4fbe-abc9-0b83f0e102d0,5b9667bf-188f-4156-b67c-c28982058c39,c4,c1,686,?,p1,
1768592409.494877,FORWARDED,4d3e0d72-4bc1-4fbe-abc9-0b83f0e102d0,5b9667bf-188f-4156-b67c-c28982058c39,c4,c1,686,?,p1,
1768592409.517168,SENT,0edfa2a5-18d9-4fee-b94c-5a51b1a72cb0,f482142e-2de0-48a1-824a-28ea20a11e93,c1,c5,687,?,p2,
1768592409.517219,FORWARDED,0edfa2a5-18d9-4fee-b94c-5a51b1a72cb0,f482142e-2de0-48a1-824a-28ea20a11e93,c1,c5,687,?,p2,
1768592409.550654,SENT,6d2438d3-05f0-4269-a4f9-1c5d60da68bd,b0793136-7c50-4055-8f3f-257817b5dc7c,c3,c2,688,?,p2,
1768592409.550696,FORWARDED,6d2438d3-05f0-4269-a4f9-1c5d60da68bd,b0793136-7c50-4055-8f3f-257817b5dc7c,c3,c2,688,?,p2,
1768592409.5669641,RECEIVED,b2d57717-1f71-46b7-b6b8-a41dc4d8c33a,4d8048ea-962c-4441-b5fb-4f1af2d19c43,c5,c3,1016,i6,?,
1768592409.6701705,SENT,7e883df9-fc67-4cf0-bcd0-67c602a97ba0,ff6dcd3e-788c-4485-a21f-44bbd2c160c9,c1,c4,687,?,p1,
1768592409.6702127,FORWARDED,7e883df9-fc67-4cf0-bcd0-67c602a97ba0,ff6dcd3e-788c-4485-a21f-44bbd2c160c9,c1,c4,687,?,p1,
1768592409.7117999,SENT,b2d57717-1f71-46b7-b6b8-a41dc4d8c33a,4d8048ea-962c-4441-b5fb-4f1af2d19c43,c5,c3,688,?,p3,
1768592409.7118423,FORWARDED,b2d57717-1f71-46b7-b6b8-a41dc4d8c33a,4d8048ea-962c-4441-b5fb-4f1af2d19c43,c5,c3,688,?,p3,
1768592409.8425193,RECEIVED,4c23d802-f0d8-48b6-9d93-840e0a909bee,ab99a8cf-b8ea-48a3-bcad-eddb161a12b1,c1,DROP,688,i7,?,
1768592410.051016,RECEIVED,aeab29b2-945e-45d1-a58d-11f892c69ffb,5cfdd719-5949-49e6-bbe0-0131a757ca8b,c2,c3,1011,i7,?,
1768592410.074178,SENT,4c23d802-f0d8-48b6-9d93-840e0a909bee,ab99a8cf-b8ea-48a3-bcad-eddb161a12b1,c1,DROP,442,?,i2,
1768592410.0742185,FORWARDED,4c23d802-f0d8-48b6-9d93-840e0a909bee,ab99a8cf-b8ea-48a3-bcad-eddb161a12b1,c1,DROP,442,?,i2,
1768592410.3705916,RECEIVED,87e06475-6d33-48a3-a60d-f750f0c254e8,b98a4296-cd72-46bf-a482-9230378909c9,c1,c2,1024,i9,?,
1768592410.4706244,SENT,aeab29b2-945e-45d1-a58d-11f892c69ffb,5cfdd719-5949-49e6-bbe0-0131a757ca8b,c2,c3,687,?,p3,
1768592410.4706657,FORWARDED,aeab29b2-945e-45d1-a58d-11f892c69ffb,5cfdd719-5949-49e6-bbe0-0131a757ca8b,c2,c3,687,?,p3,
1768592410.5527675,RECEIVED,d0745598-fdaf-4ea6-8e2c-7ffdd06424ff,3db9241b-5cbd-4cd4-a377-d8b63b3ca877,c1,c2,1016,i6,?,
1768592410.6360266,SENT,87e06475-6d33-48a3-a60d-f750f0c254e8,b98a4296-cd72-46bf-a482-9230378909c9,c1,c2,694,?,p2,
1768592410.6360798,FORWARDED,87e06475-6d33-48a3-a60d-f750f0c254e8,b98a4296-cd72-46bf-a482-9230378909c9,c1,c2,694,?,p2,
1768592410.74142,RECEIVED,8f8b0dca-6659-4509-b0b1-5069b22ae69b,397c225e-5553-40a0-a4e0-3d8469829afe,c4,c5,1016,i7,?,
1768592410.8281865,RECEIVED,4a6706a7-002b-41e9-a781-434825e14ffa,59774b1b-563b-45cb-843e-152abd574c46,c1,c4,1012,i7,?,
1768592410.8542953,SENT,8f8b0dca-6659-4509-b0b1-5069b22ae69b,397c225e-5553-40a0-a4e0-3d8469829afe,c4,c5,688,?,p2,
1768592410.854336,FORWARDED,8f8b0dca-6659-4509-b0b1-5069b22ae69b,397c225e-5553-40a0-a4e0-3d8469829afe,c4,c5,688,?,p2,
1768592410.9993904,SENT,d0745598-fdaf-4ea6-8e2c-7ffdd06424ff,3db9241b-5cbd-4cd4-a377-d8b63b3ca877,c1,c2,688,?,p2,
1768592410.9994338,FORWARDED,d0745598-fdaf-4ea6-8e2c-7ffdd06424ff,3db9241b-5cbd-4cd4-a377-d8b63b3ca877,c1,c2,688,?,p2,
1768592411.098616,RECEIVED,94568fc2-596b-48c2-b5d8-ccba01c93227,9edea7f1-6dd9-4cce-b5db-be055fa3b230,c3,c5,1015,i5,?,
1768592411.206885,SENT,94568fc2-596b-48c2-b5d8-ccba01c93227,9edea7f1-6dd9-4cce-b5db-be055fa3b230,c3,c5,688,?,p2,
1768592411.206928,FORWARDED,94568fc2-596b-48c2-b5d8-ccba01c93227,9edea7f1-6dd9-4cce-b5db-be055fa3b230,c3,c5,688,?,p2,
1768592411.2453384,SENT,4a6706a7-002b-41e9-a781-434825e14ffa,59774b1b-563b-45cb-843e-152abd574c46,c1,c4,687,?,p1,
1768592411.24558,FORWARDED,4a6706a7-002b-41e9-a781-434825e14ffa,59774b1b-563b-45cb-843e-152abd574c46,c1,c4,687,?,p1,
1768592411.2580183,RECEIVED,09c11669-e4f3-4f6d-a366-6219e9ebbce8,a6afa00e-d11d-4feb-abc5-da93fd3c71d8,c3,c4,1024,i2,?,
1768592411.7103906,SENT,09c11669-e4f3-4f6d-a366-6219e9ebbce8,a6afa00e-d11d-4feb-abc5-da93fd3c71d8,c3,c4,695,?,p1,
1768592411.7108805,FORWARDED,09c11669-e4f3-4f6d-a366-6219e9ebbce8,a6afa00e-d11d-4feb-abc5-da93fd3c71d8,c3,c4,695,?,p1,
1768592411.9742506,RECEIVED,ce71aaa7-718d-4c01-8733-fe7ce09d3bbf,28ffec55-7778-4d70-8c16-ee7c14fda71c,c4,c5,1011,i11,?,
1768592412.4954684,RECEIVED,31573e4b-8200-45bb-80a8-403e88573631,a8aafdbf-cdcf-4901-bc21-8b44ef5009fd,c1,c3,1015,i7,?,
1768592412.5232422,RECEIVED,476b26c2-fda0-4852-8452-cb495c5fc913,8ead8d4e-fab6-4a18-93c1-acf1c03b2ddd,c2,c4,1024,i1,?,
1768592412.5449097,RECEIVED,52b1c9e0-d144-499a-9494-4754e772c950,f1873963-743a-408c-94a9-83f0198a01e3,c1,DROP,684,i11,?,
1768592412.5503445,RECEIVED,d82292b2-58e7-4166-bd0c-02d3209edba1,4a5ff1e1-0de5-4dbb-9fe2-6867ba91d72d,c3,c4,1012,i6,?,
1768592412.5987837,SENT,476b26c2-fda0-4852-8452-cb495c5fc913,8ead8d4e-fab6-4a18-93c1-acf1c03b2ddd,c2,c4,695,?,p1,
1768592412.5988266,FORWARDED,476b26c2-fda0-4852-8452-cb495c5fc913,8ead8d4e-fab6-4a18-93c1-acf1c03b2ddd,c2,c4,695,?,p1,
1768592412.7513902,SENT,52b1c9e0-d144-499a-9494-4754e772c950,f1873963-743a-408c-94a9-83f0198a01e3,c1,DROP,440,?,i1,
1768592412.751431,FORWARDED,52b1c9e0-d144-499a-9494-4754e772c950,f1873963-743a-408c-94a9-83f0198a01e3,c1,DROP,440,?,i1,
1768592412.8643289,RECEIVED,0f0c04b4-66f1-44b3-8fc9-e2dbb3952151,646bb617-3ce6-4cd7-b45d-f1392974bc11,c1,c5,1012,i11,?,
1768592412.8968842,SENT,0f0c04b4-66f1-44b3-8fc9-e2dbb3952151,646bb617-3ce6-4cd7-b45d-f1392974bc11,c1,c5,687,?,p2,
1768592412.8969264,FORWARDED,0f0c04b4-66f1-44b3-8fc9-e2dbb3952151,646bb617-3ce6-4cd7-b45d-f1392974bc11,c1,c5,687,?,p2,
1768592412.8996785,SENT,d82292b2-58e7-4166-bd0c-02d3209edba1,4a5ff1e1-0de5-4dbb-9fe2-6867ba91d72d,c3,c4,687,?,p1,
1768592412.8997307,FORWARDED,d82292b2-58e7-4166-bd0c-02d3209edba1,4a5ff1e1-0de5-4dbb-9fe2-6867ba91d72d,c3,c4,687,?,p1,
1768592413.0140092,SENT,31573e4b-8200-45bb-80a8-403e88573631,a8aafdbf-cdcf-4901-bc21-8b44ef5009fd,c1,c3,688,?,p3,
1768592413.0140646,FORWARDED,31573e4b-8200-45bb-80a8-403e88573631,a8aafdbf-cdcf-4901-bc21-8b44ef5009fd,c1,c3,688,?,p3,
1768592413.522775,SENT,ce71aaa7-718d-4c01-8733-fe7ce09d3bbf,28ffec55-7778-4d70-8c16-ee7c14fda71c,c4,c5,686,?,p2,
1768592413.5228167,FORWARDED,ce71aaa7-718d-4c01-8733-fe7ce09d3bbf,28ffec55-7778-4d70-8c16-ee7c14fda71c,c4,c5,686,?,p2,
1768592413.572097,RECEIVED,e150c3cf-8a95-42b6-874e-ccab48f87f49,ff978103-e96b-4341-94eb-917c9b7a1ecd,c2,c4,1012,i4,?,
1768592413.6293912,RECEIVED,5d1f631e-7e0d-4f2f-aad5-ca38200b080f,1a6e78bb-fd16-4830-8c13-22e6bc92c5f8,c4,c2,1013,i12,?,
1768592413.6311424,SENT,e150c3cf-8a95-42b6-874e-ccab48f87f49,ff978103-e96b-4341-94eb-917c9b7a1ecd,c2,c4,687,?,p1,
1768592413.6312425,FORWARDED,e150c3cf-8a95-42b6-874e-ccab48f87f49,ff978103-e96b-4341-94eb-917c9b7a1ecd,c2,c4,687,?,p1,
1768592413.6547198,SENT,5d1f631e-7e0d-4f2f-aad5-ca38200b080f,1a6e78bb-fd16-4830-8c13-22e6bc92c5f8,c4,c2,686,?,p2,
1768592413.6547754,FORWARDED,5d1f631e-7e0d-4f2f-aad5-ca38200b080f,1a6e78bb-fd16-4830-8c13-22e6bc92c5f8,c4,c2,686,?,p2,
1768592413.9895256,RECEIVED,1e2bb06d-218a-45fb-9804-e3a078e0d406,1b25942e-67f6-4f0e-927a-49d818b52597,c5,c1,1020,i7,?,
1768592414.2559595,SENT,1e2bb06d-218a-45fb-9804-e3a078e0d406,1b25942e-67f6-4f0e-927a-49d818b52597,c5,c1,692,?,p1,
1768592414.2560008,FORWARDED,1e2bb06d-218a-45fb-9804-e3a078e0d406,1b25942e-67f6-4f0e-927a-49d818b52597,c5,c1,692,?,p1,
1768592414.3304348,RECEIVED,ff4bda1f-20fa-423c-ade8-343e8ef2543e,880108d7-2458-49f4-bd7d-f51960264110,c5,c3,1015,i6,?,
1768592414.4111257,RECEIVED,97f3bdeb-7c9b-47a3-b25d-de2c2f7d411c,420614bb-9453-4298-8de6-61d3fb7efd2c,c4,c5,1020,i11,?,
1768592414.537353,SENT,97f3bdeb-7c9b-47a3-b25d-de2c2f7d411c,420614bb-9453-4298-8de6-61d3fb7efd2c,c4,c5,691,?,p2,
1768592414.5373936,FORWARDED,97f3bdeb-7c9b-47a3-b25d-de2c2f7d411c,420614bb-9453-4298-8de6-61d3fb7efd2c,c4,c5,691,?,p2,
1768592414.886972,RECEIVED,3c2677c2-6e7e-4e22-a696-c7b024a195eb,190edf65-2930-4086-9aa8-1bcd667175f8,c4,c2,1007,i2,?,
1768592414.9243617,RECEIVED,cc68327f-28f0-4cb3-b85d-e5800e6087c1,3de52633-9549-4b54-a6a5-d3477c926964,c2,c5,1017,i8,?,
1768592414.9394534,SENT,cc68327f-28f0-4cb3-b85d-e5800e6087c1,3de52633-9549-4b54-a6a5-d3477c926964,c2,c5,688,?,p2,
1768592414.9394953,FORWARDED,cc68327f-28f0-4cb3-b85d-e5800e6087c1,3de52633-9549-4b54-a6a5-d3477c926964,c2,c5,688,?,p2,
1768592415.05677,RECEIVED,5d1d58df-6b89-46de-8376-c2c46b3f816c,7ce21abe-9cf6-48dd-927e-8a1e9aa8b708,c2,c3,1011,i4,?,
1768592415.1313226,SENT,ff4bda1f-20fa-423c-ade8-343e8ef2543e,880108d7-2458-49f4-bd7d-f51960264110,c5,c3,688,?,p3,
1768592415.1313617,FORWARDED,ff4bda1f-20fa-423c-ade8-343e8ef2543e,880108d7-2458-49f4-bd7d-f51960264110,c5,c3,688,?,p3,
1768592415.183892,RECEIVED,d7638ec3-30a1-4e9c-9d98-5f3a8446c00a,5af90547-1ed7-423f-a6ef-18aacbc7a417,c3,DROP,687,i1,?,
1768592415.1946926,SENT,5d1d58df-6b89-46de-8376-c2c46b3f816c,7ce21abe-9cf6-48dd-927e-8a1e9aa8b708,c2,c3,687,?,p3,
1768592415.1947315,FORWARDED,5d1d58df-6b89-46de-8376-c2c46b3f816c,7ce21abe-9cf6-48dd-927e-8a1e9aa8b708,c2,c3,687,?,p3,
1768592415.268695,SENT,3c2677c2-6e7e-4e22-a696-c7b024a195eb,190edf65-2930-4086-9aa8-1bcd667175f8,c4,c2,684,?,p2,
1768592415.2687383,FORWARDED,3c2677c2-6e7e-4e22-a696-c7b024a195eb,190edf65-2930-4086-9aa8-1bcd667175f8,c4,c2,684,?,p2,
1768592415.2896776,RECEIVED,891a03b9-4a0f-45aa-8254-483c42821775,67bc0ab0-77c5-4edc-855a-2c11df90f565,c2,c1,1011,i1,?,
1768592415.4613557,SENT,d7638ec3-30a1-4e9c-9d98-5f3a8446c00a,5af90547-1ed7-423f-a6ef-18aacbc7a417,c3,DROP,442,?,e6,
1768592415.461393,FORWARDED,d7638ec3-30a1-4e9c-9d98-5f3a8446c00a,5af90547-1ed7-423f-a6ef-18aacbc7a417,c3,DROP,442,?,e6,
1768592415.4749258,RECEIVED,110bdcd9-8389-42af-ba55-d71a988bd098,b4a4be37-6411-40c3-827c-6bf84987d40a,c2,DROP,689,i5,?,
1768592415.5663545,SENT,110bdcd9-8389-42af-ba55-d71a988bd098,b4a4be37-6411-40c3-827c-6bf84987d40a,c2,DROP,442,?,x12,
1768592415.5663962,FORWARDED,110bdcd9-8389-42af-ba55-d71a988bd098,b4a4be37-6411-40c3-827c-6bf84987d40a,c2,DROP,442,?,x12,
1768592415.5678895,RECEIVED,4be4480d-7097-4894-bc33-c6646d62c36d,bf840109-ce9d-416e-a859-d67e3cf49520,c5,c4,1023,i12,?,
1768592415.6308439,SENT,891a03b9-4a0f-45aa-8254-483c42821775,67bc0ab0-77c5-4edc-855a-2c11df90f565,c2,c1,687,?,p1,
1768592415.6308844,FORWARDED,891a03b9-4a0f-45aa-8254-483c42821775,67bc0ab0-77c5-4edc-855a-2c11df90f565,c2,c1,687,?,p1,
1768592415.8605218,SENT,4be4480d-7097-4894-bc33-c6646d62c36d,bf840109-ce9d-416e-a859-d67e3cf49520,c5,c4,696,?,p1,
1768592415.8605645,FORWARDED,4be4480d-7097-4894-bc33-c6646d62c36d,bf840109-ce9d-416e-a859-d67e3cf49520,c5,c4,696,?,p1,
1768592416.0147758,RECEIVED,6d9c9f91-1cd2-471d-9b45-3ca307b37445,1ba76476-7ac5-4291-934b-52a9eb2a6322,c5,c4,1012,i4,?,
1768592416.1322222,SENT,6d9c9f91-1cd2-471d-9b45-3ca307b37445,1ba76476-7ac5-4291-934b-52a9eb2a6322,c5,c4,687,?,p1,
1768592416.1322627,FORWARDED,6d9c9f91-1cd2-471d-9b45-3ca307b37445,1ba76476-7ac5-4291-934b-52a9eb2a6322,c5,c4,687,?,p1,
1768592416.3093393,RECEIVED,1b98b2cf-07d8-416d-8ea6-e2f4550a444e,ba2f7ca5-f706-45c1-9c3e-74698e328cae,c5,c3,1016,i4,?,
1768592416.3856382,SENT,1b98b2cf-07d8-416d-8ea6-e2f4550a444e,ba2f7ca5-f706-45c1-9c3e-74698e328cae,c5,c3,688,?,p3,
1768592416.3856876,FORWARDED,1b98b2cf-07d8-416d-8ea6-e2f4550a444e,ba2f7ca5-f706-45c1-9c3e-74698e328cae,c5,c3,688,?,p3,
1768592416.813891,RECEIVED,631e8f84-ecfd-4ec8-956d-350c5a3378fc,493d233d-1a35-4d06-b126-90886aab9cee,c5,DROP,441,x11,?,
1768592416.8744779,RECEIVED,72a0a865-1f70-42c8-a018-2d73a1eb8bf9,747f3615-fc76-467f-a172-8704ef00b9ca,c1,c2,1028,i11,?,
1768592417.1887536,SENT,72a0a865-1f70-42c8-a018-2d73a1eb8bf9,747f3615-fc76-467f-a172-8704ef00b9ca,c1,c2,697,?,p2,
1768592417.1887949,FORWARDED,72a0a865-1f70-42c8-a018-2d73a1eb8bf9,747f3615-fc76-467f-a172-8704ef00b9ca,c1,c2,697,?,p2,
1768592417.5926805,RECEIVED,9a247f44-ae64-4f98-889a-5f78713b9a63,142a2a29-d062-42a5-b056-b9bff3ab4d6e,c5,DROP,442,x6,?,
1768592418.0832677,RECEIVED,d6fc973f-f225-440b-91c0-521a35e619e9,c16161a4-9ac9-4482-9b82-3809fec0df27,c2,c4,1010,i5,?,
1768592418.2319674,RECEIVED,b05498ce-d9f7-47a8-a3db-44174fa1995f,fb7b5b15-a0cf-4312-a99f-b205ffdf9649,c3,c4,1020,i6,?,
1768592418.2906115,SENT,d6fc973f-f225-440b-91c0-521a35e619e9,c16161a4-9ac9-4482-9b82-3809fec0df27,c2,c4,687,?,p1,
1768592418.2906523,FORWARDED,d6fc973f-f225-440b-91c0-521a35e619e9,c16161a4-9ac9-4482-9b82-3809fec0df27,c2,c4,687,?,p1,
1768592418.7124646,SENT,b05498ce-d9f7-47a8-a3db-44174fa1995f,fb7b5b15-a0cf-4312-a99f-b205ffdf9649,c3,c4,691,?,p1,
1768592418.7125068,FORWARDED,b05498ce-d9f7-47a8-a3db-44174fa1995f,fb7b5b15-a0cf-4312-a99f-b205ffdf9649,c3,c4,691,?,p1,
1768592418.8222718,RECEIVED,d4795ac6-0aac-447c-b404-70f62bfb6728,c6a7610b-0c5c-428f-8f0f-9cf135fbf73a,c2,DROP,689,i6,?,
1768592418.8412442,RECEIVED,8006a4ff-3e73-4fbe-b59a-827901c49c34,f8f07f2e-eb2b-4585-bb9e-bbed8e846c32,c3,c4,1022,i2,?,
1768592418.8488455,SENT,d4795ac6-0aac-447c-b404-70f62bfb6728,c6a7610b-0c5c-428f-8f0f-9cf135fbf73a,c2,DROP,442,?,x4,
1768592418.8488817,FORWARDED,d4795ac6-0aac-447c-b404-70f62bfb6728,c6a7610b-0c5c-428f-8f0f-9cf135fbf73a,c2,DROP,442,?,x4,
1768592419.2486548,RECEIVED,5f182029-8e4d-4f21-bdf7-366bc2b6877f,7d9ef854-9a7f-4e21-890f-d2fb6863ea38,c4,c5,1016,i2,?,
1768592419.5771441,RECEIVED,e3c3e890-7913-404d-8243-0714baacbb0d,0082dd60-0d66-4085-92bf-8f1525903b8c,c1,c2,1012,i2,?,
1768592419.6026487,RECEIVED,2842d94c-564a-4198-9e16-7851f5f700aa,2e425a89-38d3-4c76-b2bd-a92abb1832fd,c2,c1,1018,i5,?,
1768592419.6516109,SENT,e3c3e890-7913-404d-8243-0714baacbb0d,0082dd60-0d66-4085-92bf-8f1525903b8c,c1,c2,687,?,p2,
1768592419.652425,FORWARDED,e3c3e890-7913-404d-8243-0714baacbb0d,0082dd60-0d66-4085-92bf-8f1525903b8c,c1,c2,687,?,p2,
1768592419.692538,SENT,5f182029-8e4d-4f21-bdf7-366bc2b6877f,7d9ef854-9a7f-4e21-890f-d2fb6863ea38,c4,c5,688,?,p2,
1768592419.692577,FORWARDED,5f182029-8e4d-4f21-bdf7-366bc2b6877f,7d9ef854-9a7f-4e21-890f-d2fb6863ea38,c4,c5,688,?,p2,
1768592419.7567236,SENT,8006a4ff-3e73-4fbe-b59a-827901c49c34,f8f07f2e-eb2b-4585-bb9e-bbed8e846c32,c3,c4,695,?,p1,
1768592419.7567658,FORWARDED,8006a4ff-3e73-4fbe-b59a-827901c49c34,f8f07f2e-eb2b-4585-bb9e-bbed8e846c32,c3,c4,695,?,p1,
1768592420.1804354,SENT,2842d94c-564a-4198-9e16-7851f5f700aa,2e425a89-38d3-4c76-b2bd-a92abb1832fd,c2,c1,692,?,p1,
1768592420.18049,FORWARDED,2842d94c-564a-4198-9e16-7851f5f700aa,2e425a89-38d3-4c76-b2bd-a92abb1832fd,c2,c1,692,?,p1,
1768592420.3050423,RECEIVED,676bf434-7313-4664-941f-dba5ea5c622d,1fd1384c-b908-473e-a242-1ff18a747232,c4,DROP,684,i5,?,
1768592420.552345,SENT,676bf434-7313-4664-941f-dba5ea5c622d,1fd1384c-b908-473e-a242-1ff18a747232,c4,DROP,441,?,e7,
1768592420.5523918,FORWARDED,676bf434-7313-4664-941f-dba5ea5c622d,1fd1384c-b908-473e-a242-1ff18a747232,c4,DROP,441,?,e7,
1768592420.6025991,RECEIVED,ae64b343-75f7-4e7a-ab68-33a5999030ca,ddb78476-3d19-461f-bacd-1a151c15bab9,c3,c1,1023,i12,?,
1768592420.8574827,RECEIVED,d26f1970-bc28-452e-b299-678636cbe071,d4b931fa-adfd-4644-afb1-bbf74a304440,c2,c1,1016,i4,?,
1768592421.0148196,SENT,d26f1970-bc28-452e-b299-678636cbe071,d4b931fa-adfd-4644-afb1-bbf74a304440,c2,c1,688,?,p1,
1768592421.014862,FORWARDED,d26f1970-bc28-452e-b299-678636cbe071,d4b931fa-adfd-4644-afb1-bbf74a304440,c2,c1,688,?,p1,
1768592421.1589403,RECEIVED,026abd41-d089-429c-b5db-17a85faef912,cee74881-b979-4bb0-9b9b-7a96fab290bf,c5,c3,1012,i4,?,
1768592421.3140333,RECEIVED,0c57cf33-1391-4fe4-83ab-5164ff9dbe6d,7f669b8b-4372-4944-9ef2-5577a7f14597,c4,DROP,684,i11,?,
1768592421.3722823,RECEIVED,8282291f-c47b-42e9-8aad-eeea5d426251,e736e9b9-209a-446b-8418-95d38d748f58,c3,c1,1012,i8,?,
1768592421.4181585,SENT,026abd41-d089-429c-b5db-17a85faef912,cee74881-b979-4bb0-9b9b-7a96fab290bf,c5,c3,687,?,p3,
1768592421.4182067,FORWARDED,026abd41-d089-429c-b5db-17a85faef912,cee74881-b979-4bb0-9b9b-7a96fab290bf,c5,c3,687,?,p3,
1768592421.4564226,SENT,0c57cf33-1391-4fe4-83ab-5164ff9dbe6d,7f669b8b-4372-4944-9ef2-5577a7f14597,c4,DROP,441,?,i9,
1768592421.4564643,FORWARDED,0c57cf33-1391-4fe4-83ab-5164ff9dbe6d,7f669b8b-4372-4944-9ef2-5577a7f14597,c4,DROP,441,?,i9,
1768592421.4951477,SENT,8282291f-c47b-42e9-8aad-eeea5d426251,e736e9b9-209a-446b-8418-95d38d748f58,c3,c1,686,?,p1,
1768592421.4951944,FORWARDED,8282291f-c47b-42e9-8aad-eeea5d426251,e736e9b9-209a-446b-8418-95d38d748f58,c3,c1,686,?,p1,
1768592421.5087476,SENT,ae64b343-75f7-4e7a-ab68-33a5999030ca,ddb78476-3d19-461f-bacd-1a151c15bab9,c3,c1,695,?,p1,
1768592421.5087845,FORWARDED,ae64b343-75f7-4e7a-ab68-33a5999030ca,ddb78476-3d19-461f-bacd-1a151c15bab9,c3,c1,695,?,p1,
1768592422.0561433,RECEIVED,c25c60bc-1df4-4d27-b486-87d5f3539678,1b33e84f-6dda-49da-a66c-bd95be7af971,c4,c3,1019,i11,?,
1768592422.2049448,RECEIVED,e74a8912-9940-4e88-b587-22789142cc99,05566c67-94b0-44aa-a644-1603b1a5103a,c2,c3,1011,i8,?,
1768592422.22323,RECEIVED,bdc18119-5b8b-4665-8d62-d0fbd3f6d44f,07fff92b-ddf4-4920-8d1a-bf9edde30717,c5,c3,1023,i12,?,
1768592422.493057,RECEIVED,18e448bb-72dd-4d2e-bc72-3674224b5320,2b54eb90-ac87-4b9b-b0d3-fb57f592ef67,c5,c4,1019,i11,?,
1768592422.636515,RECEIVED,0c149c8f-2f30-44c3-8722-f9c16367c4a3,e6840c71-b191-4459-b303-8e463d76a698,c2,c1,1020,i6,?,
1768592422.7309096,SENT,0c149c8f-2f30-44c3-8722-f9c16367c4a3,e6840c71-b191-4459-b303-8e463d76a698,c2,c1,692,?,p1,
1768592422.7309568,FORWARDED,0c149c8f-2f30-44c3-8722-f9c16367c4a3,e6840c71-b191-4459-b303-8e463d76a698,c2,c1,692,?,p1,
1768592422.803276,RECEIVED,018ff66b-759c-4d6e-96e3-f42e299d73e4,46e0edb2-7574-4848-8edf-4912458c5e1a,c5,c4,1017,i8,?,
1768592422.832129,SENT,018ff66b-759c-4d6e-96e3-f42e299d73e4,46e0edb2-7574-4848-8edf-4912458c5e1a,c5,c4,688,?,p1,
1768592422.832169,FORWARDED,018ff66b-759c-4d6e-96e3-f42e299d73e4,46e0edb2-7574-4848-8edf-4912458c5e1a,c5,c4,688,?,p1,
1768592422.8668137,RECEIVED,d3f02596-85a4-438f-926c-798ee50a392f,3e8dce29-50a3-401b-9c63-4333ddeee9da,c3,c2,1021,i4,?,
1768592422.8924062,RECEIVED,c20f6c8e-2dfd-4639-b5a8-a37976d262ed,b6ba6ebb-d0fb-46c3-a972-776b5a5ccfdb,c4,DROP,692,i11,?,
1768592422.9174688,SENT,d3f02596-85a4-438f-926c-798ee50a392f,3e8dce29-50a3-401b-9c63-4333ddeee9da,c3,c2,692,?,p2,
1768592422.9175105,FORWARDED,d3f02596-85a4-438f-926c-798ee50a392f,3e8dce29-50a3-401b-9c63-4333ddeee9da,c3,c2,692,?,p2,
1768592422.9192712,SENT,c25c60bc-1df4-4d27-b486-87d5f3539678,1b33e84f-6dda-49da-a66c-bd95be7af971,c4,c3,691,?,p3,
1768592422.9193187,FORWARDED,c25c60bc-1df4-4d27-b486-87d5f3539678,1b33e84f-6dda-49da-a66c-bd95be7af971,c4,c3,691,?,p3,
1768592422.9932146,SENT,c20f6c8e-2dfd-4639-b5a8-a37976d262ed,b6ba6ebb-d0fb-46c3-a972-776b5a5ccfdb,c4,DROP,445,?,x6,
1768592422.9932568,FORWARDED,c20f6c8e-2dfd-4639-b5a8-a37976d262ed,b6ba6ebb-d0fb-46c3-a972-776b5a5ccfdb,c4,DROP,445,?,x6,
1768592423.0195394,RECEIVED,0364ec2d-5a09-47c0-ad2a-208846c13df3,61919511-de73-40bb-b357-e9139b797c12,c2,c5,1017,i2,?,
1768592423.043214,RECEIVED,c24f7bfe-55d9-4e77-b681-79d81cd35998,04aabaf6-8c21-420e-97c3-955ab8b800d0,c3,DROP,688,i7,?,
1768592423.094808,SENT,0364ec2d-5a09-47c0-ad2a-208846c13df3,61919511-de73-40bb-b357-e9139b797c12,c2,c5,689,?,p2,
1768592423.0948482,FORWARDED,0364ec2d-5a09-47c0-ad2a-208846c13df3,61919511-de73-40bb-b357-e9139b797c12,c2,c5,689,?,p2,
1768592423.1074202,SENT,18e448bb-72dd-4d2e-bc72-3674224b5320,2b54eb90-ac87-4b9b-b0d3-fb57f592ef67,c5,c4,692,?,p1,
1768592423.1074615,FORWARDED,18e448bb-72dd-4d2e-bc72-3674224b5320,2b54eb90-ac87-4b9b-b0d3-fb57f592ef67,c5,c4,692,?,p1,
1768592423.1832993,SENT,bdc18119-5b8b-4665-8d62-d0fbd3f6d44f,07fff92b-ddf4-4920-8d1a-bf9edde30717,c5,c3,696,?,p3,
1768592423.183338,FORWARDED,bdc18119-5b8b-4665-8d62-d0fbd3f6d44f,07fff92b-ddf4-4920-8d1a-bf9edde30717,c5,c3,696,?,p3,
1768592423.32721,SENT,c24f7bfe-55d9-4e77-b681-79d81cd35998,04aabaf6-8c21-420e-97c3-955ab8b800d0,c3,DROP,442,?,x8,
1768592423.3272505,FORWARDED,c24f7bfe-55d9-4e77-b681-79d81cd35998,04aabaf6-8c21-420e-97c3-955ab8b800d0,c3,DROP,442,?,x8,
1768592423.4742558,RECEIVED,8a3899cc-8de1-4a45-9566-d7e2e2c47b11,40dcb6a2-4bd4-4c0c-bc04-8c3ecf281dc9,c5,c4,1021,i11,?,
1768592423.7262192,RECEIVED,92684e3e-a3dd-4559-babc-ec2a531405c2,ed02a9c3-341b-4763-90b7-e7c89f4e0be2,c5,c2,1017,i1,?,
1768592423.7672846,SENT,92684e3e-a3dd-4559-babc-ec2a531405c2,ed02a9c3-341b-4763-90b7-e7c89f4e0be2,c5,c2,688,?,p2,
1768592423.7673259,FORWARDED,92684e3e-a3dd-4559-babc-ec2a531405c2,ed02a9c3-341b-4763-90b7-e7c89f4e0be2,c5,c2,688,?,p2,
1768592423.7902467,SENT,e74a8912-9940-4e88-b587-22789142cc99,05566c67-94b0-44aa-a644-1603b1a5103a,c2,c3,687,?,p3,
1768592423.7902894,FORWARDED,e74a8912-9940-4e88-b587-22789142cc99,05566c67-94b0-44aa-a644-1603b1a5103a,c2,c3,687,?,p3,
1768592423.8061914,RECEIVED,19aea776-ed7b-426d-8a5c-60b7e43f01ab,3e3debff-ce68-4ea5-8d1c-e5a64ee8f2a5,c2,c3,1016,i8,?,
1768592423.874769,RECEIVED,1025a824-0f6c-44f3-960e-4fd47d946ad5,e57b1e09-6317-4b90-af16-44d438ce7551,c1,c5,1020,i12,?,
1768592423.8927994,SENT,19aea776-ed7b-426d-8a5c-60b7e43f01ab,3e3debff-ce68-4ea5-8d1c-e5a64ee8f2a5,c2,c3,688,?,p3,
1768592423.892841,FORWARDED,19aea776-ed7b-426d-8a5c-60b7e43f01ab,3e3debff-ce68-4ea5-8d1c-e5a64ee8f2a5,c2,c3,688,?,p3,
1768592423.9780393,SENT,8a3899cc-8de1-4a45-9566-d7e2e2c47b11,40dcb6a2-4bd4-4c0c-bc04-8c3ecf281dc9,c5,c4,696,?,p1,
1768592423.9781013,FORWARDED,8a3899cc-8de1-4a45-9566-d7e2e2c47b11,40dcb6a2-4bd4-4c0c-bc04-8c3ecf281dc9,c5,c4,696,?,p1,
1768592424.0644977,SENT,1025a824-0f6c-44f3-960e-4fd47d946ad5,e57b1e09-6317-4b90-af16-44d438ce7551,c1,c5,692,?,p2,
1768592424.0645394,FORWARDED,1025a824-0f6c-44f3-960e-4fd47d946ad5,e57b1e09-6317-4b90-af16-44d438ce7551,c1,c5,692,?,p2,
1768592424.0781786,RECEIVED,0aba186a-e5ee-4f94-9dc7-a7b56c9b5694,e451f3e1-b6ce-417d-9bed-f20c4050e44e,c4,c1,1012,i4,?,
1768592424.1942918,SENT,0aba186a-e5ee-4f94-9dc7-a7b56c9b5694,e451f3e1-b6ce-417d-9bed-f20c4050e44e,c4,c1,687,?,p1,
1768592424.1943314,FORWARDED,0aba186a-e5ee-4f94-9dc7-a7b56c9b5694,e451f3e1-b6ce-417d-9bed-f20c4050e44e,c4,c1,687,?,p1,
1768592424.2345483,RECEIVED,481f61b4-8cf7-40c5-9792-2534c7c975bf,80689d4a-b407-4c37-bc5d-d274ae25fa53,c2,DROP,440,x3,?,
1768592424.3700624,RECEIVED,01cd6eee-6e75-4c04-bcde-22a9ba46cacd,1c5e2e4c-34a2-49ca-af29-4e166b23aab4,c3,c4,1011,i7,?,
1768592424.4949868,SENT,01cd6eee-6e75-4c04-bcde-22a9ba46cacd,1c5e2e4c-34a2-49ca-af29-4e166b23aab4,c3,c4,687,?,p1,
1768592424.4950306,FORWARDED,01cd6eee-6e75-4c04-bcde-22a9ba46cacd,1c5e2e4c-34a2-49ca-af29-4e166b23aab4,c3,c4,687,?,p1,
1768592424.498129,RECEIVED,40ffb8d1-676b-4baf-b494-7de3d68bcd47,44f446b1-9d5a-4112-8ae2-c90560d314e7,c2,c4,1015,i8,?,
1768592424.6337135,RECEIVED,5a90f3f5-8262-4231-9043-407bfdf157b9,9914b706-751c-4014-9e58-7a4d38862c4e,c2,c1,1023,i12,?,
1768592425.1369812,RECEIVED,26e88c36-dae8-4a71-aaa7-ba0bbb34474a,35981b34-e25a-4dd4-80cc-f993ef49d674,c2,c1,1011,i8,?,
1768592425.2612023,SENT,5a90f3f5-8262-4231-9043-407bfdf157b9,9914b706-751c-4014-9e58-7a4d38862c4e,c2,c1,695,?,p1,
1768592425.2612433,FORWARDED,5a90f3f5-8262-4231-9043-407bfdf157b9,9914b706-751c-4014-9e58-7a4d38862c4e,c2,c1,695,?,p1,
1768592425.3711076,RECEIVED,1b14af1e-c51f-4f6d-830e-e0dd30692a0f,4a5e944c-d504-49af-a53a-fd9db27504c4,c5,c4,1011,i2,?,
1768592425.5848637,RECEIVED,de1fef67-0f2e-4386-94aa-d7d27b9d9c65,93fbfa6b-ea7d-4af2-834f-ca150444d959,c5,c2,1015,i11,?,
1768592425.6291742,RECEIVED,8c9591e7-693c-4a6c-80ef-55cecad6981a,a9d8c22c-4cdc-43a3-9519-8819261649a2,c4,DROP,682,i4,?,
1768592425.6878161,RECEIVED,3f608cd3-1414-4b6f-b401-8a2731a8e62d,14baa608-6183-4007-8ccd-760d63af39cb,c1,c2,1011,i1,?,
1768592425.9762268,SENT,3f608cd3-1414-4b6f-b401-8a2731a8e62d,14baa608-6183-4007-8ccd-760d63af39cb,c1,c2,687,?,p2,
1768592425.9762695,FORWARDED,3f608cd3-1414-4b6f-b401-8a2731a8e62d,14baa608-6183-4007-8ccd-760d63af39cb,c1,c2,687,?,p2,
1768592426.0025425,SENT,8c9591e7-693c-4a6c-80ef-55cecad6981a,a9d8c22c-4cdc-43a3-9519-8819261649a2,c4,DROP,441,?,x9,
1768592426.0025854,FORWARDED,8c9591e7-693c-4a6c-80ef-55cecad6981a,a9d8c22c-4cdc-43a3-9519-8819261649a2,c4,DROP,441,?,x9,
1768592426.1734457,SENT,1b14af1e-c51f-4f6d-830e-e0dd30692a0f,4a5e944c-d504-49af-a53a-fd9db27504c4,c5,c4,686,?,p1,
1768592426.1734838,FORWARDED,1b14af1e-c51f-4f6d-830e-e0dd30692a0f,4a5e944c-d504-49af-a53a-fd9db27504c4,c5,c4,686,?,p1,
1768592426.2174177,RECEIVED,5b873fbb-eeb7-4403-80e2-799cd9738b93,c4adfefc-e30b-4a20-83c2-a39451bb04c2,c3,c1,1013,i4,?,
1768592426.2794898,SENT,5b873fbb-eeb7-4403-80e2-799cd9738b93,c4adfefc-e30b-4a20-83c2-a39451bb04c2,c3,c1,687,?,p1,
1768592426.2795331,FORWARDED,5b873fbb-eeb7-4403-80e2-799cd9738b93,c4adfefc-e30b-4a20-83c2-a39451bb04c2,c3,c1,687,?,p1,
1768592426.3933954,SENT,26e88c36-dae8-4a71-aaa7-ba0bbb34474a,35981b34-e25a-4dd4-80cc-f993ef49d674,c2,c1,687,?,p1,
1768592426.3934455,FORWARDED,26e88c36-dae8-4a71-aaa7-ba0bbb34474a,35981b34-e25a-4dd4-80cc-f993ef49d674,c2,c1,687,?,p1,
1768592426.477787,RECEIVED,4883401f-038c-4d94-aa24-7a2ee078afdf,980557c1-0ded-45ab-ab3e-8ccc4533654a,c5,c4,1016,i9,?,
1768592426.5263007,SENT,40ffb8d1-676b-4baf-b494-7de3d68bcd47,44f446b1-9d5a-4112-8ae2-c90560d314e7,c2,c4,688,?,p1,
1768592426.5263422,FORWARDED,40ffb8d1-676b-4baf-b494-7de3d68bcd47,44f446b1-9d5a-4112-8ae2-c90560d314e7,c2,c4,688,?,p1,
1768592426.5753841,RECEIVED,3f084791-562c-4a4d-bcd7-bc2dcab0685e,66a5eb8a-36ca-4b69-bb39-71bb0c9d4ad3,c1,DROP,688,i2,?,
1768592426.6306505,SENT,3f084791-562c-4a4d-bcd7-bc2dcab0685e,66a5eb8a-36ca-4b69-bb39-71bb0c9d4ad3,c1,DROP,442,?,x8,
1768592426.6306908,FORWARDED,3f084791-562c-4a4d-bcd7-bc2dcab0685e,66a5eb8a-36ca-4b69-bb39-71bb0c9d4ad3,c1,DROP,442,?,x8,
1768592426.914873,SENT,4883401f-038c-4d94-aa24-7a2ee078afdf,980557c1-0ded-45ab-ab3e-8ccc4533654a,c5,c4,688,?,p1,
1768592426.9149153,FORWARDED,4883401f-038c-4d94-aa24-7a2ee078afdf,980557c1-0ded-45ab-ab3e-8ccc4533654a,c5,c4,688,?,p1,
1768592427.0250053,RECEIVED,2024076c-2cc0-453e-8120-0cca1e291940,05985778-ea59-491c-ab66-46bde57a8cbd,c5,c3,1015,i8,?,
1768592427.088288,RECEIVED,e5274147-fceb-43cf-a28c-03bd22edec52,e265ba83-d126-441d-9e42-5e04e4e5776d,c3,DROP,684,i8,?,
1768592427.3457165,SENT,e5274147-fceb-43cf-a28c-03bd22edec52,e265ba83-d126-441d-9e42-5e04e4e5776d,c3,DROP,440,?,i6,
1768592427.3457596,FORWARDED,e5274147-fceb-43cf-a28c-03bd22edec52,e265ba83-d126-441d-9e42-5e04e4e5776d,c3,DROP,440,?,i6,
1768592427.5115125,RECEIVED,98d8894e-ea88-4ec2-a94b-c34d32a159ca,3a5b10fe-9840-4d14-bbe7-6fcfea72d6ec,c4,c2,1008,i11,?,
1768592427.581523,RECEIVED,38d1f059-0a6d-4ae8-a816-a1aa18187b31,8724e4fa-e1f9-4e6e-b902-bafcfc2d340f,c4,c1,1011,i4,?,
1768592427.605417,SENT,de1fef67-0f2e-4386-94aa-d7d27b9d9c65,93fbfa6b-ea7d-4af2-834f-ca150444d959,c5,c2,688,?,p2,
1768592427.6054664,FORWARDED,de1fef67-0f2e-4386-94aa-d7d27b9d9c65,93fbfa6b-ea7d-4af2-834f-ca150444d959,c5,c2,688,?,p2,
1768592427.6058798,RECEIVED,7d216324-a965-4d83-b747-af62ddfc1a3a,b1008190-1559-4730-9f0f-57d71c9da7a8,c2,c4,1019,i11,?,
1768592427.6416647,SENT,98d8894e-ea88-4ec2-a94b-c34d32a159ca,3a5b10fe-9840-4d14-bbe7-6fcfea72d6ec,c4,c2,684,?,p2,
1768592427.6417062,FORWARDED,98d8894e-ea88-4ec2-a94b-c34d32a159ca,3a5b10fe-9840-4d14-bbe7-6fcfea72d6ec,c4,c2,684,?,p2,
1768592427.7672956,RECEIVED,af10c390-ac2a-403f-971e-0449e09c683c,bc43d9ef-ceda-4434-be66-0ecfbf239c07,c5,c2,1011,i5,?,
1768592427.919735,SENT,af10c390-ac2a-403f-971e-0449e09c683c,bc43d9ef-ceda-4434-be66-0ecfbf239c07,c5,c2,687,?,p2,
1768592427.9197774,FORWARDED,af10c390-ac2a-403f-971e-0449e09c683c,bc43d9ef-ceda-4434-be66-0ecfbf239c07,c5,c2,687,?,p2,
1768592428.0259402,SENT,38d1f059-0a6d-4ae8-a816-a1aa18187b31,8724e4fa-e1f9-4e6e-b902-bafcfc2d340f,c4,c1,687,?,p1,
1768592428.0259836,FORWARDED,38d1f059-0a6d-4ae8-a816-a1aa18187b31,8724e4fa-e1f9-4e6e-b902-bafcfc2d340f,c4,c1,687,?,p1,
1768592428.129858,RECEIVED,af697ff4-7903-4721-8033-38676cc06475,87504561-c813-4efd-9efd-063d2d6efdc1,c2,c4,1016,i5,?,
1768592428.328028,SENT,af697ff4-7903-4721-8033-38676cc06475,87504561-c813-4efd-9efd-063d2d6efdc1,c2,c4,688,?,p1,
1768592428.3280835,FORWARDED,af697ff4-7903-4721-8033-38676cc06475,87504561-c813-4efd-9efd-063d2d6efdc1,c2,c4,688,?,p1,
1768592428.5505476,RECEIVED,c9646645-5d77-4e7f-98d7-eccac0d4375f,fb9012fc-9703-4e04-b0c5-3521eed3244f,c5,c4,1011,i4,?,
1768592428.590429,RECEIVED,e8f6cbcd-efe0-44de-8d82-cefb8fb20471,4a7f4278-6383-48f9-931c-051b4331e648,c1,c2,1023,i11,?,
1768592428.6883235,RECEIVED,52cb91c7-2e66-4124-832c-31296c5b47db,d6174ba6-a978-42d1-a934-d143d7fbeaee,c1,c5,1016,i9,?,
1768592428.8465528,RECEIVED,e503cdb6-a177-4640-a476-ffdd78b6952c,ee350db6-a970-454a-a909-d4e108b20a3a,c2,c4,1012,i5,?,
1768592428.8813381,SENT,7d216324-a965-4d83-b747-af62ddfc1a3a,b1008190-1559-4730-9f0f-57d71c9da7a8,c2,c4,691,?,p1,
1768592428.8813787,FORWARDED,7d216324-a965-4d83-b747-af62ddfc1a3a,b1008190-1559-4730-9f0f-57d71c9da7a8,c2,c4,691,?,p1,
1768592428.9050806,SENT,e8f6cbcd-efe0-44de-8d82-cefb8fb20471,4a7f4278-6383-48f9-931c-051b4331e648,c1,c2,695,?,p2,
1768592428.9051235,FORWARDED,e8f6cbcd-efe0-44de-8d82-cefb8fb20471,4a7f4278-6383-48f9-931c-051b4331e648,c1,c2,695,?,p2,
1768592429.0247004,RECEIVED,6e0f9ac7-c13b-4fdd-b73a-6a92baed0e07,5696be55-391d-456b-a09f-b058bda18ea1,c5,c1,1012,i6,?,
1768592429.074117,SENT,52cb91c7-2e66-4124-832c-31296c5b47db,d6174ba6-a978-42d1-a934-d143d7fbeaee,c1,c5,688,?,p2,
1768592429.074234,FORWARDED,52cb91c7-2e66-4124-832c-31296c5b47db,d6174ba6-a978-42d1-a934-d143d7fbeaee,c1,c5,688,?,p2,
1768592429.0811508,SENT,6e0f9ac7-c13b-4fdd-b73a-6a92baed0e07,5696be55-391d-456b-a09f-b058bda18ea1,c5,c1,687,?,p1,
1768592429.0812047,FORWARDED,6e0f9ac7-c13b-4fdd-b73a-6a92baed0e07,5696be55-391d-456b-a09f-b058bda18ea1,c5,c1,687,?,p1,
1768592429.2317371,SENT,2024076c-2cc0-453e-8120-0cca1e291940,05985778-ea59-491c-ab66-46bde57a8cbd,c5,c3,689,?,p3,
1768592429.2322962,FORWARDED,2024076c-2cc0-453e-8120-0cca1e291940,05985778-ea59-491c-ab66-46bde57a8cbd,c5,c3,689,?,p3,
1768592429.3408365,SENT,e503cdb6-a177-4640-a476-ffdd78b6952c,ee350db6-a970-454a-a909-d4e108b20a3a,c2,c4,686,?,p1,
1768592429.3408768,FORWARDED,e503cdb6-a177-4640-a476-ffdd78b6952c,ee350db6-a970-454a-a909-d4e108b20a3a,c2,c4,686,?,p1,
1768592429.36066,RECEIVED,ff68e78e-8ad9-4136-b21e-112052ee5d9f,cd4d5855-24c2-4eca-90ae-3bbb33f2f26e,c3,DROP,684,i7,?,
1768592429.4424677,RECEIVED,b7925880-9f0c-4291-8ff7-6da383062f46,116ad1fe-bb51-4c3b-8e1a-4e985a5b2631,c2,DROP,687,i4,?,
1768592429.4612362,RECEIVED,b83238fc-2ba2-4ba2-b7e4-617e9088a20a,fbb155c5-b174-4ce8-a780-9d3b16936eb4,c4,DROP,441,x11,?,
1768592429.814275,SENT,ff68e78e-8ad9-4136-b21e-112052ee5d9f,cd4d5855-24c2-4eca-90ae-3bbb33f2f26e,c3,DROP,441,?,e10,
1768592429.814316,FORWARDED,ff68e78e-8ad9-4136-b21e-112052ee5d9f,cd4d5855-24c2-4eca-90ae-3bbb33f2f26e,c3,DROP,441,?,e10,
1768592429.9152277,SENT,b7925880-9f0c-4291-8ff7-6da383062f46,116ad1fe-bb51-4c3b-8e1a-4e985a5b2631,c2,DROP,444,?,i1,
1768592429.9152694,FORWARDED,b7925880-9f0c-4291-8ff7-6da383062f46,116ad1fe-bb51-4c3b-8e1a-4e985a5b2631,c2,DROP,444,?,i1,
1768592430.0615954,RECEIVED,b4db85af-584a-42a8-ab4a-1dd6a55e1ecd,25f9dd88-8a06-4c11-af9d-e38706053a7d,c3,c1,1012,i7,?,
1768592430.1442842,SENT,c9646645-5d77-4e7f-98d7-eccac0d4375f,fb9012fc-9703-4e04-b0c5-3521eed3244f,c5,c4,687,?,p1,
1768592430.1443233,FORWARDED,c9646645-5d77-4e7f-98d7-eccac0d4375f,fb9012fc-9703-4e04-b0c5-3521eed3244f,c5,c4,687,?,p1,
1768592430.3273368,RECEIVED,dfc870b7-aff4-43c7-9df3-030eb71b818e,679a2ba2-359c-41ac-81e1-82c4b1de484a,c4,c2,1025,i6,?,
1768592430.3300884,RECEIVED,49c87e14-7e90-46ea-bdd0-ca7095fc2769,ccd5f52b-42b4-4381-9a73-4bc82993ff37,c3,c1,1014,i6,?,
1768592430.422525,RECEIVED,da5aee0c-319d-4008-a183-4720e18c1420,06a637c2-5ab7-4f73-9b31-7328a52e75ea,c3,c2,1016,i7,?,
1768592430.4236124,SENT,dfc870b7-aff4-43c7-9df3-030eb71b818e,679a2ba2-359c-41ac-81e1-82c4b1de484a,c4,c2,696,?,p2,
1768592430.4236498,FORWARDED,dfc870b7-aff4-43c7-9df3-030eb71b818e,679a2ba2-359c-41ac-81e1-82c4b1de484a,c4,c2,696,?,p2,
1768592430.4741747,SENT,b4db85af-584a-42a8-ab4a-1dd6a55e1ecd,25f9dd88-8a06-4c11-af9d-e38706053a7d,c3,c1,687,?,p1,
1768592430.474217,FORWARDED,b4db85af-584a-42a8-ab4a-1dd6a55e1ecd,25f9dd88-8a06-4c11-af9d-e38706053a7d,c3,c1,687,?,p1,
1768592430.5471857,RECEIVED,93809b95-e8fe-4c88-b0e7-07a473a1808b,8bb74162-6110-4970-a410-f1e0a007e09b,c4,c1,1019,i11,?,
1768592430.550695,RECEIVED,754e1b3f-1e86-4c95-86ff-f6939b0e49c6,56a42a1e-0a97-47f0-a941-cf3d661f45a7,c1,c4,1016,i4,?,
1768592430.6083937,SENT,da5aee0c-319d-4008-a183-4720e18c1420,06a637c2-5ab7-4f73-9b31-7328a52e75ea,c3,c2,688,?,p2,
1768592430.6084356,FORWARDED,da5aee0c-319d-4008-a183-4720e18c1420,06a637c2-5ab7-4f73-9b31-7328a52e75ea,c3,c2,688,?,p2,
1768592430.6628785,SENT,754e1b3f-1e86-4c95-86ff-f6939b0e49c6,56a42a1e-0a97-47f0-a941-cf3d661f45a7,c1,c4,688,?,p1,
1768592430.6629264,FORWARDED,754e1b3f-1e86-4c95-86ff-f6939b0e49c6,56a42a1e-0a97-47f0-a941-cf3d661f45a7,c1,c4,688,?,p1,
1768592430.877831,SENT,49c87e14-7e90-46ea-bdd0-ca7095fc2769,ccd5f52b-42b4-4381-9a73-4bc82993ff37,c3,c1,688,?,p1,
1768592430.877881,FORWARDED,49c87e14-7e90-46ea-bdd0-ca7095fc2769,ccd5f52b-42b4-4381-9a73-4bc82993ff37,c3,c1,688,?,p1,
1768592431.034091,RECEIVED,b94830fe-e8d0-43e1-9060-d6cd2a372400,98ab9a49-f297-4a1d-a9a0-b8800eab885d,c1,c3,1011,i8,?,
1768592431.1351438,SENT,93809b95-e8fe-4c88-b0e7-07a473a1808b,8bb74162-6110-4970-a410-f1e0a007e09b,c4,c1,693,?,p1,
1768592431.13518,FORWARDED,93809b95-e8fe-4c88-b0e7-07a473a1808b,8bb74162-6110-4970-a410-f1e0a007e09b,c4,c1,693,?,p1,
1768592431.1719513,RECEIVED,a953e704-c950-43d8-9895-60afc5f2ab3b,04c3cc3a-3fc4-4b56-a53e-8f43ae38f6ac,c2,c1,1014,i4,?,
1768592431.2106888,RECEIVED,3ace3184-77c1-43d5-a82a-cedbcb1cf12f,3b75edfe-9f7b-4d73-ba0e-c5e9368cd378,c3,DROP,688,i6,?,
1768592431.3447907,SENT,3ace3184-77c1-43d5-a82a-cedbcb1cf12f,3b75edfe-9f7b-4d73-ba0e-c5e9368cd378,c3,DROP,442,?,x12,
1768592431.3448334,FORWARDED,3ace3184-77c1-43d5-a82a-cedbcb1cf12f,3b75edfe-9f7b-4d73-ba0e-c5e9368cd378,c3,DROP,442,?,x12,
1768592431.3871408,RECEIVED,787f9275-69f7-4213-9dc9-e4f3bf970be9,60dcf5f3-0f8b-48c2-802e-bcc6d2d35d03,c3,DROP,692,i11,?,
1768592431.4695547,SENT,b94830fe-e8d0-43e1-9060-d6cd2a372400,98ab9a49-f297-4a1d-a9a0-b8800eab885d,c1,c3,687,?,p3,
1768592431.4696002,FORWARDED,b94830fe-e8d0-43e1-9060-d6cd2a372400,98ab9a49-f297-4a1d-a9a0-b8800eab885d,c1,c3,687,?,p3,
1768592431.638,RECEIVED,d4357ab7-bbe0-4d80-9acc-7b9608084d0d,4be28532-0661-40a0-b477-8726554e8713,c5,c3,1019,i11,?,
1768592431.777208,RECEIVED,e53d05df-4dc5-442c-bfc8-b053d56cd0c1,d58e8805-4c5b-4f52-8aa0-6b5b3d2fe6cc,c1,c4,1020,i11,?,
1768592431.9562612,SENT,e53d05df-4dc5-442c-bfc8-b053d56cd0c1,d58e8805-4c5b-4f52-8aa0-6b5b3d2fe6cc,c1,c4,692,?,p1,
1768592431.9563026,FORWARDED,e53d05df-4dc5-442c-bfc8-b053d56cd0c1,d58e8805-4c5b-4f52-8aa0-6b5b3d2fe6cc,c1,c4,692,?,p1,
1768592432.1287284,RECEIVED,5d6d2ed9-fea5-40ab-959b-00751c45127f,66e3bfba-7a80-4d86-bb56-7b20c11d1aa4,c5,c3,1010,i8,?,
1768592432.1671147,SENT,d4357ab7-bbe0-4d80-9acc-7b9608084d0d,4be28532-0661-40a0-b477-8726554e8713,c5,c3,692,?,p3,
1768592432.1671565,FORWARDED,d4357ab7-bbe0-4d80-9acc-7b9608084d0d,4be28532-0661-40a0-b477-8726554e8713,c5,c3,692,?,p3,
1768592432.1796806,RECEIVED,881513d8-0e35-4bb5-8414-8760ffe215bc,2708947b-e0b7-4a3a-b51f-116da7959725,c3,c5,1012,i4,?,
1768592432.2237983,SENT,a953e704-c950-43d8-9895-60afc5f2ab3b,04c3cc3a-3fc4-4b56-a53e-8f43ae38f6ac,c2,c1,688,?,p1,
1768592432.2238398,FORWARDED,a953e704-c950-43d8-9895-60afc5f2ab3b,04c3cc3a-3fc4-4b56-a53e-8f43ae38f6ac,c2,c1,688,?,p1,
1768592432.2351532,RECEIVED,62fcce30-f48c-4bb0-a08b-47221557326c,8151dd18-b6c7-4e50-b48c-bd54c058c5b8,c1,c2,1011,i5,?,
1768592432.2754169,SENT,881513d8-0e35-4bb5-8414-8760ffe215bc,2708947b-e0b7-4a3a-b51f-116da7959725,c3,c5,687,?,p2,
1768592432.275458,FORWARDED,881513d8-0e35-4bb5-8414-8760ffe215bc,2708947b-e0b7-4a3a-b51f-116da7959725,c3,c5,687,?,p2,
1768592432.3003607,RECEIVED,4f1ef0d1-e1cb-4180-a67c-e362dce95b3d,9a858eb1-cc79-4f9a-a1e5-6a26e1d6b03e,c1,DROP,445,x12,?,
1768592432.6560035,RECEIVED,6bd624a2-ed54-4870-ae6f-55b4b122e977,d2f68b76-89c4-48c8-8326-fb411359cd0f,c1,c3,1015,i1,?,
1768592432.7368155,SENT,5d6d2ed9-fea5-40ab-959b-00751c45127f,66e3bfba-7a80-4d86-bb56-7b20c11d1aa4,c5,c3,687,?,p3,
1768592432.7368581,FORWARDED,5d6d2ed9-fea5-40ab-959b-00751c45127f,66e3bfba-7a80-4d86-bb56-7b20c11d1aa4,c5,c3,687,?,p3,
1768592432.8811703,RECEIVED,6d0666f3-ce97-4295-9551-325e6c1183cd,f7bf1b70-4c1a-4190-ba8d-372ba9e99ce2,c2,c5,1011,i4,?,
1768592432.90479,RECEIVED,439cd711-879d-44ed-b19d-0fcc8d847e14,1f415fa9-f861-45a4-ab86-d8cc03b9f54c,c5,c1,1015,i4,?,
1768592432.905134,SENT,62fcce30-f48c-4bb0-a08b-47221557326c,8151dd18-b6c7-4e50-b48c-bd54c058c5b8,c1,c2,687,?,p2,
1768592432.9051797,FORWARDED,62fcce30-f48c-4bb0-a08b-47221557326c,8151dd18-b6c7-4e50-b48c-bd54c058c5b8,c1,c2,687,?,p2,
1768592433.0597494,SENT,6bd624a2-ed54-4870-ae6f-55b4b122e977,d2f68b76-89c4-48c8-8326-fb411359cd0f,c1,c3,688,?,p3,
1768592433.059791,FORWARDED,6bd624a2-ed54-4870-ae6f-55b4b122e977,d2f68b76-89c4-48c8-8326-fb411359cd0f,c1,c3,688,?,p3,
1768592433.069043,SENT,439cd711-879d-44ed-b19d-0fcc8d847e14,1f415fa9-f861-45a4-ab86-d8cc03b9f54c,c5,c1,688,?,p1,
1768592433.069095,FORWARDED,439cd711-879d-44ed-b19d-0fcc8d847e14,1f415fa9-f861-45a4-ab86-d8cc03b9f54c,c5,c1,688,?,p1,
1768592433.1261444,RECEIVED,09eb7d6a-0084-4f12-9dcf-bbc7d576b6ba,9f90b31d-a46d-4e0f-8934-4f582529903c,c2,DROP,686,i2,?,
1768592433.1314156,SENT,6d0666f3-ce97-4295-9551-325e6c1183cd,f7bf1b70-4c1a-4190-ba8d-372ba9e99ce2,c2,c5,686,?,p2,
1768592433.1314554,FORWARDED,6d0666f3-ce97-4295-9551-325e6c1183cd,f7bf1b70-4c1a-4190-ba8d-372ba9e99ce2,c2,c5,686,?,p2,
1768592433.2307367,RECEIVED,4797b41a-8b0d-4d35-ae77-93f6b110adf4,67ea315a-6e92-472e-b74c-be553f59ef60,c1,c4,1021,i11,?,
1768592433.2407248,SENT,4797b41a-8b0d-4d35-ae77-93f6b110adf4,67ea315a-6e92-472e-b74c-be553f59ef60,c1,c4,692,?,p1,
1768592433.2407737,FORWARDED,4797b41a-8b0d-4d35-ae77-93f6b110adf4,67ea315a-6e92-472e-b74c-be553f59ef60,c1,c4,692,?,p1,
1768592433.2530122,SENT,787f9275-69f7-4213-9dc9-e4f3bf970be9,60dcf5f3-0f8b-48c2-802e-bcc6d2d35d03,c3,DROP,447,?,i11,
1768592433.2530735,REDIRECTED,787f9275-69f7-4213-9dc9-e4f3bf970be9,60dcf5f3-0f8b-48c2-802e-bcc6d2d35d03,c3,DROP,447,?,i11,
1768592433.2531075,FORWARDED,787f9275-69f7-4213-9dc9-e4f3bf970be9,60dcf5f3-0f8b-48c2-802e-bcc6d2d35d03,c3,DROP,447,?,i10,
1768592433.3060665,RECEIVED,d841edb6-88eb-4825-b992-b063bd94ffed,d19c4a08-f8b8-4f1b-b996-85c2f8a0364e,c3,c1,1011,i12,?,
1768592433.6067305,SENT,09eb7d6a-0084-4f12-9dcf-bbc7d576b6ba,9f90b31d-a46d-4e0f-8934-4f582529903c,c2,DROP,442,?,i4,
1768592433.6067722,FORWARDED,09eb7d6a-0084-4f12-9dcf-bbc7d576b6ba,9f90b31d-a46d-4e0f-8934-4f582529903c,c2,DROP,442,?,i4,
1768592433.639197,RECEIVED,1f89bd96-a973-4766-9f5e-9f54b8a3c611,dc195913-d1b2-439f-bcb7-ba87be5bbd2a,c4,c2,1011,i12,?,
1768592433.8568196,RECEIVED,c4760768-082a-4130-b59c-3c25d53dd535,cea3e7a4-d493-4971-a301-528ee5a61dbf,c1,c3,1023,i6,?,
1768592433.9388545,SENT,1f89bd96-a973-4766-9f5e-9f54b8a3c611,dc195913-d1b2-439f-bcb7-ba87be5bbd2a,c4,c2,687,?,p2,
1768592433.9392738,FORWARDED,1f89bd96-a973-4766-9f5e-9f54b8a3c611,dc195913-d1b2-439f-bcb7-ba87be5bbd2a,c4,c2,687,?,p2,
1768592434.0420928,SENT,d841edb6-88eb-4825-b992-b063bd94ffed,d19c4a08-f8b8-4f1b-b996-85c2f8a0364e,c3,c1,685,?,p1,
1768592434.0421355,FORWARDED,d841edb6-88eb-4825-b992-b063bd94ffed,d19c4a08-f8b8-4f1b-b996-85c2f8a0364e,c3,c1,685,?,p1,
1768592434.2309706,SENT,c4760768-082a-4130-b59c-3c25d53dd535,cea3e7a4-d493-4971-a301-528ee5a61dbf,c1,c3,695,?,p3,
1768592434.2310138,FORWARDED,c4760768-082a-4130-b59c-3c25d53dd535,cea3e7a4-d493-4971-a301-528ee5a61dbf,c1,c3,695,?,p3,
1768592434.423422,RECEIVED,53dc635b-72df-4e36-b236-851338eadd04,90382245-0c45-4fa0-abdd-793556da8186,c3,c2,1011,i6,?,
1768592434.5529802,RECEIVED,0236e368-46a0-4451-9f34-c5c48cdb1aae,ded8da3d-eb90-4fd9-822d-a1ed3732e386,c2,c4,1020,i11,?,
1768592434.5883555,SENT,53dc635b-72df-4e36-b236-851338eadd04,90382245-0c45-4fa0-abdd-793556da8186,c3,c2,687,?,p2,
1768592434.588396,FORWARDED,53dc635b-72df-4e36-b236-851338eadd04,90382245-0c45-4fa0-abdd-793556da8186,c3,c2,687,?,p2,
1768592434.662066,SENT,0236e368-46a0-4451-9f34-c5c48cdb1aae,ded8da3d-eb90-4fd9-822d-a1ed3732e386,c2,c4,692,?,p1,
1768592434.6621106,FORWARDED,0236e368-46a0-4451-9f34-c5c48cdb1aae,ded8da3d-eb90-4fd9-822d-a1ed3732e386,c2,c4,692,?,p1,
1768592434.8200448,RECEIVED,389e2156-8df5-4c35-b6e5-81a0fc58d50d,319a86d6-1408-4259-b20b-1923bf489e69,c2,c5,1015,i11,?,
1768592435.1607218,SENT,389e2156-8df5-4c35-b6e5-81a0fc58d50d,319a86d6-1408-4259-b20b-1923bf489e69,c2,c5,688,?,p2,
1768592435.1607616,FORWARDED,389e2156-8df5-4c35-b6e5-81a0fc58d50d,319a86d6-1408-4259-b20b-1923bf489e69,c2,c5,688,?,p2,
1768592435.3028522,RECEIVED,1a319706-382b-4e0c-b161-ad28fd14048a,31a48486-b340-45f3-8655-4f04f0a9d64c,c2,c3,1015,i9,?,
1768592435.5094354,RECEIVED,ab3df2d3-b753-4196-a67f-7675a75ef651,21b8a159-5cc6-4f63-9805-678f6db191c6,c5,DROP,684,i4,?,
1768592435.5629356,SENT,ab3df2d3-b753-4196-a67f-7675a75ef651,21b8a159-5cc6-4f63-9805-678f6db191c6,c5,DROP,441,?,i5,
1768592435.5629773,FORWARDED,ab3df2d3-b753-4196-a67f-7675a75ef651,21b8a159-5cc6-4f63-9805-678f6db191c6,c5,DROP,441,?,i5,
1768592435.633905,RECEIVED,a3a101b0-a067-4057-a646-cc596c26909a,28c82e45-c1e4-4eb1-80ee-048ac38300f3,c2,c1,1012,i6,?,
1768592435.7429082,RECEIVED,3ed86794-a111-4bbd-ba44-7faf98466202,0c84cd82-1412-45d1-98c7-a3f271e3c436,c1,c3,1024,i5,?,
1768592435.8582873,SENT,3ed86794-a111-4bbd-ba44-7faf98466202,0c84cd82-1412-45d1-98c7-a3f271e3c436,c1,c3,696,?,p3,
1768592435.858332,FORWARDED,3ed86794-a111-4bbd-ba44-7faf98466202,0c84cd82-1412-45d1-98c7-a3f271e3c436,c1,c3,696,?,p3,
1768592435.881852,SENT,a3a101b0-a067-4057-a646-cc596c26909a,28c82e45-c1e4-4eb1-80ee-048ac38300f3,c2,c1,687,?,p1,
1768592435.8818905,FORWARDED,a3a101b0-a067-4057-a646-cc596c26909a,28c82e45-c1e4-4eb1-80ee-048ac38300f3,c2,c1,687,?,p1,
1768592435.9402575,SENT,1a319706-382b-4e0c-b161-ad28fd14048a,31a48486-b340-45f3-8655-4f04f0a9d64c,c2,c3,688,?,p3,
1768592435.9403079,FORWARDED,1a319706-382b-4e0c-b161-ad28fd14048a,31a48486-b340-45f3-8655-4f04f0a9d64c,c2,c3,688,?,p3,
1768592436.376368,RECEIVED,9bfdff41-b2b7-4f23-9116-625688a05cdb,67eae8ad-3cd5-40e0-b33c-3991c31c88e5,c1,c5,1018,i8,?,
1768592436.3941803,RECEIVED,51e5d00c-4429-4ead-a3a2-5d5217d9a65b,2f056684-05c1-4ef2-b14c-03856f844bf0,c1,c2,1015,i4,?,
1768592436.5226634,RECEIVED,e3c0527d-1388-4439-b6fc-8a73ad69116b,eb982a35-68ee-4755-bda4-ee1a72befbd5,c1,c2,1016,i2,?,
1768592436.6562252,SENT,e3c0527d-1388-4439-b6fc-8a73ad69116b,eb982a35-68ee-4755-bda4-ee1a72befbd5,c1,c2,689,?,p2,
1768592436.6562662,FORWARDED,e3c0527d-1388-4439-b6fc-8a73ad69116b,eb982a35-68ee-4755-bda4-ee1a72befbd5,c1,c2,689,?,p2,
1768592436.889902,RECEIVED,4c80c672-a6ed-4484-ab9a-5be0d661cc85,1767e8ff-0152-4617-aabf-f5826c9ca492,c2,c5,1015,i4,?,
1768592437.04654,RECEIVED,c7d008da-c8e6-4ed6-97c4-8bc4070b16ec,8bcf8a82-bb7a-49e1-a87c-a71856f9488e,c3,c2,1016,i2,?,
1768592437.1099765,RECEIVED,27b1f503-909b-4989-967a-0858769ff481,6db2ba36-6a9c-48c1-bf74-01b028e0dc46,c2,c1,1014,i6,?,
1768592437.180415,RECEIVED,c93bba01-b8ba-4f96-84e0-0d95ca9de21a,a8b9f543-2ccf-401c-9218-bdf27b526271,c3,c2,1017,i12,?,
1768592437.2497942,RECEIVED,41bf6a6e-a849-442b-b37b-e1dc3ab2a8fa,b55a303e-d7ca-48f7-8c8a-108f44ede63f,c3,c2,1011,i1,?,
1768592437.2579782,SENT,c93bba01-b8ba-4f96-84e0-0d95ca9de21a,a8b9f543-2ccf-401c-9218-bdf27b526271,c3,c2,688,?,p2,
1768592437.2580142,FORWARDED,c93bba01-b8ba-4f96-84e0-0d95ca9de21a,a8b9f543-2ccf-401c-9218-bdf27b526271,c3,c2,688,?,p2,
1768592437.3855395,SENT,c7d008da-c8e6-4ed6-97c4-8bc4070b16ec,8bcf8a82-bb7a-49e1-a87c-a71856f9488e,c3,c2,688,?,p2,
1768592437.3856237,FORWARDED,c7d008da-c8e6-4ed6-97c4-8bc4070b16ec,8bcf8a82-bb7a-49e1-a87c-a71856f9488e,c3,c2,688,?,p2,
1768592437.6306605,SENT,9bfdff41-b2b7-4f23-9116-625688a05cdb,67eae8ad-3cd5-40e0-b33c-3991c31c88e5,c1,c5,692,?,p2,
1768592437.6307015,FORWARDED,9bfdff41-b2b7-4f23-9116-625688a05cdb,67eae8ad-3cd5-40e0-b33c-3991c31c88e5,c1,c5,692,?,p2,
1768592437.7806253,RECEIVED,ae084ff7-1ac5-4123-8b4e-f05467bb0f4d,f8c60761-d840-4446-9fa7-ded105ca3577,c5,c3,1015,i4,?,
1768592437.865043,RECEIVED,db7ef854-53c3-483d-8352-02aea52e32f7,230311ee-55a6-4af5-87b5-68a4d845494c,c1,c4,1015,i5,?,
1768592437.9962006,SENT,db7ef854-53c3-483d-8352-02aea52e32f7,230311ee-55a6-4af5-87b5-68a4d845494c,c1,c4,688,?,p1,
1768592437.9962432,FORWARDED,db7ef854-53c3-483d-8352-02aea52e32f7,230311ee-55a6-4af5-87b5-68a4d845494c,c1,c4,688,?,p1,
1768592438.365452,SENT,27b1f503-909b-4989-967a-0858769ff481,6db2ba36-6a9c-48c1-bf74-01b028e0dc46,c2,c1,688,?,p1,
1768592438.3654933,FORWARDED,27b1f503-909b-4989-967a-0858769ff481,6db2ba36-6a9c-48c1-bf74-01b028e0dc46,c2,c1,688,?,p1,
1768592438.4417033,RECEIVED,93536dd3-5bbb-4f17-8fc8-51e14b82abce,ca7c7bcb-4b5e-4951-bbcd-147bd7d12155,c3,c5,1020,i11,?,
1768592438.5771763,SENT,41bf6a6e-a849-442b-b37b-e1dc3ab2a8fa,b55a303e-d7ca-48f7-8c8a-108f44ede63f,c3,c2,687,?,p2,
1768592438.5772176,FORWARDED,41bf6a6e-a849-442b-b37b-e1dc3ab2a8fa,b55a303e-d7ca-48f7-8c8a-108f44ede63f,c3,c2,687,?,p2,
1768592438.5889182,SENT,4c80c672-a6ed-4484-ab9a-5be0d661cc85,1767e8ff-0152-4617-aabf-f5826c9ca492,c2,c5,688,?,p2,
1768592438.5889604,FORWARDED,4c80c672-a6ed-4484-ab9a-5be0d661cc85,1767e8ff-0152-4617-aabf-f5826c9ca492,c2,c5,688,?,p2,
1768592438.6311367,SENT,93536dd3-5bbb-4f17-8fc8-51e14b82abce,ca7c7bcb-4b5e-4951-bbcd-147bd7d12155,c3,c5,691,?,p2,
1768592438.6311772,FORWARDED,93536dd3-5bbb-4f17-8fc8-51e14b82abce,ca7c7bcb-4b5e-4951-bbcd-147bd7d12155,c3,c5,691,?,p2,
1768592438.6422696,SENT,51e5d00c-4429-4ead-a3a2-5d5217d9a65b,2f056684-05c1-4ef2-b14c-03856f844bf0,c1,c2,690,?,p2,
1768592438.642307,FORWARDED,51e5d00c-4429-4ead-a3a2-5d5217d9a65b,2f056684-05c1-4ef2-b14c-03856f844bf0,c1,c2,690,?,p2,
1768592438.6899154,SENT,ae084ff7-1ac5-4123-8b4e-f05467bb0f4d,f8c60761-d840-4446-9fa7-ded105ca3577,c5,c3,688,?,p3,
1768592438.6899555,FORWARDED,ae084ff7-1ac5-4123-8b4e-f05467bb0f4d,f8c60761-d840-4446-9fa7-ded105ca3577,c5,c3,688,?,p3,
1768592439.2032402,RECEIVED,d8cc81d8-fd5a-40e5-9d39-56ee0fd57368,d00cf5c0-e513-4a7e-a4d7-6ecb7be16717,c5,c2,1011,i5,?,
1768592439.4852462,SENT,d8cc81d8-fd5a-40e5-9d39-56ee0fd57368,d00cf5c0-e513-4a7e-a4d7-6ecb7be16717,c5,c2,687,?,p2,
1768592439.4852839,FORWARDED,d8cc81d8-fd5a-40e5-9d39-56ee0fd57368,d00cf5c0-e513-4a7e-a4d7-6ecb7be16717,c5,c2,687,?,p2,
1768592439.8417697,RECEIVED,63b08e40-43d8-4785-843d-c5afa8db8c91,fd933098-bd83-464d-b4c9-8364b209ef7b,c5,c2,1011,i9,?,
1768592439.8808079,RECEIVED,8f17ee8f-a2cc-4f46-8a67-fb79d0c6443f,6061a401-23e0-4a0d-bdb4-f7df4b6fcb09,c3,c5,1020,i4,?,
1768592440.1187835,SENT,8f17ee8f-a2cc-4f46-8a67-fb79d0c6443f,6061a401-23e0-4a0d-bdb4-f7df4b6fcb09,c3,c5,693,?,p2,
1768592440.1188245,FORWARDED,8f17ee8f-a2cc-4f46-8a67-fb79d0c6443f,6061a401-23e0-4a0d-bdb4-f7df4b6fcb09,c3,c5,693,?,p2,
1768592440.3734937,RECEIVED,4f3f2232-882a-49ce-b82b-c50c61b385f0,ee1484f9-7b49-46e7-8f22-1ab6407bc79e,c4,c3,1022,i11,?,
1768592440.4769552,RECEIVED,4be27165-f90c-4a0c-83fd-fb58bd1fa7e7,07ebbd5c-69af-431a-b869-d3d4443378aa,c4,c2,1023,i11,?,
1768592440.7103786,RECEIVED,ffe244f8-1409-49a7-ab84-cb497927bb41,2a9ec1da-fbe8-4b67-886e-79cba7629940,c1,c2,1011,i6,?,
1768592440.7824066,SENT,4be27165-f90c-4a0c-83fd-fb58bd1fa7e7,07ebbd5c-69af-431a-b869-d3d4443378aa,c4,c2,695,?,p2,
1768592440.7824461,FORWARDED,4be27165-f90c-4a0c-83fd-fb58bd1fa7e7,07ebbd5c-69af-431a-b869-d3d4443378aa,c4,c2,695,?,p2,
1768592440.80295,RECEIVED,f3368866-6e99-4d34-abb4-03210fbf2b7e,688c2185-8e87-4dea-a4f4-3aa24d042f08,c4,c5,1016,i6,?,
1768592440.8076026,SENT,63b08e40-43d8-4785-843d-c5afa8db8c91,fd933098-bd83-464d-b4c9-8364b209ef7b,c5,c2,687,?,p2,
1768592440.8076434,FORWARDED,63b08e40-43d8-4785-843d-c5afa8db8c91,fd933098-bd83-464d-b4c9-8364b209ef7b,c5,c2,687,?,p2,
1768592440.9612145,SENT,f3368866-6e99-4d34-abb4-03210fbf2b7e,688c2185-8e87-4dea-a4f4-3aa24d042f08,c4,c5,688,?,p2,
1768592440.9612813,FORWARDED,f3368866-6e99-4d34-abb4-03210fbf2b7e,688c2185-8e87-4dea-a4f4-3aa24d042f08,c4,c5,688,?,p2,
1768592440.9940662,RECEIVED,51b51220-7eff-4e3e-abbb-aaa21d305fbe,d60ece02-d50e-4081-b9cc-8e51b4e54a46,c3,c2,1024,i12,?,
1768592441.218248,RECEIVED,dcbcd95f-a07a-4011-a687-e69ccabb3ad2,0995b97c-74a3-4b6e-9dcc-a577de7e90f5,c5,c4,1024,i7,?,
1768592441.349041,SENT,51b51220-7eff-4e3e-abbb-aaa21d305fbe,d60ece02-d50e-4081-b9cc-8e51b4e54a46,c3,c2,696,?,p2,
1768592441.3490949,FORWARDED,51b51220-7eff-4e3e-abbb-aaa21d305fbe,d60ece02-d50e-4081-b9cc-8e51b4e54a46,c3,c2,696,?,p2,
1768592441.4362595,SENT,dcbcd95f-a07a-4011-a687-e69ccabb3ad2,0995b97c-74a3-4b6e-9dcc-a577de7e90f5,c5,c4,694,?,p1,
1768592441.4363008,FORWARDED,dcbcd95f-a07a-4011-a687-e69ccabb3ad2,0995b97c-74a3-4b6e-9dcc-a577de7e90f5,c5,c4,694,?,p1,
1768592441.4545186,SENT,ffe244f8-1409-49a7-ab84-cb497927bb41,2a9ec1da-fbe8-4b67-886e-79cba7629940,c1,c2,687,?,p2,
1768592441.4546647,FORWARDED,ffe244f8-1409-49a7-ab84-cb497927bb41,2a9ec1da-fbe8-4b67-886e-79cba7629940,c1,c2,687,?,p2,
1768592441.771896,RECEIVED,3b2aa772-d2e4-42ed-a4d2-fb6baa1eb9cd,7b044d4b-1be3-4630-a41f-7280f848e170,c1,c2,1011,i6,?,
1768592441.9408038,RECEIVED,d653e2e7-b847-4d37-a828-8f81c1476e10,4a8536ef-b732-4130-b605-78697ba58655,c5,c1,1024,i6,?,
1768592442.0645094,RECEIVED,ed48a897-74f3-4b8e-b441-a1c8cff9dfff,34f22f19-ffd5-46b2-8a40-2c5ed4363cb0,c1,c2,1015,i6,?,
1768592442.0690222,SENT,d653e2e7-b847-4d37-a828-8f81c1476e10,4a8536ef-b732-4130-b605-78697ba58655,c5,c1,695,?,p1,
1768592442.0696259,FORWARDED,d653e2e7-b847-4d37-a828-8f81c1476e10,4a8536ef-b732-4130-b605-78697ba58655,c5,c1,695,?,p1,
1768592442.1492214,SENT,3b2aa772-d2e4-42ed-a4d2-fb6baa1eb9cd,7b044d4b-1be3-4630-a41f-7280f848e170,c1,c2,687,?,p2,
1768592442.1492639,FORWARDED,3b2aa772-d2e4-42ed-a4d2-fb6baa1eb9cd,7b044d4b-1be3-4630-a41f-7280f848e170,c1,c2,687,?,p2,
1768592442.1615684,SENT,ed48a897-74f3-4b8e-b441-a1c8cff9dfff,34f22f19-ffd5-46b2-8a40-2c5ed4363cb0,c1,c2,688,?,p2,
1768592442.1616094,FORWARDED,ed48a897-74f3-4b8e-b441-a1c8cff9dfff,34f22f19-ffd5-46b2-8a40-2c5ed4363cb0,c1,c2,688,?,p2,
1768592442.1974514,RECEIVED,ffaf1fe2-2b3c-40e4-9023-50a87c71404d,51c31666-8f7e-406e-83c3-7c9e92731f07,c1,c2,1023,i11,?,
1768592442.2140312,RECEIVED,ab71bb19-49c2-48b1-93f1-1aace3f56ce7,df374863-31fb-4c83-83a9-0713c20c21c2,c1,c3,1015,i1,?,
1768592442.2518706,RECEIVED,f80b2939-4723-427b-aed1-aa7469f61de5,32e42a1a-2ab8-4a56-86c5-672a6f6ae909,c5,c4,1019,i6,?,
1768592442.4290307,SENT,f80b2939-4723-427b-aed1-aa7469f61de5,32e42a1a-2ab8-4a56-86c5-672a6f6ae909,c5,c4,692,?,p1,
1768592442.429266,FORWARDED,f80b2939-4723-427b-aed1-aa7469f61de5,32e42a1a-2ab8-4a56-86c5-672a6f6ae909,c5,c4,692,?,p1,
1768592442.440186,SENT,ffaf1fe2-2b3c-40e4-9023-50a87c71404d,51c31666-8f7e-406e-83c3-7c9e92731f07,c1,c2,695,?,p2,
1768592442.4402268,FORWARDED,ffaf1fe2-2b3c-40e4-9023-50a87c71404d,51c31666-8f7e-406e-83c3-7c9e92731f07,c1,c2,695,?,p2,
1768592442.4595077,RECEIVED,3ccd1e0c-e2c3-470e-b5e3-706733c23795,5365bd21-e50d-4dac-9d9a-2326ce7682c6,c3,c4,1014,i7,?,
1768592442.7149994,RECEIVED,25086d42-655d-4116-805c-249af598cc87,8fa0b964-2a30-4d12-b9b9-bda29efd431e,c1,c5,1011,i4,?,
1768592442.8008883,RECEIVED,1211a65e-2e53-4334-9d6a-ba9b863ae573,5defbd8f-32e8-4dfd-81d9-95abe622ec9c,c5,c3,1011,i4,?,
1768592442.9882622,SENT,1211a65e-2e53-4334-9d6a-ba9b863ae573,5defbd8f-32e8-4dfd-81d9-95abe622ec9c,c5,c3,687,?,p3,
1768592442.988305,FORWARDED,1211a65e-2e53-4334-9d6a-ba9b863ae573,5defbd8f-32e8-4dfd-81d9-95abe622ec9c,c5,c3,687,?,p3,
1768592443.146611,SENT,ab71bb19-49c2-48b1-93f1-1aace3f56ce7,df374863-31fb-4c83-83a9-0713c20c21c2,c1,c3,688,?,p3,
1768592443.1466532,FORWARDED,ab71bb19-49c2-48b1-93f1-1aace3f56ce7,df374863-31fb-4c83-83a9-0713c20c21c2,c1,c3,688,?,p3,
1768592443.159042,SENT,3ccd1e0c-e2c3-470e-b5e3-706733c23795,5365bd21-e50d-4dac-9d9a-2326ce7682c6,c3,c4,689,?,p1,
1768592443.1591272,FORWARDED,3ccd1e0c-e2c3-470e-b5e3-706733c23795,5365bd21-e50d-4dac-9d9a-2326ce7682c6,c3,c4,689,?,p1,
1768592443.1773689,SENT,4f3f2232-882a-49ce-b82b-c50c61b385f0,ee1484f9-7b49-46e7-8f22-1ab6407bc79e,c4,c3,695,?,p3,
1768592443.1774101,FORWARDED,4f3f2232-882a-49ce-b82b-c50c61b385f0,ee1484f9-7b49-46e7-8f22-1ab6407bc79e,c4,c3,695,?,p3,
1768592443.1933239,RECEIVED,5a2c6ebb-f50d-4c54-99ea-62103baeb7d4,2cccebac-6cb5-44e1-86e6-d0a60725bd3e,c3,c4,1011,i9,?,
1768592443.3062809,SENT,5a2c6ebb-f50d-4c54-99ea-62103baeb7d4,2cccebac-6cb5-44e1-86e6-d0a60725bd3e,c3,c4,687,?,p1,
1768592443.3063352,FORWARDED,5a2c6ebb-f50d-4c54-99ea-62103baeb7d4,2cccebac-6cb5-44e1-86e6-d0a60725bd3e,c3,c4,687,?,p1,
1768592443.688348,RECEIVED,ac053a79-a1b5-4924-a8ff-a2947a9b3152,b4097fa7-3e7a-418b-ac2e-759870f6bf9b,c1,c5,1020,i11,?,
1768592443.7390022,SENT,ac053a79-a1b5-4924-a8ff-a2947a9b3152,b4097fa7-3e7a-418b-ac2e-759870f6bf9b,c1,c5,693,?,p2,
1768592443.7390413,FORWARDED,ac053a79-a1b5-4924-a8ff-a2947a9b3152,b4097fa7-3e7a-418b-ac2e-759870f6bf9b,c1,c5,693,?,p2,
1768592443.7461047,RECEIVED,d205b79b-ff85-4352-8912-2bad54035702,1e4d5e1a-c21e-4d72-9623-9f9dc5d3420c,c3,c2,1016,i4,?,
1768592443.8523493,SENT,d205b79b-ff85-4352-8912-2bad54035702,1e4d5e1a-c21e-4d72-9623-9f9dc5d3420c,c3,c2,688,?,p2,
1768592443.8523898,FORWARDED,d205b79b-ff85-4352-8912-2bad54035702,1e4d5e1a-c21e-4d72-9623-9f9dc5d3420c,c3,c2,688,?,p2,
1768592444.2332335,RECEIVED,29835806-8cd6-4602-bb9a-ede5cdfa396e,6d82bf2a-bc0a-44d2-bede-751dab4ea1c3,c1,c3,1015,i6,?,
1768592444.490923,SENT,29835806-8cd6-4602-bb9a-ede5cdfa396e,6d82bf2a-bc0a-44d2-bede-751dab4ea1c3,c1,c3,688,?,p3,
1768592444.4909656,FORWARDED,29835806-8cd6-4602-bb9a-ede5cdfa396e,6d82bf2a-bc0a-44d2-bede-751dab4ea1c3,c1,c3,688,?,p3,
1768592444.8472538,RECEIVED,16712782-596d-42aa-8a45-dbde91da1605,5f264739-c897-467a-b506-96ce5a6a6ca1,c4,c5,1011,i5,?,
1768592445.2155437,RECEIVED,9083dad3-5021-4b37-8099-80ecef6727fd,db418b9d-2b21-4399-91f2-9ecad1e11c46,c1,c2,1012,i1,?,
1768592445.2771885,RECEIVED,0260da18-2743-40d6-a909-a9757ff48e6a,cab88da2-fe8f-4841-9d1d-3c18fa467af1,c1,c5,1021,i11,?,
1768592445.2980835,SENT,0260da18-2743-40d6-a909-a9757ff48e6a,cab88da2-fe8f-4841-9d1d-3c18fa467af1,c1,c5,691,?,p2,
1768592445.2981527,FORWARDED,0260da18-2743-40d6-a909-a9757ff48e6a,cab88da2-fe8f-4841-9d1d-3c18fa467af1,c1,c5,691,?,p2,
1768592445.392831,SENT,9083dad3-5021-4b37-8099-80ecef6727fd,db418b9d-2b21-4399-91f2-9ecad1e11c46,c1,c2,687,?,p2,
1768592445.3928945,FORWARDED,9083dad3-5021-4b37-8099-80ecef6727fd,db418b9d-2b21-4399-91f2-9ecad1e11c46,c1,c2,687,?,p2,
1768592445.4194505,RECEIVED,7a798106-4579-4e10-bd53-25806215ca96,996204d6-db31-42b9-9f81-9d504c65f44f,c1,c2,1011,i2,?,
1768592445.6235266,RECEIVED,2130ebea-654c-4b67-876b-82a1e4149282,3f586708-1071-46b6-9e88-5ffb3383ebaf,c5,c2,1016,i5,?,
1768592445.65566,RECEIVED,e1f0d18f-2bdc-4eae-9b23-d49933836b8c,9b1df6f2-4b44-40e0-8b7d-bdc8d670c5d9,c2,c3,1016,i9,?,
1768592445.6994421,SENT,e1f0d18f-2bdc-4eae-9b23-d49933836b8c,9b1df6f2-4b44-40e0-8b7d-bdc8d670c5d9,c2,c3,688,?,p3,
1768592445.6994846,FORWARDED,e1f0d18f-2bdc-4eae-9b23-d49933836b8c,9b1df6f2-4b44-40e0-8b7d-bdc8d670c5d9,c2,c3,688,?,p3,
1768592445.8572798,SENT,2130ebea-654c-4b67-876b-82a1e4149282,3f586708-1071-46b6-9e88-5ffb3383ebaf,c5,c2,688,?,p2,
1768592445.8574896,FORWARDED,2130ebea-654c-4b67-876b-82a1e4149282,3f586708-1071-46b6-9e88-5ffb3383ebaf,c5,c2,688,?,p2,
1768592446.0858164,SENT,25086d42-655d-4116-805c-249af598cc87,8fa0b964-2a30-4d12-b9b9-bda29efd431e,c1,c5,687,?,p2,
1768592446.085858,FORWARDED,25086d42-655d-4116-805c-249af598cc87,8fa0b964-2a30-4d12-b9b9-bda29efd431e,c1,c5,687,?,p2,
1768592446.1459696,RECEIVED,f0dd0704-b9e9-4140-9e02-22b87a4d3045,b679c4e8-f284-475a-9473-b73b02dab5b9,c1,c3,1012,i5,?,
1768592446.2466238,RECEIVED,e9ff957c-49f0-4f29-ad04-69c8b2eb2724,e3a64c61-248f-4ab0-b58a-ee9e7691ddc1,c2,c4,1018,i4,?,
1768592446.289599,SENT,e9ff957c-49f0-4f29-ad04-69c8b2eb2724,e3a64c61-248f-4ab0-b58a-ee9e7691ddc1,c2,c4,690,?,p1,
1768592446.2896433,FORWARDED,e9ff957c-49f0-4f29-ad04-69c8b2eb2724,e3a64c61-248f-4ab0-b58a-ee9e7691ddc1,c2,c4,690,?,p1,
1768592446.3054528,RECEIVED,64705da8-8407-4133-a309-c3ae7ba71a7d,f1f6f3e1-edab-432e-9092-5eaa06870770,c3,c5,1015,i4,?,
1768592446.3522584,RECEIVED,b6f82c78-6ea5-4d62-b5a3-907a2f37b566,a9adec30-f4d3-4658-98d4-e911bd5bdc2f,c3,c5,1018,i7,?,
1768592446.3916473,SENT,b6f82c78-6ea5-4d62-b5a3-907a2f37b566,a9adec30-f4d3-4658-98d4-e911bd5bdc2f,c3,c5,688,?,p2,
1768592446.3916874,FORWARDED,b6f82c78-6ea5-4d62-b5a3-907a2f37b566,a9adec30-f4d3-4658-98d4-e911bd5bdc2f,c3,c5,688,?,p2,
1768592446.4507225,SENT,f0dd0704-b9e9-4140-9e02-22b87a4d3045,b679c4e8-f284-475a-9473-b73b02dab5b9,c1,c3,687,?,p3,
1768592446.4507716,FORWARDED,f0dd0704-b9e9-4140-9e02-22b87a4d3045,b679c4e8-f284-475a-9473-b73b02dab5b9,c1,c3,687,?,p3,
1768592446.538715,SENT,7a798106-4579-4e10-bd53-25806215ca96,996204d6-db31-42b9-9f81-9d504c65f44f,c1,c2,685,?,p2,
1768592446.5389338,FORWARDED,7a798106-4579-4e10-bd53-25806215ca96,996204d6-db31-42b9-9f81-9d504c65f44f,c1,c2,685,?,p2,
1768592446.5456395,RECEIVED,d1ec7723-365c-421c-aee3-6d68a91ca760,c0b69986-1f35-4444-bed9-d6e0124dc9ae,c5,c1,1012,i11,?,
1768592446.762768,RECEIVED,d81ae8fb-f3ac-438a-bb25-2f9e324504de,0c14ae48-8b23-4b39-9a05-5d163476b4c5,c4,c2,1016,i6,?,
1768592446.9788284,SENT,d1ec7723-365c-421c-aee3-6d68a91ca760,c0b69986-1f35-4444-bed9-d6e0124dc9ae,c5,c1,687,?,p1,
1768592446.9788656,FORWARDED,d1ec7723-365c-421c-aee3-6d68a91ca760,c0b69986-1f35-4444-bed9-d6e0124dc9ae,c5,c1,687,?,p1,
1768592447.0331469,RECEIVED,1ecef4a9-a4db-415d-bb7b-d756e97bfa69,3eb89395-d3b1-4fe6-b924-9f6d43d971c9,c1,c3,1015,i4,?,
1768592447.0551074,RECEIVED,a38ad0ef-aed6-4a1b-8e6e-00c67b6088c0,cd563288-e109-4808-960c-314b00521fda,c5,c2,1023,i11,?,
1768592447.069348,SENT,d81ae8fb-f3ac-438a-bb25-2f9e324504de,0c14ae48-8b23-4b39-9a05-5d163476b4c5,c4,c2,688,?,p2,
1768592447.069389,FORWARDED,d81ae8fb-f3ac-438a-bb25-2f9e324504de,0c14ae48-8b23-4b39-9a05-5d163476b4c5,c4,c2,688,?,p2,
1768592447.1493685,SENT,16712782-596d-42aa-8a45-dbde91da1605,5f264739-c897-467a-b506-96ce5a6a6ca1,c4,c5,687,?,p2,
1768592447.1494074,FORWARDED,16712782-596d-42aa-8a45-dbde91da1605,5f264739-c897-467a-b506-96ce5a6a6ca1,c4,c5,687,?,p2,
1768592447.1818202,SENT,a38ad0ef-aed6-4a1b-8e6e-00c67b6088c0,cd563288-e109-4808-960c-314b00521fda,c5,c2,695,?,p2,
1768592447.1818695,FORWARDED,a38ad0ef-aed6-4a1b-8e6e-00c67b6088c0,cd563288-e109-4808-960c-314b00521fda,c5,c2,695,?,p2,
1768592447.2072432,SENT,64705da8-8407-4133-a309-c3ae7ba71a7d,f1f6f3e1-edab-432e-9092-5eaa06870770,c3,c5,688,?,p2,
1768592447.2072966,FORWARDED,64705da8-8407-4133-a309-c3ae7ba71a7d,f1f6f3e1-edab-432e-9092-5eaa06870770,c3,c5,688,?,p2,
1768592447.3479433,RECEIVED,fb7144b3-9562-472b-91dd-8434224052db,581a758d-0882-4e28-b49b-e42a1c819492,c3,DROP,683,i4,?,
1768592447.4506793,RECEIVED,dcdefa1b-3c68-4f40-9d30-3aa0aaa20ce6,b4feca5d-92c8-4dfb-862f-208fc023b7b1,c5,DROP,687,i4,?,
1768592448.055042,RECEIVED,4edd12ef-55d4-4819-a291-8ecd10c65fb4,f9e7b05e-216d-4fa4-9512-9c50f53514f2,c4,c1,1015,i2,?,
1768592448.0745482,SENT,dcdefa1b-3c68-4f40-9d30-3aa0aaa20ce6,b4feca5d-92c8-4dfb-862f-208fc023b7b1,c5,DROP,442,?,e8,
1768592448.0745957,FORWARDED,dcdefa1b-3c68-4f40-9d30-3aa0aaa20ce6,b4feca5d-92c8-4dfb-862f-208fc023b7b1,c5,DROP,442,?,e8,
1768592448.0952442,RECEIVED,1955a92d-5a17-455c-90c2-4c6c636b5efb,e2b8e236-35a2-4c58-bed7-07dbf3d78a1e,c2,c1,1011,i1,?,
1768592448.2185087,SENT,1ecef4a9-a4db-415d-bb7b-d756e97bfa69,3eb89395-d3b1-4fe6-b924-9f6d43d971c9,c1,c3,688,?,p3,
1768592448.2185488,FORWARDED,1ecef4a9-a4db-415d-bb7b-d756e97bfa69,3eb89395-d3b1-4fe6-b924-9f6d43d971c9,c1,c3,688,?,p3,
1768592448.2701688,RECEIVED,03c07842-e536-4cc9-9b6a-5efb2b989545,b67b8341-52a0-4b7d-87a2-28d6f8f36bbb,c4,c3,1015,i4,?,
1768592448.3484616,RECEIVED,463cd8dc-5f95-4718-94a6-b21626be86a2,7f6f179d-348a-4147-9d24-9d04306fb8b9,c5,c2,1022,i11,?,
1768592448.3592196,RECEIVED,52cc42e9-5e85-45f9-8182-3adc2fa4ec0d,b518d57a-cd6b-4132-9634-5f159097bb2d,c2,c5,1011,i2,?,
1768592448.427425,RECEIVED,5802066a-4a72-4fc1-bfe5-93896ed9f3bb,c12d1e9b-3870-4c75-83d1-d846d672c8b5,c4,c3,1016,i2,?,
1768592448.4469113,RECEIVED,c4bc06bf-e277-49e8-bc9e-2007177d17d2,6afd756e-8f03-4feb-b1f8-0fb342470a82,c2,DROP,692,i11,?,
1768592448.4992514,SENT,fb7144b3-9562-472b-91dd-8434224052db,581a758d-0882-4e28-b49b-e42a1c819492,c3,DROP,441,?,i6,
1768592448.4992955,FORWARDED,fb7144b3-9562-472b-91dd-8434224052db,581a758d-0882-4e28-b49b-e42a1c819492,c3,DROP,441,?,i6,
1768592448.5121334,SENT,5802066a-4a72-4fc1-bfe5-93896ed9f3bb,c12d1e9b-3870-4c75-83d1-d846d672c8b5,c4,c3,688,?,p3,
1768592448.512175,FORWARDED,5802066a-4a72-4fc1-bfe5-93896ed9f3bb,c12d1e9b-3870-4c75-83d1-d846d672c8b5,c4,c3,688,?,p3,
1768592448.5160177,RECEIVED,5474774d-de20-4422-81f2-8b25bd565e3f,4d7e174f-7662-4db6-9a20-f25d23af0554,c5,c2,1010,i5,?,
1768592448.5389173,RECEIVED,343095f8-ff87-4ae2-9c48-97f80935183d,ccc1576f-8b13-4012-9f57-d36ef8dbbd8d,c4,c3,1011,i2,?,
1768592448.6358778,SENT,c4bc06bf-e277-49e8-bc9e-2007177d17d2,6afd756e-8f03-4feb-b1f8-0fb342470a82,c2,DROP,445,?,i4,
1768592448.6361852,FORWARDED,c4bc06bf-e277-49e8-bc9e-2007177d17d2,6afd756e-8f03-4feb-b1f8-0fb342470a82,c2,DROP,445,?,i4,
1768592448.7354836,SENT,5474774d-de20-4422-81f2-8b25bd565e3f,4d7e174f-7662-4db6-9a20-f25d23af0554,c5,c2,687,?,p2,
1768592448.7355237,FORWARDED,5474774d-de20-4422-81f2-8b25bd565e3f,4d7e174f-7662-4db6-9a20-f25d23af0554,c5,c2,687,?,p2,
1768592448.7599542,SENT,1955a92d-5a17-455c-90c2-4c6c636b5efb,e2b8e236-35a2-4c58-bed7-07dbf3d78a1e,c2,c1,687,?,p1,
1768592448.759994,FORWARDED,1955a92d-5a17-455c-90c2-4c6c636b5efb,e2b8e236-35a2-4c58-bed7-07dbf3d78a1e,c2,c1,687,?,p1,
1768592448.7647986,SENT,03c07842-e536-4cc9-9b6a-5efb2b989545,b67b8341-52a0-4b7d-87a2-28d6f8f36bbb,c4,c3,688,?,p3,
1768592448.7648406,FORWARDED,03c07842-e536-4cc9-9b6a-5efb2b989545,b67b8341-52a0-4b7d-87a2-28d6f8f36bbb,c4,c3,688,?,p3,
1768592449.0974026,SENT,463cd8dc-5f95-4718-94a6-b21626be86a2,7f6f179d-348a-4147-9d24-9d04306fb8b9,c5,c2,695,?,p2,
1768592449.0974448,FORWARDED,463cd8dc-5f95-4718-94a6-b21626be86a2,7f6f179d-348a-4147-9d24-9d04306fb8b9,c5,c2,695,?,p2,
1768592449.6868126,SENT,4edd12ef-55d4-4819-a291-8ecd10c65fb4,f9e7b05e-216d-4fa4-9512-9c50f53514f2,c4,c1,688,?,p1,
1768592449.6868548,FORWARDED,4edd12ef-55d4-4819-a291-8ecd10c65fb4,f9e7b05e-216d-4fa4-9512-9c50f53514f2,c4,c1,688,?,p1,
1768592449.8278089,SENT,52cc42e9-5e85-45f9-8182-3adc2fa4ec0d,b518d57a-cd6b-4132-9634-5f159097bb2d,c2,c5,687,?,p2,
1768592449.8278565,FORWARDED,52cc42e9-5e85-45f9-8182-3adc2fa4ec0d,b518d57a-cd6b-4132-9634-5f159097bb2d,c2,c5,687,?,p2,
1768592449.8954256,RECEIVED,dfb51f60-46cb-4406-aa63-9e24017d31c3,de42c8db-e978-4b95-9bb4-bd4139c52a2d,c5,c1,1016,i1,?,
1768592449.9173653,RECEIVED,c1aa5eea-7589-4b35-bfc4-a5abdd0848a4,3654b445-e034-4c3e-90e6-88298fb6b68a,c5,c1,1020,i4,?,
1768592449.9874635,RECEIVED,d43ab5f3-f051-454d-8f31-1039452855c5,4986e76a-8f53-46d0-ab6a-b32d8f00ceac,c1,c5,1012,i6,?,
1768592449.9953473,SENT,343095f8-ff87-4ae2-9c48-97f80935183d,ccc1576f-8b13-4012-9f57-d36ef8dbbd8d,c4,c3,687,?,p3,
1768592449.9953892,FORWARDED,343095f8-ff87-4ae2-9c48-97f80935183d,ccc1576f-8b13-4012-9f57-d36ef8dbbd8d,c4,c3,687,?,p3,
1768592450.104514,SENT,c1aa5eea-7589-4b35-bfc4-a5abdd0848a4,3654b445-e034-4c3e-90e6-88298fb6b68a,c5,c1,692,?,p1,
1768592450.1045642,FORWARDED,c1aa5eea-7589-4b35-bfc4-a5abdd0848a4,3654b445-e034-4c3e-90e6-88298fb6b68a,c5,c1,692,?,p1,
1768592450.1877902,SENT,dfb51f60-46cb-4406-aa63-9e24017d31c3,de42c8db-e978-4b95-9bb4-bd4139c52a2d,c5,c1,688,?,p1,
1768592450.1878307,FORWARDED,dfb51f60-46cb-4406-aa63-9e24017d31c3,de42c8db-e978-4b95-9bb4-bd4139c52a2d,c5,c1,688,?,p1,
1768592450.2359464,SENT,d43ab5f3-f051-454d-8f31-1039452855c5,4986e76a-8f53-46d0-ab6a-b32d8f00ceac,c1,c5,687,?,p2,
1768592450.2359912,FORWARDED,d43ab5f3-f051-454d-8f31-1039452855c5,4986e76a-8f53-46d0-ab6a-b32d8f00ceac,c1,c5,687,?,p2,
1768592450.3243587,RECEIVED,44ac6bd6-1b05-4e62-a2c3-39523daf436d,bcaab72e-d8b7-476b-b1d2-95daffd87a57,c1,DROP,689,i11,?,
1768592450.3625236,SENT,44ac6bd6-1b05-4e62-a2c3-39523daf436d,bcaab72e-d8b7-476b-b1d2-95daffd87a57,c1,DROP,442,?,e12,
1768592450.3625665,FORWARDED,44ac6bd6-1b05-4e62-a2c3-39523daf436d,bcaab72e-d8b7-476b-b1d2-95daffd87a57,c1,DROP,442,?,e12,
1768592450.756453,RECEIVED,66bcb3a7-f930-4cb1-924c-e1b640ba01f4,5563c6ba-9429-4197-a0e5-122e4d7fe5a2,c1,DROP,438,x2,?,
1768592450.9017775,RECEIVED,31b83083-73aa-4fad-b545-9abddf768ac3,e66319f5-4779-4a9a-b16b-5deade849c06,c4,c2,1008,i1,?,
1768592450.9981859,RECEIVED,7400e7da-f635-45c7-96db-78e07d3ca86e,53085092-0df2-43c8-a7d1-883ef3feadb8,c1,c3,1023,i11,?,
1768592451.1534946,SENT,7400e7da-f635-45c7-96db-78e07d3ca86e,53085092-0df2-43c8-a7d1-883ef3feadb8,c1,c3,696,?,p3,
1768592451.1535487,FORWARDED,7400e7da-f635-45c7-96db-78e07d3ca86e,53085092-0df2-43c8-a7d1-883ef3feadb8,c1,c3,696,?,p3,
1768592451.1642249,SENT,31b83083-73aa-4fad-b545-9abddf768ac3,e66319f5-4779-4a9a-b16b-5deade849c06,c4,c2,684,?,p2,
1768592451.1642742,FORWARDED,31b83083-73aa-4fad-b545-9abddf768ac3,e66319f5-4779-4a9a-b16b-5deade849c06,c4,c2,684,?,p2,
1768592451.3371124,RECEIVED,dc8a9fc5-0556-4b07-bfd0-e4a0c2ffba05,ccac2bed-0105-4488-b5ee-3fe8034c595e,c4,c5,1011,i7,?,
1768592451.6591945,RECEIVED,00fb4d46-7ccd-4d38-ac65-726dfb9e8636,eba27932-6255-4c26-99ec-abadcc38bf4d,c1,c3,1012,i11,?,
1768592451.7747428,RECEIVED,3872c943-883e-4f6f-bde8-50a2ea12166b,51b8dead-51a5-43d2-9592-04f12b9e3673,c1,c2,1016,i6,?,
1768592451.8698359,SENT,3872c943-883e-4f6f-bde8-50a2ea12166b,51b8dead-51a5-43d2-9592-04f12b9e3673,c1,c2,688,?,p2,
1768592451.8698897,FORWARDED,3872c943-883e-4f6f-bde8-50a2ea12166b,51b8dead-51a5-43d2-9592-04f12b9e3673,c1,c2,688,?,p2,
1768592451.8813512,SENT,00fb4d46-7ccd-4d38-ac65-726dfb9e8636,eba27932-6255-4c26-99ec-abadcc38bf4d,c1,c3,687,?,p3,
1768592451.881428,FORWARDED,00fb4d46-7ccd-4d38-ac65-726dfb9e8636,eba27932-6255-4c26-99ec-abadcc38bf4d,c1,c3,687,?,p3,
1768592451.9285762,RECEIVED,7520a19f-3e02-4507-aeae-8c1f4ceab9de,e57a6634-50ce-47ae-98d6-7d27abbaa519,c5,c1,1011,i8,?,
1768592451.9517522,RECEIVED,d6eaed4e-3c0d-4934-be49-ee6314580cab,48a8c75f-0696-4eca-b518-a03b99b611a9,c1,c3,1010,i8,?,
1768592452.01326,RECEIVED,5dbaab19-1213-48b4-9932-14ab40275e9a,99636462-6def-4452-9dad-d78d7b58f5b1,c4,c1,1024,i12,?,
1768592452.149454,RECEIVED,45ce2376-f947-46b1-8626-0b9a6c7b33a9,c845694f-2e94-4fce-a061-5a1f87793c3d,c1,c3,1015,i4,?,
1768592452.2898102,SENT,7520a19f-3e02-4507-aeae-8c1f4ceab9de,e57a6634-50ce-47ae-98d6-7d27abbaa519,c5,c1,687,?,p1,
1768592452.289851,FORWARDED,7520a19f-3e02-4507-aeae-8c1f4ceab9de,e57a6634-50ce-47ae-98d6-7d27abbaa519,c5,c1,687,?,p1,
1768592452.4084034,SENT,5dbaab19-1213-48b4-9932-14ab40275e9a,99636462-6def-4452-9dad-d78d7b58f5b1,c4,c1,696,?,p1,
1768592452.408447,FORWARDED,5dbaab19-1213-48b4-9932-14ab40275e9a,99636462-6def-4452-9dad-d78d7b58f5b1,c4,c1,696,?,p1,
1768592452.4256344,SENT,45ce2376-f947-46b1-8626-0b9a6c7b33a9,c845694f-2e94-4fce-a061-5a1f87793c3d,c1,c3,688,?,p3,
1768592452.4256759,FORWARDED,45ce2376-f947-46b1-8626-0b9a6c7b33a9,c845694f-2e94-4fce-a061-5a1f87793c3d,c1,c3,688,?,p3,
1768592452.707006,SENT,dc8a9fc5-0556-4b07-bfd0-e4a0c2ffba05,ccac2bed-0105-4488-b5ee-3fe8034c595e,c4,c5,687,?,p2,
1768592452.7070558,FORWARDED,dc8a9fc5-0556-4b07-bfd0-e4a0c2ffba05,ccac2bed-0105-4488-b5ee-3fe8034c595e,c4,c5,687,?,p2,
1768592452.7937355,RECEIVED,f4485cc6-827b-4de6-9f1b-8d3184aef6d3,b3c4e0d8-0dc8-419a-a599-631b9f2f41bb,c1,c2,1011,i8,?,
1768592453.0851417,RECEIVED,6e58aa37-5f7c-4232-9e47-8fafcdf67009,189760d6-40c0-41cb-9251-73414419f9a7,c3,c1,1012,i5,?,
1768592453.1954455,SENT,6e58aa37-5f7c-4232-9e47-8fafcdf67009,189760d6-40c0-41cb-9251-73414419f9a7,c3,c1,687,?,p1,
1768592453.1954842,FORWARDED,6e58aa37-5f7c-4232-9e47-8fafcdf67009,189760d6-40c0-41cb-9251-73414419f9a7,c3,c1,687,?,p1,
1768592453.327634,SENT,d6eaed4e-3c0d-4934-be49-ee6314580cab,48a8c75f-0696-4eca-b518-a03b99b611a9,c1,c3,687,?,p3,
1768592453.3276746,FORWARDED,d6eaed4e-3c0d-4934-be49-ee6314580cab,48a8c75f-0696-4eca-b518-a03b99b611a9,c1,c3,687,?,p3,
1768592453.4065993,RECEIVED,eafdb64d-ce7b-4174-bdfd-123e1101d2c9,47284e8d-5f20-440f-8744-6ef1e0228c27,c1,c4,1016,i4,?,
1768592453.4835148,SENT,eafdb64d-ce7b-4174-bdfd-123e1101d2c9,47284e8d-5f20-440f-8744-6ef1e0228c27,c1,c4,688,?,p1,
1768592453.483556,FORWARDED,eafdb64d-ce7b-4174-bdfd-123e1101d2c9,47284e8d-5f20-440f-8744-6ef1e0228c27,c1,c4,688,?,p1,
1768592453.7914097,RECEIVED,e9038ab7-8f82-4412-8200-d81e04f6ba99,152b67d5-5a9c-4b56-98a1-b504adfc40eb,c3,c2,1022,i7,?,
1768592453.844723,SENT,f4485cc6-827b-4de6-9f1b-8d3184aef6d3,b3c4e0d8-0dc8-419a-a599-631b9f2f41bb,c1,c2,687,?,p2,
1768592453.8447626,FORWARDED,f4485cc6-827b-4de6-9f1b-8d3184aef6d3,b3c4e0d8-0dc8-419a-a599-631b9f2f41bb,c1,c2,687,?,p2,
1768592453.893547,RECEIVED,8d43227e-817c-4637-a032-8432d4ac3469,b7e2cb17-f569-494e-b545-8c64942cdda7,c2,c4,1024,i5,?,
1768592454.0516908,RECEIVED,4dad4e10-0940-40de-83bd-c91a107e0550,80d79892-30ff-4703-a11b-c974435d343f,c5,c3,1015,i2,?,
1768592454.1105819,RECEIVED,61494daa-bda2-483a-9f1c-4c0ae8297da8,d6e3aa45-0856-4c02-b7c0-2176990fb398,c1,c4,1017,i8,?,
1768592454.1464305,SENT,61494daa-bda2-483a-9f1c-4c0ae8297da8,d6e3aa45-0856-4c02-b7c0-2176990fb398,c1,c4,688,?,p1,
1768592454.1464722,FORWARDED,61494daa-bda2-483a-9f1c-4c0ae8297da8,d6e3aa45-0856-4c02-b7c0-2176990fb398,c1,c4,688,?,p1,
1768592454.2242362,SENT,8d43227e-817c-4637-a032-8432d4ac3469,b7e2cb17-f569-494e-b545-8c64942cdda7,c2,c4,696,?,p1,
1768592454.2242742,FORWARDED,8d43227e-817c-4637-a032-8432d4ac3469,b7e2cb17-f569-494e-b545-8c64942cdda7,c2,c4,696,?,p1,
1768592454.336158,RECEIVED,0623ba0f-89b7-48c6-97e1-fd4b2cc758ef,f7795378-5a2a-4694-8d5b-2e2ffd811348,c5,c4,1011,i7,?,
1768592454.4268034,SENT,0623ba0f-89b7-48c6-97e1-fd4b2cc758ef,f7795378-5a2a-4694-8d5b-2e2ffd811348,c5,c4,687,?,p1,
1768592454.4268446,FORWARDED,0623ba0f-89b7-48c6-97e1-fd4b2cc758ef,f7795378-5a2a-4694-8d5b-2e2ffd811348,c5,c4,687,?,p1,
1768592454.5087383,SENT,4dad4e10-0940-40de-83bd-c91a107e0550,80d79892-30ff-4703-a11b-c974435d343f,c5,c3,688,?,p3,
1768592454.5087798,FORWARDED,4dad4e10-0940-40de-83bd-c91a107e0550,80d79892-30ff-4703-a11b-c974435d343f,c5,c3,688,?,p3,
1768592454.5117471,RECEIVED,aa54fa94-159f-4b5c-84b2-6bffb04ebd8e,a6d4b3dc-7ad3-40eb-8e41-6c7b88c71eac,c1,c5,1018,i1,?,
1768592454.6388276,RECEIVED,f9b1ed41-d730-4c68-abbb-b45d986328da,a72a42cc-a6c0-4998-aeb1-afd80b925d73,c5,c1,1015,i5,?,
1768592454.8101861,RECEIVED,65828d31-6eef-47f8-9d13-dca4228d675b,c8c43725-d356-4628-b5ba-6b1601c1f6bf,c1,c2,1016,i4,?,
1768592454.911103,SENT,65828d31-6eef-47f8-9d13-dca4228d675b,c8c43725-d356-4628-b5ba-6b1601c1f6bf,c1,c2,688,?,p2,
1768592454.9111445,FORWARDED,65828d31-6eef-47f8-9d13-dca4228d675b,c8c43725-d356-4628-b5ba-6b1601c1f6bf,c1,c2,688,?,p2,
1768592455.13727,RECEIVED,99ed7660-b7d3-4b7d-9e12-58c913afb04f,3c29cf27-0421-4eeb-9002-2792a0a864e6,c2,c1,1009,i5,?,
1768592455.1728296,RECEIVED,00e39b92-5e2d-43b3-b8e3-9eb8e145a65e,52bc5c47-0ac2-4e64-972c-87deb88e15a0,c2,c5,1015,i4,?,
1768592455.3445163,RECEIVED,b6dddcc5-f1e3-4fbb-9e9d-c7c51fe290f6,51c51ce0-689e-454e-97bc-8bd8e04f52ce,c4,c2,1014,i5,?,
1768592455.5221126,RECEIVED,323bba8b-e7bf-4585-8ea2-378fbe5012b5,bfbf7554-3e92-4117-91b2-2c6784504e36,c4,c3,1023,i11,?,
1768592455.5279903,SENT,99ed7660-b7d3-4b7d-9e12-58c913afb04f,3c29cf27-0421-4eeb-9002-2792a0a864e6,c2,c1,687,?,p1,
1768592455.5280337,FORWARDED,99ed7660-b7d3-4b7d-9e12-58c913afb04f,3c29cf27-0421-4eeb-9002-2792a0a864e6,c2,c1,687,?,p1,
1768592455.7021844,RECEIVED,dda6430a-a063-4a84-a5a6-aa25c824d6ee,dec60239-89fc-42c6-a500-ed97b4de44a1,c3,c2,1013,i7,?,
1768592455.7269704,RECEIVED,c0946d4e-91a7-4981-b09b-dbab1cbca7ad,e4d4534c-31a4-41c0-b023-6b00c655f086,c5,DROP,441,x1,?,
1768592455.7348998,SENT,dda6430a-a063-4a84-a5a6-aa25c824d6ee,dec60239-89fc-42c6-a500-ed97b4de44a1,c3,c2,687,?,p2,
1768592455.7349405,FORWARDED,dda6430a-a063-4a84-a5a6-aa25c824d6ee,dec60239-89fc-42c6-a500-ed97b4de44a1,c3,c2,687,?,p2,
1768592455.8791845,SENT,323bba8b-e7bf-4585-8ea2-378fbe5012b5,bfbf7554-3e92-4117-91b2-2c6784504e36,c4,c3,694,?,p3,
1768592455.879232,FORWARDED,323bba8b-e7bf-4585-8ea2-378fbe5012b5,bfbf7554-3e92-4117-91b2-2c6784504e36,c4,c3,694,?,p3,
1768592455.9055908,SENT,00e39b92-5e2d-43b3-b8e3-9eb8e145a65e,52bc5c47-0ac2-4e64-972c-87deb88e15a0,c2,c5,688,?,p2,
1768592455.9056413,FORWARDED,00e39b92-5e2d-43b3-b8e3-9eb8e145a65e,52bc5c47-0ac2-4e64-972c-87deb88e15a0,c2,c5,688,?,p2,
1768592455.9315531,SENT,aa54fa94-159f-4b5c-84b2-6bffb04ebd8e,a6d4b3dc-7ad3-40eb-8e41-6c7b88c71eac,c1,c5,691,?,p2,
1768592455.9315925,FORWARDED,aa54fa94-159f-4b5c-84b2-6bffb04ebd8e,a6d4b3dc-7ad3-40eb-8e41-6c7b88c71eac,c1,c5,691,?,p2,
1768592456.0732863,SENT,f9b1ed41-d730-4c68-abbb-b45d986328da,a72a42cc-a6c0-4998-aeb1-afd80b925d73,c5,c1,688,?,p1,
1768592456.0733285,FORWARDED,f9b1ed41-d730-4c68-abbb-b45d986328da,a72a42cc-a6c0-4998-aeb1-afd80b925d73,c5,c1,688,?,p1,
1768592456.121991,RECEIVED,41b4a096-0fec-4ff0-86d5-005d9a8e2697,d65ce2f7-43f2-4ff9-8435-6955d5b960cd,c3,c1,1020,i11,?,
1768592456.3198187,SENT,e9038ab7-8f82-4412-8200-d81e04f6ba99,152b67d5-5a9c-4b56-98a1-b504adfc40eb,c3,c2,696,?,p2,
1768592456.3198607,FORWARDED,e9038ab7-8f82-4412-8200-d81e04f6ba99,152b67d5-5a9c-4b56-98a1-b504adfc40eb,c3,c2,696,?,p2,
1768592456.3427453,RECEIVED,d7ea2360-b601-4d15-9ea9-a7b626e28e52,81176833-a9ab-4070-b609-b8f168b99825,c1,c2,1019,i11,?,
1768592456.4103072,RECEIVED,2c4b1daa-6431-4055-94ca-641bfee492f7,ec02de94-010a-41e5-8546-f069d7789e56,c2,c5,1015,i4,?,
1768592456.4472911,RECEIVED,72a79d5b-b50a-467f-a0ce-81e0ffbfeaa8,a7c92d52-afd0-4652-8430-170de9bb6a05,c4,c5,1011,i7,?,
1768592456.5981412,SENT,41b4a096-0fec-4ff0-86d5-005d9a8e2697,d65ce2f7-43f2-4ff9-8435-6955d5b960cd,c3,c1,692,?,p1,
1768592456.5981796,FORWARDED,41b4a096-0fec-4ff0-86d5-005d9a8e2697,d65ce2f7-43f2-4ff9-8435-6955d5b960cd,c3,c1,692,?,p1,
1768592456.7475243,SENT,2c4b1daa-6431-4055-94ca-641bfee492f7,ec02de94-010a-41e5-8546-f069d7789e56,c2,c5,688,?,p2,
1768592456.747567,FORWARDED,2c4b1daa-6431-4055-94ca-641bfee492f7,ec02de94-010a-41e5-8546-f069d7789e56,c2,c5,688,?,p2,
1768592456.8676107,SENT,d7ea2360-b601-4d15-9ea9-a7b626e28e52,81176833-a9ab-4070-b609-b8f168b99825,c1,c2,692,?,p2,
1768592456.8676536,FORWARDED,d7ea2360-b601-4d15-9ea9-a7b626e28e52,81176833-a9ab-4070-b609-b8f168b99825,c1,c2,692,?,p2,
1768592457.0150769,RECEIVED,14d5f292-ef38-4628-9bf3-94c6231fa04c,d819f38d-91a7-4cc5-ab57-996ab42d8717,c5,c2,1011,i7,?,
1768592457.132919,RECEIVED,1abd7a66-92ac-484b-9f8b-f1cf33b0b415,45f430f1-71e0-445d-adb7-1565c82b97b5,c4,c1,1012,i2,?,
1768592457.1948032,SENT,b6dddcc5-f1e3-4fbb-9e9d-c7c51fe290f6,51c51ce0-689e-454e-97bc-8bd8e04f52ce,c4,c2,688,?,p2,
1768592457.1948457,FORWARDED,b6dddcc5-f1e3-4fbb-9e9d-c7c51fe290f6,51c51ce0-689e-454e-97bc-8bd8e04f52ce,c4,c2,688,?,p2,
1768592457.3059888,SENT,1abd7a66-92ac-484b-9f8b-f1cf33b0b415,45f430f1-71e0-445d-adb7-1565c82b97b5,c4,c1,687,?,p1,
1768592457.306031,FORWARDED,1abd7a66-92ac-484b-9f8b-f1cf33b0b415,45f430f1-71e0-445d-adb7-1565c82b97b5,c4,c1,687,?,p1,
1768592457.4838264,RECEIVED,73b6beee-bba5-40fe-a6de-95d808a02833,e002a3b1-8a51-44ab-abf3-8af1b719c051,c3,c1,1014,i8,?,
1768592457.4846163,RECEIVED,8bbbb96e-87eb-4619-837a-a3fc27ad9a4c,795c8bfd-47e7-4b43-aeb0-d47bfca67f8b,c3,c4,1020,i11,?,
1768592457.561083,RECEIVED,3d82d39f-b94d-40e5-8e4c-dbc632c49033,1d6f8b3f-8efc-4bda-945a-4c21af950087,c5,c1,1015,i11,?,
1768592457.7348173,SENT,8bbbb96e-87eb-4619-837a-a3fc27ad9a4c,795c8bfd-47e7-4b43-aeb0-d47bfca67f8b,c3,c4,691,?,p1,
1768592457.7348573,FORWARDED,8bbbb96e-87eb-4619-837a-a3fc27ad9a4c,795c8bfd-47e7-4b43-aeb0-d47bfca67f8b,c3,c4,691,?,p1,
1768592457.7489715,SENT,72a79d5b-b50a-467f-a0ce-81e0ffbfeaa8,a7c92d52-afd0-4652-8430-170de9bb6a05,c4,c5,687,?,p2,
1768592457.7490194,FORWARDED,72a79d5b-b50a-467f-a0ce-81e0ffbfeaa8,a7c92d52-afd0-4652-8430-170de9bb6a05,c4,c5,687,?,p2,
1768592457.7871487,SENT,14d5f292-ef38-4628-9bf3-94c6231fa04c,d819f38d-91a7-4cc5-ab57-996ab42d8717,c5,c2,687,?,p2,
1768592457.7871866,FORWARDED,14d5f292-ef38-4628-9bf3-94c6231fa04c,d819f38d-91a7-4cc5-ab57-996ab42d8717,c5,c2,687,?,p2,
1768592457.863572,RECEIVED,d5fb80ec-acd1-4000-847f-306488c37950,1a998748-c6c1-42f7-996b-0ff67b0cea4c,c5,c2,1012,i1,?,
1768592457.9982285,RECEIVED,f8b2720d-92ab-4d42-bbf6-23f35474d678,155f4f49-ae8a-4a94-aef7-6570a70f0a02,c3,c4,1022,i9,?,
1768592458.0034034,RECEIVED,6bb1c682-1b7a-4f4a-9d26-e85afd7850d3,568a90b6-061c-4a59-bd59-fabeb8cf2cce,c5,c4,1011,i1,?,
1768592458.0435758,SENT,d5fb80ec-acd1-4000-847f-306488c37950,1a998748-c6c1-42f7-996b-0ff67b0cea4c,c5,c2,687,?,p2,
1768592458.0436187,FORWARDED,d5fb80ec-acd1-4000-847f-306488c37950,1a998748-c6c1-42f7-996b-0ff67b0cea4c,c5,c2,687,?,p2,
1768592458.1956024,RECEIVED,36d356b2-f2b5-4755-8831-ae0f595846bd,3e7a0077-fe23-4a13-b6d2-8546e6c471f9,c1,c2,1023,i11,?,
1768592458.3402996,SENT,f8b2720d-92ab-4d42-bbf6-23f35474d678,155f4f49-ae8a-4a94-aef7-6570a70f0a02,c3,c4,695,?,p1,
1768592458.340346,FORWARDED,f8b2720d-92ab-4d42-bbf6-23f35474d678,155f4f49-ae8a-4a94-aef7-6570a70f0a02,c3,c4,695,?,p1,
1768592458.3440595,RECEIVED,c404c976-db29-4468-afea-704189692eef,239cc3d4-9254-4535-a41b-365e7f24ab43,c5,DROP,683,i11,?,
1768592458.7596617,SENT,3d82d39f-b94d-40e5-8e4c-dbc632c49033,1d6f8b3f-8efc-4bda-945a-4c21af950087,c5,c1,689,?,p1,
1768592458.7597036,FORWARDED,3d82d39f-b94d-40e5-8e4c-dbc632c49033,1d6f8b3f-8efc-4bda-945a-4c21af950087,c5,c1,689,?,p1,
1768592458.9008913,SENT,6bb1c682-1b7a-4f4a-9d26-e85afd7850d3,568a90b6-061c-4a59-bd59-fabeb8cf2cce,c5,c4,687,?,p1,
1768592458.900933,FORWARDED,6bb1c682-1b7a-4f4a-9d26-e85afd7850d3,568a90b6-061c-4a59-bd59-fabeb8cf2cce,c5,c4,687,?,p1,
1768592458.9402754,SENT,36d356b2-f2b5-4755-8831-ae0f595846bd,3e7a0077-fe23-4a13-b6d2-8546e6c471f9,c1,c2,694,?,p2,
1768592458.9403167,FORWARDED,36d356b2-f2b5-4755-8831-ae0f595846bd,3e7a0077-fe23-4a13-b6d2-8546e6c471f9,c1,c2,694,?,p2,
1768592459.039213,SENT,73b6beee-bba5-40fe-a6de-95d808a02833,e002a3b1-8a51-44ab-abf3-8af1b719c051,c3,c1,688,?,p1,
1768592459.0392625,FORWARDED,73b6beee-bba5-40fe-a6de-95d808a02833,e002a3b1-8a51-44ab-abf3-8af1b719c051,c3,c1,688,?,p1,
1768592459.087479,RECEIVED,244a9478-82ee-401b-8d97-ee06b13f1c8b,c2eb8bcb-8390-42bb-b6c7-1e404fdb2e49,c2,c5,1012,i4,?,
1768592459.1150665,RECEIVED,6fdf0102-53fe-42d5-b4fb-9158631a5bc8,88a40724-5946-4520-85a0-3f5931206ab4,c1,c3,1012,i7,?,
1768592459.1157827,RECEIVED,b06c718d-f0a5-4796-b029-7781ff643805,c818fd44-3519-402d-bae6-f44597ddfa38,c1,c2,1011,i11,?,
1768592459.1406329,SENT,244a9478-82ee-401b-8d97-ee06b13f1c8b,c2eb8bcb-8390-42bb-b6c7-1e404fdb2e49,c2,c5,687,?,p2,
1768592459.140671,FORWARDED,244a9478-82ee-401b-8d97-ee06b13f1c8b,c2eb8bcb-8390-42bb-b6c7-1e404fdb2e49,c2,c5,687,?,p2,
1768592459.2222283,SENT,6fdf0102-53fe-42d5-b4fb-9158631a5bc8,88a40724-5946-4520-85a0-3f5931206ab4,c1,c3,687,?,p3,
1768592459.2222672,FORWARDED,6fdf0102-53fe-42d5-b4fb-9158631a5bc8,88a40724-5946-4520-85a0-3f5931206ab4,c1,c3,687,?,p3,
1768592459.3119025,RECEIVED,9e9071d6-fcd1-4fa9-a622-9f7f16654820,068ad129-15a9-4139-9315-3c6283ab4edc,c2,c5,1019,i12,?,
1768592459.4002597,SENT,c404c976-db29-4468-afea-704189692eef,239cc3d4-9254-4535-a41b-365e7f24ab43,c5,DROP,441,?,e5,
1768592459.4003084,FORWARDED,c404c976-db29-4468-afea-704189692eef,239cc3d4-9254-4535-a41b-365e7f24ab43,c5,DROP,441,?,e5,
1768592459.4218976,RECEIVED,1cf437da-6c1a-4d67-b48f-7b2de43bda70,4a8f72a6-5258-492a-8570-c7f8d2db581d,c2,c5,1011,i5,?,
1768592459.4657352,RECEIVED,4a1188e8-26e0-4923-a1c2-139c387c4fdd,d96d53bc-3d65-441f-980b-b2502f3a2bac,c4,c1,1016,i4,?,
1768592459.621401,SENT,9e9071d6-fcd1-4fa9-a622-9f7f16654820,068ad129-15a9-4139-9315-3c6283ab4edc,c2,c5,691,?,p2,
1768592459.6214433,FORWARDED,9e9071d6-fcd1-4fa9-a622-9f7f16654820,068ad129-15a9-4139-9315-3c6283ab4edc,c2,c5,691,?,p2,
1768592459.7049267,SENT,b06c718d-f0a5-4796-b029-7781ff643805,c818fd44-3519-402d-bae6-f44597ddfa38,c1,c2,687,?,p2,
1768592459.704967,FORWARDED,b06c718d-f0a5-4796-b029-7781ff643805,c818fd44-3519-402d-bae6-f44597ddfa38,c1,c2,687,?,p2,
1768592459.9053814,SENT,4a1188e8-26e0-4923-a1c2-139c387c4fdd,d96d53bc-3d65-441f-980b-b2502f3a2bac,c4,c1,688,?,p1,
1768592459.9054472,FORWARDED,4a1188e8-26e0-4923-a1c2-139c387c4fdd,d96d53bc-3d65-441f-980b-b2502f3a2bac,c4,c1,688,?,p1,
1768592460.1530726,RECEIVED,25338ba5-5bad-4a99-a384-728c76843600,b9e3f25a-54c6-456b-be3f-b2d03317c4e1,c4,c5,1016,i11,?,
1768592460.2113626,SENT,1cf437da-6c1a-4d67-b48f-7b2de43bda70,4a8f72a6-5258-492a-8570-c7f8d2db581d,c2,c5,687,?,p2,
1768592460.211401,FORWARDED,1cf437da-6c1a-4d67-b48f-7b2de43bda70,4a8f72a6-5258-492a-8570-c7f8d2db581d,c2,c5,687,?,p2,
1768592460.3298821,SENT,25338ba5-5bad-4a99-a384-728c76843600,b9e3f25a-54c6-456b-be3f-b2d03317c4e1,c4,c5,688,?,p2,
1768592460.3299265,FORWARDED,25338ba5-5bad-4a99-a384-728c76843600,b9e3f25a-54c6-456b-be3f-b2d03317c4e1,c4,c5,688,?,p2,
1768592460.6966677,RECEIVED,6b526745-268b-40ec-9ae4-35aefcf3343d,543c4dc9-746b-45b8-a9c0-928d8e455543,c3,c5,1020,i12,?,
1768592460.80982,SENT,6b526745-268b-40ec-9ae4-35aefcf3343d,543c4dc9-746b-45b8-a9c0-928d8e455543,c3,c5,691,?,p2,
1768592460.809861,FORWARDED,6b526745-268b-40ec-9ae4-35aefcf3343d,543c4dc9-746b-45b8-a9c0-928d8e455543,c3,c5,691,?,p2,
1768592460.8482342,RECEIVED,3453be12-bb7b-4e11-b354-be419602c3fc,b1d530fd-0339-43be-8d1f-cad3bbdee23d,c2,c4,1011,i1,?,
1768592460.9854476,RECEIVED,9a786f2c-e7df-4dcf-80a6-b544503caa0c,326208fa-538b-45e7-b80d-3cab96982246,c5,c1,1015,i9,?,
1768592461.2223191,SENT,9a786f2c-e7df-4dcf-80a6-b544503caa0c,326208fa-538b-45e7-b80d-3cab96982246,c5,c1,688,?,p1,
1768592461.2223642,FORWARDED,9a786f2c-e7df-4dcf-80a6-b544503caa0c,326208fa-538b-45e7-b80d-3cab96982246,c5,c1,688,?,p1,
1768592461.2990034,RECEIVED,c8927b5a-d2ca-43dc-a90c-20dba4ab09ce,f3528afd-0a12-49ab-92b4-e7b80b64635f,c3,c5,1012,i11,?,
1768592461.4918058,RECEIVED,183316d9-7978-400e-83e5-d11bc4fec29a,d0157b59-07e9-4f35-a2b3-90a9776fefaf,c2,c4,1020,i11,?,
1768592461.553743,SENT,183316d9-7978-400e-83e5-d11bc4fec29a,d0157b59-07e9-4f35-a2b3-90a9776fefaf,c2,c4,692,?,p1,
1768592461.5537846,FORWARDED,183316d9-7978-400e-83e5-d11bc4fec29a,d0157b59-07e9-4f35-a2b3-90a9776fefaf,c2,c4,692,?,p1,
1768592461.5675244,SENT,c8927b5a-d2ca-43dc-a90c-20dba4ab09ce,f3528afd-0a12-49ab-92b4-e7b80b64635f,c3,c5,687,?,p2,
1768592461.567567,FORWARDED,c8927b5a-d2ca-43dc-a90c-20dba4ab09ce,f3528afd-0a12-49ab-92b4-e7b80b64635f,c3,c5,687,?,p2,
1768592461.7085464,RECEIVED,2a23b5cd-66e1-40e3-95b4-0b29e6e7be6a,a5734b69-b32f-4f84-a08e-507e6969465f,c2,c3,1024,i6,?,
1768592461.8077815,RECEIVED,65c07990-c690-49ce-87c6-37adc1cef8ab,331eb2ca-1502-40e8-9feb-10699d0baf67,c3,c4,1018,i11,?,
1768592461.8964508,SENT,2a23b5cd-66e1-40e3-95b4-0b29e6e7be6a,a5734b69-b32f-4f84-a08e-507e6969465f,c2,c3,694,?,p3,
1768592461.8964953,FORWARDED,2a23b5cd-66e1-40e3-95b4-0b29e6e7be6a,a5734b69-b32f-4f84-a08e-507e6969465f,c2,c3,694,?,p3,
1768592461.9287202,RECEIVED,45b73bea-1400-4e6d-b26f-7e107eccdf5b,8ac1548b-767d-4ef4-ac6f-96a4630e81ff,c4,c2,1019,i11,?,
1768592461.9955933,RECEIVED,2eaa97c7-1cdb-40e3-b9af-eca90e124945,4da3b123-4f6b-4a54-97ed-b9e6ce1becfb,c3,c5,1011,i4,?,
1768592461.9958055,RECEIVED,94216d92-172e-4a69-83a5-3594cc7656cc,5b6976b1-4de0-4538-b14b-d062b5c3b648,c1,c3,1016,i5,?,
1768592462.1064918,RECEIVED,9ad89850-2a03-4905-b23b-75bf9fe6c057,7a6255f8-2598-4b98-9209-e0ddf68d6120,c2,c3,1007,i1,?,
1768592462.1921751,SENT,3453be12-bb7b-4e11-b354-be419602c3fc,b1d530fd-0339-43be-8d1f-cad3bbdee23d,c2,c4,687,?,p1,
1768592462.192545,FORWARDED,3453be12-bb7b-4e11-b354-be419602c3fc,b1d530fd-0339-43be-8d1f-cad3bbdee23d,c2,c4,687,?,p1,
1768592462.3827558,SENT,94216d92-172e-4a69-83a5-3594cc7656cc,5b6976b1-4de0-4538-b14b-d062b5c3b648,c1,c3,688,?,p3,
1768592462.3827984,FORWARDED,94216d92-172e-4a69-83a5-3594cc7656cc,5b6976b1-4de0-4538-b14b-d062b5c3b648,c1,c3,688,?,p3,
1768592462.6698494,SENT,45b73bea-1400-4e6d-b26f-7e107eccdf5b,8ac1548b-767d-4ef4-ac6f-96a4630e81ff,c4,c2,692,?,p2,
1768592462.6698897,FORWARDED,45b73bea-1400-4e6d-b26f-7e107eccdf5b,8ac1548b-767d-4ef4-ac6f-96a4630e81ff,c4,c2,692,?,p2,
1768592462.7353044,SENT,9ad89850-2a03-4905-b23b-75bf9fe6c057,7a6255f8-2598-4b98-9209-e0ddf68d6120,c2,c3,683,?,p3,
1768592462.7353456,FORWARDED,9ad89850-2a03-4905-b23b-75bf9fe6c057,7a6255f8-2598-4b98-9209-e0ddf68d6120,c2,c3,683,?,p3,
1768592462.8725462,SENT,2eaa97c7-1cdb-40e3-b9af-eca90e124945,4da3b123-4f6b-4a54-97ed-b9e6ce1becfb,c3,c5,687,?,p2,
1768592462.872586,FORWARDED,2eaa97c7-1cdb-40e3-b9af-eca90e124945,4da3b123-4f6b-4a54-97ed-b9e6ce1becfb,c3,c5,687,?,p2,
1768592462.884839,SENT,65c07990-c690-49ce-87c6-37adc1cef8ab,331eb2ca-1502-40e8-9feb-10699d0baf67,c3,c4,692,?,p1,
1768592462.884882,FORWARDED,65c07990-c690-49ce-87c6-37adc1cef8ab,331eb2ca-1502-40e8-9feb-10699d0baf67,c3,c4,692,?,p1,
1768592462.9341228,RECEIVED,bf81c4a9-6dc0-4748-ad14-22a1003c0941,4cfd0cf2-3406-41d8-95f9-6cd04e37bbe0,c3,c1,1014,i11,?,
1768592462.948469,RECEIVED,172561a8-f912-4750-9d1d-dfe3e8770567,edf7e66f-48b3-4f59-a944-ccc614a194e2,c3,c5,1023,i12,?,
1768592463.043232,RECEIVED,1e104050-e43c-4abd-91ff-61bdd304551f,e48a17e4-91a6-482b-bcc6-0d54252a8ad2,c3,c2,1011,i4,?,
1768592463.2502062,RECEIVED,ebf17395-7bc8-40e7-86b5-745504f13831,be3447c8-3802-4a83-b011-a5ac4f8319ee,c1,c5,1016,i6,?,
1768592463.2539873,RECEIVED,223fcec1-e312-434f-b07d-fb8af762972d,dae2052a-e4fa-42f5-aaf5-fe7cd3cd2ab8,c1,c2,1011,i4,?,
1768592463.2824712,SENT,172561a8-f912-4750-9d1d-dfe3e8770567,edf7e66f-48b3-4f59-a944-ccc614a194e2,c3,c5,695,?,p2,
1768592463.282511,FORWARDED,172561a8-f912-4750-9d1d-dfe3e8770567,edf7e66f-48b3-4f59-a944-ccc614a194e2,c3,c5,695,?,p2,
1768592463.349001,RECEIVED,5ac327ca-464b-42c0-95f8-c440446386ff,f2bb4e39-4f25-428a-a231-c7382e4f44cf,c2,c5,1011,i1,?,
1768592463.3623016,RECEIVED,ee4dc08b-0776-4a5e-8521-22fac758a7ea,d5e10d35-a6d6-41d7-83ba-3215eba7c92d,c5,DROP,684,i4,?,
1768592463.4005625,SENT,ebf17395-7bc8-40e7-86b5-745504f13831,be3447c8-3802-4a83-b011-a5ac4f8319ee,c1,c5,688,?,p2,
1768592463.400604,FORWARDED,ebf17395-7bc8-40e7-86b5-745504f13831,be3447c8-3802-4a83-b011-a5ac4f8319ee,c1,c5,688,?,p2,
1768592463.4916222,SENT,1e104050-e43c-4abd-91ff-61bdd304551f,e48a17e4-91a6-482b-bcc6-0d54252a8ad2,c3,c2,687,?,p2,
1768592463.4916654,FORWARDED,1e104050-e43c-4abd-91ff-61bdd304551f,e48a17e4-91a6-482b-bcc6-0d54252a8ad2,c3,c2,687,?,p2,
1768592463.5682523,RECEIVED,cd671aac-0923-4f2f-bca6-0b3ced33ddac,ccd7dc75-d9ac-4bff-80b1-f53bc2321f09,c2,c1,1018,i12,?,
1768592463.5985475,SENT,ee4dc08b-0776-4a5e-8521-22fac758a7ea,d5e10d35-a6d6-41d7-83ba-3215eba7c92d,c5,DROP,441,?,e5,
1768592463.598592,FORWARDED,ee4dc08b-0776-4a5e-8521-22fac758a7ea,d5e10d35-a6d6-41d7-83ba-3215eba7c92d,c5,DROP,441,?,e5,
1768592463.7385628,SENT,bf81c4a9-6dc0-4748-ad14-22a1003c0941,4cfd0cf2-3406-41d8-95f9-6cd04e37bbe0,c3,c1,688,?,p1,
1768592463.7386065,FORWARDED,bf81c4a9-6dc0-4748-ad14-22a1003c0941,4cfd0cf2-3406-41d8-95f9-6cd04e37bbe0,c3,c1,688,?,p1,
1768592463.8568807,SENT,5ac327ca-464b-42c0-95f8-c440446386ff,f2bb4e39-4f25-428a-a231-c7382e4f44cf,c2,c5,687,?,p2,
1768592463.856919,FORWARDED,5ac327ca-464b-42c0-95f8-c440446386ff,f2bb4e39-4f25-428a-a231-c7382e4f44cf,c2,c5,687,?,p2,
1768592463.9665546,RECEIVED,dec67262-cae0-44c9-866d-ab5cd3c6c08c,463cddb4-a173-46f2-800c-1351936b2286,c5,DROP,688,i8,?,
1768592464.06067,SENT,dec67262-cae0-44c9-866d-ab5cd3c6c08c,463cddb4-a173-46f2-800c-1351936b2286,c5,DROP,442,?,e9,
1768592464.0607257,FORWARDED,dec67262-cae0-44c9-866d-ab5cd3c6c08c,463cddb4-a173-46f2-800c-1351936b2286,c5,DROP,442,?,e9,
1768592464.1930377,SENT,223fcec1-e312-434f-b07d-fb8af762972d,dae2052a-e4fa-42f5-aaf5-fe7cd3cd2ab8,c1,c2,687,?,p2,
1768592464.193105,FORWARDED,223fcec1-e312-434f-b07d-fb8af762972d,dae2052a-e4fa-42f5-aaf5-fe7cd3cd2ab8,c1,c2,687,?,p2,
1768592464.2601976,RECEIVED,79da1554-31fa-4b1e-8820-0636a2da8e8b,b35c8432-4b74-4a35-a220-c9b1f271a12c,c1,c3,1011,i1,?,
1768592464.8675866,RECEIVED,777794da-a1d9-4d36-aabb-da61e94fcf54,1ff22222-5631-4ef6-a3a1-57b7308d1ea1,c2,c5,1012,i12,?,
1768592464.9695413,SENT,777794da-a1d9-4d36-aabb-da61e94fcf54,1ff22222-5631-4ef6-a3a1-57b7308d1ea1,c2,c5,687,?,p2,
1768592464.969583,FORWARDED,777794da-a1d9-4d36-aabb-da61e94fcf54,1ff22222-5631-4ef6-a3a1-57b7308d1ea1,c2,c5,687,?,p2,
1768592465.0050852,RECEIVED,af982b56-0597-472f-a76f-825d568c0d51,006e2610-19a7-4d29-8fec-125357c5ab33,c3,c2,1020,i12,?,
1768592465.0473154,RECEIVED,7c53ed8e-ef78-4b63-9056-a525812e429f,5a6342da-8944-4d3f-be0e-1e97a7dcb664,c2,DROP,684,i4,?,
1768592465.0536911,RECEIVED,5bfe9657-1450-4e4d-9f34-024cee4f7177,b4e2535a-24f5-4905-8d55-ce4b1a56464c,c5,c4,1016,i8,?,
1768592465.136296,RECEIVED,54834f5f-2e89-478a-ae2b-fc68bb59a3ab,f27fbd7a-3828-4097-93f9-4f89334c1427,c2,c1,1019,i12,?,
1768592465.1769688,SENT,79da1554-31fa-4b1e-8820-0636a2da8e8b,b35c8432-4b74-4a35-a220-c9b1f271a12c,c1,c3,687,?,p3,
1768592465.1770086,FORWARDED,79da1554-31fa-4b1e-8820-0636a2da8e8b,b35c8432-4b74-4a35-a220-c9b1f271a12c,c1,c3,687,?,p3,
1768592465.22197,RECEIVED,62624082-88a0-47ff-8e26-13c8ea7da6fb,ca2c50b0-848c-436d-ac37-bb4bb6f610ad,c4,c3,1011,i9,?,
1768592465.256993,SENT,5bfe9657-1450-4e4d-9f34-024cee4f7177,b4e2535a-24f5-4905-8d55-ce4b1a56464c,c5,c4,688,?,p1,
1768592465.2570314,FORWARDED,5bfe9657-1450-4e4d-9f34-024cee4f7177,b4e2535a-24f5-4905-8d55-ce4b1a56464c,c5,c4,688,?,p1,
1768592465.335565,RECEIVED,af0f6d94-855e-4cbc-998f-c3940aa6b9ee,54731bc6-2e90-4c27-85fd-3a5652ca01ba,c5,c2,1020,i4,?,
1768592465.3596973,RECEIVED,d64a3705-86de-4d5b-ab2e-ce8fea17c0cf,be21fe90-6c0b-4fea-be21-96b3a3cdd180,c4,c5,1015,i11,?,
1768592465.4163616,SENT,7c53ed8e-ef78-4b63-9056-a525812e429f,5a6342da-8944-4d3f-be0e-1e97a7dcb664,c2,DROP,441,?,i2,
1768592465.416404,FORWARDED,7c53ed8e-ef78-4b63-9056-a525812e429f,5a6342da-8944-4d3f-be0e-1e97a7dcb664,c2,DROP,441,?,i2,
1768592465.4447896,RECEIVED,54eea58c-440e-4583-b76b-253a38597a20,86d9d4e4-0596-4c67-9dd3-449c7b1eba66,c5,c2,1019,i9,?,
1768592465.5046635,SENT,af982b56-0597-472f-a76f-825d568c0d51,006e2610-19a7-4d29-8fec-125357c5ab33,c3,c2,691,?,p2,
1768592465.5047088,FORWARDED,af982b56-0597-472f-a76f-825d568c0d51,006e2610-19a7-4d29-8fec-125357c5ab33,c3,c2,691,?,p2,
1768592465.5701728,SENT,62624082-88a0-47ff-8e26-13c8ea7da6fb,ca2c50b0-848c-436d-ac37-bb4bb6f610ad,c4,c3,687,?,p3,
1768592465.5702105,FORWARDED,62624082-88a0-47ff-8e26-13c8ea7da6fb,ca2c50b0-848c-436d-ac37-bb4bb6f610ad,c4,c3,687,?,p3,
1768592465.6387331,RECEIVED,db990198-8adb-4ca9-b129-277268467999,a44202a7-a687-4be8-a694-d24b62c3f216,c2,c3,1009,i6,?,
1768592465.6772525,SENT,db990198-8adb-4ca9-b129-277268467999,a44202a7-a687-4be8-a694-d24b62c3f216,c2,c3,682,?,p3,
1768592465.6772952,FORWARDED,db990198-8adb-4ca9-b129-277268467999,a44202a7-a687-4be8-a694-d24b62c3f216,c2,c3,682,?,p3,
1768592465.7317157,SENT,54eea58c-440e-4583-b76b-253a38597a20,86d9d4e4-0596-4c67-9dd3-449c7b1eba66,c5,c2,691,?,p2,
1768592465.7317572,FORWARDED,54eea58c-440e-4583-b76b-253a38597a20,86d9d4e4-0596-4c67-9dd3-449c7b1eba66,c5,c2,691,?,p2,
1768592465.7421951,SENT,af0f6d94-855e-4cbc-998f-c3940aa6b9ee,54731bc6-2e90-4c27-85fd-3a5652ca01ba,c5,c2,692,?,p2,
1768592465.7424738,FORWARDED,af0f6d94-855e-4cbc-998f-c3940aa6b9ee,54731bc6-2e90-4c27-85fd-3a5652ca01ba,c5,c2,692,?,p2,
1768592465.903263,SENT,54834f5f-2e89-478a-ae2b-fc68bb59a3ab,f27fbd7a-3828-4097-93f9-4f89334c1427,c2,c1,693,?,p1,
1768592465.903304,FORWARDED,54834f5f-2e89-478a-ae2b-fc68bb59a3ab,f27fbd7a-3828-4097-93f9-4f89334c1427,c2,c1,693,?,p1,
1768592466.1416688,SENT,d64a3705-86de-4d5b-ab2e-ce8fea17c0cf,be21fe90-6c0b-4fea-be21-96b3a3cdd180,c4,c5,688,?,p2,
1768592466.14171,FORWARDED,d64a3705-86de-4d5b-ab2e-ce8fea17c0cf,be21fe90-6c0b-4fea-be21-96b3a3cdd180,c4,c5,688,?,p2,
1768592466.1585684,RECEIVED,d8d4b0d4-9185-485d-9fcf-cc8eed191c02,b659fecd-8142-4923-9c66-f39e381adb9b,c3,DROP,689,i7,?,
1768592466.5150878,SENT,d8d4b0d4-9185-485d-9fcf-cc8eed191c02,b659fecd-8142-4923-9c66-f39e381adb9b,c3,DROP,442,?,x12,
1768592466.5151286,FORWARDED,d8d4b0d4-9185-485d-9fcf-cc8eed191c02,b659fecd-8142-4923-9c66-f39e381adb9b,c3,DROP,442,?,x12,
1768592466.954276,SENT,cd671aac-0923-4f2f-bca6-0b3ced33ddac,ccd7dc75-d9ac-4bff-80b1-f53bc2321f09,c2,c1,691,?,p1,
1768592466.9543178,FORWARDED,cd671aac-0923-4f2f-bca6-0b3ced33ddac,ccd7dc75-d9ac-4bff-80b1-f53bc2321f09,c2,c1,691,?,p1,
1768592466.9563808,RECEIVED,637f2382-7d32-4f83-b364-4bf70aaeec40,53b869bd-9f1d-46fb-8109-afb9f4db4b70,c3,c4,1011,i9,?,
1768592467.0591598,RECEIVED,c6eda40c-b785-426a-ab9a-87e4af1fafac,f6976e5f-6630-466b-8f0a-acd9c40d2695,c3,c4,1011,i8,?,
1768592467.2078836,RECEIVED,9bcb83fc-9643-4079-98a7-968634ec7f59,2f258993-1946-4c81-87f9-2ff7c479f31d,c2,c5,1023,i12,?,
1768592467.249822,RECEIVED,421d6481-d981-4518-8f59-6e2d0b114d1e,90d633bf-cbc8-4f79-a8d7-8db6bbce3203,c1,c5,1020,i9,?,
1768592467.2767212,SENT,637f2382-7d32-4f83-b364-4bf70aaeec40,53b869bd-9f1d-46fb-8109-afb9f4db4b70,c3,c4,686,?,p1,
1768592467.2767613,FORWARDED,637f2382-7d32-4f83-b364-4bf70aaeec40,53b869bd-9f1d-46fb-8109-afb9f4db4b70,c3,c4,686,?,p1,
1768592467.31639,RECEIVED,06e3e8f8-d71e-4e25-b67e-b7f4f0bb1293,4741bd31-42d2-43ff-95d3-aa478128046e,c4,DROP,683,i11,?,
1768592467.4736578,RECEIVED,b109d8ad-ae2b-471b-b147-4194aac64b12,ad81d1e7-c320-47f0-b2ae-180418a375d0,c5,c4,1018,i4,?,
1768592467.5781307,SENT,9bcb83fc-9643-4079-98a7-968634ec7f59,2f258993-1946-4c81-87f9-2ff7c479f31d,c2,c5,696,?,p2,
1768592467.578173,FORWARDED,9bcb83fc-9643-4079-98a7-968634ec7f59,2f258993-1946-4c81-87f9-2ff7c479f31d,c2,c5,696,?,p2,
1768592467.6036918,SENT,b109d8ad-ae2b-471b-b147-4194aac64b12,ad81d1e7-c320-47f0-b2ae-180418a375d0,c5,c4,692,?,p1,
1768592467.6037328,FORWARDED,b109d8ad-ae2b-471b-b147-4194aac64b12,ad81d1e7-c320-47f0-b2ae-180418a375d0,c5,c4,692,?,p1,
1768592467.605249,RECEIVED,cdeea0f7-7466-4fde-a414-5238f4df5c8e,52a89a30-d7f0-43cb-a9e9-d7d63746aa75,c5,DROP,680,i1,?,
1768592467.617742,SENT,421d6481-d981-4518-8f59-6e2d0b114d1e,90d633bf-cbc8-4f79-a8d7-8db6bbce3203,c1,c5,691,?,p2,
1768592467.6177967,FORWARDED,421d6481-d981-4518-8f59-6e2d0b114d1e,90d633bf-cbc8-4f79-a8d7-8db6bbce3203,c1,c5,691,?,p2,
1768592467.6669483,SENT,cdeea0f7-7466-4fde-a414-5238f4df5c8e,52a89a30-d7f0-43cb-a9e9-d7d63746aa75,c5,DROP,437,?,i9,
1768592467.6670914,FORWARDED,cdeea0f7-7466-4fde-a414-5238f4df5c8e,52a89a30-d7f0-43cb-a9e9-d7d63746aa75,c5,DROP,437,?,i9,
1768592467.9432483,RECEIVED,ecc39acf-8970-475a-8d00-aa708fa70f44,a0e96a3a-5de3-42e8-98b1-f0fae2f3f38c,c1,c4,1010,i8,?,
1768592468.0511017,SENT,06e3e8f8-d71e-4e25-b67e-b7f4f0bb1293,4741bd31-42d2-43ff-95d3-aa478128046e,c4,DROP,441,?,i2,
1768592468.0511384,FORWARDED,06e3e8f8-d71e-4e25-b67e-b7f4f0bb1293,4741bd31-42d2-43ff-95d3-aa478128046e,c4,DROP,441,?,i2,
1768592468.2981637,SENT,c6eda40c-b785-426a-ab9a-87e4af1fafac,f6976e5f-6630-466b-8f0a-acd9c40d2695,c3,c4,687,?,p1,
1768592468.298197,FORWARDED,c6eda40c-b785-426a-ab9a-87e4af1fafac,f6976e5f-6630-466b-8f0a-acd9c40d2695,c3,c4,687,?,p1,
1768592468.299622,RECEIVED,4a967537-6a6c-4e17-9617-d9b2b0f1e21a,7d635ce6-202d-4c91-9e3f-c7a0f8e88f60,c5,c3,1016,i9,?,
1768592468.305953,RECEIVED,9e132f28-caa6-4dc3-8347-9e5507468db6,0a7202d4-5504-4f26-abed-7fc750f7e6c6,c1,c5,1012,i4,?,
1768592468.396064,RECEIVED,f2d762a2-3eae-42b8-9802-743d8360ce1e,7814ef5d-f5b8-4140-bbf5-434ad959b34e,c3,DROP,440,x1,?,
1768592468.4255414,SENT,ecc39acf-8970-475a-8d00-aa708fa70f44,a0e96a3a-5de3-42e8-98b1-f0fae2f3f38c,c1,c4,686,?,p1,
1768592468.4255824,FORWARDED,ecc39acf-8970-475a-8d00-aa708fa70f44,a0e96a3a-5de3-42e8-98b1-f0fae2f3f38c,c1,c4,686,?,p1,
1768592468.6059284,SENT,9e132f28-caa6-4dc3-8347-9e5507468db6,0a7202d4-5504-4f26-abed-7fc750f7e6c6,c1,c5,687,?,p2,
1768592468.6059825,FORWARDED,9e132f28-caa6-4dc3-8347-9e5507468db6,0a7202d4-5504-4f26-abed-7fc750f7e6c6,c1,c5,687,?,p2,
1768592468.679269,SENT,4a967537-6a6c-4e17-9617-d9b2b0f1e21a,7d635ce6-202d-4c91-9e3f-c7a0f8e88f60,c5,c3,689,?,p3,
1768592468.679313,FORWARDED,4a967537-6a6c-4e17-9617-d9b2b0f1e21a,7d635ce6-202d-4c91-9e3f-c7a0f8e88f60,c5,c3,689,?,p3,
1768592468.9373353,RECEIVED,482d34b1-6835-4dca-bf5d-3b354d9f6a98,dd4b0865-4e5e-46ce-8f78-e7a09f32552b,c3,c1,1011,i6,?,
1768592468.9831898,RECEIVED,49b6b975-9566-4b31-98ec-ee4bfd2853f7,1c606b97-b2e5-4ead-8046-146ee3c8cdfa,c3,c4,1015,i1,?,
1768592469.1056378,RECEIVED,d75b64e3-9a6c-4e5b-87a8-6dea8885b124,ddc8463a-53ac-4ce3-bd29-8fd3815994e9,c2,c3,1012,i2,?,
1768592469.1321695,RECEIVED,bbff0f5d-ecae-4844-aed1-b5a6bf315e30,226a3ce0-3c0f-4ded-884d-93ef95d8fa90,c3,c2,1010,i9,?,
1768592469.3131735,SENT,482d34b1-6835-4dca-bf5d-3b354d9f6a98,dd4b0865-4e5e-46ce-8f78-e7a09f32552b,c3,c1,687,?,p1,
1768592469.3132164,FORWARDED,482d34b1-6835-4dca-bf5d-3b354d9f6a98,dd4b0865-4e5e-46ce-8f78-e7a09f32552b,c3,c1,687,?,p1,
1768592469.3514755,SENT,d75b64e3-9a6c-4e5b-87a8-6dea8885b124,ddc8463a-53ac-4ce3-bd29-8fd3815994e9,c2,c3,687,?,p3,
1768592469.351521,FORWARDED,d75b64e3-9a6c-4e5b-87a8-6dea8885b124,ddc8463a-53ac-4ce3-bd29-8fd3815994e9,c2,c3,687,?,p3,
1768592469.3838296,RECEIVED,25b32093-7346-4ac6-ac40-c50624958b8a,a7c1ffec-1b5c-4925-944c-5414fefc7827,c4,c2,1011,i7,?,
1768592469.5886443,SENT,bbff0f5d-ecae-4844-aed1-b5a6bf315e30,226a3ce0-3c0f-4ded-884d-93ef95d8fa90,c3,c2,687,?,p2,
1768592469.5886855,FORWARDED,bbff0f5d-ecae-4844-aed1-b5a6bf315e30,226a3ce0-3c0f-4ded-884d-93ef95d8fa90,c3,c2,687,?,p2,
1768592469.6007721,SENT,25b32093-7346-4ac6-ac40-c50624958b8a,a7c1ffec-1b5c-4925-944c-5414fefc7827,c4,c2,687,?,p2,
1768592469.600913,FORWARDED,25b32093-7346-4ac6-ac40-c50624958b8a,a7c1ffec-1b5c-4925-944c-5414fefc7827,c4,c2,687,?,p2,
1768592469.9612048,RECEIVED,2a916a19-a1f2-4c6d-bb33-c1bc4540c500,81c5def5-469b-4c9a-9ada-f696b033b9a8,c2,c3,1015,i6,?,
1768592470.1678493,RECEIVED,b4d9ab17-375d-4b9a-a7e4-935ddfd6c190,fd9334ea-958e-4d73-8c0d-4248e85e7b3b,c1,c2,1017,i6,?,
1768592470.2071586,SENT,b4d9ab17-375d-4b9a-a7e4-935ddfd6c190,fd9334ea-958e-4d73-8c0d-4248e85e7b3b,c1,c2,688,?,p2,
1768592470.2072012,FORWARDED,b4d9ab17-375d-4b9a-a7e4-935ddfd6c190,fd9334ea-958e-4d73-8c0d-4248e85e7b3b,c1,c2,688,?,p2,
1768592470.352992,SENT,49b6b975-9566-4b31-98ec-ee4bfd2853f7,1c606b97-b2e5-4ead-8046-146ee3c8cdfa,c3,c4,688,?,p1,
1768592470.3530338,FORWARDED,49b6b975-9566-4b31-98ec-ee4bfd2853f7,1c606b97-b2e5-4ead-8046-146ee3c8cdfa,c3,c4,688,?,p1,
1768592470.3562546,RECEIVED,48b06b71-7d20-4f9d-b16d-17ae27ec162c,c68ddf52-a4f0-4766-9df5-b8edf130f3cb,c3,c1,1018,i11,?,
1768592470.3872178,RECEIVED,3a900a1d-7526-4bba-82a8-8e14d7eeaa8a,8735b6c4-f11c-4c79-8f5a-d70796b88514,c4,c5,1011,i7,?,
1768592470.6208322,RECEIVED,f024005c-f617-4aff-9252-7553ce9b6567,1991580c-e2fe-4dd3-bf7a-4b1710c15443,c5,c2,1011,i2,?,
1768592470.7795541,SENT,2a916a19-a1f2-4c6d-bb33-c1bc4540c500,81c5def5-469b-4c9a-9ada-f696b033b9a8,c2,c3,690,?,p3,
1768592470.7796032,FORWARDED,2a916a19-a1f2-4c6d-bb33-c1bc4540c500,81c5def5-469b-4c9a-9ada-f696b033b9a8,c2,c3,690,?,p3,
1768592471.0006323,RECEIVED,29d6bac8-5399-4f0d-a313-866430050410,b6205969-f51a-4806-af2f-ff7ca7f6b822,c5,c1,1016,i9,?,
1768592471.0416124,SENT,f024005c-f617-4aff-9252-7553ce9b6567,1991580c-e2fe-4dd3-bf7a-4b1710c15443,c5,c2,687,?,p2,
1768592471.041653,FORWARDED,f024005c-f617-4aff-9252-7553ce9b6567,1991580c-e2fe-4dd3-bf7a-4b1710c15443,c5,c2,687,?,p2,
1768592471.185208,RECEIVED,58fbfcdb-3d83-4ec2-a7b6-f49b1fa857dc,4c6f20cc-0767-489e-99e8-9825f66b9e68,c3,c1,1011,i1,?,
1768592471.2068992,RECEIVED,3810cd34-4163-4e1b-a3ca-2a1747e7fa69,268ca6bb-b332-4dc9-83bc-f5a1e0315380,c4,c3,1016,i4,?,
1768592471.232484,RECEIVED,51bf22ea-0b36-4818-b459-499ff8ac521f,87b141f1-ff7f-4996-a3d8-6d14f69addbd,c4,c5,1019,i12,?,
1768592471.301492,SENT,3810cd34-4163-4e1b-a3ca-2a1747e7fa69,268ca6bb-b332-4dc9-83bc-f5a1e0315380,c4,c3,688,?,p3,
1768592471.301558,FORWARDED,3810cd34-4163-4e1b-a3ca-2a1747e7fa69,268ca6bb-b332-4dc9-83bc-f5a1e0315380,c4,c3,688,?,p3,
1768592471.3044882,SENT,29d6bac8-5399-4f0d-a313-866430050410,b6205969-f51a-4806-af2f-ff7ca7f6b822,c5,c1,688,?,p1,
1768592471.3045297,FORWARDED,29d6bac8-5399-4f0d-a313-866430050410,b6205969-f51a-4806-af2f-ff7ca7f6b822,c5,c1,688,?,p1,
1768592471.5011816,SENT,48b06b71-7d20-4f9d-b16d-17ae27ec162c,c68ddf52-a4f0-4766-9df5-b8edf130f3cb,c3,c1,692,?,p1,
1768592471.5012248,FORWARDED,48b06b71-7d20-4f9d-b16d-17ae27ec162c,c68ddf52-a4f0-4766-9df5-b8edf130f3cb,c3,c1,692,?,p1,
1768592471.6064162,RECEIVED,1b644ba5-3244-4f26-b5a8-e07b1b7aa48d,d57bb025-09e4-4395-96b6-f054f5f8fddd,c1,c4,1019,i9,?,
1768592471.6275153,RECEIVED,08d238bd-9dc2-4cbd-8bd1-24916afa234a,778992da-fe2c-42b5-bef9-2a801bfdcf84,c5,c3,1011,i1,?,
1768592471.7175255,SENT,3a900a1d-7526-4bba-82a8-8e14d7eeaa8a,8735b6c4-f11c-4c79-8f5a-d70796b88514,c4,c5,686,?,p2,
1768592471.7175665,FORWARDED,3a900a1d-7526-4bba-82a8-8e14d7eeaa8a,8735b6c4-f11c-4c79-8f5a-d70796b88514,c4,c5,686,?,p2,
1768592471.7274714,RECEIVED,fb018f5c-f0f2-4a76-99c8-cc1884d3e390,2eb1c3e5-163a-4c14-970c-0fa5c4d8894e,c3,c2,1015,i12,?,
1768592471.9863963,SENT,fb018f5c-f0f2-4a76-99c8-cc1884d3e390,2eb1c3e5-163a-4c14-970c-0fa5c4d8894e,c3,c2,688,?,p2,
1768592471.9864368,FORWARDED,fb018f5c-f0f2-4a76-99c8-cc1884d3e390,2eb1c3e5-163a-4c14-970c-0fa5c4d8894e,c3,c2,688,?,p2,
1768592472.0248184,RECEIVED,dbda8200-c2a7-4480-bb98-753b7d73fca8,bce417e2-8ced-4389-a06d-aa204c646491,c5,c2,1015,i1,?,
1768592472.0798023,SENT,08d238bd-9dc2-4cbd-8bd1-24916afa234a,778992da-fe2c-42b5-bef9-2a801bfdcf84,c5,c3,687,?,p3,
1768592472.079845,FORWARDED,08d238bd-9dc2-4cbd-8bd1-24916afa234a,778992da-fe2c-42b5-bef9-2a801bfdcf84,c5,c3,687,?,p3,
1768592472.1657686,SENT,1b644ba5-3244-4f26-b5a8-e07b1b7aa48d,d57bb025-09e4-4395-96b6-f054f5f8fddd,c1,c4,691,?,p1,
1768592472.165811,FORWARDED,1b644ba5-3244-4f26-b5a8-e07b1b7aa48d,d57bb025-09e4-4395-96b6-f054f5f8fddd,c1,c4,691,?,p1,
1768592472.389641,RECEIVED,f56825d8-0c01-4b45-a663-0934f14ade4b,62d45b31-5dc2-4932-a94c-b9ad71abadcf,c2,c1,1016,i7,?,
1768592472.4592896,SENT,51bf22ea-0b36-4818-b459-499ff8ac521f,87b141f1-ff7f-4996-a3d8-6d14f69addbd,c4,c5,691,?,p2,
1768592472.4593318,FORWARDED,51bf22ea-0b36-4818-b459-499ff8ac521f,87b141f1-ff7f-4996-a3d8-6d14f69addbd,c4,c5,691,?,p2,
1768592472.5678055,SENT,f56825d8-0c01-4b45-a663-0934f14ade4b,62d45b31-5dc2-4932-a94c-b9ad71abadcf,c2,c1,688,?,p1,
1768592472.5678499,FORWARDED,f56825d8-0c01-4b45-a663-0934f14ade4b,62d45b31-5dc2-4932-a94c-b9ad71abadcf,c2,c1,688,?,p1,
1768592472.5813057,RECEIVED,b8f66067-4fc5-4b56-bef0-68d4fcb9b494,0a79fb5d-87f4-4513-81b3-95f464ce5b2e,c2,c4,1012,i7,?,
1768592472.6775854,RECEIVED,7380a4f7-329e-4297-b9c6-be775342cf1d,43b1d829-1338-453c-a233-dfc5bd9a6073,c3,c5,1016,i11,?,
1768592472.759825,SENT,b8f66067-4fc5-4b56-bef0-68d4fcb9b494,0a79fb5d-87f4-4513-81b3-95f464ce5b2e,c2,c4,687,?,p1,
1768592472.7598667,FORWARDED,b8f66067-4fc5-4b56-bef0-68d4fcb9b494,0a79fb5d-87f4-4513-81b3-95f464ce5b2e,c2,c4,687,?,p1,
1768592472.767529,RECEIVED,d6e99236-c31c-4ae1-a485-009dcd6a2798,9ffe8b5b-c6ab-48e4-8cfa-77f99bb72f82,c1,c5,1011,i4,?,
1768592472.7727196,RECEIVED,ccc96b01-09bc-4d0f-b44b-8809404e2ac3,2e1014bf-0ec4-459e-a34d-16a1dc158b1e,c3,c4,1019,i2,?,
1768592472.8331099,SENT,dbda8200-c2a7-4480-bb98-753b7d73fca8,bce417e2-8ced-4389-a06d-aa204c646491,c5,c2,688,?,p2,
1768592472.8331509,FORWARDED,dbda8200-c2a7-4480-bb98-753b7d73fca8,bce417e2-8ced-4389-a06d-aa204c646491,c5,c2,688,?,p2,
1768592472.8848286,SENT,7380a4f7-329e-4297-b9c6-be775342cf1d,43b1d829-1338-453c-a233-dfc5bd9a6073,c3,c5,690,?,p2,
1768592472.88487,FORWARDED,7380a4f7-329e-4297-b9c6-be775342cf1d,43b1d829-1338-453c-a233-dfc5bd9a6073,c3,c5,690,?,p2,
1768592473.028878,SENT,58fbfcdb-3d83-4ec2-a7b6-f49b1fa857dc,4c6f20cc-0767-489e-99e8-9825f66b9e68,c3,c1,687,?,p1,
1768592473.028918,FORWARDED,58fbfcdb-3d83-4ec2-a7b6-f49b1fa857dc,4c6f20cc-0767-489e-99e8-9825f66b9e68,c3,c1,687,?,p1,
1768592473.0426285,RECEIVED,fbbf54d1-50d6-4940-a0e3-f69f0181c6d4,85a69045-54f0-48bd-9060-4e9face6cd04,c1,c4,1018,i12,?,
1768592473.0630403,RECEIVED,2741d98a-2095-4ebf-8f9f-a4e131c799aa,2289d7c5-a555-4322-9959-0b298483b627,c4,c1,1012,i11,?,
1768592473.0733998,SENT,ccc96b01-09bc-4d0f-b44b-8809404e2ac3,2e1014bf-0ec4-459e-a34d-16a1dc158b1e,c3,c4,692,?,p1,
1768592473.073444,FORWARDED,ccc96b01-09bc-4d0f-b44b-8809404e2ac3,2e1014bf-0ec4-459e-a34d-16a1dc158b1e,c3,c4,692,?,p1,
1768592473.1773036,SENT,2741d98a-2095-4ebf-8f9f-a4e131c799aa,2289d7c5-a555-4322-9959-0b298483b627,c4,c1,687,?,p1,
1768592473.1773388,FORWARDED,2741d98a-2095-4ebf-8f9f-a4e131c799aa,2289d7c5-a555-4322-9959-0b298483b627,c4,c1,687,?,p1,
1768592473.1894531,RECEIVED,f471acb7-7533-4654-bf74-7a5acd246ed1,934ce3bf-d31a-4c3f-9d7a-6e1fb23f137e,c5,c3,1019,i11,?,
1768592473.2169375,SENT,d6e99236-c31c-4ae1-a485-009dcd6a2798,9ffe8b5b-c6ab-48e4-8cfa-77f99bb72f82,c1,c5,686,?,p2,
1768592473.2169785,FORWARDED,d6e99236-c31c-4ae1-a485-009dcd6a2798,9ffe8b5b-c6ab-48e4-8cfa-77f99bb72f82,c1,c5,686,?,p2,
1768592473.6789625,RECEIVED,278353c2-88d2-4184-999b-bf1ca1bf0b40,5e711fe4-1ebc-4aaa-8242-c776178cf6d6,c2,c4,1016,i4,?,
1768592473.6801355,RECEIVED,b1b2a50a-3d85-4f46-9dbb-846947b6d2a5,31e12e74-3bb2-4aa1-be78-bca6a0d0955b,c3,c5,1023,i11,?,
1768592473.9828458,SENT,278353c2-88d2-4184-999b-bf1ca1bf0b40,5e711fe4-1ebc-4aaa-8242-c776178cf6d6,c2,c4,688,?,p1,
1768592473.9828866,FORWARDED,278353c2-88d2-4184-999b-bf1ca1bf0b40,5e711fe4-1ebc-4aaa-8242-c776178cf6d6,c2,c4,688,?,p1,
1768592474.1978815,RECEIVED,588604ad-b83b-471d-ba7f-6c6b3995e4bb,71f2aca7-74bd-4df3-998c-aea647973e4c,c4,c1,1012,i2,?,
1768592474.286508,RECEIVED,afebf248-9414-4fe6-9160-98c3c894d050,29f0c1d6-b751-404e-8974-6677e975f952,c2,c5,1016,i7,?,
1768592474.298224,RECEIVED,46caa53c-f61e-44fc-8d57-2639e0241dba,82e40c89-35ef-4a28-b994-e26d5aa62973,c4,c5,1012,i9,?,
1768592474.3893585,SENT,afebf248-9414-4fe6-9160-98c3c894d050,29f0c1d6-b751-404e-8974-6677e975f952,c2,c5,688,?,p2,
1768592474.3894491,FORWARDED,afebf248-9414-4fe6-9160-98c3c894d050,29f0c1d6-b751-404e-8974-6677e975f952,c2,c5,688,?,p2,
1768592474.415319,SENT,46caa53c-f61e-44fc-8d57-2639e0241dba,82e40c89-35ef-4a28-b994-e26d5aa62973,c4,c5,687,?,p2,
1768592474.415362,FORWARDED,46caa53c-f61e-44fc-8d57-2639e0241dba,82e40c89-35ef-4a28-b994-e26d5aa62973,c4,c5,687,?,p2,
1768592474.4324732,RECEIVED,ddb4c7f2-49b9-4787-b17d-071d4d63d8fd,559d7dc4-87a7-45eb-919a-42145e98457b,c2,c3,1012,i6,?,
1768592474.487895,SENT,f471acb7-7533-4654-bf74-7a5acd246ed1,934ce3bf-d31a-4c3f-9d7a-6e1fb23f137e,c5,c3,692,?,p3,
1768592474.4879448,FORWARDED,f471acb7-7533-4654-bf74-7a5acd246ed1,934ce3bf-d31a-4c3f-9d7a-6e1fb23f137e,c5,c3,692,?,p3,
1768592474.501001,SENT,b1b2a50a-3d85-4f46-9dbb-846947b6d2a5,31e12e74-3bb2-4aa1-be78-bca6a0d0955b,c3,c5,695,?,p2,
1768592474.501039,FORWARDED,b1b2a50a-3d85-4f46-9dbb-846947b6d2a5,31e12e74-3bb2-4aa1-be78-bca6a0d0955b,c3,c5,695,?,p2,
1768592474.5572114,RECEIVED,d507c18b-a900-4e89-98c3-df87d72620f8,ea1cec35-16e5-418d-866a-bb96f653f4b8,c4,c2,1016,i4,?,
1768592474.5779498,RECEIVED,fd3f8021-d8bf-4719-b2af-93983480dc72,4c3459b1-f400-45e2-a07e-877d4b569e37,c2,c3,1019,i9,?,
1768592474.6044295,SENT,588604ad-b83b-471d-ba7f-6c6b3995e4bb,71f2aca7-74bd-4df3-998c-aea647973e4c,c4,c1,687,?,p1,
1768592474.6044788,FORWARDED,588604ad-b83b-471d-ba7f-6c6b3995e4bb,71f2aca7-74bd-4df3-998c-aea647973e4c,c4,c1,687,?,p1,
1768592474.672349,SENT,ddb4c7f2-49b9-4787-b17d-071d4d63d8fd,559d7dc4-87a7-45eb-919a-42145e98457b,c2,c3,687,?,p3,
1768592474.6723912,FORWARDED,ddb4c7f2-49b9-4787-b17d-071d4d63d8fd,559d7dc4-87a7-45eb-919a-42145e98457b,c2,c3,687,?,p3,
1768592474.687129,RECEIVED,73331d87-1d32-4049-992d-80d4fedca88f,8d8dc7dd-4e4b-416c-abe9-13728c75e64c,c3,c2,1019,i9,?,
1768592474.7742898,SENT,d507c18b-a900-4e89-98c3-df87d72620f8,ea1cec35-16e5-418d-866a-bb96f653f4b8,c4,c2,688,?,p2,
1768592474.7743313,FORWARDED,d507c18b-a900-4e89-98c3-df87d72620f8,ea1cec35-16e5-418d-866a-bb96f653f4b8,c4,c2,688,?,p2,
1768592474.8364909,RECEIVED,31c08395-a1f7-4e4b-95ef-abe6544e688e,b0fc317e-795b-4ba9-8a73-d97453da267d,c2,DROP,681,i9,?,
1768592474.8771565,SENT,31c08395-a1f7-4e4b-95ef-abe6544e688e,b0fc317e-795b-4ba9-8a73-d97453da267d,c2,DROP,438,?,i4,
1768592474.8771992,REDIRECTED,31c08395-a1f7-4e4b-95ef-abe6544e688e,b0fc317e-795b-4ba9-8a73-d97453da267d,c2,DROP,438,?,i4,
1768592474.877228,FORWARDED,31c08395-a1f7-4e4b-95ef-abe6544e688e,b0fc317e-795b-4ba9-8a73-d97453da267d,c2,DROP,438,?,i3,
1768592475.090001,RECEIVED,bf345a5b-e192-4719-ba88-fb8b9216d668,e0cfa4c4-f8b2-4d6f-89fb-8db1cdce2d87,c3,c4,1011,i7,?,
1768592475.127537,SENT,fd3f8021-d8bf-4719-b2af-93983480dc72,4c3459b1-f400-45e2-a07e-877d4b569e37,c2,c3,692,?,p3,
1768592475.127655,FORWARDED,fd3f8021-d8bf-4719-b2af-93983480dc72,4c3459b1-f400-45e2-a07e-877d4b569e37,c2,c3,692,?,p3,
1768592475.1945431,SENT,73331d87-1d32-4049-992d-80d4fedca88f,8d8dc7dd-4e4b-416c-abe9-13728c75e64c,c3,c2,692,?,p2,
1768592475.1945825,FORWARDED,73331d87-1d32-4049-992d-80d4fedca88f,8d8dc7dd-4e4b-416c-abe9-13728c75e64c,c3,c2,692,?,p2,
1768592475.238271,RECEIVED,778e21e0-b9c3-4b22-96c7-327c3fd328aa,0bf9298b-6be5-4839-b57e-c72a62dd6265,c5,c1,1012,i1,?,
1768592475.29908,SENT,778e21e0-b9c3-4b22-96c7-327c3fd328aa,0bf9298b-6be5-4839-b57e-c72a62dd6265,c5,c1,687,?,p1,
1768592475.299122,FORWARDED,778e21e0-b9c3-4b22-96c7-327c3fd328aa,0bf9298b-6be5-4839-b57e-c72a62dd6265,c5,c1,687,?,p1,
1768592475.390061,SENT,bf345a5b-e192-4719-ba88-fb8b9216d668,e0cfa4c4-f8b2-4d6f-89fb-8db1cdce2d87,c3,c4,686,?,p1,
1768592475.3901012,FORWARDED,bf345a5b-e192-4719-ba88-fb8b9216d668,e0cfa4c4-f8b2-4d6f-89fb-8db1cdce2d87,c3,c4,686,?,p1,
1768592475.655424,SENT,fbbf54d1-50d6-4940-a0e3-f69f0181c6d4,85a69045-54f0-48bd-9060-4e9face6cd04,c1,c4,692,?,p1,
1768592475.655473,FORWARDED,fbbf54d1-50d6-4940-a0e3-f69f0181c6d4,85a69045-54f0-48bd-9060-4e9face6cd04,c1,c4,692,?,p1,
1768592475.7714171,RECEIVED,3aaed59f-2c06-4030-aad5-da566b084af4,86138feb-ba10-4312-9714-270d5c1fcfea,c4,c1,1016,i2,?,
1768592475.862283,RECEIVED,4bb311f7-2a5f-4cf7-ba6a-450f169ef99f,0e822078-442c-47f5-be07-96fde0959439,c4,c1,1019,i2,?,
1768592475.9808693,RECEIVED,fd3ba35a-2e96-46de-9f87-406e57c6a9d4,3978e07e-13a3-4f95-bb1e-ecc1a83be715,c5,c3,1012,i8,?,
1768592476.0836642,RECEIVED,f28bbac5-d522-4061-ad15-2143760c951c,13d72623-27a7-4675-a8f1-b629a6bc3bb4,c1,c4,1012,i2,?,
1768592476.1474836,SENT,3aaed59f-2c06-4030-aad5-da566b084af4,86138feb-ba10-4312-9714-270d5c1fcfea,c4,c1,688,?,p1,
1768592476.147524,FORWARDED,3aaed59f-2c06-4030-aad5-da566b084af4,86138feb-ba10-4312-9714-270d5c1fcfea,c4,c1,688,?,p1,
1768592476.1737785,SENT,fd3ba35a-2e96-46de-9f87-406e57c6a9d4,3978e07e-13a3-4f95-bb1e-ecc1a83be715,c5,c3,687,?,p3,
1768592476.173961,FORWARDED,fd3ba35a-2e96-46de-9f87-406e57c6a9d4,3978e07e-13a3-4f95-bb1e-ecc1a83be715,c5,c3,687,?,p3,
1768592476.1840234,RECEIVED,006e47da-cf05-4acb-8e03-7be8536d7ce9,a88621c6-b690-42dc-9958-add527e7deb0,c1,DROP,687,i2,?,
1768592476.200994,SENT,f28bbac5-d522-4061-ad15-2143760c951c,13d72623-27a7-4675-a8f1-b629a6bc3bb4,c1,c4,686,?,p1,
1768592476.2010314,FORWARDED,f28bbac5-d522-4061-ad15-2143760c951c,13d72623-27a7-4675-a8f1-b629a6bc3bb4,c1,c4,686,?,p1,
1768592476.2487266,RECEIVED,7085d503-242b-43e4-82e9-b064d2d3de9b,02fe2a44-7a69-4c11-8528-5f321ff344d3,c1,c3,1019,i11,?,
1768592476.5867095,SENT,006e47da-cf05-4acb-8e03-7be8536d7ce9,a88621c6-b690-42dc-9958-add527e7deb0,c1,DROP,442,?,i1,
1768592476.5867498,FORWARDED,006e47da-cf05-4acb-8e03-7be8536d7ce9,a88621c6-b690-42dc-9958-add527e7deb0,c1,DROP,442,?,i1,
1768592476.8898253,SENT,7085d503-242b-43e4-82e9-b064d2d3de9b,02fe2a44-7a69-4c11-8528-5f321ff344d3,c1,c3,691,?,p3,
1768592476.8898623,FORWARDED,7085d503-242b-43e4-82e9-b064d2d3de9b,02fe2a44-7a69-4c11-8528-5f321ff344d3,c1,c3,691,?,p3,
1768592476.9796705,SENT,4bb311f7-2a5f-4cf7-ba6a-450f169ef99f,0e822078-442c-47f5-be07-96fde0959439,c4,c1,691,?,p1,
1768592476.9797125,FORWARDED,4bb311f7-2a5f-4cf7-ba6a-450f169ef99f,0e822078-442c-47f5-be07-96fde0959439,c4,c1,691,?,p1,
1768592477.239184,RECEIVED,c25804c7-eddd-4246-9151-6ad4433bf0be,9f9a6cac-837c-4af3-984a-c60fb6e37c30,c5,c4,1011,i4,?,
1768592477.3042006,RECEIVED,f7bf7b77-3e5d-4366-b219-b1f4de0e7e73,135a8f85-c5fb-4bcc-9e45-642d9516aa21,c2,c1,1019,i11,?,
1768592477.3080761,RECEIVED,301cbb9e-f2b6-4111-b300-24833522850c,9716beba-1a15-4ee1-8030-2fd95e5be3f0,c4,c2,1011,i9,?,
1768592477.4150217,RECEIVED,8e8ede2e-7359-4d97-9d38-1602e1ce8c48,9f24cb15-df1f-4c8a-9ba2-8f64ad805575,c5,c2,1011,i8,?,
1768592477.6212108,SENT,c25804c7-eddd-4246-9151-6ad4433bf0be,9f9a6cac-837c-4af3-984a-c60fb6e37c30,c5,c4,686,?,p1,
1768592477.6212528,FORWARDED,c25804c7-eddd-4246-9151-6ad4433bf0be,9f9a6cac-837c-4af3-984a-c60fb6e37c30,c5,c4,686,?,p1,
1768592477.6513343,SENT,f7bf7b77-3e5d-4366-b219-b1f4de0e7e73,135a8f85-c5fb-4bcc-9e45-642d9516aa21,c2,c1,692,?,p1,
1768592477.6513753,FORWARDED,f7bf7b77-3e5d-4366-b219-b1f4de0e7e73,135a8f85-c5fb-4bcc-9e45-642d9516aa21,c2,c1,692,?,p1,
1768592477.886442,RECEIVED,2c8b174b-f27b-4cbb-8f58-d21bb24a34f2,665f3943-aeb7-4303-80ce-98a4675babc8,c3,c5,1011,i6,?,
1768592477.8938076,SENT,8e8ede2e-7359-4d97-9d38-1602e1ce8c48,9f24cb15-df1f-4c8a-9ba2-8f64ad805575,c5,c2,686,?,p2,
1768592477.893849,FORWARDED,8e8ede2e-7359-4d97-9d38-1602e1ce8c48,9f24cb15-df1f-4c8a-9ba2-8f64ad805575,c5,c2,686,?,p2,
1768592478.1214595,RECEIVED,6f06fc34-c584-4caf-b184-2e1cfd337fc7,8c124b61-b4d0-430e-b7b6-d52191f0a5ee,c3,c4,1013,i5,?,
1768592478.1954992,SENT,6f06fc34-c584-4caf-b184-2e1cfd337fc7,8c124b61-b4d0-430e-b7b6-d52191f0a5ee,c3,c4,687,?,p1,
1768592478.1955407,FORWARDED,6f06fc34-c584-4caf-b184-2e1cfd337fc7,8c124b61-b4d0-430e-b7b6-d52191f0a5ee,c3,c4,687,?,p1,
1768592478.2363045,RECEIVED,11b5a285-c55e-4abc-9b0c-e94fb888006b,8cd99879-02d7-4c8a-9de7-9238e718d677,c4,c1,1010,i9,?,
1768592478.4386184,RECEIVED,eb297a55-f1cb-4f0b-aa01-a3197a898e93,c27f13bc-7335-4003-870c-bb145c0d6727,c5,c3,1011,i9,?,
1768592478.4708035,SENT,301cbb9e-f2b6-4111-b300-24833522850c,9716beba-1a15-4ee1-8030-2fd95e5be3f0,c4,c2,687,?,p2,
1768592478.4708486,FORWARDED,301cbb9e-f2b6-4111-b300-24833522850c,9716beba-1a15-4ee1-8030-2fd95e5be3f0,c4,c2,687,?,p2,
1768592478.619643,SENT,eb297a55-f1cb-4f0b-aa01-a3197a898e93,c27f13bc-7335-4003-870c-bb145c0d6727,c5,c3,687,?,p3,
1768592478.6196797,FORWARDED,eb297a55-f1cb-4f0b-aa01-a3197a898e93,c27f13bc-7335-4003-870c-bb145c0d6727,c5,c3,687,?,p3,
1768592478.6602402,SENT,2c8b174b-f27b-4cbb-8f58-d21bb24a34f2,665f3943-aeb7-4303-80ce-98a4675babc8,c3,c5,687,?,p2,
1768592478.6602814,FORWARDED,2c8b174b-f27b-4cbb-8f58-d21bb24a34f2,665f3943-aeb7-4303-80ce-98a4675babc8,c3,c5,687,?,p2,
1768592478.701944,SENT,11b5a285-c55e-4abc-9b0c-e94fb888006b,8cd99879-02d7-4c8a-9de7-9238e718d677,c4,c1,687,?,p1,
1768592478.7019837,FORWARDED,11b5a285-c55e-4abc-9b0c-e94fb888006b,8cd99879-02d7-4c8a-9de7-9238e718d677,c4,c1,687,?,p1,
1768592479.1499834,RECEIVED,59a421fb-298b-46a5-8967-4a7c9b413e2a,d786caaf-c6e5-4513-a34d-f8bfa5e97322,c3,c5,1020,i5,?,
1768592479.164877,RECEIVED,5f80d90e-cf7a-4a91-9b23-3ccab13d3d9b,82a87319-3b3a-4fa4-87b9-e463b2651e4c,c3,c4,1027,i11,?,
1768592479.2234097,RECEIVED,f4603d39-2374-451a-a8ab-5c468b031393,92551a23-9537-4b20-8ff1-fc4eee8aab30,c3,c4,1009,i12,?,
1768592479.2783325,RECEIVED,ddae6e16-2bf8-47fc-8c52-b34f39e84313,2a63a58b-4432-404e-ac9f-4c21a592e539,c2,c5,1011,i7,?,
1768592479.335799,SENT,59a421fb-298b-46a5-8967-4a7c9b413e2a,d786caaf-c6e5-4513-a34d-f8bfa5e97322,c3,c5,692,?,p2,
1768592479.335839,FORWARDED,59a421fb-298b-46a5-8967-4a7c9b413e2a,d786caaf-c6e5-4513-a34d-f8bfa5e97322,c3,c5,692,?,p2,
1768592479.4832475,SENT,5f80d90e-cf7a-4a91-9b23-3ccab13d3d9b,82a87319-3b3a-4fa4-87b9-e463b2651e4c,c3,c4,697,?,p1,
1768592479.4832878,FORWARDED,5f80d90e-cf7a-4a91-9b23-3ccab13d3d9b,82a87319-3b3a-4fa4-87b9-e463b2651e4c,c3,c4,697,?,p1,
1768592479.4979575,RECEIVED,06b9e0e7-79fb-4e1e-ba78-9847c8432e07,71c93c45-0441-40f5-9154-9f0304fc2674,c5,c1,1012,i8,?,
1768592479.5429645,RECEIVED,04040317-82f9-412e-b8c5-bebd0eb06a7d,b1ed21bf-9721-4c89-9ebf-aea152edead4,c4,c5,1019,i11,?,
1768592479.6070323,SENT,06b9e0e7-79fb-4e1e-ba78-9847c8432e07,71c93c45-0441-40f5-9154-9f0304fc2674,c5,c1,687,?,p1,
1768592479.6070826,FORWARDED,06b9e0e7-79fb-4e1e-ba78-9847c8432e07,71c93c45-0441-40f5-9154-9f0304fc2674,c5,c1,687,?,p1,
1768592479.8976312,RECEIVED,3c5a6e7f-998b-4b11-9c81-70446dd82401,53ed3b90-bea7-45ec-8b40-67ec8dbbbefb,c5,c2,1008,i4,?,
1768592479.9605641,RECEIVED,5a1f2c90-f4f5-498b-a0e9-eb48a3a62da0,30a72937-3fc6-4fd6-881a-528bc3d7e02c,c2,c5,1020,i11,?,
1768592480.0682652,SENT,04040317-82f9-412e-b8c5-bebd0eb06a7d,b1ed21bf-9721-4c89-9ebf-aea152edead4,c4,c5,691,?,p2,
1768592480.068306,FORWARDED,04040317-82f9-412e-b8c5-bebd0eb06a7d,b1ed21bf-9721-4c89-9ebf-aea152edead4,c4,c5,691,?,p2,
1768592480.2660656,SENT,ddae6e16-2bf8-47fc-8c52-b34f39e84313,2a63a58b-4432-404e-ac9f-4c21a592e539,c2,c5,687,?,p2,
1768592480.2661204,FORWARDED,ddae6e16-2bf8-47fc-8c52-b34f39e84313,2a63a58b-4432-404e-ac9f-4c21a592e539,c2,c5,687,?,p2,
1768592480.3090563,SENT,5a1f2c90-f4f5-498b-a0e9-eb48a3a62da0,30a72937-3fc6-4fd6-881a-528bc3d7e02c,c2,c5,691,?,p2,
1768592480.3090982,FORWARDED,5a1f2c90-f4f5-498b-a0e9-eb48a3a62da0,30a72937-3fc6-4fd6-881a-528bc3d7e02c,c2,c5,691,?,p2,
1768592480.3258624,SENT,3c5a6e7f-998b-4b11-9c81-70446dd82401,53ed3b90-bea7-45ec-8b40-67ec8dbbbefb,c5,c2,683,?,p2,
1768592480.3259873,FORWARDED,3c5a6e7f-998b-4b11-9c81-70446dd82401,53ed3b90-bea7-45ec-8b40-67ec8dbbbefb,c5,c2,683,?,p2,
1768592480.4267323,RECEIVED,735771b0-8585-493e-9ed8-a8c5e1e1f1aa,660b9ad2-04ed-4170-8e85-29b80baed69b,c1,DROP,688,i8,?,
1768592480.5827978,SENT,735771b0-8585-493e-9ed8-a8c5e1e1f1aa,660b9ad2-04ed-4170-8e85-29b80baed69b,c1,DROP,442,?,i11,
1768592480.582839,FORWARDED,735771b0-8585-493e-9ed8-a8c5e1e1f1aa,660b9ad2-04ed-4170-8e85-29b80baed69b,c1,DROP,442,?,i11,
1768592480.8665345,RECEIVED,f50fadc0-6223-436e-b065-36e212ee182a,042e43ac-cb75-4dd4-a47d-a92cde3d83af,c5,DROP,445,x12,?,
1768592481.4048135,SENT,f4603d39-2374-451a-a8ab-5c468b031393,92551a23-9537-4b20-8ff1-fc4eee8aab30,c3,c4,687,?,p1,
1768592481.404856,FORWARDED,f4603d39-2374-451a-a8ab-5c468b031393,92551a23-9537-4b20-8ff1-fc4eee8aab30,c3,c4,687,?,p1,
1768592481.9351318,RECEIVED,38544ebf-cc07-46e5-85f0-57fed3424f77,c9b50e29-0deb-47e3-9dcf-c2ec9b2779aa,c5,DROP,684,i4,?,
1768592482.0059986,SENT,38544ebf-cc07-46e5-85f0-57fed3424f77,c9b50e29-0deb-47e3-9dcf-c2ec9b2779aa,c5,DROP,440,?,x9,
1768592482.0060441,FORWARDED,38544ebf-cc07-46e5-85f0-57fed3424f77,c9b50e29-0deb-47e3-9dcf-c2ec9b2779aa,c5,DROP,440,?,x9,
1768592482.7664063,RECEIVED,a1e1d08a-48d8-4198-9d47-7982d19d0c85,9760a9ab-fb25-46b4-a26f-6eaeb47e4dfe,c1,c2,1010,i4,?,
1768592482.998147,RECEIVED,4f826c6f-4306-47f6-8e7b-e24fca9929a2,f7ae1efa-1581-4708-868d-65857f120b0b,c5,c3,1011,i5,?,
1768592483.1461117,SENT,4f826c6f-4306-47f6-8e7b-e24fca9929a2,f7ae1efa-1581-4708-868d-65857f120b0b,c5,c3,687,?,p3,
1768592483.1461535,FORWARDED,4f826c6f-4306-47f6-8e7b-e24fca9929a2,f7ae1efa-1581-4708-868d-65857f120b0b,c5,c3,687,?,p3,
1768592483.279972,RECEIVED,343c8391-9a93-4070-9e9f-a98117346e96,c3fe0627-fa14-4d3a-9fb1-8ea7725b535e,c3,c4,1011,i9,?,
1768592483.4772913,RECEIVED,9d1db342-4803-486e-a5ec-f3c926bf92b8,c2deb66d-9f39-428a-9274-6b2ead8e6fa1,c3,c5,1010,i4,?,
1768592483.4776633,RECEIVED,f9f044b7-3faa-485d-814a-ad2a38f1ab69,f38788e2-05c2-4f11-9a69-8506f75e0f9a,c2,c3,1011,i8,?,
1768592483.5202713,RECEIVED,b9460daa-6ee7-436a-9d14-939c0d04ede1,cbbfdaa5-174d-4413-aeab-ab59590da58f,c4,c5,1015,i1,?,
1768592483.803078,RECEIVED,0cb8c790-7264-4607-a6f8-a3f981b3470b,df3b3233-7dbf-4ab1-b4b1-c5f581e6a176,c1,c2,1016,i5,?,
1768592483.9862287,SENT,f9f044b7-3faa-485d-814a-ad2a38f1ab69,f38788e2-05c2-4f11-9a69-8506f75e0f9a,c2,c3,687,?,p3,
1768592483.986269,FORWARDED,f9f044b7-3faa-485d-814a-ad2a38f1ab69,f38788e2-05c2-4f11-9a69-8506f75e0f9a,c2,c3,687,?,p3,
1768592483.9903853,RECEIVED,98d9bfe9-2bbd-4dce-9e14-6c69930cc002,c8ed6362-7ec7-47ed-89e1-e142710c7ee5,c1,c5,1018,i6,?,
1768592484.0887358,SENT,98d9bfe9-2bbd-4dce-9e14-6c69930cc002,c8ed6362-7ec7-47ed-89e1-e142710c7ee5,c1,c5,688,?,p2,
1768592484.0887756,FORWARDED,98d9bfe9-2bbd-4dce-9e14-6c69930cc002,c8ed6362-7ec7-47ed-89e1-e142710c7ee5,c1,c5,688,?,p2,
1768592484.1493735,SENT,a1e1d08a-48d8-4198-9d47-7982d19d0c85,9760a9ab-fb25-46b4-a26f-6eaeb47e4dfe,c1,c2,687,?,p2,
1768592484.1494138,FORWARDED,a1e1d08a-48d8-4198-9d47-7982d19d0c85,9760a9ab-fb25-46b4-a26f-6eaeb47e4dfe,c1,c2,687,?,p2,
1768592484.1714208,SENT,0cb8c790-7264-4607-a6f8-a3f981b3470b,df3b3233-7dbf-4ab1-b4b1-c5f581e6a176,c1,c2,688,?,p2,
1768592484.1714633,FORWARDED,0cb8c790-7264-4607-a6f8-a3f981b3470b,df3b3233-7dbf-4ab1-b4b1-c5f581e6a176,c1,c2,688,?,p2,
1768592484.1899004,SENT,b9460daa-6ee7-436a-9d14-939c0d04ede1,cbbfdaa5-174d-4413-aeab-ab59590da58f,c4,c5,688,?,p2,
1768592484.189941,FORWARDED,b9460daa-6ee7-436a-9d14-939c0d04ede1,cbbfdaa5-174d-4413-aeab-ab59590da58f,c4,c5,688,?,p2,
1768592484.4576392,RECEIVED,5bc60fd1-29a5-4bfa-89f4-947d6c2b8dc9,9e173114-a6b5-48f8-9966-3ef6433d603d,c5,c1,1019,i11,?,
1768592484.7596762,SENT,9d1db342-4803-486e-a5ec-f3c926bf92b8,c2deb66d-9f39-428a-9274-6b2ead8e6fa1,c3,c5,687,?,p2,
1768592484.7597163,FORWARDED,9d1db342-4803-486e-a5ec-f3c926bf92b8,c2deb66d-9f39-428a-9274-6b2ead8e6fa1,c3,c5,687,?,p2,
1768592485.0868273,SENT,5bc60fd1-29a5-4bfa-89f4-947d6c2b8dc9,9e173114-a6b5-48f8-9966-3ef6433d603d,c5,c1,691,?,p1,
1768592485.0868626,FORWARDED,5bc60fd1-29a5-4bfa-89f4-947d6c2b8dc9,9e173114-a6b5-48f8-9966-3ef6433d603d,c5,c1,691,?,p1,
1768592485.1206226,RECEIVED,52e9462c-0fd9-46c0-aa54-80876b0253dc,94186127-1271-47a3-ba95-a2cbda605035,c3,c4,1015,i1,?,
1768592485.13824,SENT,343c8391-9a93-4070-9e9f-a98117346e96,c3fe0627-fa14-4d3a-9fb1-8ea7725b535e,c3,c4,687,?,p1,
1768592485.1382766,FORWARDED,343c8391-9a93-4070-9e9f-a98117346e96,c3fe0627-fa14-4d3a-9fb1-8ea7725b535e,c3,c4,687,?,p1,
1768592485.6163335,SENT,52e9462c-0fd9-46c0-aa54-80876b0253dc,94186127-1271-47a3-ba95-a2cbda605035,c3,c4,688,?,p1,
1768592485.6163747,FORWARDED,52e9462c-0fd9-46c0-aa54-80876b0253dc,94186127-1271-47a3-ba95-a2cbda605035,c3,c4,688,?,p1,
1768592485.7727892,RECEIVED,6a60cc28-7c35-49e3-854c-ee7a4f979764,58b41cc0-256a-42d3-96ad-b878b7210281,c5,c2,1011,i2,?,
1768592485.9657533,RECEIVED,f78bfd88-b561-4726-8a2e-a7f59d4898d6,fddd2b6f-2029-4f74-b4e7-efbc1fec7979,c1,c4,1011,i1,?,
1768592486.2109277,SENT,6a60cc28-7c35-49e3-854c-ee7a4f979764,58b41cc0-256a-42d3-96ad-b878b7210281,c5,c2,686,?,p2,
1768592486.2109687,FORWARDED,6a60cc28-7c35-49e3-854c-ee7a4f979764,58b41cc0-256a-42d3-96ad-b878b7210281,c5,c2,686,?,p2,
1768592486.3306208,RECEIVED,4bde51f8-5003-4874-8c7a-4e3be037739c,2cfb76de-afda-4299-997e-f962b284a89d,c3,c1,1016,i4,?,
1768592486.374684,RECEIVED,09035cad-5097-4db3-82a0-2cce9d03580a,6bbddf44-1fc9-4f5e-8a47-756d3bb8abdf,c3,c4,1016,i9,?,
1768592486.5090814,SENT,4bde51f8-5003-4874-8c7a-4e3be037739c,2cfb76de-afda-4299-997e-f962b284a89d,c3,c1,688,?,p1,
1768592486.509365,FORWARDED,4bde51f8-5003-4874-8c7a-4e3be037739c,2cfb76de-afda-4299-997e-f962b284a89d,c3,c1,688,?,p1,
1768592486.554128,RECEIVED,d197f056-78da-4e7c-b823-1b99a0181f59,8b703c7e-e499-41aa-a608-dfd3bc8afad3,c5,c1,1015,i5,?,
1768592486.5930805,RECEIVED,c9686aa9-beaa-4116-867c-617c2613194d,56d8bc98-77ad-4844-a9c9-5fddab293335,c2,c5,1024,i2,?,
1768592486.6059556,SENT,f78bfd88-b561-4726-8a2e-a7f59d4898d6,fddd2b6f-2029-4f74-b4e7-efbc1fec7979,c1,c4,687,?,p1,
1768592486.6059918,FORWARDED,f78bfd88-b561-4726-8a2e-a7f59d4898d6,fddd2b6f-2029-4f74-b4e7-efbc1fec7979,c1,c4,687,?,p1,
1768592486.6336038,SENT,c9686aa9-beaa-4116-867c-617c2613194d,56d8bc98-77ad-4844-a9c9-5fddab293335,c2,c5,694,?,p2,
1768592486.6337495,FORWARDED,c9686aa9-beaa-4116-867c-617c2613194d,56d8bc98-77ad-4844-a9c9-5fddab293335,c2,c5,694,?,p2,
1768592486.6960244,SENT,09035cad-5097-4db3-82a0-2cce9d03580a,6bbddf44-1fc9-4f5e-8a47-756d3bb8abdf,c3,c4,688,?,p1,
1768592486.6960752,FORWARDED,09035cad-5097-4db3-82a0-2cce9d03580a,6bbddf44-1fc9-4f5e-8a47-756d3bb8abdf,c3,c4,688,?,p1,
1768592486.8417137,RECEIVED,33ec2389-5ac6-4d77-8d2c-8f61a3bf7733,9b7f4496-1e19-4531-871d-2445e7ceed9f,c4,c5,1020,i9,?,
1768592486.8442848,RECEIVED,b1744e90-f6d4-45b0-b23a-75fdea42b538,07d48934-cb98-45f4-900f-f8cccf3d6e05,c1,c4,1011,i4,?,
1768592486.8666553,RECEIVED,b3011e45-70f1-46bb-b87b-136625347b18,42ad1cc3-20b1-4398-a072-0463bd302237,c3,c2,1023,i11,?,
1768592486.9302468,SENT,33ec2389-5ac6-4d77-8d2c-8f61a3bf7733,9b7f4496-1e19-4531-871d-2445e7ceed9f,c4,c5,691,?,p2,
1768592486.9302878,FORWARDED,33ec2389-5ac6-4d77-8d2c-8f61a3bf7733,9b7f4496-1e19-4531-871d-2445e7ceed9f,c4,c5,691,?,p2,
1768592487.266846,SENT,b3011e45-70f1-46bb-b87b-136625347b18,42ad1cc3-20b1-4398-a072-0463bd302237,c3,c2,694,?,p2,
1768592487.2668889,FORWARDED,b3011e45-70f1-46bb-b87b-136625347b18,42ad1cc3-20b1-4398-a072-0463bd302237,c3,c2,694,?,p2,
1768592487.385279,RECEIVED,339ba4b5-f749-4b8e-9836-d4828faacbf6,f2ff4425-6073-4c6e-8e04-0d0de3511092,c1,c5,1012,i11,?,
1768592487.593239,SENT,339ba4b5-f749-4b8e-9836-d4828faacbf6,f2ff4425-6073-4c6e-8e04-0d0de3511092,c1,c5,687,?,p2,
1768592487.5934854,FORWARDED,339ba4b5-f749-4b8e-9836-d4828faacbf6,f2ff4425-6073-4c6e-8e04-0d0de3511092,c1,c5,687,?,p2,
1768592487.6379497,SENT,b1744e90-f6d4-45b0-b23a-75fdea42b538,07d48934-cb98-45f4-900f-f8cccf3d6e05,c1,c4,686,?,p1,
1768592487.637991,FORWARDED,b1744e90-f6d4-45b0-b23a-75fdea42b538,07d48934-cb98-45f4-900f-f8cccf3d6e05,c1,c4,686,?,p1,
1768592487.668282,RECEIVED,225b14a7-7f98-4ecf-9256-b04e4fabc5ab,ee5fb7f9-914d-4fde-ba64-4948cd68fd41,c4,c5,1015,i9,?,
1768592487.9551704,SENT,225b14a7-7f98-4ecf-9256-b04e4fabc5ab,ee5fb7f9-914d-4fde-ba64-4948cd68fd41,c4,c5,688,?,p2,
1768592487.9555163,FORWARDED,225b14a7-7f98-4ecf-9256-b04e4fabc5ab,ee5fb7f9-914d-4fde-ba64-4948cd68fd41,c4,c5,688,?,p2,
1768592487.9943428,RECEIVED,131d73e4-303d-4fea-b298-365dfdc700a2,7089b480-a56e-4ea2-98bc-2a21aed9eea9,c1,c5,1013,i8,?,
1768592488.024277,SENT,131d73e4-303d-4fea-b298-365dfdc700a2,7089b480-a56e-4ea2-98bc-2a21aed9eea9,c1,c5,687,?,p2,
1768592488.024318,FORWARDED,131d73e4-303d-4fea-b298-365dfdc700a2,7089b480-a56e-4ea2-98bc-2a21aed9eea9,c1,c5,687,?,p2,
1768592488.0308275,SENT,d197f056-78da-4e7c-b823-1b99a0181f59,8b703c7e-e499-41aa-a608-dfd3bc8afad3,c5,c1,688,?,p1,
1768592488.0308697,FORWARDED,d197f056-78da-4e7c-b823-1b99a0181f59,8b703c7e-e499-41aa-a608-dfd3bc8afad3,c5,c1,688,?,p1,
1768592488.0807562,RECEIVED,94413cdc-f5ac-4dcc-8cb1-b3f185554009,cee12912-9591-4994-8e28-bb5a88903ef4,c4,c1,1015,i1,?,
1768592488.2125723,RECEIVED,4935df3f-353c-4ba7-9314-537798086b66,0a208c39-0e0e-41b0-99c6-a8ed8ca08399,c1,c5,1016,i5,?,
1768592488.2972937,RECEIVED,4b57b5ec-2d1d-404f-8710-4f111d83be33,c8f09b17-4baa-4b46-9a1b-4c78c613e0a2,c2,c5,1011,i11,?,
1768592488.4112911,RECEIVED,43ff8b1e-f32d-4be9-bcc5-2ef54e0e4d39,67737d2c-3a09-49d4-b834-33f06bb48a7b,c3,c4,1011,i9,?,
1768592488.4332726,RECEIVED,a76772b1-c917-470f-8926-fd2a6dc54b5c,b3cbc16b-4d08-444d-9492-76ecd38b0e47,c5,c1,1020,i4,?,
1768592488.5513651,SENT,4935df3f-353c-4ba7-9314-537798086b66,0a208c39-0e0e-41b0-99c6-a8ed8ca08399,c1,c5,688,?,p2,
1768592488.551402,FORWARDED,4935df3f-353c-4ba7-9314-537798086b66,0a208c39-0e0e-41b0-99c6-a8ed8ca08399,c1,c5,688,?,p2,
1768592488.6080332,RECEIVED,b52b479c-0049-4c8f-9bec-9f0d3aab8b3b,fee2a7d7-eae2-4211-bc7d-359f45133240,c3,DROP,693,i11,?,
1768592488.6204443,SENT,a76772b1-c917-470f-8926-fd2a6dc54b5c,b3cbc16b-4d08-444d-9492-76ecd38b0e47,c5,c1,692,?,p1,
1768592488.6204858,FORWARDED,a76772b1-c917-470f-8926-fd2a6dc54b5c,b3cbc16b-4d08-444d-9492-76ecd38b0e47,c5,c1,692,?,p1,
1768592488.6678896,RECEIVED,71e4e277-d2b0-449f-bf2e-98423ac8a534,4e99bcad-4dd4-4243-9e41-0bef314696c8,c1,DROP,680,i2,?,
1768592488.726617,SENT,b52b479c-0049-4c8f-9bec-9f0d3aab8b3b,fee2a7d7-eae2-4211-bc7d-359f45133240,c3,DROP,446,?,e12,
1768592488.7266586,FORWARDED,b52b479c-0049-4c8f-9bec-9f0d3aab8b3b,fee2a7d7-eae2-4211-bc7d-359f45133240,c3,DROP,446,?,e12,
1768592488.7515628,RECEIVED,19aef4b4-a3f7-433a-bc05-6e6b21dac0d4,c725765b-f7d2-4182-972f-1c12e3a301b6,c4,c5,1020,i12,?,
1768592488.7917566,SENT,71e4e277-d2b0-449f-bf2e-98423ac8a534,4e99bcad-4dd4-4243-9e41-0bef314696c8,c1,DROP,436,?,x3,
1768592488.7917955,FORWARDED,71e4e277-d2b0-449f-bf2e-98423ac8a534,4e99bcad-4dd4-4243-9e41-0bef314696c8,c1,DROP,436,?,x3,
1768592488.862632,RECEIVED,aa68125c-538a-4991-854a-60d48462cc96,09081155-52fe-45b4-a776-d9a80510973c,c5,c2,1015,i5,?,
1768592488.9487643,SENT,4b57b5ec-2d1d-404f-8710-4f111d83be33,c8f09b17-4baa-4b46-9a1b-4c78c613e0a2,c2,c5,687,?,p2,
1768592488.948808,FORWARDED,4b57b5ec-2d1d-404f-8710-4f111d83be33,c8f09b17-4baa-4b46-9a1b-4c78c613e0a2,c2,c5,687,?,p2,
1768592489.0883992,SENT,43ff8b1e-f32d-4be9-bcc5-2ef54e0e4d39,67737d2c-3a09-49d4-b834-33f06bb48a7b,c3,c4,687,?,p1,
1768592489.0884397,FORWARDED,43ff8b1e-f32d-4be9-bcc5-2ef54e0e4d39,67737d2c-3a09-49d4-b834-33f06bb48a7b,c3,c4,687,?,p1,
1768592489.1253405,SENT,aa68125c-538a-4991-854a-60d48462cc96,09081155-52fe-45b4-a776-d9a80510973c,c5,c2,688,?,p2,
1768592489.1253796,FORWARDED,aa68125c-538a-4991-854a-60d48462cc96,09081155-52fe-45b4-a776-d9a80510973c,c5,c2,688,?,p2,
1768592489.1439998,SENT,19aef4b4-a3f7-433a-bc05-6e6b21dac0d4,c725765b-f7d2-4182-972f-1c12e3a301b6,c4,c5,691,?,p2,
1768592489.1440413,FORWARDED,19aef4b4-a3f7-433a-bc05-6e6b21dac0d4,c725765b-f7d2-4182-972f-1c12e3a301b6,c4,c5,691,?,p2,
1768592489.3036828,RECEIVED,09fc96b1-d2a5-40bd-918f-9b1c14bb64b5,7fa472d0-b05c-4ed3-ac9a-89031b0d3056,c4,DROP,441,x5,?,
1768592489.4318638,RECEIVED,c364f041-ab41-4903-82e3-bfe3a9360503,19758b7f-42ea-4aad-a07f-2d2cb67a0ecf,c4,c3,1011,i1,?,
1768592489.5474718,RECEIVED,0124f254-39c0-490f-8102-f0bc95330c4a,8518836e-1f5d-47e8-b585-d82a82ef0557,c5,c3,1015,i8,?,
1768592489.7904763,SENT,94413cdc-f5ac-4dcc-8cb1-b3f185554009,cee12912-9591-4994-8e28-bb5a88903ef4,c4,c1,688,?,p1,
1768592489.7905164,FORWARDED,94413cdc-f5ac-4dcc-8cb1-b3f185554009,cee12912-9591-4994-8e28-bb5a88903ef4,c4,c1,688,?,p1,
1768592489.8818588,RECEIVED,ac109f90-2aff-4895-88b1-10c4317044d0,d7b81351-739f-4a7f-8fd6-5ad1151d145b,c5,c3,1015,i8,?,
1768592490.0191896,RECEIVED,24d2f0a7-683d-477b-88de-56330858d0bb,2ef0d3ea-bf48-44d6-81a9-4748e0992832,c5,c2,1011,i2,?,
1768592490.0937989,RECEIVED,a7191bd8-2ded-4d76-a579-3ee1770131ce,39d14e7c-ed90-463f-8bd8-36ba08387474,c5,c4,1015,i5,?,
1768592490.1468732,SENT,24d2f0a7-683d-477b-88de-56330858d0bb,2ef0d3ea-bf48-44d6-81a9-4748e0992832,c5,c2,687,?,p2,
1768592490.1469214,FORWARDED,24d2f0a7-683d-477b-88de-56330858d0bb,2ef0d3ea-bf48-44d6-81a9-4748e0992832,c5,c2,687,?,p2,
1768592490.4338355,SENT,c364f041-ab41-4903-82e3-bfe3a9360503,19758b7f-42ea-4aad-a07f-2d2cb67a0ecf,c4,c3,687,?,p3,
1768592490.4338763,FORWARDED,c364f041-ab41-4903-82e3-bfe3a9360503,19758b7f-42ea-4aad-a07f-2d2cb67a0ecf,c4,c3,687,?,p3,
1768592490.6084177,SENT,ac109f90-2aff-4895-88b1-10c4317044d0,d7b81351-739f-4a7f-8fd6-5ad1151d145b,c5,c3,689,?,p3,
1768592490.6084614,FORWARDED,ac109f90-2aff-4895-88b1-10c4317044d0,d7b81351-739f-4a7f-8fd6-5ad1151d145b,c5,c3,689,?,p3,
1768592490.6223578,SENT,0124f254-39c0-490f-8102-f0bc95330c4a,8518836e-1f5d-47e8-b585-d82a82ef0557,c5,c3,688,?,p3,
1768592490.6224008,FORWARDED,0124f254-39c0-490f-8102-f0bc95330c4a,8518836e-1f5d-47e8-b585-d82a82ef0557,c5,c3,688,?,p3,
1768592490.6988995,RECEIVED,b4703b96-8c1a-465e-949c-21705b5428d6,b8ec30ca-f9c9-4857-a714-6c5a53493281,c4,c2,1023,i9,?,
1768592490.846481,RECEIVED,4fc2eb88-e4b4-4ef3-8512-cfa619ba5b9a,8b9317c0-3a16-404b-b461-4b874e61c599,c2,c3,1011,i6,?,
1768592490.9984179,SENT,b4703b96-8c1a-465e-949c-21705b5428d6,b8ec30ca-f9c9-4857-a714-6c5a53493281,c4,c2,694,?,p2,
1768592490.9984593,FORWARDED,b4703b96-8c1a-465e-949c-21705b5428d6,b8ec30ca-f9c9-4857-a714-6c5a53493281,c4,c2,694,?,p2,
1768592491.05736,RECEIVED,ecdc9a84-18e4-48f9-8da1-611582216812,ba5af15c-dc9b-426d-943a-68d4f78c2bdb,c3,c1,1012,i5,?,
1768592491.151622,RECEIVED,a1402175-0afd-4689-9903-9bcc8a8212f7,6b03f45e-82d4-416d-80d0-64698f459ae6,c4,c2,1018,i12,?,
1768592491.1906335,SENT,ecdc9a84-18e4-48f9-8da1-611582216812,ba5af15c-dc9b-426d-943a-68d4f78c2bdb,c3,c1,687,?,p1,
1768592491.1906722,FORWARDED,ecdc9a84-18e4-48f9-8da1-611582216812,ba5af15c-dc9b-426d-943a-68d4f78c2bdb,c3,c1,687,?,p1,
1768592491.250514,SENT,a7191bd8-2ded-4d76-a579-3ee1770131ce,39d14e7c-ed90-463f-8bd8-36ba08387474,c5,c4,688,?,p1,
1768592491.2505574,FORWARDED,a7191bd8-2ded-4d76-a579-3ee1770131ce,39d14e7c-ed90-463f-8bd8-36ba08387474,c5,c4,688,?,p1,
1768592491.5086486,RECEIVED,b2154eca-7e2a-4f8f-88cb-99316eecdae9,3e60bfc3-c60c-4036-8c62-172cd54246db,c3,c2,1016,i1,?,
1768592491.5658789,RECEIVED,ba84a5b6-5a3a-42c2-918e-fd1fc8676ebc,b2518e75-6987-499a-93ab-55d70b0cc585,c4,c1,1009,i8,?,
1768592491.6738474,SENT,4fc2eb88-e4b4-4ef3-8512-cfa619ba5b9a,8b9317c0-3a16-404b-b461-4b874e61c599,c2,c3,687,?,p3,
1768592491.6738844,FORWARDED,4fc2eb88-e4b4-4ef3-8512-cfa619ba5b9a,8b9317c0-3a16-404b-b461-4b874e61c599,c2,c3,687,?,p3,
1768592491.7133546,SENT,b2154eca-7e2a-4f8f-88cb-99316eecdae9,3e60bfc3-c60c-4036-8c62-172cd54246db,c3,c2,688,?,p2,
1768592491.7133963,FORWARDED,b2154eca-7e2a-4f8f-88cb-99316eecdae9,3e60bfc3-c60c-4036-8c62-172cd54246db,c3,c2,688,?,p2,
1768592491.7227232,SENT,ba84a5b6-5a3a-42c2-918e-fd1fc8676ebc,b2518e75-6987-499a-93ab-55d70b0cc585,c4,c1,687,?,p1,
1768592491.7227662,FORWARDED,ba84a5b6-5a3a-42c2-918e-fd1fc8676ebc,b2518e75-6987-499a-93ab-55d70b0cc585,c4,c1,687,?,p1,
1768592491.9655242,SENT,a1402175-0afd-4689-9903-9bcc8a8212f7,6b03f45e-82d4-416d-80d0-64698f459ae6,c4,c2,692,?,p2,
1768592491.9661026,FORWARDED,a1402175-0afd-4689-9903-9bcc8a8212f7,6b03f45e-82d4-416d-80d0-64698f459ae6,c4,c2,692,?,p2,
1768592492.122758,RECEIVED,561934f7-630d-4b1a-b986-4c7c0387add7,3d20253b-9804-44e7-8b87-1d6a5ba630d2,c3,c2,1011,i8,?,
1768592492.4809499,RECEIVED,daaaa3c5-8a8c-4d03-9422-0d2dc9d88481,b1dfa90d-1e70-4934-93c3-47b4d8fbe2fb,c2,DROP,680,i9,?,
1768592492.569731,SENT,daaaa3c5-8a8c-4d03-9422-0d2dc9d88481,b1dfa90d-1e70-4934-93c3-47b4d8fbe2fb,c2,DROP,437,?,x5,
1768592492.5697715,FORWARDED,daaaa3c5-8a8c-4d03-9422-0d2dc9d88481,b1dfa90d-1e70-4934-93c3-47b4d8fbe2fb,c2,DROP,437,?,x5,
1768592492.798072,RECEIVED,f0c9629e-29f7-41f6-a12b-dd35609ce4d0,865c89b7-a192-48b7-be82-c2876e5a55e9,c4,c5,1017,i11,?,
1768592492.8427725,RECEIVED,f82f9bbb-fd07-4ed1-baad-7d4ee4b2cf4c,a9cba5cd-1583-4ddd-aa68-73f6494bbb11,c3,c2,1020,i12,?,
1768592492.8773017,SENT,f0c9629e-29f7-41f6-a12b-dd35609ce4d0,865c89b7-a192-48b7-be82-c2876e5a55e9,c4,c5,690,?,p2,
1768592492.877344,FORWARDED,f0c9629e-29f7-41f6-a12b-dd35609ce4d0,865c89b7-a192-48b7-be82-c2876e5a55e9,c4,c5,690,?,p2,
1768592492.901097,SENT,f82f9bbb-fd07-4ed1-baad-7d4ee4b2cf4c,a9cba5cd-1583-4ddd-aa68-73f6494bbb11,c3,c2,691,?,p2,
1768592492.9011366,FORWARDED,f82f9bbb-fd07-4ed1-baad-7d4ee4b2cf4c,a9cba5cd-1583-4ddd-aa68-73f6494bbb11,c3,c2,691,?,p2,
1768592493.0036614,SENT,561934f7-630d-4b1a-b986-4c7c0387add7,3d20253b-9804-44e7-8b87-1d6a5ba630d2,c3,c2,687,?,p2,
1768592493.0037026,FORWARDED,561934f7-630d-4b1a-b986-4c7c0387add7,3d20253b-9804-44e7-8b87-1d6a5ba630d2,c3,c2,687,?,p2,
1768592493.208913,RECEIVED,d05ce768-d227-4fdf-916a-adbf2f4e9eca,142dff8e-e593-42e2-99e4-8f097e798748,c3,c5,1023,i11,?,
1768592493.2395966,RECEIVED,3375bd87-4fcc-49f6-9962-246fdd3288ec,5157ed66-79a6-4f8b-929a-79b64e6f9b8a,c5,c4,1024,i11,?,
1768592493.3701177,RECEIVED,93b826bc-3c2d-41f2-b11f-baa0b246ed57,812e8469-fbd0-4d13-8ca5-87fe8d578485,c2,DROP,442,x1,?,
1768592493.5156295,SENT,3375bd87-4fcc-49f6-9962-246fdd3288ec,5157ed66-79a6-4f8b-929a-79b64e6f9b8a,c5,c4,696,?,p1,
1768592493.5156798,FORWARDED,3375bd87-4fcc-49f6-9962-246fdd3288ec,5157ed66-79a6-4f8b-929a-79b64e6f9b8a,c5,c4,696,?,p1,
1768592493.748364,RECEIVED,b78e7ae2-d8df-467f-a787-e279b1d825e2,4681c79d-36ec-453c-bb01-74e4eccb5af2,c2,c1,1011,i6,?,
1768592493.826928,SENT,d05ce768-d227-4fdf-916a-adbf2f4e9eca,142dff8e-e593-42e2-99e4-8f097e798748,c3,c5,695,?,p2,
1768592493.8269694,FORWARDED,d05ce768-d227-4fdf-916a-adbf2f4e9eca,142dff8e-e593-42e2-99e4-8f097e798748,c3,c5,695,?,p2,
1768592493.9152615,RECEIVED,14c68f25-fac6-4ffa-81ae-d2d10cce0b7b,5e928000-665c-429a-87ab-2e627412cb3b,c5,c3,1011,i9,?,
1768592494.0247126,RECEIVED,b767b986-1b20-42a5-8691-b99258d94bb9,5b3aec9b-dc3e-4fbc-b94a-3dbbd23de6bc,c4,c2,1012,i2,?,
1768592494.139063,SENT,b767b986-1b20-42a5-8691-b99258d94bb9,5b3aec9b-dc3e-4fbc-b94a-3dbbd23de6bc,c4,c2,687,?,p2,
1768592494.1391602,FORWARDED,b767b986-1b20-42a5-8691-b99258d94bb9,5b3aec9b-dc3e-4fbc-b94a-3dbbd23de6bc,c4,c2,687,?,p2,
1768592494.3927155,SENT,b78e7ae2-d8df-467f-a787-e279b1d825e2,4681c79d-36ec-453c-bb01-74e4eccb5af2,c2,c1,687,?,p1,
1768592494.3927588,FORWARDED,b78e7ae2-d8df-467f-a787-e279b1d825e2,4681c79d-36ec-453c-bb01-74e4eccb5af2,c2,c1,687,?,p1,
1768592494.46676,RECEIVED,43b3989b-7a17-4fcd-91b3-65f69eebeca3,fa409335-9ec6-4e47-b51c-17912324e892,c4,c1,1019,i11,?,
1768592494.552067,SENT,14c68f25-fac6-4ffa-81ae-d2d10cce0b7b,5e928000-665c-429a-87ab-2e627412cb3b,c5,c3,687,?,p3,
1768592494.552111,FORWARDED,14c68f25-fac6-4ffa-81ae-d2d10cce0b7b,5e928000-665c-429a-87ab-2e627412cb3b,c5,c3,687,?,p3,
1768592494.6364777,RECEIVED,0e86e586-79da-436a-8a2d-fcb00b1e78e3,ea94f673-9355-464b-bcdd-99e41f7b7e83,c1,c4,1021,i2,?,
1768592494.6593924,SENT,0e86e586-79da-436a-8a2d-fcb00b1e78e3,ea94f673-9355-464b-bcdd-99e41f7b7e83,c1,c4,693,?,p1,
1768592494.6594338,FORWARDED,0e86e586-79da-436a-8a2d-fcb00b1e78e3,ea94f673-9355-464b-bcdd-99e41f7b7e83,c1,c4,693,?,p1,
1768592494.8262389,RECEIVED,8bd51825-0fbe-4d76-bbf3-11fbeb0ab087,4b2fb278-35ed-48b2-a534-e28248f1a00a,c1,c4,1020,i6,?,
1768592494.9288845,SENT,8bd51825-0fbe-4d76-bbf3-11fbeb0ab087,4b2fb278-35ed-48b2-a534-e28248f1a00a,c1,c4,692,?,p1,
1768592494.9289432,FORWARDED,8bd51825-0fbe-4d76-bbf3-11fbeb0ab087,4b2fb278-35ed-48b2-a534-e28248f1a00a,c1,c4,692,?,p1,
1768592494.9439201,SENT,43b3989b-7a17-4fcd-91b3-65f69eebeca3,fa409335-9ec6-4e47-b51c-17912324e892,c4,c1,692,?,p1,
1768592494.9439614,FORWARDED,43b3989b-7a17-4fcd-91b3-65f69eebeca3,fa409335-9ec6-4e47-b51c-17912324e892,c4,c1,692,?,p1,
1768592494.9688928,RECEIVED,54f28ae9-d4fc-4bb7-a1b0-666b40a0a203,c5f8bdf7-c261-417d-96c1-d3f698051055,c1,c5,1011,i1,?,
1768592495.0406291,RECEIVED,4beaedcd-1803-4dd7-9a25-8afb2fc51f8c,53c24a29-e9c6-4d7b-bb7e-93f5fae65b63,c4,c5,1015,i4,?,
1768592495.0895026,RECEIVED,80c5d9a3-d63a-4521-913a-9915c8491672,48031c85-5eb3-4a1e-b884-ad6cdacc43da,c4,c1,1016,i11,?,
1768592495.110258,RECEIVED,492d55ea-03fe-4a55-ba4f-a43ae0a83aa5,fdc6e304-c589-486e-9ed3-b9f97113d536,c4,c3,1020,i11,?,
1768592495.1524625,RECEIVED,97478fdd-5efd-4891-a14b-04139ee8d4b3,6439bc77-db33-4a12-bbe8-0a6d559e42e0,c1,DROP,442,x3,?,
1768592495.1763046,SENT,80c5d9a3-d63a-4521-913a-9915c8491672,48031c85-5eb3-4a1e-b884-ad6cdacc43da,c4,c1,688,?,p1,
1768592495.1763456,FORWARDED,80c5d9a3-d63a-4521-913a-9915c8491672,48031c85-5eb3-4a1e-b884-ad6cdacc43da,c4,c1,688,?,p1,
1768592495.3172274,RECEIVED,2104551f-0b53-4adc-bc72-2a405c980b04,45b8a7c7-61ed-49e8-97dc-d93507d77bb2,c5,DROP,442,x1,?,
1768592495.389017,SENT,492d55ea-03fe-4a55-ba4f-a43ae0a83aa5,fdc6e304-c589-486e-9ed3-b9f97113d536,c4,c3,692,?,p3,
1768592495.3890665,FORWARDED,492d55ea-03fe-4a55-ba4f-a43ae0a83aa5,fdc6e304-c589-486e-9ed3-b9f97113d536,c4,c3,692,?,p3,
1768592495.4256606,RECEIVED,0a4d9dd8-2a5c-4486-a557-1be187aa7b7e,22dcde36-0780-4867-9bd6-eb9341fef36c,c2,c1,1015,i6,?,
1768592495.4295673,RECEIVED,c8a9d359-4314-4ee7-a16a-9c9e8093c108,e02836fc-d2f9-455e-9c3f-8e15c98d1d13,c2,c1,1015,i7,?,
1768592495.4993749,SENT,54f28ae9-d4fc-4bb7-a1b0-666b40a0a203,c5f8bdf7-c261-417d-96c1-d3f698051055,c1,c5,685,?,p2,
1768592495.4994144,FORWARDED,54f28ae9-d4fc-4bb7-a1b0-666b40a0a203,c5f8bdf7-c261-417d-96c1-d3f698051055,c1,c5,685,?,p2,
1768592495.5065172,RECEIVED,dc89a737-1f4e-4080-8ed1-da23225a9017,0a8ab855-39aa-4dfa-9453-a77c451cac53,c2,c1,1013,i8,?,
1768592495.5197928,RECEIVED,417f2c38-49d5-4ae5-9067-85d8e5ef0aa2,c4c2fb77-526c-4d25-a986-66ac99854bc4,c3,c2,1016,i9,?,
1768592495.538971,SENT,dc89a737-1f4e-4080-8ed1-da23225a9017,0a8ab855-39aa-4dfa-9453-a77c451cac53,c2,c1,687,?,p1,
1768592495.5390127,FORWARDED,dc89a737-1f4e-4080-8ed1-da23225a9017,0a8ab855-39aa-4dfa-9453-a77c451cac53,c2,c1,687,?,p1,
1768592495.5409057,SENT,0a4d9dd8-2a5c-4486-a557-1be187aa7b7e,22dcde36-0780-4867-9bd6-eb9341fef36c,c2,c1,688,?,p1,
1768592495.540946,FORWARDED,0a4d9dd8-2a5c-4486-a557-1be187aa7b7e,22dcde36-0780-4867-9bd6-eb9341fef36c,c2,c1,688,?,p1,
1768592495.6147988,SENT,417f2c38-49d5-4ae5-9067-85d8e5ef0aa2,c4c2fb77-526c-4d25-a986-66ac99854bc4,c3,c2,688,?,p2,
1768592495.6148405,FORWARDED,417f2c38-49d5-4ae5-9067-85d8e5ef0aa2,c4c2fb77-526c-4d25-a986-66ac99854bc4,c3,c2,688,?,p2,
1768592496.111903,SENT,c8a9d359-4314-4ee7-a16a-9c9e8093c108,e02836fc-d2f9-455e-9c3f-8e15c98d1d13,c2,c1,688,?,p1,
1768592496.1131268,FORWARDED,c8a9d359-4314-4ee7-a16a-9c9e8093c108,e02836fc-d2f9-455e-9c3f-8e15c98d1d13,c2,c1,688,?,p1,
1768592496.3601363,RECEIVED,21e5cf87-6956-4cb3-bcaa-e82b9007f931,594619aa-e881-405e-a43f-8ed097ab6d9f,c3,c4,1012,i6,?,
1768592496.4945512,RECEIVED,6e3b8633-8430-4ff7-a77e-9330947e5487,e27e88b8-65b8-409b-bbb5-3337df747585,c4,c5,1020,i11,?,
1768592496.507231,SENT,21e5cf87-6956-4cb3-bcaa-e82b9007f931,594619aa-e881-405e-a43f-8ed097ab6d9f,c3,c4,687,?,p1,
1768592496.5072653,FORWARDED,21e5cf87-6956-4cb3-bcaa-e82b9007f931,594619aa-e881-405e-a43f-8ed097ab6d9f,c3,c4,687,?,p1,
1768592496.6171274,SENT,6e3b8633-8430-4ff7-a77e-9330947e5487,e27e88b8-65b8-409b-bbb5-3337df747585,c4,c5,691,?,p2,
1768592496.6171677,FORWARDED,6e3b8633-8430-4ff7-a77e-9330947e5487,e27e88b8-65b8-409b-bbb5-3337df747585,c4,c5,691,?,p2,
1768592496.6924236,RECEIVED,c7a72db4-a55b-478d-ae43-1db6eb258c3a,2b311554-61c3-49b9-a7f3-4d78c40c0b08,c3,c5,1011,i8,?,
1768592496.7640228,RECEIVED,11da0a61-ecdf-4742-afd1-3652a1172663,661a5951-ba0f-4bb7-8db9-c40058d215a4,c2,c3,1013,i9,?,
1768592496.803025,RECEIVED,e878a8fd-f56c-421e-865c-f541f63149fe,c51f8077-31cc-451b-a955-f39d99bcae43,c1,c4,1011,i2,?,
1768592496.8189404,SENT,11da0a61-ecdf-4742-afd1-3652a1172663,661a5951-ba0f-4bb7-8db9-c40058d215a4,c2,c3,687,?,p3,
1768592496.8189816,FORWARDED,11da0a61-ecdf-4742-afd1-3652a1172663,661a5951-ba0f-4bb7-8db9-c40058d215a4,c2,c3,687,?,p3,
1768592496.8522537,SENT,4beaedcd-1803-4dd7-9a25-8afb2fc51f8c,53c24a29-e9c6-4d7b-bb7e-93f5fae65b63,c4,c5,688,?,p2,
1768592496.8522956,FORWARDED,4beaedcd-1803-4dd7-9a25-8afb2fc51f8c,53c24a29-e9c6-4d7b-bb7e-93f5fae65b63,c4,c5,688,?,p2,
1768592497.0171392,RECEIVED,31743ba0-7ffd-4055-b4e7-54cf17975356,cb3bd0f6-8da9-43ab-9f1d-33f3ceeec0d0,c5,c4,1015,i2,?,
1768592497.0959072,RECEIVED,064de7f8-bc90-40a6-8c4d-f5f97d7c0432,a75aea79-9077-4ef2-928a-a2f88d032524,c2,c1,1019,i6,?,
1768592497.2769825,SENT,e878a8fd-f56c-421e-865c-f541f63149fe,c51f8077-31cc-451b-a955-f39d99bcae43,c1,c4,687,?,p1,
1768592497.277022,FORWARDED,e878a8fd-f56c-421e-865c-f541f63149fe,c51f8077-31cc-451b-a955-f39d99bcae43,c1,c4,687,?,p1,
1768592497.3192854,RECEIVED,c6617838-946a-472a-a5a9-98328ab89694,f307594a-446e-46ef-98e7-b0402e226831,c2,c5,1012,i1,?,
1768592497.324356,RECEIVED,bbecf4a9-ae23-400c-a43d-922aeb892d3a,548030c6-b102-441b-b3cb-27f1708254cd,c3,c5,1019,i11,?,
1768592497.36709,RECEIVED,031ceed5-6d0f-4299-985b-2956ffe07e48,51927c1f-7285-4315-9f68-56d1e02ab44c,c2,DROP,687,i9,?,
1768592497.367882,SENT,c7a72db4-a55b-478d-ae43-1db6eb258c3a,2b311554-61c3-49b9-a7f3-4d78c40c0b08,c3,c5,687,?,p2,
1768592497.3679197,FORWARDED,c7a72db4-a55b-478d-ae43-1db6eb258c3a,2b311554-61c3-49b9-a7f3-4d78c40c0b08,c3,c5,687,?,p2,
1768592497.3934603,RECEIVED,3c7f3fe5-f80b-4223-b427-09c49cce4782,d7e06040-8a41-4619-9178-64a7792f42d1,c3,c5,1016,i8,?,
1768592497.4762094,SENT,c6617838-946a-472a-a5a9-98328ab89694,f307594a-446e-46ef-98e7-b0402e226831,c2,c5,687,?,p2,
1768592497.4762433,FORWARDED,c6617838-946a-472a-a5a9-98328ab89694,f307594a-446e-46ef-98e7-b0402e226831,c2,c5,687,?,p2,
1768592497.5011845,SENT,bbecf4a9-ae23-400c-a43d-922aeb892d3a,548030c6-b102-441b-b3cb-27f1708254cd,c3,c5,691,?,p2,
1768592497.5012279,FORWARDED,bbecf4a9-ae23-400c-a43d-922aeb892d3a,548030c6-b102-441b-b3cb-27f1708254cd,c3,c5,691,?,p2,
1768592497.6486921,SENT,3c7f3fe5-f80b-4223-b427-09c49cce4782,d7e06040-8a41-4619-9178-64a7792f42d1,c3,c5,688,?,p2,
1768592497.648735,FORWARDED,3c7f3fe5-f80b-4223-b427-09c49cce4782,d7e06040-8a41-4619-9178-64a7792f42d1,c3,c5,688,?,p2,
1768592497.7424245,RECEIVED,75ab1747-0f8a-45ff-97a3-c01fb12adb7d,6d87fe20-c493-4b15-a17a-02b332d118e5,c1,c3,1011,i9,?,
1768592497.7479439,SENT,031ceed5-6d0f-4299-985b-2956ffe07e48,51927c1f-7285-4315-9f68-56d1e02ab44c,c2,DROP,442,?,x1,
1768592497.7479966,FORWARDED,031ceed5-6d0f-4299-985b-2956ffe07e48,51927c1f-7285-4315-9f68-56d1e02ab44c,c2,DROP,442,?,x1,
1768592497.763118,SENT,31743ba0-7ffd-4055-b4e7-54cf17975356,cb3bd0f6-8da9-43ab-9f1d-33f3ceeec0d0,c5,c4,688,?,p1,
1768592497.7631614,FORWARDED,31743ba0-7ffd-4055-b4e7-54cf17975356,cb3bd0f6-8da9-43ab-9f1d-33f3ceeec0d0,c5,c4,688,?,p1,
1768592497.8599036,RECEIVED,81cd7d35-152a-4208-a5d9-90276cd5e660,83204744-47dd-4e16-a9b0-c4218d7aa82d,c4,c1,1012,i4,?,
1768592497.9524105,RECEIVED,739c5f7a-7c1c-4b68-a4e9-c5ea41ba0e6e,04f1ced6-0482-477e-8ae9-8d53a2718acb,c5,c4,1014,i6,?,
1768592497.965258,RECEIVED,93b0bdab-a77f-44aa-b766-887f0bc9eade,85d5044a-d559-481d-84ff-309c711ce2b5,c4,c2,1015,i5,?,
1768592497.9922564,RECEIVED,e158f2a8-c068-4de7-8b40-2f7f6f5bca73,0b446b99-5d85-4627-b8a6-e5653c7f1b1a,c2,c3,1024,i11,?,
1768592498.013837,RECEIVED,78d12ba1-2516-4a8b-bb64-f041dc10695c,e8cba8db-21f8-4227-a7de-0c1227a31e2b,c5,c2,1018,i12,?,
1768592498.0241485,RECEIVED,57759ff6-8f82-4d7c-bf07-b8a30d57ba3e,32a2aeec-1da2-4a12-935d-ddaa74253c55,c4,c2,1016,i2,?,
1768592498.0653703,SENT,78d12ba1-2516-4a8b-bb64-f041dc10695c,e8cba8db-21f8-4227-a7de-0c1227a31e2b,c5,c2,690,?,p2,
1768592498.0654104,FORWARDED,78d12ba1-2516-4a8b-bb64-f041dc10695c,e8cba8db-21f8-4227-a7de-0c1227a31e2b,c5,c2,690,?,p2,
1768592498.080181,SENT,81cd7d35-152a-4208-a5d9-90276cd5e660,83204744-47dd-4e16-a9b0-c4218d7aa82d,c4,c1,687,?,p1,
1768592498.0802321,FORWARDED,81cd7d35-152a-4208-a5d9-90276cd5e660,83204744-47dd-4e16-a9b0-c4218d7aa82d,c4,c1,687,?,p1,
1768592498.1880288,SENT,e158f2a8-c068-4de7-8b40-2f7f6f5bca73,0b446b99-5d85-4627-b8a6-e5653c7f1b1a,c2,c3,695,?,p3,
1768592498.188082,FORWARDED,e158f2a8-c068-4de7-8b40-2f7f6f5bca73,0b446b99-5d85-4627-b8a6-e5653c7f1b1a,c2,c3,695,?,p3,
1768592498.200226,SENT,064de7f8-bc90-40a6-8c4d-f5f97d7c0432,a75aea79-9077-4ef2-928a-a2f88d032524,c2,c1,692,?,p1,
1768592498.200271,FORWARDED,064de7f8-bc90-40a6-8c4d-f5f97d7c0432,a75aea79-9077-4ef2-928a-a2f88d032524,c2,c1,692,?,p1,
1768592498.347733,RECEIVED,acee3944-7e82-4333-9a12-912ba05d2d79,ebf71c30-88d3-441e-8bd0-ac99117245ee,c4,c3,1012,i2,?,
1768592498.4005032,SENT,57759ff6-8f82-4d7c-bf07-b8a30d57ba3e,32a2aeec-1da2-4a12-935d-ddaa74253c55,c4,c2,688,?,p2,
1768592498.400544,FORWARDED,57759ff6-8f82-4d7c-bf07-b8a30d57ba3e,32a2aeec-1da2-4a12-935d-ddaa74253c55,c4,c2,688,?,p2,
1768592498.4349222,RECEIVED,1fcc6a40-3063-4595-91b4-4a5643bddf41,4903eb44-755d-4b29-bca4-aa9c9a2acfeb,c3,c4,1010,i6,?,
1768592498.518638,SENT,93b0bdab-a77f-44aa-b766-887f0bc9eade,85d5044a-d559-481d-84ff-309c711ce2b5,c4,c2,688,?,p2,
1768592498.5186806,FORWARDED,93b0bdab-a77f-44aa-b766-887f0bc9eade,85d5044a-d559-481d-84ff-309c711ce2b5,c4,c2,688,?,p2,
1768592498.7035513,RECEIVED,c4f17887-e4a6-4e25-9932-c4590f1bbff3,0df1982e-b7eb-40d6-bf4b-571fb787db0b,c5,c4,1018,i8,?,
1768592498.8487105,SENT,acee3944-7e82-4333-9a12-912ba05d2d79,ebf71c30-88d3-441e-8bd0-ac99117245ee,c4,c3,687,?,p3,
1768592498.8487513,FORWARDED,acee3944-7e82-4333-9a12-912ba05d2d79,ebf71c30-88d3-441e-8bd0-ac99117245ee,c4,c3,687,?,p3,
1768592499.0950313,SENT,75ab1747-0f8a-45ff-97a3-c01fb12adb7d,6d87fe20-c493-4b15-a17a-02b332d118e5,c1,c3,687,?,p3,
1768592499.0951989,FORWARDED,75ab1747-0f8a-45ff-97a3-c01fb12adb7d,6d87fe20-c493-4b15-a17a-02b332d118e5,c1,c3,687,?,p3,
1768592499.1433308,SENT,739c5f7a-7c1c-4b68-a4e9-c5ea41ba0e6e,04f1ced6-0482-477e-8ae9-8d53a2718acb,c5,c4,689,?,p1,
1768592499.1433733,FORWARDED,739c5f7a-7c1c-4b68-a4e9-c5ea41ba0e6e,04f1ced6-0482-477e-8ae9-8d53a2718acb,c5,c4,689,?,p1,
1768592499.4985883,SENT,c4f17887-e4a6-4e25-9932-c4590f1bbff3,0df1982e-b7eb-40d6-bf4b-571fb787db0b,c5,c4,691,?,p1,
1768592499.4986317,FORWARDED,c4f17887-e4a6-4e25-9932-c4590f1bbff3,0df1982e-b7eb-40d6-bf4b-571fb787db0b,c5,c4,691,?,p1,
1768592499.5160866,RECEIVED,4a87643e-11e5-4a61-95db-8a42685f5bf8,714ffdad-7ace-4ada-82e0-bbcc71e5353d,c3,c2,1021,i5,?,
1768592499.5826046,SENT,4a87643e-11e5-4a61-95db-8a42685f5bf8,714ffdad-7ace-4ada-82e0-bbcc71e5353d,c3,c2,692,?,p2,
1768592499.5826542,FORWARDED,4a87643e-11e5-4a61-95db-8a42685f5bf8,714ffdad-7ace-4ada-82e0-bbcc71e5353d,c3,c2,692,?,p2,
1768592499.5874088,SENT,1fcc6a40-3063-4595-91b4-4a5643bddf41,4903eb44-755d-4b29-bca4-aa9c9a2acfeb,c3,c4,686,?,p1,
1768592499.5874517,FORWARDED,1fcc6a40-3063-4595-91b4-4a5643bddf41,4903eb44-755d-4b29-bca4-aa9c9a2acfeb,c3,c4,686,?,p1,
1768592499.7104516,RECEIVED,8dd0796b-d331-4440-9c01-4bc31e7f066e,b57b77f0-9079-4c5e-b9d6-fc05ffdd965b,c4,c3,1020,i11,?,
1768592499.8024802,SENT,8dd0796b-d331-4440-9c01-4bc31e7f066e,b57b77f0-9079-4c5e-b9d6-fc05ffdd965b,c4,c3,692,?,p3,
1768592499.8025198,FORWARDED,8dd0796b-d331-4440-9c01-4bc31e7f066e,b57b77f0-9079-4c5e-b9d6-fc05ffdd965b,c4,c3,692,?,p3,
1768592499.8927832,RECEIVED,2731ffa3-aa18-47a8-9ea6-ada0c66b4539,0bf9581e-72b0-41b8-93a0-d73ca1074870,c4,c5,1012,i4,?,
1768592500.0213027,SENT,2731ffa3-aa18-47a8-9ea6-ada0c66b4539,0bf9581e-72b0-41b8-93a0-d73ca1074870,c4,c5,687,?,p2,
1768592500.0213401,FORWARDED,2731ffa3-aa18-47a8-9ea6-ada0c66b4539,0bf9581e-72b0-41b8-93a0-d73ca1074870,c4,c5,687,?,p2,
1768592500.0232456,RECEIVED,83c20ba5-e373-4d7d-befc-b8b8a8da897d,0ced33c7-70a5-4694-b7ee-379bc9d47cae,c4,c5,1024,i4,?,
1768592500.077524,SENT,83c20ba5-e373-4d7d-befc-b8b8a8da897d,0ced33c7-70a5-4694-b7ee-379bc9d47cae,c4,c5,695,?,p2,
1768592500.0776198,FORWARDED,83c20ba5-e373-4d7d-befc-b8b8a8da897d,0ced33c7-70a5-4694-b7ee-379bc9d47cae,c4,c5,695,?,p2,
1768592500.1545482,RECEIVED,e023a0b8-26c3-4d7f-b7ed-9a3ad1a07f2c,33512d69-e378-4abd-b8e6-0148e9c994c5,c5,c3,1012,i2,?,
1768592500.2258868,RECEIVED,107b9e87-4d07-4c07-ac82-0d14654b8f02,e3d2da0b-9c89-4210-85c4-d6d4cdee6ff5,c2,c1,1009,i2,?,
1768592500.2715673,SENT,107b9e87-4d07-4c07-ac82-0d14654b8f02,e3d2da0b-9c89-4210-85c4-d6d4cdee6ff5,c2,c1,684,?,p1,
1768592500.2716181,FORWARDED,107b9e87-4d07-4c07-ac82-0d14654b8f02,e3d2da0b-9c89-4210-85c4-d6d4cdee6ff5,c2,c1,684,?,p1,
1768592500.5881317,RECEIVED,e05ac3eb-71f6-4aec-b253-f415aee9d9c2,2851023d-bcf9-4884-addd-753bb09c9bdc,c4,c5,1024,i12,?,
1768592500.6111457,RECEIVED,69ea4332-10ea-435a-9902-6ab38f9ac494,5d13f368-f844-490d-a38d-653145eb5c2e,c3,DROP,689,i8,?,
1768592500.6383321,SENT,e023a0b8-26c3-4d7f-b7ed-9a3ad1a07f2c,33512d69-e378-4abd-b8e6-0148e9c994c5,c5,c3,687,?,p3,
1768592500.6383736,FORWARDED,e023a0b8-26c3-4d7f-b7ed-9a3ad1a07f2c,33512d69-e378-4abd-b8e6-0148e9c994c5,c5,c3,687,?,p3,
1768592500.831626,SENT,69ea4332-10ea-435a-9902-6ab38f9ac494,5d13f368-f844-490d-a38d-653145eb5c2e,c3,DROP,442,?,i11,
1768592500.831665,REDIRECTED,69ea4332-10ea-435a-9902-6ab38f9ac494,5d13f368-f844-490d-a38d-653145eb5c2e,c3,DROP,442,?,i11,
1768592500.8316927,FORWARDED,69ea4332-10ea-435a-9902-6ab38f9ac494,5d13f368-f844-490d-a38d-653145eb5c2e,c3,DROP,442,?,i10,
1768592500.8741863,SENT,e05ac3eb-71f6-4aec-b253-f415aee9d9c2,2851023d-bcf9-4884-addd-753bb09c9bdc,c4,c5,696,?,p2,
1768592500.8742282,FORWARDED,e05ac3eb-71f6-4aec-b253-f415aee9d9c2,2851023d-bcf9-4884-addd-753bb09c9bdc,c4,c5,696,?,p2,
1768592501.0728357,RECEIVED,749f98a9-fd86-40a2-902e-5b2ff8cf6dfb,90456994-78c1-4382-8e18-ef2795b13742,c1,c4,1012,i1,?,
1768592501.1149573,RECEIVED,0174e2ec-b979-474a-87c5-6af7cc12d397,c1c29948-c6cb-4b44-9c23-c2f0a07e1116,c5,c4,1026,i9,?,
1768592501.1838293,SENT,0174e2ec-b979-474a-87c5-6af7cc12d397,c1c29948-c6cb-4b44-9c23-c2f0a07e1116,c5,c4,695,?,p1,
1768592501.1840203,FORWARDED,0174e2ec-b979-474a-87c5-6af7cc12d397,c1c29948-c6cb-4b44-9c23-c2f0a07e1116,c5,c4,695,?,p1,
1768592501.3951142,RECEIVED,a4e5948c-89ab-4db4-bed3-4c2dc5853799,b5caf3e8-91ff-4db2-9287-4b9c1a24cb71,c2,c3,1012,i4,?,
1768592501.4253123,RECEIVED,9893cf0c-e582-45d1-adb9-a18b1f128f15,e4064173-24ad-4c56-8995-8cdde9f8ea9f,c4,c5,1018,i12,?,
1768592501.45346,SENT,749f98a9-fd86-40a2-902e-5b2ff8cf6dfb,90456994-78c1-4382-8e18-ef2795b13742,c1,c4,687,?,p1,
1768592501.453526,FORWARDED,749f98a9-fd86-40a2-902e-5b2ff8cf6dfb,90456994-78c1-4382-8e18-ef2795b13742,c1,c4,687,?,p1,
1768592501.5257661,RECEIVED,8fa6d433-ce20-40f6-8b12-0a0dc9f6c68c,c2c37e70-9ccf-4a51-8e14-863ed7110de1,c2,c3,1021,i9,?,
1768592501.5556798,SENT,8fa6d433-ce20-40f6-8b12-0a0dc9f6c68c,c2c37e70-9ccf-4a51-8e14-863ed7110de1,c2,c3,691,?,p3,
1768592501.555715,FORWARDED,8fa6d433-ce20-40f6-8b12-0a0dc9f6c68c,c2c37e70-9ccf-4a51-8e14-863ed7110de1,c2,c3,691,?,p3,
1768592501.6984456,SENT,a4e5948c-89ab-4db4-bed3-4c2dc5853799,b5caf3e8-91ff-4db2-9287-4b9c1a24cb71,c2,c3,687,?,p3,
1768592501.6984816,FORWARDED,a4e5948c-89ab-4db4-bed3-4c2dc5853799,b5caf3e8-91ff-4db2-9287-4b9c1a24cb71,c2,c3,687,?,p3,
1768592501.714792,RECEIVED,cbb88bcd-a70e-4c1e-b7c9-f9bcc5789379,3bce0dea-7a44-4a70-b4e1-d1ee7ea43fdf,c5,c2,1015,i8,?,
1768592502.1369064,RECEIVED,43e85589-223a-4b98-8284-0153af071bdb,870a4b9f-9233-4595-af83-4844efabfd8f,c2,c5,1016,i9,?,
1768592502.1549685,SENT,cbb88bcd-a70e-4c1e-b7c9-f9bcc5789379,3bce0dea-7a44-4a70-b4e1-d1ee7ea43fdf,c5,c2,690,?,p2,
1768592502.155013,FORWARDED,cbb88bcd-a70e-4c1e-b7c9-f9bcc5789379,3bce0dea-7a44-4a70-b4e1-d1ee7ea43fdf,c5,c2,690,?,p2,
1768592502.432381,RECEIVED,72a67860-ea17-4e81-8334-b111070109b6,deb9906f-c2fe-444b-9392-d8339235c7da,c5,c3,1016,i8,?,
1768592502.4498165,SENT,43e85589-223a-4b98-8284-0153af071bdb,870a4b9f-9233-4595-af83-4844efabfd8f,c2,c5,690,?,p2,
1768592502.4498568,FORWARDED,43e85589-223a-4b98-8284-0153af071bdb,870a4b9f-9233-4595-af83-4844efabfd8f,c2,c5,690,?,p2,
1768592502.4605756,SENT,9893cf0c-e582-45d1-adb9-a18b1f128f15,e4064173-24ad-4c56-8995-8cdde9f8ea9f,c4,c5,692,?,p2,
1768592502.4606152,FORWARDED,9893cf0c-e582-45d1-adb9-a18b1f128f15,e4064173-24ad-4c56-8995-8cdde9f8ea9f,c4,c5,692,?,p2,
1768592502.6910582,RECEIVED,8fe411c8-7349-4143-9d68-2df551531346,ced531e5-411d-4756-87e9-6a596de9f3d2,c2,c1,1012,i4,?,
1768592502.713858,SENT,72a67860-ea17-4e81-8334-b111070109b6,deb9906f-c2fe-444b-9392-d8339235c7da,c5,c3,688,?,p3,
1768592502.713898,FORWARDED,72a67860-ea17-4e81-8334-b111070109b6,deb9906f-c2fe-444b-9392-d8339235c7da,c5,c3,688,?,p3,
1768592502.8240988,SENT,8fe411c8-7349-4143-9d68-2df551531346,ced531e5-411d-4756-87e9-6a596de9f3d2,c2,c1,687,?,p1,
1768592502.8241396,FORWARDED,8fe411c8-7349-4143-9d68-2df551531346,ced531e5-411d-4756-87e9-6a596de9f3d2,c2,c1,687,?,p1,
1768592502.9761994,RECEIVED,2ab5d08c-687f-4059-8260-3cd590a0052d,5e7ccdd6-4415-4d93-978d-0c8b70c29046,c1,c5,1011,i2,?,
1768592503.0605779,RECEIVED,1ef973dc-bcf6-480e-ad93-6bfd0f830e6f,2e48d678-b84c-4663-a31d-f17754e30904,c2,c3,1024,i11,?,
1768592503.2076337,RECEIVED,13cc99fd-b9ba-45e1-8cfa-aaed6803f196,dfbd8a94-4a00-45dc-873d-4196ef07405f,c5,c3,1015,i12,?,
1768592503.2117064,RECEIVED,57277b12-31ca-465a-bc2c-29cfca2776ea,c26a278e-4c2f-4d37-ae5c-e7dbeafa83c4,c2,c4,1020,i8,?,
1768592503.228013,RECEIVED,0a319a03-ca05-4b8d-80f6-dc5f5accddaa,22cafa37-7a0b-4716-9ab4-f10ff8be0d5b,c1,c5,1013,i9,?,
1768592503.2827094,SENT,0a319a03-ca05-4b8d-80f6-dc5f5accddaa,22cafa37-7a0b-4716-9ab4-f10ff8be0d5b,c1,c5,687,?,p2,
1768592503.2827497,FORWARDED,0a319a03-ca05-4b8d-80f6-dc5f5accddaa,22cafa37-7a0b-4716-9ab4-f10ff8be0d5b,c1,c5,687,?,p2,
1768592503.412556,RECEIVED,66a39de6-5d06-4e45-8444-aa191be75d1f,e10e2202-f61f-446a-a7f0-cf3e401f9930,c4,c5,1015,i1,?,
1768592503.4615788,SENT,2ab5d08c-687f-4059-8260-3cd590a0052d,5e7ccdd6-4415-4d93-978d-0c8b70c29046,c1,c5,687,?,p2,
1768592503.4616244,FORWARDED,2ab5d08c-687f-4059-8260-3cd590a0052d,5e7ccdd6-4415-4d93-978d-0c8b70c29046,c1,c5,687,?,p2,
1768592503.4926274,SENT,1ef973dc-bcf6-480e-ad93-6bfd0f830e6f,2e48d678-b84c-4663-a31d-f17754e30904,c2,c3,696,?,p3,
1768592503.4926703,FORWARDED,1ef973dc-bcf6-480e-ad93-6bfd0f830e6f,2e48d678-b84c-4663-a31d-f17754e30904,c2,c3,696,?,p3,
1768592503.495673,RECEIVED,78c5a6a5-39de-4ddf-bc3b-94afe8385b00,a9f24899-9475-4718-b8f4-ebf8257f836e,c1,c5,1016,i8,?,
1768592503.5080545,RECEIVED,78a6f63a-203a-4c6b-98cf-e4b65c566e29,92b02cac-ed5e-4905-a462-0c96a0908e7b,c5,DROP,685,i5,?,
1768592503.5369432,SENT,57277b12-31ca-465a-bc2c-29cfca2776ea,c26a278e-4c2f-4d37-ae5c-e7dbeafa83c4,c2,c4,692,?,p1,
1768592503.5369904,FORWARDED,57277b12-31ca-465a-bc2c-29cfca2776ea,c26a278e-4c2f-4d37-ae5c-e7dbeafa83c4,c2,c4,692,?,p1,
1768592503.5685017,SENT,78a6f63a-203a-4c6b-98cf-e4b65c566e29,92b02cac-ed5e-4905-a462-0c96a0908e7b,c5,DROP,441,?,x10,
1768592503.5685425,FORWARDED,78a6f63a-203a-4c6b-98cf-e4b65c566e29,92b02cac-ed5e-4905-a462-0c96a0908e7b,c5,DROP,441,?,x10,
1768592503.5820549,SENT,78c5a6a5-39de-4ddf-bc3b-94afe8385b00,a9f24899-9475-4718-b8f4-ebf8257f836e,c1,c5,688,?,p2,
1768592503.5821319,FORWARDED,78c5a6a5-39de-4ddf-bc3b-94afe8385b00,a9f24899-9475-4718-b8f4-ebf8257f836e,c1,c5,688,?,p2,
1768592503.9541728,SENT,66a39de6-5d06-4e45-8444-aa191be75d1f,e10e2202-f61f-446a-a7f0-cf3e401f9930,c4,c5,688,?,p2,
1768592503.9542165,FORWARDED,66a39de6-5d06-4e45-8444-aa191be75d1f,e10e2202-f61f-446a-a7f0-cf3e401f9930,c4,c5,688,?,p2,
1768592503.9594636,SENT,13cc99fd-b9ba-45e1-8cfa-aaed6803f196,dfbd8a94-4a00-45dc-873d-4196ef07405f,c5,c3,690,?,p3,
1768592503.9594996,FORWARDED,13cc99fd-b9ba-45e1-8cfa-aaed6803f196,dfbd8a94-4a00-45dc-873d-4196ef07405f,c5,c3,690,?,p3,
1768592504.7893894,RECEIVED,4c0f3d5a-ab2a-4b17-ab62-04acfb9afd9e,9af44b50-2e95-4258-bb8e-28b592acf8ea,c3,DROP,687,i9,?,
1768592504.8171105,RECEIVED,d380dee4-6638-4a3c-9fa0-a7439d7b6372,7b7980ed-7ac6-4114-914d-77b2638aff27,c4,DROP,687,i4,?,
1768592504.84855,RECEIVED,f5aa8ad2-7a07-4431-84df-f730e949214e,7c2c726c-0de7-4265-a144-333aa335ba8b,c2,c3,1011,i2,?,
1768592505.054333,RECEIVED,f3f6c2ce-bf02-4cb3-b1da-1d3e0b409857,a9b00872-bee7-43b2-9748-53bc1975c1dc,c2,c3,1007,i4,?,
1768592505.1961277,SENT,4c0f3d5a-ab2a-4b17-ab62-04acfb9afd9e,9af44b50-2e95-4258-bb8e-28b592acf8ea,c3,DROP,442,?,x2,
1768592505.1961715,FORWARDED,4c0f3d5a-ab2a-4b17-ab62-04acfb9afd9e,9af44b50-2e95-4258-bb8e-28b592acf8ea,c3,DROP,442,?,x2,
1768592505.2470043,RECEIVED,4149c94d-4f45-448c-ace6-fa0a4076889b,285e6cf8-e9dc-4885-8a62-8c47f424a8c4,c2,c5,1014,i1,?,
1768592505.2697031,SENT,f3f6c2ce-bf02-4cb3-b1da-1d3e0b409857,a9b00872-bee7-43b2-9748-53bc1975c1dc,c2,c3,683,?,p3,
1768592505.269748,FORWARDED,f3f6c2ce-bf02-4cb3-b1da-1d3e0b409857,a9b00872-bee7-43b2-9748-53bc1975c1dc,c2,c3,683,?,p3,
1768592505.4112103,SENT,d380dee4-6638-4a3c-9fa0-a7439d7b6372,7b7980ed-7ac6-4114-914d-77b2638aff27,c4,DROP,442,?,x2,
1768592505.411247,FORWARDED,d380dee4-6638-4a3c-9fa0-a7439d7b6372,7b7980ed-7ac6-4114-914d-77b2638aff27,c4,DROP,442,?,x2,
1768592505.5274117,SENT,4149c94d-4f45-448c-ace6-fa0a4076889b,285e6cf8-e9dc-4885-8a62-8c47f424a8c4,c2,c5,688,?,p2,
1768592505.527456,FORWARDED,4149c94d-4f45-448c-ace6-fa0a4076889b,285e6cf8-e9dc-4885-8a62-8c47f424a8c4,c2,c5,688,?,p2,
1768592505.7518864,SENT,f5aa8ad2-7a07-4431-84df-f730e949214e,7c2c726c-0de7-4265-a144-333aa335ba8b,c2,c3,687,?,p3,
1768592505.7519467,FORWARDED,f5aa8ad2-7a07-4431-84df-f730e949214e,7c2c726c-0de7-4265-a144-333aa335ba8b,c2,c3,687,?,p3,
1768592505.781904,RECEIVED,7b1fbeee-8578-42af-a669-4161a974eaf2,152d2c3a-cadc-4ed8-9198-f72e3b82c1a3,c5,c3,1016,i6,?,
1768592505.9808826,SENT,7b1fbeee-8578-42af-a669-4161a974eaf2,152d2c3a-cadc-4ed8-9198-f72e3b82c1a3,c5,c3,688,?,p3,
1768592505.9809241,FORWARDED,7b1fbeee-8578-42af-a669-4161a974eaf2,152d2c3a-cadc-4ed8-9198-f72e3b82c1a3,c5,c3,688,?,p3,
1768592506.0894308,RECEIVED,acae5d9b-2441-4d6a-ac41-1fba3e65f76d,a30b1baf-ba19-44b8-a1dd-393d1aea12e6,c4,c1,1019,i11,?,
1768592506.4080927,RECEIVED,bb02b2fd-8b9c-4b6d-a59f-8ffe4dc12e77,d6c5f2c2-4e0f-4144-9d08-26072e165ab2,c3,c1,1012,i4,?,
1768592506.505671,RECEIVED,d841d80a-7a67-4b11-abe0-b4e85a519a60,cb2ec7e5-75af-4d34-804b-2fbc26955897,c3,c2,1011,i9,?,
1768592506.527777,RECEIVED,aeeb7c51-054d-4254-bd10-47d5f1a5217a,ebe482dd-15ab-42a7-b1f9-23fb7d19744e,c3,DROP,685,i4,?,
1768592506.531837,RECEIVED,aea7ab52-0fcf-4343-8d06-e585c689fa0b,73ddb6c0-87e2-4fff-959b-6c7af51c959b,c3,c1,1024,i12,?,
1768592506.5960326,SENT,aeeb7c51-054d-4254-bd10-47d5f1a5217a,ebe482dd-15ab-42a7-b1f9-23fb7d19744e,c3,DROP,441,?,e2,
1768592506.596082,FORWARDED,aeeb7c51-054d-4254-bd10-47d5f1a5217a,ebe482dd-15ab-42a7-b1f9-23fb7d19744e,c3,DROP,441,?,e2,
1768592506.6134841,SENT,acae5d9b-2441-4d6a-ac41-1fba3e65f76d,a30b1baf-ba19-44b8-a1dd-393d1aea12e6,c4,c1,691,?,p1,
1768592506.6135204,FORWARDED,acae5d9b-2441-4d6a-ac41-1fba3e65f76d,a30b1baf-ba19-44b8-a1dd-393d1aea12e6,c4,c1,691,?,p1,
1768592506.6226683,SENT,bb02b2fd-8b9c-4b6d-a59f-8ffe4dc12e77,d6c5f2c2-4e0f-4144-9d08-26072e165ab2,c3,c1,687,?,p1,
1768592506.62271,FORWARDED,bb02b2fd-8b9c-4b6d-a59f-8ffe4dc12e77,d6c5f2c2-4e0f-4144-9d08-26072e165ab2,c3,c1,687,?,p1,
1768592506.8083797,RECEIVED,6c4d1736-1b44-422f-8a7d-bf70dcc36d3d,76114311-4041-4c55-8486-1c0663ddcb0b,c1,c5,1015,i6,?,
1768592506.8531513,SENT,aea7ab52-0fcf-4343-8d06-e585c689fa0b,73ddb6c0-87e2-4fff-959b-6c7af51c959b,c3,c1,695,?,p1,
1768592506.8532195,FORWARDED,aea7ab52-0fcf-4343-8d06-e585c689fa0b,73ddb6c0-87e2-4fff-959b-6c7af51c959b,c3,c1,695,?,p1,
1768592507.0379066,RECEIVED,be6ca3d7-c69b-4811-9a6d-0107393d8b74,5c2808ae-c781-4ca2-b7ab-c15be43a65ea,c2,c5,1015,i4,?,
1768592507.0806396,RECEIVED,c9a5ca80-c6de-49a5-9b9f-b5d2cbd63089,da255e2a-78ef-4097-93bb-68a1e27f42ef,c3,c1,1019,i11,?,
1768592507.1721387,RECEIVED,0aaaf5d5-c85b-45f7-af86-9eff89503093,900a6a8a-a704-4ef0-8421-1fcf00f4efad,c5,c2,1018,i4,?,
1768592507.2031877,RECEIVED,96384290-6675-4b74-9867-85a3c4ff7a3c,17001dd8-9b9f-4359-ab3f-a0e75783398c,c5,c4,1011,i6,?,
1768592507.256456,SENT,0aaaf5d5-c85b-45f7-af86-9eff89503093,900a6a8a-a704-4ef0-8421-1fcf00f4efad,c5,c2,688,?,p2,
1768592507.2568023,FORWARDED,0aaaf5d5-c85b-45f7-af86-9eff89503093,900a6a8a-a704-4ef0-8421-1fcf00f4efad,c5,c2,688,?,p2,
1768592507.4013855,RECEIVED,6055c86e-57ba-4267-9443-25145199ff39,fda2ec3a-b737-42f6-b08a-c0bfceb2615e,c3,c5,1024,i12,?,
1768592507.4789033,RECEIVED,a7bff6d3-ee7b-47c0-891f-1b1d80ae99b8,566953a3-73ee-48f1-a780-216d38a9ca9f,c3,c5,1012,i11,?,
1768592507.490433,RECEIVED,66d92b78-6d6c-4bd1-8dae-2b37fcd8dbe2,47c2b14c-b3f6-4462-b93a-2665b5c5ed4e,c2,c3,1016,i5,?,
1768592507.5431342,RECEIVED,57c556c0-3e33-4d3e-9378-e789f32725ce,94e79a7f-d1ab-4886-a3a2-5812b881bfde,c2,c1,1012,i5,?,
1768592507.5884132,RECEIVED,2a74a61f-e1b5-483c-b11f-3b4fd7550685,d390751a-803f-4f13-8efd-e331de9e267e,c1,c5,1020,i2,?,
1768592507.6591716,SENT,2a74a61f-e1b5-483c-b11f-3b4fd7550685,d390751a-803f-4f13-8efd-e331de9e267e,c1,c5,691,?,p2,
1768592507.659212,FORWARDED,2a74a61f-e1b5-483c-b11f-3b4fd7550685,d390751a-803f-4f13-8efd-e331de9e267e,c1,c5,691,?,p2,
1768592507.7000866,SENT,66d92b78-6d6c-4bd1-8dae-2b37fcd8dbe2,47c2b14c-b3f6-4462-b93a-2665b5c5ed4e,c2,c3,688,?,p3,
1768592507.700154,FORWARDED,66d92b78-6d6c-4bd1-8dae-2b37fcd8dbe2,47c2b14c-b3f6-4462-b93a-2665b5c5ed4e,c2,c3,688,?,p3,
1768592507.7292635,SENT,be6ca3d7-c69b-4811-9a6d-0107393d8b74,5c2808ae-c781-4ca2-b7ab-c15be43a65ea,c2,c5,688,?,p2,
1768592507.7293048,FORWARDED,be6ca3d7-c69b-4811-9a6d-0107393d8b74,5c2808ae-c781-4ca2-b7ab-c15be43a65ea,c2,c5,688,?,p2,
1768592507.7698965,SENT,6c4d1736-1b44-422f-8a7d-bf70dcc36d3d,76114311-4041-4c55-8486-1c0663ddcb0b,c1,c5,689,?,p2,
1768592507.769933,FORWARDED,6c4d1736-1b44-422f-8a7d-bf70dcc36d3d,76114311-4041-4c55-8486-1c0663ddcb0b,c1,c5,689,?,p2,
1768592507.7837737,SENT,57c556c0-3e33-4d3e-9378-e789f32725ce,94e79a7f-d1ab-4886-a3a2-5812b881bfde,c2,c1,687,?,p1,
1768592507.7838173,FORWARDED,57c556c0-3e33-4d3e-9378-e789f32725ce,94e79a7f-d1ab-4886-a3a2-5812b881bfde,c2,c1,687,?,p1,
1768592507.7991378,SENT,96384290-6675-4b74-9867-85a3c4ff7a3c,17001dd8-9b9f-4359-ab3f-a0e75783398c,c5,c4,687,?,p1,
1768592507.7992291,FORWARDED,96384290-6675-4b74-9867-85a3c4ff7a3c,17001dd8-9b9f-4359-ab3f-a0e75783398c,c5,c4,687,?,p1,
1768592507.8114057,SENT,c9a5ca80-c6de-49a5-9b9f-b5d2cbd63089,da255e2a-78ef-4097-93bb-68a1e27f42ef,c3,c1,692,?,p1,
1768592507.8120024,FORWARDED,c9a5ca80-c6de-49a5-9b9f-b5d2cbd63089,da255e2a-78ef-4097-93bb-68a1e27f42ef,c3,c1,692,?,p1,
1768592507.8188808,RECEIVED,36cec609-3522-44df-b9a1-a9e88aeba735,d4c9a644-b36a-44be-bf08-b7e89853ebc2,c2,c1,1020,i11,?,
1768592507.8784354,SENT,6055c86e-57ba-4267-9443-25145199ff39,fda2ec3a-b737-42f6-b08a-c0bfceb2615e,c3,c5,696,?,p2,
1768592507.8784754,FORWARDED,6055c86e-57ba-4267-9443-25145199ff39,fda2ec3a-b737-42f6-b08a-c0bfceb2615e,c3,c5,696,?,p2,
1768592507.9231884,SENT,36cec609-3522-44df-b9a1-a9e88aeba735,d4c9a644-b36a-44be-bf08-b7e89853ebc2,c2,c1,691,?,p1,
1768592507.9232438,FORWARDED,36cec609-3522-44df-b9a1-a9e88aeba735,d4c9a644-b36a-44be-bf08-b7e89853ebc2,c2,c1,691,?,p1,
1768592507.9425128,SENT,a7bff6d3-ee7b-47c0-891f-1b1d80ae99b8,566953a3-73ee-48f1-a780-216d38a9ca9f,c3,c5,687,?,p2,
1768592507.9425511,FORWARDED,a7bff6d3-ee7b-47c0-891f-1b1d80ae99b8,566953a3-73ee-48f1-a780-216d38a9ca9f,c3,c5,687,?,p2,
1768592508.032033,SENT,d841d80a-7a67-4b11-abe0-b4e85a519a60,cb2ec7e5-75af-4d34-804b-2fbc26955897,c3,c2,687,?,p2,
1768592508.0321653,FORWARDED,d841d80a-7a67-4b11-abe0-b4e85a519a60,cb2ec7e5-75af-4d34-804b-2fbc26955897,c3,c2,687,?,p2,
1768592508.5643227,RECEIVED,299a4fda-23d7-4fdd-919f-db3d46eadb89,4b7fa73e-c8cd-4046-89cd-e22043a4df6c,c1,c5,1015,i8,?,
1768592509.264944,RECEIVED,7b7b7eea-2a6c-4886-94cd-04bbffefc764,facf0265-1618-4865-b113-530ac6ed10a0,c2,c4,1020,i11,?,
1768592509.310715,SENT,7b7b7eea-2a6c-4886-94cd-04bbffefc764,facf0265-1618-4865-b113-530ac6ed10a0,c2,c4,692,?,p1,
1768592509.3108122,FORWARDED,7b7b7eea-2a6c-4886-94cd-04bbffefc764,facf0265-1618-4865-b113-530ac6ed10a0,c2,c4,692,?,p1,
1768592509.685621,RECEIVED,7d02228c-71e3-4ad4-b553-f567ceac6cc5,d2b1305a-e3c7-4b94-a523-f501dc5888ac,c4,c1,1011,i5,?,
1768592509.8118155,SENT,299a4fda-23d7-4fdd-919f-db3d46eadb89,4b7fa73e-c8cd-4046-89cd-e22043a4df6c,c1,c5,690,?,p2,
1768592509.8118556,FORWARDED,299a4fda-23d7-4fdd-919f-db3d46eadb89,4b7fa73e-c8cd-4046-89cd-e22043a4df6c,c1,c5,690,?,p2,
1768592509.8486807,RECEIVED,21c52577-b2c9-4acb-99bb-4e86d165ff0f,6fa3075d-4bf7-43b5-8714-aa3e4dd3204e,c1,c3,1016,i6,?,
1768592510.1890924,SENT,7d02228c-71e3-4ad4-b553-f567ceac6cc5,d2b1305a-e3c7-4b94-a523-f501dc5888ac,c4,c1,687,?,p1,
1768592510.1891348,FORWARDED,7d02228c-71e3-4ad4-b553-f567ceac6cc5,d2b1305a-e3c7-4b94-a523-f501dc5888ac,c4,c1,687,?,p1,
1768592510.2847984,SENT,21c52577-b2c9-4acb-99bb-4e86d165ff0f,6fa3075d-4bf7-43b5-8714-aa3e4dd3204e,c1,c3,688,?,p3,
1768592510.2848403,FORWARDED,21c52577-b2c9-4acb-99bb-4e86d165ff0f,6fa3075d-4bf7-43b5-8714-aa3e4dd3204e,c1,c3,688,?,p3,
1768592510.6651475,RECEIVED,85920817-d24b-4028-9deb-8f4797853bab,b4b84db1-f2cb-4d16-b98e-4b8ebdcd2ffc,c2,c1,1016,i8,?,
1768592510.7405958,SENT,85920817-d24b-4028-9deb-8f4797853bab,b4b84db1-f2cb-4d16-b98e-4b8ebdcd2ffc,c2,c1,688,?,p1,
1768592510.7406397,FORWARDED,85920817-d24b-4028-9deb-8f4797853bab,b4b84db1-f2cb-4d16-b98e-4b8ebdcd2ffc,c2,c1,688,?,p1,
1768592511.3333726,RECEIVED,6e8d0bba-49e1-4834-8171-afa1e4676b4b,62bb35fb-2b10-4c9b-a835-2d344fa0156e,c1,DROP,686,i11,?,
1768592511.7354925,RECEIVED,5afabed3-2306-4809-9ddd-69e5d44226f6,db4e126e-3728-475c-b355-6c2ae3c084d9,c5,c2,1023,i6,?,
1768592512.3114696,SENT,6e8d0bba-49e1-4834-8171-afa1e4676b4b,62bb35fb-2b10-4c9b-a835-2d344fa0156e,c1,DROP,444,?,i2,
1768592512.311514,FORWARDED,6e8d0bba-49e1-4834-8171-afa1e4676b4b,62bb35fb-2b10-4c9b-a835-2d344fa0156e,c1,DROP,444,?,i2,
1768592512.4337673,SENT,5afabed3-2306-4809-9ddd-69e5d44226f6,db4e126e-3728-475c-b355-6c2ae3c084d9,c5,c2,695,?,p2,
1768592512.4338102,FORWARDED,5afabed3-2306-4809-9ddd-69e5d44226f6,db4e126e-3728-475c-b355-6c2ae3c084d9,c5,c2,695,?,p2,
1768592513.8607514,RECEIVED,9c77094d-2b3c-43bb-a664-17f74fb96acc,e8e3a641-63ce-4e26-96db-228aaa634f4a,c4,c1,1020,i9,?,
1768592514.0467439,SENT,9c77094d-2b3c-43bb-a664-17f74fb96acc,e8e3a641-63ce-4e26-96db-228aaa634f4a,c4,c1,691,?,p1,
1768592514.0467863,FORWARDED,9c77094d-2b3c-43bb-a664-17f74fb96acc,e8e3a641-63ce-4e26-96db-228aaa634f4a,c4,c1,691,?,p1,
