timestamp,event_type,packet_id,message_id,src,dst,size,prev_hop,next_hop,flags
1769473492.5196195,RECEIVED,214adf09-f933-4d7e-9c52-65f515ff8a46,05fc37fc-5d08-4fbf-b86d-6f873f2476f4,c1,DROP,688,i6,?,
1769473492.8362288,RECEIVED,1233d06b-882e-4a15-9de6-db8ebe1ccc72,c5a3b41d-f992-4a31-9ec1-cd75bffa5fb8,c4,c1,1259,i3,?,
1769473492.946687,RECEIVED,11f0a9a2-476e-4cdf-924c-8c5fd1fa1d96,3204e4dd-79c6-4187-bd59-092bee9b0e4b,c4,c1,1264,i12,?,
1769473493.0636768,SENT,214adf09-f933-4d7e-9c52-65f515ff8a46,05fc37fc-5d08-4fbf-b86d-6f873f2476f4,c1,DROP,442,?,i10,
1769473493.0638084,FORWARDED,214adf09-f933-4d7e-9c52-65f515ff8a46,05fc37fc-5d08-4fbf-b86d-6f873f2476f4,c1,DROP,442,?,i10,
1769473493.0776312,SENT,11f0a9a2-476e-4cdf-924c-8c5fd1fa1d96,3204e4dd-79c6-4187-bd59-092bee9b0e4b,c4,c1,875,?,p1,
1769473493.0777974,FORWARDED,11f0a9a2-476e-4cdf-924c-8c5fd1fa1d96,3204e4dd-79c6-4187-bd59-092bee9b0e4b,c4,c1,875,?,p1,
1769473493.8257473,SENT,1233d06b-882e-4a15-9de6-db8ebe1ccc72,c5a3b41d-f992-4a31-9ec1-cd75bffa5fb8,c4,c1,871,?,p1,
1769473493.8258822,FORWARDED,1233d06b-882e-4a15-9de6-db8ebe1ccc72,c5a3b41d-f992-4a31-9ec1-cd75bffa5fb8,c4,c1,871,?,p1,
1769473493.837522,RECEIVED,8a85c00e-c33f-4b98-8674-c102e8ae7528,0821f72a-5c86-4269-ae5e-1296a9e21c1b,c4,c1,1256,i3,?,
1769473494.0109954,SENT,8a85c00e-c33f-4b98-8674-c102e8ae7528,0821f72a-5c86-4269-ae5e-1296a9e21c1b,c4,c1,870,?,p1,
1769473494.011262,FORWARDED,8a85c00e-c33f-4b98-8674-c102e8ae7528,0821f72a-5c86-4269-ae5e-1296a9e21c1b,c4,c1,870,?,p1,
1769473494.125143,RECEIVED,0c8dc61b-4daa-49a9-9096-143b7b1262b1,3f2de430-2db6-47ea-b6f4-146c8ace7ad9,c3,c4,1259,i3,?,
1769473494.1602902,RECEIVED,ca2449e8-51e8-46b8-ad04-2d154342204b,ec0cc5a5-d3c0-4814-88bd-989aab2267ea,c2,c1,1259,i8,?,
1769473494.5744934,SENT,0c8dc61b-4daa-49a9-9096-143b7b1262b1,3f2de430-2db6-47ea-b6f4-146c8ace7ad9,c3,c4,871,?,p1,
1769473494.5746353,FORWARDED,0c8dc61b-4daa-49a9-9096-143b7b1262b1,3f2de430-2db6-47ea-b6f4-146c8ace7ad9,c3,c4,871,?,p1,
1769473494.9169307,RECEIVED,b71a2ff4-1bd4-4a7f-9f18-cc49a8bb1de1,5b891f1d-e75f-4b2d-b111-4c3931c1b6ec,c1,c2,1262,i10,?,
1769473494.9671285,RECEIVED,05cd39e2-76e9-494a-b15e-e55d7ae97241,4d56515d-162e-49db-8084-acea03e7925d,c2,c1,1263,i2,?,
1769473495.0066562,SENT,ca2449e8-51e8-46b8-ad04-2d154342204b,ec0cc5a5-d3c0-4814-88bd-989aab2267ea,c2,c1,872,?,p1,
1769473495.0067909,FORWARDED,ca2449e8-51e8-46b8-ad04-2d154342204b,ec0cc5a5-d3c0-4814-88bd-989aab2267ea,c2,c1,872,?,p1,
1769473495.0348783,RECEIVED,458d077d-3684-476f-8bd8-fd0b77064554,62e5bfb7-0eb0-473d-ba32-fc12aa0fe039,c3,c4,1247,i5,?,
1769473495.471919,SENT,b71a2ff4-1bd4-4a7f-9f18-cc49a8bb1de1,5b891f1d-e75f-4b2d-b111-4c3931c1b6ec,c1,c2,874,?,p2,
1769473495.4720795,FORWARDED,b71a2ff4-1bd4-4a7f-9f18-cc49a8bb1de1,5b891f1d-e75f-4b2d-b111-4c3931c1b6ec,c1,c2,874,?,p2,
1769473495.9400952,SENT,458d077d-3684-476f-8bd8-fd0b77064554,62e5bfb7-0eb0-473d-ba32-fc12aa0fe039,c3,c4,863,?,p1,
1769473495.940233,FORWARDED,458d077d-3684-476f-8bd8-fd0b77064554,62e5bfb7-0eb0-473d-ba32-fc12aa0fe039,c3,c4,863,?,p1,
1769473496.0089622,RECEIVED,fcd0b4f0-7fe5-40c0-bcfe-6647639f80b3,00870a41-6b01-4e32-972b-1051ff9917b6,c1,c2,1263,i11,?,
1769473496.1692097,RECEIVED,b49964a3-438e-4793-bb29-5e60f1b699e4,bafb3bbb-7466-403f-b5ac-92d681c2a3d4,c3,c4,1256,i2,?,
1769473496.343508,SENT,b49964a3-438e-4793-bb29-5e60f1b699e4,bafb3bbb-7466-403f-b5ac-92d681c2a3d4,c3,c4,870,?,p1,
1769473496.343637,FORWARDED,b49964a3-438e-4793-bb29-5e60f1b699e4,bafb3bbb-7466-403f-b5ac-92d681c2a3d4,c3,c4,870,?,p1,
1769473496.4547238,SENT,fcd0b4f0-7fe5-40c0-bcfe-6647639f80b3,00870a41-6b01-4e32-972b-1051ff9917b6,c1,c2,875,?,p2,
1769473496.4548533,FORWARDED,fcd0b4f0-7fe5-40c0-bcfe-6647639f80b3,00870a41-6b01-4e32-972b-1051ff9917b6,c1,c2,875,?,p2,
1769473496.6466353,RECEIVED,8fe7eaed-d0e6-4748-b957-265a4bb98c10,6f76c532-e507-4f9c-8d0d-45e3fc8ac6e5,c5,DROP,441,x4,?,
1769473496.6582253,SENT,05cd39e2-76e9-494a-b15e-e55d7ae97241,4d56515d-162e-49db-8084-acea03e7925d,c2,c1,875,?,p1,
1769473496.6583662,FORWARDED,05cd39e2-76e9-494a-b15e-e55d7ae97241,4d56515d-162e-49db-8084-acea03e7925d,c2,c1,875,?,p1,
1769473497.9442744,RECEIVED,8313e39b-ef01-4725-8dfa-1fe4a19d945e,570fe03e-d83b-4252-b027-0a549ca010f1,c3,c4,1252,i5,?,
1769473497.9961624,SENT,8313e39b-ef01-4725-8dfa-1fe4a19d945e,570fe03e-d83b-4252-b027-0a549ca010f1,c3,c4,867,?,p1,
1769473497.9962962,FORWARDED,8313e39b-ef01-4725-8dfa-1fe4a19d945e,570fe03e-d83b-4252-b027-0a549ca010f1,c3,c4,867,?,p1,
1769473498.0160894,RECEIVED,a8dbee7f-76a3-43f4-98ec-c8dc7daa9f4a,323ed834-585b-4f9a-886d-13fe270ca222,c2,c1,1255,i1,?,
1769473498.2026951,SENT,a8dbee7f-76a3-43f4-98ec-c8dc7daa9f4a,323ed834-585b-4f9a-886d-13fe270ca222,c2,c1,868,?,p1,
1769473498.2028203,FORWARDED,a8dbee7f-76a3-43f4-98ec-c8dc7daa9f4a,323ed834-585b-4f9a-886d-13fe270ca222,c2,c1,868,?,p1,
1769473498.2694254,RECEIVED,8d3ab360-68db-4d2e-ba49-d6f4290cb976,41f48dda-e20c-4fac-8740-e024dd153989,c3,DROP,438,x5,?,
1769473499.0367613,RECEIVED,f16e11fd-a185-4999-9747-4fac52ef6411,62575b4d-f57e-4539-a61e-0b8b599bbd40,c1,c2,1261,i7,?,
1769473499.069076,SENT,f16e11fd-a185-4999-9747-4fac52ef6411,62575b4d-f57e-4539-a61e-0b8b599bbd40,c1,c2,871,?,p2,
1769473499.069207,FORWARDED,f16e11fd-a185-4999-9747-4fac52ef6411,62575b4d-f57e-4539-a61e-0b8b599bbd40,c1,c2,871,?,p2,
1769473499.6620004,RECEIVED,b9be8f25-e9ac-410d-b4ad-92d13190c3da,22842282-92f0-4045-8697-6a1d0c563560,c5,c4,1257,i1,?,
1769473499.7212024,SENT,b9be8f25-e9ac-410d-b4ad-92d13190c3da,22842282-92f0-4045-8697-6a1d0c563560,c5,c4,868,?,p1,
1769473499.7213302,FORWARDED,b9be8f25-e9ac-410d-b4ad-92d13190c3da,22842282-92f0-4045-8697-6a1d0c563560,c5,c4,868,?,p1,
1769473500.6554418,RECEIVED,a011483d-acb7-4d8b-8bdc-55970076c551,d679f684-a5b6-4005-bae7-3c66bc89c482,c4,c1,1256,i1,?,
1769473500.702759,SENT,a011483d-acb7-4d8b-8bdc-55970076c551,d679f684-a5b6-4005-bae7-3c66bc89c482,c4,c1,868,?,p1,
1769473500.7028923,FORWARDED,a011483d-acb7-4d8b-8bdc-55970076c551,d679f684-a5b6-4005-bae7-3c66bc89c482,c4,c1,868,?,p1,
1769473501.6194198,RECEIVED,3e16c557-9f78-47ab-9f01-afc6cc055c61,61b3237f-cff1-4925-9fb6-8e623ea7be42,c5,c4,1259,i7,?,
1769473502.0214508,SENT,3e16c557-9f78-47ab-9f01-afc6cc055c61,61b3237f-cff1-4925-9fb6-8e623ea7be42,c5,c4,872,?,p1,
1769473502.0215657,FORWARDED,3e16c557-9f78-47ab-9f01-afc6cc055c61,61b3237f-cff1-4925-9fb6-8e623ea7be42,c5,c4,872,?,p1,
1769473503.9986715,RECEIVED,9beef88b-badd-4c92-993d-5b5ea438b106,78c3c293-339a-433b-8e1c-1e0f3441749b,c4,c1,1250,i10,?,
1769473504.0741632,RECEIVED,e2048a42-7540-47dd-b139-c89e2ae4d3a8,06479cf4-c9e5-4f35-a886-3413bf709716,c2,DROP,693,i12,?,
1769473504.1910968,SENT,e2048a42-7540-47dd-b139-c89e2ae4d3a8,06479cf4-c9e5-4f35-a886-3413bf709716,c2,DROP,446,?,x11,
1769473504.1912494,FORWARDED,e2048a42-7540-47dd-b139-c89e2ae4d3a8,06479cf4-c9e5-4f35-a886-3413bf709716,c2,DROP,446,?,x11,
1769473504.8393662,SENT,9beef88b-badd-4c92-993d-5b5ea438b106,78c3c293-339a-433b-8e1c-1e0f3441749b,c4,c1,867,?,p1,
1769473504.8394601,FORWARDED,9beef88b-badd-4c92-993d-5b5ea438b106,78c3c293-339a-433b-8e1c-1e0f3441749b,c4,c1,867,?,p1,
1769473505.1408048,RECEIVED,d12cba26-01fa-4671-9338-e5a879a29bf4,a6a04c84-ff69-4089-b623-784a8a987bb9,c5,DROP,683,i4,?,
1769473505.824995,SENT,d12cba26-01fa-4671-9338-e5a879a29bf4,a6a04c84-ff69-4089-b623-784a8a987bb9,c5,DROP,441,?,e3,
1769473505.8256052,FORWARDED,d12cba26-01fa-4671-9338-e5a879a29bf4,a6a04c84-ff69-4089-b623-784a8a987bb9,c5,DROP,441,?,e3,
1769473507.2052438,RECEIVED,cf372e27-e1f9-4cf9-8221-771c5bc2aca4,b1d33a81-4ffe-46ee-8dce-e7e675590be8,c4,c1,1259,i10,?,
1769473508.7108033,SENT,cf372e27-e1f9-4cf9-8221-771c5bc2aca4,b1d33a81-4ffe-46ee-8dce-e7e675590be8,c4,c1,872,?,p1,
1769473508.7109368,FORWARDED,cf372e27-e1f9-4cf9-8221-771c5bc2aca4,b1d33a81-4ffe-46ee-8dce-e7e675590be8,c4,c1,872,?,p1,
1769473510.3287332,RECEIVED,83fe8b38-2073-4dc8-a964-e71309a369c7,f63b5d40-0458-408e-bf9e-969758ea59e7,c1,c2,1259,i4,?,
1769473511.2129927,SENT,83fe8b38-2073-4dc8-a964-e71309a369c7,f63b5d40-0458-408e-bf9e-969758ea59e7,c1,c2,872,?,p2,
1769473511.2131505,FORWARDED,83fe8b38-2073-4dc8-a964-e71309a369c7,f63b5d40-0458-408e-bf9e-969758ea59e7,c1,c2,872,?,p2,
1769473513.7657256,RECEIVED,c5a738a3-b9f6-47a2-9f21-522e42ce66ea,5bc9b07e-cb52-4857-80c4-133b2e41e459,c3,c4,1255,i12,?,
1769473514.6958475,RECEIVED,3e75fb80-1e72-4e14-8c10-5103b77eb86d,a5e5f2da-93bd-48e7-9cc6-83215457d3f4,c3,c4,1252,i6,?,
1769473514.9818068,SENT,c5a738a3-b9f6-47a2-9f21-522e42ce66ea,5bc9b07e-cb52-4857-80c4-133b2e41e459,c3,c4,868,?,p1,
1769473514.9819343,FORWARDED,c5a738a3-b9f6-47a2-9f21-522e42ce66ea,5bc9b07e-cb52-4857-80c4-133b2e41e459,c3,c4,868,?,p1,
1769473515.0659678,SENT,3e75fb80-1e72-4e14-8c10-5103b77eb86d,a5e5f2da-93bd-48e7-9cc6-83215457d3f4,c3,c4,866,?,p1,
1769473515.0661306,FORWARDED,3e75fb80-1e72-4e14-8c10-5103b77eb86d,a5e5f2da-93bd-48e7-9cc6-83215457d3f4,c3,c4,866,?,p1,
1769473515.2943258,RECEIVED,fc784162-a20d-4f03-9966-95ada7c35b03,76c13bff-3f78-423e-ac6a-3a87599e98be,c5,c4,1255,i1,?,
1769473515.6874151,RECEIVED,89f5a6f3-789d-44c2-bd92-3b795035f89e,d31a0997-685e-4d58-b542-b9896ac29374,c5,c4,1261,i2,?,
1769473515.7045975,SENT,89f5a6f3-789d-44c2-bd92-3b795035f89e,d31a0997-685e-4d58-b542-b9896ac29374,c5,c4,873,?,p1,
1769473515.704731,FORWARDED,89f5a6f3-789d-44c2-bd92-3b795035f89e,d31a0997-685e-4d58-b542-b9896ac29374,c5,c4,873,?,p1,
1769473515.7287219,RECEIVED,b2be27a6-7b8c-4d2e-a860-e73bb69d8eff,bac65911-c25e-47f8-8006-1155f75137c0,c3,c4,1260,i7,?,
1769473515.941449,SENT,b2be27a6-7b8c-4d2e-a860-e73bb69d8eff,bac65911-c25e-47f8-8006-1155f75137c0,c3,c4,872,?,p1,
1769473515.9415793,FORWARDED,b2be27a6-7b8c-4d2e-a860-e73bb69d8eff,bac65911-c25e-47f8-8006-1155f75137c0,c3,c4,872,?,p1,
1769473516.1846745,SENT,fc784162-a20d-4f03-9966-95ada7c35b03,76c13bff-3f78-423e-ac6a-3a87599e98be,c5,c4,869,?,p1,
1769473516.1848032,FORWARDED,fc784162-a20d-4f03-9966-95ada7c35b03,76c13bff-3f78-423e-ac6a-3a87599e98be,c5,c4,869,?,p1,
1769473516.2149436,RECEIVED,5a57ac41-00b0-4fae-b97a-4406911d13b3,f58476a0-f6ba-4706-aa3f-d05f327a1617,c3,c4,1252,i3,?,
1769473516.2916458,SENT,5a57ac41-00b0-4fae-b97a-4406911d13b3,f58476a0-f6ba-4706-aa3f-d05f327a1617,c3,c4,867,?,p1,
1769473516.29176,FORWARDED,5a57ac41-00b0-4fae-b97a-4406911d13b3,f58476a0-f6ba-4706-aa3f-d05f327a1617,c3,c4,867,?,p1,
1769473516.602208,RECEIVED,ab672228-8e53-46d3-aa53-e5bf66225e2b,be5510fb-b4ef-4a2c-9d0e-71ac9614468e,c2,c1,1260,i6,?,
1769473516.6949227,SENT,ab672228-8e53-46d3-aa53-e5bf66225e2b,be5510fb-b4ef-4a2c-9d0e-71ac9614468e,c2,c1,871,?,p1,
1769473516.6950042,FORWARDED,ab672228-8e53-46d3-aa53-e5bf66225e2b,be5510fb-b4ef-4a2c-9d0e-71ac9614468e,c2,c1,871,?,p1,
1769473517.7850296,RECEIVED,e185a8e3-0d44-4f3f-a130-d80b1f331e8b,0c7a82c0-23bb-4a13-a232-1a7d8ed8cb91,c5,c4,1253,i2,?,
1769473517.8029308,SENT,e185a8e3-0d44-4f3f-a130-d80b1f331e8b,0c7a82c0-23bb-4a13-a232-1a7d8ed8cb91,c5,c4,867,?,p1,
1769473517.8030787,FORWARDED,e185a8e3-0d44-4f3f-a130-d80b1f331e8b,0c7a82c0-23bb-4a13-a232-1a7d8ed8cb91,c5,c4,867,?,p1,
1769473521.2488134,RECEIVED,e0600a7a-ea89-45ca-b773-bb16b578fe4c,f31b112a-5176-45a3-8eee-0f4ac0468dad,c4,c1,1251,i11,?,
1769473521.6063848,RECEIVED,d0db6d9d-7118-4a4f-b4cc-830c44fac7a4,386096c7-6907-46e2-b111-100363810648,c3,c4,1257,i7,?,
1769473521.6731682,SENT,d0db6d9d-7118-4a4f-b4cc-830c44fac7a4,386096c7-6907-46e2-b111-100363810648,c3,c4,868,?,p1,
1769473521.6733146,FORWARDED,d0db6d9d-7118-4a4f-b4cc-830c44fac7a4,386096c7-6907-46e2-b111-100363810648,c3,c4,868,?,p1,
1769473522.0244772,SENT,e0600a7a-ea89-45ca-b773-bb16b578fe4c,f31b112a-5176-45a3-8eee-0f4ac0468dad,c4,c1,867,?,p1,
1769473522.0246284,FORWARDED,e0600a7a-ea89-45ca-b773-bb16b578fe4c,f31b112a-5176-45a3-8eee-0f4ac0468dad,c4,c1,867,?,p1,
1769473523.4503644,RECEIVED,66aab6eb-9693-4173-84cf-6b9a088a8a04,5ab8e43b-a91e-4ad9-9474-1e0d32b391da,c3,c4,1256,i8,?,
1769473523.571376,SENT,66aab6eb-9693-4173-84cf-6b9a088a8a04,5ab8e43b-a91e-4ad9-9474-1e0d32b391da,c3,c4,868,?,p1,
1769473523.5715053,FORWARDED,66aab6eb-9693-4173-84cf-6b9a088a8a04,5ab8e43b-a91e-4ad9-9474-1e0d32b391da,c3,c4,868,?,p1,
1769473524.3724997,RECEIVED,5cfcb5a3-d40f-4195-a926-1e0a2f4896ad,4a663d63-ae15-47a7-a0b7-a106b77156da,c4,c1,1264,i6,?,
1769473524.449892,SENT,5cfcb5a3-d40f-4195-a926-1e0a2f4896ad,4a663d63-ae15-47a7-a0b7-a106b77156da,c4,c1,875,?,p1,
1769473524.4500246,FORWARDED,5cfcb5a3-d40f-4195-a926-1e0a2f4896ad,4a663d63-ae15-47a7-a0b7-a106b77156da,c4,c1,875,?,p1,
1769473525.2680345,RECEIVED,90dc0052-173f-4adf-952e-b8a1b0a45df0,d36b9d63-8269-41c4-9d03-e0209697ac88,c2,c1,1255,i12,?,
1769473525.7216249,RECEIVED,e74bce88-2ae9-46f3-a385-f668d7ef2f0d,1236b27b-bb2d-47b8-b1a5-0c66c2cbbce3,c1,c2,1256,i2,?,
1769473525.7791245,SENT,e74bce88-2ae9-46f3-a385-f668d7ef2f0d,1236b27b-bb2d-47b8-b1a5-0c66c2cbbce3,c1,c2,868,?,p2,
1769473525.7792623,FORWARDED,e74bce88-2ae9-46f3-a385-f668d7ef2f0d,1236b27b-bb2d-47b8-b1a5-0c66c2cbbce3,c1,c2,868,?,p2,
1769473525.8335085,RECEIVED,f4dcce0d-2c3b-42db-afe1-a7f1263b8a31,7d83ad34-9dc5-432b-95ce-095f7c5b36ca,c4,c1,1260,i10,?,
1769473526.0000098,SENT,f4dcce0d-2c3b-42db-afe1-a7f1263b8a31,7d83ad34-9dc5-432b-95ce-095f7c5b36ca,c4,c1,871,?,p1,
1769473526.0001667,FORWARDED,f4dcce0d-2c3b-42db-afe1-a7f1263b8a31,7d83ad34-9dc5-432b-95ce-095f7c5b36ca,c4,c1,871,?,p1,
1769473526.0428257,SENT,90dc0052-173f-4adf-952e-b8a1b0a45df0,d36b9d63-8269-41c4-9d03-e0209697ac88,c2,c1,868,?,p1,
1769473526.042955,FORWARDED,90dc0052-173f-4adf-952e-b8a1b0a45df0,d36b9d63-8269-41c4-9d03-e0209697ac88,c2,c1,868,?,p1,
1769473526.4685078,RECEIVED,ad09bb16-7721-406d-8e95-0e89bf050979,22a7d64a-214d-4c0b-aaba-7d3562291d18,c1,c2,1260,i6,?,
1769473526.5608761,SENT,ad09bb16-7721-406d-8e95-0e89bf050979,22a7d64a-214d-4c0b-aaba-7d3562291d18,c1,c2,871,?,p2,
1769473526.5610049,FORWARDED,ad09bb16-7721-406d-8e95-0e89bf050979,22a7d64a-214d-4c0b-aaba-7d3562291d18,c1,c2,871,?,p2,
1769473526.8164046,RECEIVED,7126169f-68d5-4c75-a5d7-41dbedc57fdf,f3a56dbf-4365-4a77-9238-3341e01c952e,c5,c4,1259,i11,?,
1769473527.6262069,SENT,7126169f-68d5-4c75-a5d7-41dbedc57fdf,f3a56dbf-4365-4a77-9238-3341e01c952e,c5,c4,871,?,p1,
1769473527.626337,FORWARDED,7126169f-68d5-4c75-a5d7-41dbedc57fdf,f3a56dbf-4365-4a77-9238-3341e01c952e,c5,c4,871,?,p1,
1769473528.3382492,RECEIVED,1c99e703-ff8a-4aaa-9c18-0594aa6391c0,51d106bd-bd67-431b-bc0b-068f1057f1ee,c2,c1,1255,i7,?,
1769473528.385936,RECEIVED,5f627f62-f190-4386-a82d-e470686498d8,cbcf82a6-7b4d-4c67-8298-987a24c9618f,c3,c4,1259,i1,?,
1769473528.7047994,SENT,1c99e703-ff8a-4aaa-9c18-0594aa6391c0,51d106bd-bd67-431b-bc0b-068f1057f1ee,c2,c1,868,?,p1,
1769473528.7049303,FORWARDED,1c99e703-ff8a-4aaa-9c18-0594aa6391c0,51d106bd-bd67-431b-bc0b-068f1057f1ee,c2,c1,868,?,p1,
1769473528.782857,SENT,5f627f62-f190-4386-a82d-e470686498d8,cbcf82a6-7b4d-4c67-8298-987a24c9618f,c3,c4,871,?,p1,
1769473528.782983,FORWARDED,5f627f62-f190-4386-a82d-e470686498d8,cbcf82a6-7b4d-4c67-8298-987a24c9618f,c3,c4,871,?,p1,
1769473529.317021,RECEIVED,44d6f078-ec5f-4170-b407-93150e7efbab,6193f500-6b9e-4c6b-b6ff-a073a9fd1fea,c5,c4,1255,i6,?,
1769473530.1587276,SENT,44d6f078-ec5f-4170-b407-93150e7efbab,6193f500-6b9e-4c6b-b6ff-a073a9fd1fea,c5,c4,868,?,p1,
1769473530.1588576,FORWARDED,44d6f078-ec5f-4170-b407-93150e7efbab,6193f500-6b9e-4c6b-b6ff-a073a9fd1fea,c5,c4,868,?,p1,
1769473530.3504322,RECEIVED,bf73808e-80a3-4b18-b191-ad6977c7c251,c8e8b58d-9206-4591-adb3-5f8fdd038625,c4,c1,1260,i4,?,
1769473530.4168935,SENT,bf73808e-80a3-4b18-b191-ad6977c7c251,c8e8b58d-9206-4591-adb3-5f8fdd038625,c4,c1,871,?,p1,
1769473530.417042,FORWARDED,bf73808e-80a3-4b18-b191-ad6977c7c251,c8e8b58d-9206-4591-adb3-5f8fdd038625,c4,c1,871,?,p1,
1769473531.058548,RECEIVED,d02c3c9a-41f0-483c-9d65-4a7ba5224f77,d25cccfb-8594-4c2e-8bbd-adea3f2db8a2,c1,c2,1251,i9,?,
1769473531.3505287,RECEIVED,e1b1241b-54c3-4a68-ba90-94a2bc9d0efc,396f0df2-f6af-4fd6-a9b2-789855f76f2d,c3,c4,1248,i4,?,
1769473531.4007463,SENT,e1b1241b-54c3-4a68-ba90-94a2bc9d0efc,396f0df2-f6af-4fd6-a9b2-789855f76f2d,c3,c4,863,?,p1,
1769473531.4008753,FORWARDED,e1b1241b-54c3-4a68-ba90-94a2bc9d0efc,396f0df2-f6af-4fd6-a9b2-789855f76f2d,c3,c4,863,?,p1,
1769473531.6056945,RECEIVED,edeca49c-ed59-430b-aa90-38fe9587a021,b6c69910-88a6-4d5d-af8d-4d74facdaf28,c3,c4,1251,i10,?,
1769473532.0922606,SENT,d02c3c9a-41f0-483c-9d65-4a7ba5224f77,d25cccfb-8594-4c2e-8bbd-adea3f2db8a2,c1,c2,867,?,p2,
1769473532.0923858,FORWARDED,d02c3c9a-41f0-483c-9d65-4a7ba5224f77,d25cccfb-8594-4c2e-8bbd-adea3f2db8a2,c1,c2,867,?,p2,
1769473532.531654,RECEIVED,22ee1ad5-a8a3-4d9a-982e-be73f821d6b3,ca50ee20-35fa-4e7c-aba1-a78770df216a,c1,c2,1264,i7,?,
1769473533.007809,SENT,22ee1ad5-a8a3-4d9a-982e-be73f821d6b3,ca50ee20-35fa-4e7c-aba1-a78770df216a,c1,c2,876,?,p2,
1769473533.0079477,FORWARDED,22ee1ad5-a8a3-4d9a-982e-be73f821d6b3,ca50ee20-35fa-4e7c-aba1-a78770df216a,c1,c2,876,?,p2,
1769473533.0619984,RECEIVED,5bed7ac0-be96-43b5-bd41-d45925b256ff,402dcc66-f8ab-480e-9a24-37b652cd1b3d,c2,DROP,687,i3,?,
1769473533.2527852,SENT,edeca49c-ed59-430b-aa90-38fe9587a021,b6c69910-88a6-4d5d-af8d-4d74facdaf28,c3,c4,867,?,p1,
1769473533.2529142,FORWARDED,edeca49c-ed59-430b-aa90-38fe9587a021,b6c69910-88a6-4d5d-af8d-4d74facdaf28,c3,c4,867,?,p1,
1769473533.3270335,SENT,5bed7ac0-be96-43b5-bd41-d45925b256ff,402dcc66-f8ab-480e-9a24-37b652cd1b3d,c2,DROP,442,?,e8,
1769473533.3272076,FORWARDED,5bed7ac0-be96-43b5-bd41-d45925b256ff,402dcc66-f8ab-480e-9a24-37b652cd1b3d,c2,DROP,442,?,e8,
1769473533.5582528,RECEIVED,f0c2eeee-330c-4c92-93c9-1c377e2cce57,d1137755-567e-45d8-918e-ad42a06bf3b2,c3,c4,1260,i6,?,
1769473533.6770954,SENT,f0c2eeee-330c-4c92-93c9-1c377e2cce57,d1137755-567e-45d8-918e-ad42a06bf3b2,c3,c4,872,?,p1,
1769473533.677212,FORWARDED,f0c2eeee-330c-4c92-93c9-1c377e2cce57,d1137755-567e-45d8-918e-ad42a06bf3b2,c3,c4,872,?,p1,
1769473534.7988214,RECEIVED,488aae57-0277-49c3-bad6-0ea3f5d46b36,4578cf19-7d18-4459-b721-6fffceeaa6bf,c1,c2,1264,i11,?,
1769473535.0038216,SENT,488aae57-0277-49c3-bad6-0ea3f5d46b36,4578cf19-7d18-4459-b721-6fffceeaa6bf,c1,c2,875,?,p2,
1769473535.0039442,FORWARDED,488aae57-0277-49c3-bad6-0ea3f5d46b36,4578cf19-7d18-4459-b721-6fffceeaa6bf,c1,c2,875,?,p2,
1769473535.738549,RECEIVED,cf7c13a0-b5f5-437b-a6e6-514fe3e92818,0dde310b-6ed3-4d20-8451-af10b67fbb31,c5,c4,1256,i1,?,
1769473535.8836737,RECEIVED,42cb43fd-2f09-4931-8c62-2f322c6769fe,5edf5af5-4b0c-482a-b613-93503b6027d7,c1,c2,1255,i2,?,
1769473536.0829625,SENT,cf7c13a0-b5f5-437b-a6e6-514fe3e92818,0dde310b-6ed3-4d20-8451-af10b67fbb31,c5,c4,868,?,p1,
1769473536.0831544,FORWARDED,cf7c13a0-b5f5-437b-a6e6-514fe3e92818,0dde310b-6ed3-4d20-8451-af10b67fbb31,c5,c4,868,?,p1,
1769473536.9014711,SENT,42cb43fd-2f09-4931-8c62-2f322c6769fe,5edf5af5-4b0c-482a-b613-93503b6027d7,c1,c2,868,?,p2,
1769473536.9015908,FORWARDED,42cb43fd-2f09-4931-8c62-2f322c6769fe,5edf5af5-4b0c-482a-b613-93503b6027d7,c1,c2,868,?,p2,
1769473537.064158,RECEIVED,8986b066-0ed4-4eba-8035-565605cd930f,3f96efe9-f75d-4efb-a2dd-a853072a7c5f,c1,c2,1252,i2,?,
1769473537.4799507,SENT,8986b066-0ed4-4eba-8035-565605cd930f,3f96efe9-f75d-4efb-a2dd-a853072a7c5f,c1,c2,867,?,p2,
1769473537.4800937,FORWARDED,8986b066-0ed4-4eba-8035-565605cd930f,3f96efe9-f75d-4efb-a2dd-a853072a7c5f,c1,c2,867,?,p2,
1769473537.5677094,RECEIVED,252011d6-4a2c-475d-83ac-2ef5d66a4fd7,6e3e6d2b-274b-4813-abd7-935b0d90c4c8,c1,c2,1259,i2,?,
1769473538.1364162,SENT,252011d6-4a2c-475d-83ac-2ef5d66a4fd7,6e3e6d2b-274b-4813-abd7-935b0d90c4c8,c1,c2,872,?,p2,
1769473538.136501,FORWARDED,252011d6-4a2c-475d-83ac-2ef5d66a4fd7,6e3e6d2b-274b-4813-abd7-935b0d90c4c8,c1,c2,872,?,p2,
1769473539.7003706,RECEIVED,8c59af00-b169-4128-a59e-c9c3447e9690,bcd10a36-c17c-480c-98d8-473a3c6eea58,c4,c1,1268,i10,?,
1769473539.9721675,RECEIVED,c6988da4-befa-42e6-bc48-adbe8f7e2d5b,acdd9b34-fbc4-481d-8dc5-02f5cab3b0f6,c2,DROP,683,i1,?,
1769473539.9765775,SENT,8c59af00-b169-4128-a59e-c9c3447e9690,bcd10a36-c17c-480c-98d8-473a3c6eea58,c4,c1,877,?,p1,
1769473539.9766922,FORWARDED,8c59af00-b169-4128-a59e-c9c3447e9690,bcd10a36-c17c-480c-98d8-473a3c6eea58,c4,c1,877,?,p1,
1769473540.5763078,SENT,c6988da4-befa-42e6-bc48-adbe8f7e2d5b,acdd9b34-fbc4-481d-8dc5-02f5cab3b0f6,c2,DROP,441,?,e9,
1769473540.5764399,FORWARDED,c6988da4-befa-42e6-bc48-adbe8f7e2d5b,acdd9b34-fbc4-481d-8dc5-02f5cab3b0f6,c2,DROP,441,?,e9,
1769473541.4808831,RECEIVED,15e85508-5611-413b-999b-bd8d05c8c6c5,4f6d6176-0240-4ca0-9e84-b8c0b929f07d,c1,c2,1251,i2,?,
1769473542.08154,SENT,15e85508-5611-413b-999b-bd8d05c8c6c5,4f6d6176-0240-4ca0-9e84-b8c0b929f07d,c1,c2,867,?,p2,
1769473542.0816686,FORWARDED,15e85508-5611-413b-999b-bd8d05c8c6c5,4f6d6176-0240-4ca0-9e84-b8c0b929f07d,c1,c2,867,?,p2,
1769473544.668676,RECEIVED,226029b1-7c57-4e66-8591-6e6645993e98,c92788b8-14a4-4b45-94ad-2c3caf5d69cd,c1,c2,1259,i8,?,
1769473545.3897398,SENT,226029b1-7c57-4e66-8591-6e6645993e98,c92788b8-14a4-4b45-94ad-2c3caf5d69cd,c1,c2,872,?,p2,
1769473545.389872,FORWARDED,226029b1-7c57-4e66-8591-6e6645993e98,c92788b8-14a4-4b45-94ad-2c3caf5d69cd,c1,c2,872,?,p2,
1769473545.8276958,RECEIVED,740ed948-2053-4fc8-a728-994ef675311f,675c0bd4-d600-4f27-883f-4e7cd428c618,c3,c4,1260,i7,?,
1769473545.9262478,SENT,740ed948-2053-4fc8-a728-994ef675311f,675c0bd4-d600-4f27-883f-4e7cd428c618,c3,c4,871,?,p1,
1769473545.9263203,FORWARDED,740ed948-2053-4fc8-a728-994ef675311f,675c0bd4-d600-4f27-883f-4e7cd428c618,c3,c4,871,?,p1,
1769473546.3505104,RECEIVED,484f66c4-9683-4008-9a20-8edbc9122622,bfc6de0a-3774-4504-a7ef-f66523a3dfef,c4,c1,1250,i12,?,
1769473546.6671314,RECEIVED,4845b26d-bbcd-4fcf-8b70-131fa886ac64,071d8448-d4aa-4dec-99bf-04eb1e0df1b7,c3,c4,1252,i8,?,
1769473546.7584038,SENT,4845b26d-bbcd-4fcf-8b70-131fa886ac64,071d8448-d4aa-4dec-99bf-04eb1e0df1b7,c3,c4,866,?,p1,
1769473546.75853,FORWARDED,4845b26d-bbcd-4fcf-8b70-131fa886ac64,071d8448-d4aa-4dec-99bf-04eb1e0df1b7,c3,c4,866,?,p1,
1769473546.765135,RECEIVED,76c6ed95-4582-46f8-af1f-03961a3515c0,20b31caa-e9aa-4e6d-8165-476a5c880b4c,c1,c2,1250,i12,?,
1769473546.9139647,SENT,484f66c4-9683-4008-9a20-8edbc9122622,bfc6de0a-3774-4504-a7ef-f66523a3dfef,c4,c1,867,?,p1,
1769473546.9140725,FORWARDED,484f66c4-9683-4008-9a20-8edbc9122622,bfc6de0a-3774-4504-a7ef-f66523a3dfef,c4,c1,867,?,p1,
1769473547.546413,RECEIVED,0f9a968f-74cb-44b3-9bc9-b438aa768518,a894306b-5843-46fd-8894-3e982cbe4149,c2,c1,1251,i3,?,
1769473547.8451912,SENT,0f9a968f-74cb-44b3-9bc9-b438aa768518,a894306b-5843-46fd-8894-3e982cbe4149,c2,c1,867,?,p1,
1769473547.8453245,FORWARDED,0f9a968f-74cb-44b3-9bc9-b438aa768518,a894306b-5843-46fd-8894-3e982cbe4149,c2,c1,867,?,p1,
1769473548.2787504,SENT,76c6ed95-4582-46f8-af1f-03961a3515c0,20b31caa-e9aa-4e6d-8165-476a5c880b4c,c1,c2,867,?,p2,
1769473548.2789044,FORWARDED,76c6ed95-4582-46f8-af1f-03961a3515c0,20b31caa-e9aa-4e6d-8165-476a5c880b4c,c1,c2,867,?,p2,
1769473549.3687794,RECEIVED,7da83904-d1f0-4e18-8137-f72256242f20,da9182bb-9374-46a0-bc28-0dac5d45c8be,c2,c1,1246,i9,?,
1769473549.7743917,SENT,7da83904-d1f0-4e18-8137-f72256242f20,da9182bb-9374-46a0-bc28-0dac5d45c8be,c2,c1,863,?,p1,
1769473549.7745173,FORWARDED,7da83904-d1f0-4e18-8137-f72256242f20,da9182bb-9374-46a0-bc28-0dac5d45c8be,c2,c1,863,?,p1,
1769473550.0693269,RECEIVED,c9d3ab83-6b98-438f-a21f-7ad519753ec3,3f130468-4d3e-4030-994d-6712a93688e6,c2,c1,1252,i10,?,
1769473550.1553698,SENT,c9d3ab83-6b98-438f-a21f-7ad519753ec3,3f130468-4d3e-4030-994d-6712a93688e6,c2,c1,867,?,p1,
1769473550.155633,FORWARDED,c9d3ab83-6b98-438f-a21f-7ad519753ec3,3f130468-4d3e-4030-994d-6712a93688e6,c2,c1,867,?,p1,
1769473550.3508732,RECEIVED,ec00a2f7-1c11-4058-bf6d-4d5653e89c3b,63c8764d-7ba2-45ab-a1f1-8c27893724df,c1,c2,1253,i4,?,
1769473550.6012697,RECEIVED,8cdabbb4-8cef-4c78-a2dd-d6a1162876c1,5b8b6bd1-8a60-43df-83d9-7ede6cda324f,c4,c1,1253,i4,?,
1769473550.663169,SENT,8cdabbb4-8cef-4c78-a2dd-d6a1162876c1,5b8b6bd1-8a60-43df-83d9-7ede6cda324f,c4,c1,867,?,p1,
1769473550.663222,FORWARDED,8cdabbb4-8cef-4c78-a2dd-d6a1162876c1,5b8b6bd1-8a60-43df-83d9-7ede6cda324f,c4,c1,867,?,p1,
1769473550.8875613,SENT,ec00a2f7-1c11-4058-bf6d-4d5653e89c3b,63c8764d-7ba2-45ab-a1f1-8c27893724df,c1,c2,868,?,p2,
1769473550.8876905,FORWARDED,ec00a2f7-1c11-4058-bf6d-4d5653e89c3b,63c8764d-7ba2-45ab-a1f1-8c27893724df,c1,c2,868,?,p2,
1769473551.861456,RECEIVED,7366bc36-6336-45f1-9886-dc72fbe1728c,6cfafa81-8c4d-417c-a5f3-a1411bf58244,c5,c4,1255,i11,?,
1769473552.3707426,RECEIVED,53bc2a61-b1cd-456a-aedb-24b2dcededbc,16316057-7fff-4440-95aa-78d96fcee76d,c4,c1,1261,i6,?,
1769473552.3846743,SENT,53bc2a61-b1cd-456a-aedb-24b2dcededbc,16316057-7fff-4440-95aa-78d96fcee76d,c4,c1,873,?,p1,
1769473552.3848035,FORWARDED,53bc2a61-b1cd-456a-aedb-24b2dcededbc,16316057-7fff-4440-95aa-78d96fcee76d,c4,c1,873,?,p1,
1769473552.9036248,SENT,7366bc36-6336-45f1-9886-dc72fbe1728c,6cfafa81-8c4d-417c-a5f3-a1411bf58244,c5,c4,868,?,p1,
1769473552.903759,FORWARDED,7366bc36-6336-45f1-9886-dc72fbe1728c,6cfafa81-8c4d-417c-a5f3-a1411bf58244,c5,c4,868,?,p1,
1769473553.399407,RECEIVED,89da097d-9358-4b99-8979-c8554d9bf0a6,2aa3080a-3a85-4a5e-be94-0470d8be247d,c4,c1,1263,i5,?,
1769473554.2824004,RECEIVED,e46348a2-ac81-410c-9bc4-36dcfb85292a,3ae8cba0-4ede-4f73-9a93-c0981d978729,c3,c4,1263,i8,?,
1769473554.957439,SENT,e46348a2-ac81-410c-9bc4-36dcfb85292a,3ae8cba0-4ede-4f73-9a93-c0981d978729,c3,c4,876,?,p1,
1769473554.957525,FORWARDED,e46348a2-ac81-410c-9bc4-36dcfb85292a,3ae8cba0-4ede-4f73-9a93-c0981d978729,c3,c4,876,?,p1,
1769473555.0568779,RECEIVED,b2c96a78-c915-415f-8607-071cfab670d7,7f0e5448-1556-43e8-8935-4e32b87a7481,c1,c2,1259,i9,?,
1769473555.0873427,RECEIVED,8010dccc-6426-4766-9aa4-9231def90c65,06fb3cfc-9be6-4349-974f-b74d35080fc0,c4,c1,1251,i4,?,
1769473555.3175552,SENT,89da097d-9358-4b99-8979-c8554d9bf0a6,2aa3080a-3a85-4a5e-be94-0470d8be247d,c4,c1,875,?,p1,
1769473555.3176858,FORWARDED,89da097d-9358-4b99-8979-c8554d9bf0a6,2aa3080a-3a85-4a5e-be94-0470d8be247d,c4,c1,875,?,p1,
1769473555.6759646,RECEIVED,41e20f10-f8c4-4ff5-a16e-69b4fbf1bf35,45b6bf90-0cd1-4a32-b8bd-ca773a3dbd41,c4,c1,1255,i11,?,
1769473555.7618368,SENT,b2c96a78-c915-415f-8607-071cfab670d7,7f0e5448-1556-43e8-8935-4e32b87a7481,c1,c2,872,?,p2,
1769473555.7619026,FORWARDED,b2c96a78-c915-415f-8607-071cfab670d7,7f0e5448-1556-43e8-8935-4e32b87a7481,c1,c2,872,?,p2,
1769473556.0166254,RECEIVED,c3e8086b-b43a-430e-ad38-dafb43a7082e,14146e44-7961-4cbf-a956-a9d7a6d39ea0,c3,c4,1252,i8,?,
1769473556.0849323,RECEIVED,749b727f-6a7b-47d3-aff0-84abc12ef191,dcb08f1b-896a-40e6-861a-62e04dd02661,c5,c4,1268,i1,?,
1769473556.1264088,SENT,c3e8086b-b43a-430e-ad38-dafb43a7082e,14146e44-7961-4cbf-a956-a9d7a6d39ea0,c3,c4,867,?,p1,
1769473556.1265392,FORWARDED,c3e8086b-b43a-430e-ad38-dafb43a7082e,14146e44-7961-4cbf-a956-a9d7a6d39ea0,c3,c4,867,?,p1,
1769473556.2546182,SENT,41e20f10-f8c4-4ff5-a16e-69b4fbf1bf35,45b6bf90-0cd1-4a32-b8bd-ca773a3dbd41,c4,c1,869,?,p1,
1769473556.254705,FORWARDED,41e20f10-f8c4-4ff5-a16e-69b4fbf1bf35,45b6bf90-0cd1-4a32-b8bd-ca773a3dbd41,c4,c1,869,?,p1,
1769473556.4757435,SENT,749b727f-6a7b-47d3-aff0-84abc12ef191,dcb08f1b-896a-40e6-861a-62e04dd02661,c5,c4,877,?,p1,
1769473556.4758298,FORWARDED,749b727f-6a7b-47d3-aff0-84abc12ef191,dcb08f1b-896a-40e6-861a-62e04dd02661,c5,c4,877,?,p1,
1769473556.5557044,SENT,8010dccc-6426-4766-9aa4-9231def90c65,06fb3cfc-9be6-4349-974f-b74d35080fc0,c4,c1,867,?,p1,
1769473556.5557902,FORWARDED,8010dccc-6426-4766-9aa4-9231def90c65,06fb3cfc-9be6-4349-974f-b74d35080fc0,c4,c1,867,?,p1,
1769473558.3959787,RECEIVED,499c9e6f-fd3d-4bc1-b9bb-a98cb74dd2bb,5f7b3034-55ae-4304-a6fd-a2cb8eef6f80,c5,c4,1262,i1,?,
1769473558.659431,RECEIVED,d0b30dd9-36a8-4f5e-a66e-b3ad9ba55c68,6a4ed67d-b0ae-4185-9eff-d4d7ddd40641,c3,c4,1252,i4,?,
1769473558.9395869,SENT,d0b30dd9-36a8-4f5e-a66e-b3ad9ba55c68,6a4ed67d-b0ae-4185-9eff-d4d7ddd40641,c3,c4,867,?,p1,
1769473558.9397845,FORWARDED,d0b30dd9-36a8-4f5e-a66e-b3ad9ba55c68,6a4ed67d-b0ae-4185-9eff-d4d7ddd40641,c3,c4,867,?,p1,
1769473559.267576,SENT,499c9e6f-fd3d-4bc1-b9bb-a98cb74dd2bb,5f7b3034-55ae-4304-a6fd-a2cb8eef6f80,c5,c4,875,?,p1,
1769473559.2676764,FORWARDED,499c9e6f-fd3d-4bc1-b9bb-a98cb74dd2bb,5f7b3034-55ae-4304-a6fd-a2cb8eef6f80,c5,c4,875,?,p1,
1769473559.5667076,RECEIVED,3ee12900-454e-4c8d-8afb-6c80acd53e1c,5079af9d-2fa6-4402-8962-9da89faaa4ee,c4,c1,1260,i2,?,
1769473559.7936797,SENT,3ee12900-454e-4c8d-8afb-6c80acd53e1c,5079af9d-2fa6-4402-8962-9da89faaa4ee,c4,c1,871,?,p1,
1769473559.7941103,FORWARDED,3ee12900-454e-4c8d-8afb-6c80acd53e1c,5079af9d-2fa6-4402-8962-9da89faaa4ee,c4,c1,871,?,p1,
1769473560.2612982,RECEIVED,fcc62220-253d-4b95-824f-a0976218f323,0693f8e0-f4e6-46f9-bc66-3c9dc5cf63cb,c2,c1,1256,i2,?,
1769473560.3592637,SENT,fcc62220-253d-4b95-824f-a0976218f323,0693f8e0-f4e6-46f9-bc66-3c9dc5cf63cb,c2,c1,868,?,p1,
1769473560.359394,FORWARDED,fcc62220-253d-4b95-824f-a0976218f323,0693f8e0-f4e6-46f9-bc66-3c9dc5cf63cb,c2,c1,868,?,p1,
1769473561.582751,RECEIVED,adb42538-f78f-4a2b-bfa4-b27111063df1,ca618e97-81ab-417d-9923-bad8dc05561b,c3,c4,1255,i11,?,
1769473562.0847971,RECEIVED,2b091606-5cd3-4c04-9477-8a7dc25dc248,6749148a-f840-454b-99ad-3721a2ab6f36,c3,c4,1252,i3,?,
1769473562.313523,SENT,2b091606-5cd3-4c04-9477-8a7dc25dc248,6749148a-f840-454b-99ad-3721a2ab6f36,c3,c4,866,?,p1,
1769473562.3136585,FORWARDED,2b091606-5cd3-4c04-9477-8a7dc25dc248,6749148a-f840-454b-99ad-3721a2ab6f36,c3,c4,866,?,p1,
1769473562.878097,SENT,adb42538-f78f-4a2b-bfa4-b27111063df1,ca618e97-81ab-417d-9923-bad8dc05561b,c3,c4,870,?,p1,
1769473562.8782322,FORWARDED,adb42538-f78f-4a2b-bfa4-b27111063df1,ca618e97-81ab-417d-9923-bad8dc05561b,c3,c4,870,?,p1,
1769473564.946754,RECEIVED,4ce1f353-289c-4c1b-a7eb-7ad0f45dd67c,a815dee4-140f-426a-90a6-0295510538fb,c5,c4,1255,i8,?,
1769473565.8759317,SENT,4ce1f353-289c-4c1b-a7eb-7ad0f45dd67c,a815dee4-140f-426a-90a6-0295510538fb,c5,c4,868,?,p1,
1769473565.876027,FORWARDED,4ce1f353-289c-4c1b-a7eb-7ad0f45dd67c,a815dee4-140f-426a-90a6-0295510538fb,c5,c4,868,?,p1,
1769473566.427947,RECEIVED,a6eaf702-2110-4791-b07b-c25dfb1fdc74,a0d60a82-941b-44a9-bfca-aeecbae1c3e8,c4,c1,1260,i7,?,
1769473566.5723398,SENT,a6eaf702-2110-4791-b07b-c25dfb1fdc74,a0d60a82-941b-44a9-bfca-aeecbae1c3e8,c4,c1,872,?,p1,
1769473566.5724905,FORWARDED,a6eaf702-2110-4791-b07b-c25dfb1fdc74,a0d60a82-941b-44a9-bfca-aeecbae1c3e8,c4,c1,872,?,p1,
1769473566.9856076,RECEIVED,20c79f5c-985d-4474-88ff-1df45df546ea,6bb1874b-bf63-4c06-8e15-0d838a6d263e,c5,c4,1255,i9,?,
1769473567.2160962,SENT,20c79f5c-985d-4474-88ff-1df45df546ea,6bb1874b-bf63-4c06-8e15-0d838a6d263e,c5,c4,870,?,p1,
1769473567.2161644,FORWARDED,20c79f5c-985d-4474-88ff-1df45df546ea,6bb1874b-bf63-4c06-8e15-0d838a6d263e,c5,c4,870,?,p1,
1769473569.1771772,RECEIVED,6626a84f-db50-4133-94f7-570b945d3b72,c86e8001-cef5-453d-a29e-dea0b920dfa7,c5,c4,1264,i11,?,
1769473569.273805,SENT,6626a84f-db50-4133-94f7-570b945d3b72,c86e8001-cef5-453d-a29e-dea0b920dfa7,c5,c4,875,?,p1,
1769473569.2739327,FORWARDED,6626a84f-db50-4133-94f7-570b945d3b72,c86e8001-cef5-453d-a29e-dea0b920dfa7,c5,c4,875,?,p1,
1769473569.6954086,RECEIVED,ca4f647e-11d9-4291-be09-ff86cc465d46,3315fbf6-0690-4f09-ac45-8dca2237e226,c1,c2,1256,i12,?,
1769473569.7967591,RECEIVED,eec764b1-c038-45a1-b8b1-6e4fea509077,e39ce3e7-780f-4286-a53b-b830aa22a234,c4,c1,1252,i6,?,
1769473570.0638988,SENT,ca4f647e-11d9-4291-be09-ff86cc465d46,3315fbf6-0690-4f09-ac45-8dca2237e226,c1,c2,868,?,p2,
1769473570.0639858,FORWARDED,ca4f647e-11d9-4291-be09-ff86cc465d46,3315fbf6-0690-4f09-ac45-8dca2237e226,c1,c2,868,?,p2,
1769473570.0670435,SENT,eec764b1-c038-45a1-b8b1-6e4fea509077,e39ce3e7-780f-4286-a53b-b830aa22a234,c4,c1,867,?,p1,
1769473570.0671566,FORWARDED,eec764b1-c038-45a1-b8b1-6e4fea509077,e39ce3e7-780f-4286-a53b-b830aa22a234,c4,c1,867,?,p1,
1769473572.2132072,RECEIVED,4f867fea-1899-4043-b2e3-91db76e70763,1f0014d4-962b-4e47-a7dd-9d689cf49d43,c2,c1,1260,i8,?,
1769473572.5343869,SENT,4f867fea-1899-4043-b2e3-91db76e70763,1f0014d4-962b-4e47-a7dd-9d689cf49d43,c2,c1,873,?,p1,
1769473572.5345447,FORWARDED,4f867fea-1899-4043-b2e3-91db76e70763,1f0014d4-962b-4e47-a7dd-9d689cf49d43,c2,c1,873,?,p1,
1769473572.9297748,RECEIVED,a89be7ff-4796-4c3a-a809-7164f51e7e06,bcb899e8-1c30-4981-9db0-fa258c9356d9,c3,c4,1265,i5,?,
1769473572.947196,SENT,a89be7ff-4796-4c3a-a809-7164f51e7e06,bcb899e8-1c30-4981-9db0-fa258c9356d9,c3,c4,875,?,p1,
1769473572.9473243,FORWARDED,a89be7ff-4796-4c3a-a809-7164f51e7e06,bcb899e8-1c30-4981-9db0-fa258c9356d9,c3,c4,875,?,p1,
1769473573.6531668,RECEIVED,b57e2d6c-181e-4771-9019-253f6300faa9,43b1ac4c-ea3e-4c42-ba8c-80ebe37ce909,c1,c2,1252,i6,?,
1769473573.666156,RECEIVED,318977d0-baa3-457b-8e4a-5074885ddb93,25650352-4bf7-49dc-8619-6a18e5c6a8b6,c5,c4,1255,i9,?,
1769473573.7695985,RECEIVED,8d620132-ee6f-4ea6-a9b5-d0632305eb46,da296d4f-0b11-4370-b8c9-78b13d605622,c4,c1,1253,i7,?,
1769473573.8103256,SENT,8d620132-ee6f-4ea6-a9b5-d0632305eb46,da296d4f-0b11-4370-b8c9-78b13d605622,c4,c1,866,?,p1,
1769473573.8104877,FORWARDED,8d620132-ee6f-4ea6-a9b5-d0632305eb46,da296d4f-0b11-4370-b8c9-78b13d605622,c4,c1,866,?,p1,
1769473573.8159473,SENT,b57e2d6c-181e-4771-9019-253f6300faa9,43b1ac4c-ea3e-4c42-ba8c-80ebe37ce909,c1,c2,867,?,p2,
1769473573.8160903,FORWARDED,b57e2d6c-181e-4771-9019-253f6300faa9,43b1ac4c-ea3e-4c42-ba8c-80ebe37ce909,c1,c2,867,?,p2,
1769473574.2273142,RECEIVED,f18902c5-7dd8-4ce4-943f-a5057ccaecda,eac25dc3-317a-49f9-9caa-efd0c811d0a7,c3,c4,1251,i9,?,
1769473574.3138475,SENT,318977d0-baa3-457b-8e4a-5074885ddb93,25650352-4bf7-49dc-8619-6a18e5c6a8b6,c5,c4,868,?,p1,
1769473574.313934,FORWARDED,318977d0-baa3-457b-8e4a-5074885ddb93,25650352-4bf7-49dc-8619-6a18e5c6a8b6,c5,c4,868,?,p1,
1769473574.4726164,RECEIVED,1d675d56-4dfb-44e1-b4d4-9737b4bb0b99,c99f44c1-0f21-4e22-83b1-d8f900d9dd05,c3,c4,1260,i9,?,
1769473574.718352,SENT,f18902c5-7dd8-4ce4-943f-a5057ccaecda,eac25dc3-317a-49f9-9caa-efd0c811d0a7,c3,c4,867,?,p1,
1769473574.7184691,FORWARDED,f18902c5-7dd8-4ce4-943f-a5057ccaecda,eac25dc3-317a-49f9-9caa-efd0c811d0a7,c3,c4,867,?,p1,
1769473574.858863,RECEIVED,cff01273-3256-4c9e-a124-eabc82a218ed,870dce2b-f953-411c-a5c1-b92e4b9216eb,c5,c4,1259,i12,?,
1769473574.8606641,SENT,1d675d56-4dfb-44e1-b4d4-9737b4bb0b99,c99f44c1-0f21-4e22-83b1-d8f900d9dd05,c3,c4,871,?,p1,
1769473574.8607738,FORWARDED,1d675d56-4dfb-44e1-b4d4-9737b4bb0b99,c99f44c1-0f21-4e22-83b1-d8f900d9dd05,c3,c4,871,?,p1,
1769473575.1745133,SENT,cff01273-3256-4c9e-a124-eabc82a218ed,870dce2b-f953-411c-a5c1-b92e4b9216eb,c5,c4,872,?,p1,
1769473575.1745763,FORWARDED,cff01273-3256-4c9e-a124-eabc82a218ed,870dce2b-f953-411c-a5c1-b92e4b9216eb,c5,c4,872,?,p1,
1769473575.9335299,RECEIVED,7c68be0e-cda0-4741-993e-7e64dfe2b43e,642b9c69-339d-45fd-9ca8-fe10afc5e06d,c1,c2,1251,i7,?,
1769473576.4761932,SENT,7c68be0e-cda0-4741-993e-7e64dfe2b43e,642b9c69-339d-45fd-9ca8-fe10afc5e06d,c1,c2,867,?,p2,
1769473576.4763103,FORWARDED,7c68be0e-cda0-4741-993e-7e64dfe2b43e,642b9c69-339d-45fd-9ca8-fe10afc5e06d,c1,c2,867,?,p2,
1769473576.5745878,RECEIVED,4994722c-c935-4120-9e26-a480db1ae45f,18bbb410-3e1d-4ac5-81ec-0d6a56d4796b,c3,c4,1250,i8,?,
1769473576.7803216,RECEIVED,9a4d0c3d-0e5d-4503-8ae5-24ed3e923e73,340f3ee6-fc05-4e47-945f-b708f2321e19,c1,c2,1250,i5,?,
1769473576.9828207,SENT,4994722c-c935-4120-9e26-a480db1ae45f,18bbb410-3e1d-4ac5-81ec-0d6a56d4796b,c3,c4,867,?,p1,
1769473576.9829013,FORWARDED,4994722c-c935-4120-9e26-a480db1ae45f,18bbb410-3e1d-4ac5-81ec-0d6a56d4796b,c3,c4,867,?,p1,
1769473577.884779,RECEIVED,a9721e5c-ebe1-4591-a1d5-d7cb58bf5e31,dd96604f-409c-4ffa-81ab-b70de0023fd7,c2,c1,1259,i1,?,
1769473578.3066397,SENT,a9721e5c-ebe1-4591-a1d5-d7cb58bf5e31,dd96604f-409c-4ffa-81ab-b70de0023fd7,c2,c1,871,?,p1,
1769473578.3067183,FORWARDED,a9721e5c-ebe1-4591-a1d5-d7cb58bf5e31,dd96604f-409c-4ffa-81ab-b70de0023fd7,c2,c1,871,?,p1,
1769473578.4186616,RECEIVED,35205665-dbaf-474a-b4a9-a27d4fc51c79,534e8d47-64ee-4697-bcc9-0093fe5b7118,c3,c4,1252,i1,?,
1769473578.6892352,SENT,9a4d0c3d-0e5d-4503-8ae5-24ed3e923e73,340f3ee6-fc05-4e47-945f-b708f2321e19,c1,c2,867,?,p2,
1769473578.6893466,FORWARDED,9a4d0c3d-0e5d-4503-8ae5-24ed3e923e73,340f3ee6-fc05-4e47-945f-b708f2321e19,c1,c2,867,?,p2,
1769473578.8882377,SENT,35205665-dbaf-474a-b4a9-a27d4fc51c79,534e8d47-64ee-4697-bcc9-0093fe5b7118,c3,c4,867,?,p1,
1769473578.8883195,FORWARDED,35205665-dbaf-474a-b4a9-a27d4fc51c79,534e8d47-64ee-4697-bcc9-0093fe5b7118,c3,c4,867,?,p1,
1769473579.786261,RECEIVED,9904a325-4460-4454-910e-3a537c452865,f2c0e19a-d142-494e-8730-7a83a2f704d8,c3,DROP,442,x1,?,
1769473580.4051373,RECEIVED,3a3af0de-b469-497c-ac5e-7b2858716063,21d08841-198a-4161-aeaf-b76cf724c7f8,c2,c1,1251,i2,?,
1769473580.592561,RECEIVED,dc467dd1-ad68-4414-b744-ba6dafc7e921,1b5662ee-22fa-46ef-a0e5-3477bd277d5b,c2,c1,1264,i10,?,
1769473580.6986492,RECEIVED,b9d48d34-84a1-4ab4-8b46-a5b26432a2b6,15215b5e-57eb-4166-a5ba-ca8399ac7169,c1,c2,1256,i6,?,
1769473580.9063613,SENT,dc467dd1-ad68-4414-b744-ba6dafc7e921,1b5662ee-22fa-46ef-a0e5-3477bd277d5b,c2,c1,876,?,p1,
1769473580.906444,FORWARDED,dc467dd1-ad68-4414-b744-ba6dafc7e921,1b5662ee-22fa-46ef-a0e5-3477bd277d5b,c2,c1,876,?,p1,
1769473581.010573,SENT,b9d48d34-84a1-4ab4-8b46-a5b26432a2b6,15215b5e-57eb-4166-a5ba-ca8399ac7169,c1,c2,870,?,p2,
1769473581.0106587,FORWARDED,b9d48d34-84a1-4ab4-8b46-a5b26432a2b6,15215b5e-57eb-4166-a5ba-ca8399ac7169,c1,c2,870,?,p2,
1769473581.167141,SENT,3a3af0de-b469-497c-ac5e-7b2858716063,21d08841-198a-4161-aeaf-b76cf724c7f8,c2,c1,867,?,p1,
1769473581.1672237,FORWARDED,3a3af0de-b469-497c-ac5e-7b2858716063,21d08841-198a-4161-aeaf-b76cf724c7f8,c2,c1,867,?,p1,
1769473581.5949464,RECEIVED,9763b66d-5bd5-4684-8e9d-7b8dc9279937,96688399-500a-4f82-94b6-674421f450be,c1,c2,1255,i9,?,
1769473582.103317,SENT,9763b66d-5bd5-4684-8e9d-7b8dc9279937,96688399-500a-4f82-94b6-674421f450be,c1,c2,869,?,p2,
1769473582.1034334,FORWARDED,9763b66d-5bd5-4684-8e9d-7b8dc9279937,96688399-500a-4f82-94b6-674421f450be,c1,c2,869,?,p2,
1769473583.415695,RECEIVED,989fefc2-beba-459f-95a5-a4b1f6d6cb55,65a481ee-2ab8-4f12-91d8-0177b1d18caa,c2,c1,1256,i6,?,
1769473583.5255551,SENT,989fefc2-beba-459f-95a5-a4b1f6d6cb55,65a481ee-2ab8-4f12-91d8-0177b1d18caa,c2,c1,868,?,p1,
1769473583.5256743,FORWARDED,989fefc2-beba-459f-95a5-a4b1f6d6cb55,65a481ee-2ab8-4f12-91d8-0177b1d18caa,c2,c1,868,?,p1,
1769473583.6735451,RECEIVED,91c6f6fe-1bc5-441a-9dda-5b0cb1cb6fe8,f03d370c-6487-4cab-b86e-e45b3275e2d3,c4,c1,1264,i10,?,
1769473583.812058,SENT,91c6f6fe-1bc5-441a-9dda-5b0cb1cb6fe8,f03d370c-6487-4cab-b86e-e45b3275e2d3,c4,c1,876,?,p1,
1769473583.8121603,FORWARDED,91c6f6fe-1bc5-441a-9dda-5b0cb1cb6fe8,f03d370c-6487-4cab-b86e-e45b3275e2d3,c4,c1,876,?,p1,
1769473585.1971684,RECEIVED,cc702749-3127-4c38-96ce-037e42ec58e6,a732c786-410b-42fa-9618-597bbd423ca1,c2,c1,1252,i11,?,
1769473586.32013,SENT,cc702749-3127-4c38-96ce-037e42ec58e6,a732c786-410b-42fa-9618-597bbd423ca1,c2,c1,868,?,p1,
1769473586.3202496,FORWARDED,cc702749-3127-4c38-96ce-037e42ec58e6,a732c786-410b-42fa-9618-597bbd423ca1,c2,c1,868,?,p1,
1769473587.1792452,RECEIVED,9bddea19-6a67-4768-85bb-99d5f0fe2465,d26d4fc3-0565-4097-88f9-2910f1319b2f,c5,c4,1259,i4,?,
1769473588.0544071,SENT,9bddea19-6a67-4768-85bb-99d5f0fe2465,d26d4fc3-0565-4097-88f9-2910f1319b2f,c5,c4,872,?,p1,
1769473588.054541,FORWARDED,9bddea19-6a67-4768-85bb-99d5f0fe2465,d26d4fc3-0565-4097-88f9-2910f1319b2f,c5,c4,872,?,p1,
1769473588.4255514,RECEIVED,ba7b9e60-52ec-4a50-beeb-ecd73c5ccbb5,11ce4847-78a9-47be-b4d5-5f1615d14cb9,c4,c1,1260,i12,?,
1769473588.6941352,SENT,ba7b9e60-52ec-4a50-beeb-ecd73c5ccbb5,11ce4847-78a9-47be-b4d5-5f1615d14cb9,c4,c1,873,?,p1,
1769473588.694275,FORWARDED,ba7b9e60-52ec-4a50-beeb-ecd73c5ccbb5,11ce4847-78a9-47be-b4d5-5f1615d14cb9,c4,c1,873,?,p1,
1769473588.7407322,RECEIVED,e5721ee2-ac80-4846-beba-f34995caccec,ec261054-2868-480f-bfce-60635c61b7d8,c1,c2,1251,i5,?,
1769473588.9379284,RECEIVED,8041f9d0-de0c-4619-be47-286ebbd4a162,7d11b9be-db8d-4be7-972c-78916fd9fd92,c2,c1,1263,i7,?,
1769473588.9463995,RECEIVED,8c2b80f6-7b02-40af-9090-7ff73ce2895a,327db4cc-546e-46e9-be1a-aff65296aa8d,c1,c2,1259,i1,?,
1769473589.1984348,RECEIVED,8b8e0bc5-5745-4fd4-8467-f3b51b6b1940,d990c251-58a7-4c4d-8773-6c45192daef6,c3,DROP,442,x3,?,
1769473589.7325983,SENT,e5721ee2-ac80-4846-beba-f34995caccec,ec261054-2868-480f-bfce-60635c61b7d8,c1,c2,866,?,p2,
1769473589.7327304,FORWARDED,e5721ee2-ac80-4846-beba-f34995caccec,ec261054-2868-480f-bfce-60635c61b7d8,c1,c2,866,?,p2,
1769473589.7655017,SENT,8041f9d0-de0c-4619-be47-286ebbd4a162,7d11b9be-db8d-4be7-972c-78916fd9fd92,c2,c1,874,?,p1,
1769473589.7656279,FORWARDED,8041f9d0-de0c-4619-be47-286ebbd4a162,7d11b9be-db8d-4be7-972c-78916fd9fd92,c2,c1,874,?,p1,
1769473590.551829,SENT,8c2b80f6-7b02-40af-9090-7ff73ce2895a,327db4cc-546e-46e9-be1a-aff65296aa8d,c1,c2,871,?,p2,
1769473590.551936,FORWARDED,8c2b80f6-7b02-40af-9090-7ff73ce2895a,327db4cc-546e-46e9-be1a-aff65296aa8d,c1,c2,871,?,p2,
1769473592.7133036,RECEIVED,d50e819b-1509-429b-b1f7-5d9610741dbc,02b59e4b-7cde-44e0-b9ab-b8e85f139ac9,c2,c1,1252,i10,?,
1769473592.8960276,SENT,d50e819b-1509-429b-b1f7-5d9610741dbc,02b59e4b-7cde-44e0-b9ab-b8e85f139ac9,c2,c1,867,?,p1,
1769473592.8962011,FORWARDED,d50e819b-1509-429b-b1f7-5d9610741dbc,02b59e4b-7cde-44e0-b9ab-b8e85f139ac9,c2,c1,867,?,p1,
1769473593.0542545,RECEIVED,c3718a3e-39f0-4d37-9c23-36f28920380f,c7240de4-63c9-43e1-8ba2-5912f1749ffd,c2,c1,1265,i9,?,
1769473593.121099,SENT,c3718a3e-39f0-4d37-9c23-36f28920380f,c7240de4-63c9-43e1-8ba2-5912f1749ffd,c2,c1,876,?,p1,
1769473593.1212213,FORWARDED,c3718a3e-39f0-4d37-9c23-36f28920380f,c7240de4-63c9-43e1-8ba2-5912f1749ffd,c2,c1,876,?,p1,
1769473594.0428183,RECEIVED,46874ef7-35ea-4b5f-8639-b694941fd362,8b504e59-f7b5-4a05-a68b-1ec59f77ffc1,c5,c4,1250,i2,?,
1769473594.4356859,RECEIVED,f7f39de4-8557-4623-a4b6-92242275217c,9dbaa451-3c26-4a42-9b51-0fcca494aaaf,c4,c1,1258,i9,?,
1769473594.847871,SENT,46874ef7-35ea-4b5f-8639-b694941fd362,8b504e59-f7b5-4a05-a68b-1ec59f77ffc1,c5,c4,867,?,p1,
1769473594.8479981,FORWARDED,46874ef7-35ea-4b5f-8639-b694941fd362,8b504e59-f7b5-4a05-a68b-1ec59f77ffc1,c5,c4,867,?,p1,
1769473595.3868394,RECEIVED,d910ebb2-923a-4c57-8784-e18eae245cfe,5ba855af-07dc-4c62-965e-333b6034165e,c2,c1,1251,i1,?,
1769473595.9530804,SENT,d910ebb2-923a-4c57-8784-e18eae245cfe,5ba855af-07dc-4c62-965e-333b6034165e,c2,c1,867,?,p1,
1769473595.9532022,FORWARDED,d910ebb2-923a-4c57-8784-e18eae245cfe,5ba855af-07dc-4c62-965e-333b6034165e,c2,c1,867,?,p1,
1769473596.8230448,RECEIVED,207f746c-ddca-4991-8b74-47805747627f,5f7a69bf-4292-49b4-adf5-80da86c0fd99,c4,c1,1260,i12,?,
1769473596.9460123,SENT,207f746c-ddca-4991-8b74-47805747627f,5f7a69bf-4292-49b4-adf5-80da86c0fd99,c4,c1,871,?,p1,
1769473596.9461768,FORWARDED,207f746c-ddca-4991-8b74-47805747627f,5f7a69bf-4292-49b4-adf5-80da86c0fd99,c4,c1,871,?,p1,
1769473597.3317704,SENT,f7f39de4-8557-4623-a4b6-92242275217c,9dbaa451-3c26-4a42-9b51-0fcca494aaaf,c4,c1,871,?,p1,
1769473597.3319037,FORWARDED,f7f39de4-8557-4623-a4b6-92242275217c,9dbaa451-3c26-4a42-9b51-0fcca494aaaf,c4,c1,871,?,p1,
1769473597.3783507,RECEIVED,392d028a-48fb-4128-ba62-f554234b2662,6ecd5a2d-67f2-480b-91b6-a9096e7a8e31,c3,c4,1255,i8,?,
1769473597.5403407,SENT,392d028a-48fb-4128-ba62-f554234b2662,6ecd5a2d-67f2-480b-91b6-a9096e7a8e31,c3,c4,868,?,p1,
1769473597.5404925,FORWARDED,392d028a-48fb-4128-ba62-f554234b2662,6ecd5a2d-67f2-480b-91b6-a9096e7a8e31,c3,c4,868,?,p1,
1769473598.2844646,RECEIVED,12096eaf-3b1a-4c55-882e-4ecd9a5748c9,c467bc1a-2616-4881-b0d0-171e37a8db71,c4,c1,1256,i2,?,
1769473598.3383992,SENT,12096eaf-3b1a-4c55-882e-4ecd9a5748c9,c467bc1a-2616-4881-b0d0-171e37a8db71,c4,c1,868,?,p1,
1769473598.3384802,FORWARDED,12096eaf-3b1a-4c55-882e-4ecd9a5748c9,c467bc1a-2616-4881-b0d0-171e37a8db71,c4,c1,868,?,p1,
1769473599.4003472,RECEIVED,bc022bec-003b-491b-a94a-8459007ede11,f8ebf40c-714d-477a-be19-bd3a2acdf13b,c4,c1,1260,i5,?,
1769473599.40709,RECEIVED,e4bbb345-cc77-4fd8-a08b-b45affd20fc9,2d6b518b-6e95-4715-a54f-46a38532cf62,c2,c1,1255,i3,?,
1769473599.7571683,SENT,bc022bec-003b-491b-a94a-8459007ede11,f8ebf40c-714d-477a-be19-bd3a2acdf13b,c4,c1,871,?,p1,
1769473599.7572572,FORWARDED,bc022bec-003b-491b-a94a-8459007ede11,f8ebf40c-714d-477a-be19-bd3a2acdf13b,c4,c1,871,?,p1,
1769473600.0097136,SENT,e4bbb345-cc77-4fd8-a08b-b45affd20fc9,2d6b518b-6e95-4715-a54f-46a38532cf62,c2,c1,870,?,p1,
1769473600.0098484,FORWARDED,e4bbb345-cc77-4fd8-a08b-b45affd20fc9,2d6b518b-6e95-4715-a54f-46a38532cf62,c2,c1,870,?,p1,
1769473602.1921191,RECEIVED,d0a1ac32-081d-4168-b345-ccd221fed521,d97a02b7-102a-4879-adc2-f572fa867cf7,c2,c1,1252,i9,?,
1769473602.2994485,SENT,d0a1ac32-081d-4168-b345-ccd221fed521,d97a02b7-102a-4879-adc2-f572fa867cf7,c2,c1,867,?,p1,
1769473602.2995772,FORWARDED,d0a1ac32-081d-4168-b345-ccd221fed521,d97a02b7-102a-4879-adc2-f572fa867cf7,c2,c1,867,?,p1,
1769473602.4154913,RECEIVED,8177783e-648c-4c32-9483-a390544e407f,8031e9d4-fb06-4b91-b46e-834da89345fd,c5,c4,1255,i10,?,
1769473603.0078957,SENT,8177783e-648c-4c32-9483-a390544e407f,8031e9d4-fb06-4b91-b46e-834da89345fd,c5,c4,868,?,p1,
1769473603.0080268,FORWARDED,8177783e-648c-4c32-9483-a390544e407f,8031e9d4-fb06-4b91-b46e-834da89345fd,c5,c4,868,?,p1,
1769473603.0475876,RECEIVED,6ffc8b04-5727-4bcf-a5b7-0a56b549913a,a2b82e31-458a-4933-8071-b6809344f456,c1,c2,1255,i11,?,
1769473603.624022,RECEIVED,8946039e-bcd6-4890-91c3-9e7d3ae7c01c,3ff1afdf-6ebf-4f2e-aeae-ce490b5e1b07,c2,c1,1263,i1,?,
1769473603.7259567,RECEIVED,30899a77-02d6-4d3a-ad5d-2e23e281e0c9,6040a54a-d2e7-4c28-b6d4-6c40a5c69e1d,c4,c1,1263,i11,?,
1769473603.9820104,SENT,6ffc8b04-5727-4bcf-a5b7-0a56b549913a,a2b82e31-458a-4933-8071-b6809344f456,c1,c2,868,?,p2,
1769473603.9821494,FORWARDED,6ffc8b04-5727-4bcf-a5b7-0a56b549913a,a2b82e31-458a-4933-8071-b6809344f456,c1,c2,868,?,p2,
1769473604.5034294,SENT,8946039e-bcd6-4890-91c3-9e7d3ae7c01c,3ff1afdf-6ebf-4f2e-aeae-ce490b5e1b07,c2,c1,874,?,p1,
1769473604.5034895,FORWARDED,8946039e-bcd6-4890-91c3-9e7d3ae7c01c,3ff1afdf-6ebf-4f2e-aeae-ce490b5e1b07,c2,c1,874,?,p1,
1769473605.4136028,RECEIVED,b914f02a-638e-4e1e-bd40-18c3fe7ec863,65869bfe-a265-4018-b5b6-5965b6721b6a,c3,c4,1255,i9,?,
1769473605.438429,SENT,30899a77-02d6-4d3a-ad5d-2e23e281e0c9,6040a54a-d2e7-4c28-b6d4-6c40a5c69e1d,c4,c1,875,?,p1,
1769473605.4385626,FORWARDED,30899a77-02d6-4d3a-ad5d-2e23e281e0c9,6040a54a-d2e7-4c28-b6d4-6c40a5c69e1d,c4,c1,875,?,p1,
1769473605.518744,RECEIVED,c4504810-5a64-4685-abdb-ce8911a763a0,3c4b0169-d0cc-4089-8791-d39156b019b5,c2,c1,1263,i11,?,
1769473605.6171098,SENT,c4504810-5a64-4685-abdb-ce8911a763a0,3c4b0169-d0cc-4089-8791-d39156b019b5,c2,c1,874,?,p1,
1769473605.6171768,FORWARDED,c4504810-5a64-4685-abdb-ce8911a763a0,3c4b0169-d0cc-4089-8791-d39156b019b5,c2,c1,874,?,p1,
1769473606.257914,SENT,b914f02a-638e-4e1e-bd40-18c3fe7ec863,65869bfe-a265-4018-b5b6-5965b6721b6a,c3,c4,868,?,p1,
1769473606.258045,FORWARDED,b914f02a-638e-4e1e-bd40-18c3fe7ec863,65869bfe-a265-4018-b5b6-5965b6721b6a,c3,c4,868,?,p1,
1769473606.3798733,RECEIVED,2ebc128e-1099-4182-b041-b42f1de554d9,f7e6818b-a7c6-412d-8908-57123144b4f8,c1,c2,1255,i5,?,
1769473607.510972,SENT,2ebc128e-1099-4182-b041-b42f1de554d9,f7e6818b-a7c6-412d-8908-57123144b4f8,c1,c2,870,?,p2,
1769473607.5113738,FORWARDED,2ebc128e-1099-4182-b041-b42f1de554d9,f7e6818b-a7c6-412d-8908-57123144b4f8,c1,c2,870,?,p2,
1769473607.5298705,RECEIVED,16745cd9-9bec-4d01-b5d1-ef67f4f7d635,38bda6a4-1458-414b-a7cd-015882975ecc,c3,c4,1264,i9,?,
1769473607.6806328,SENT,16745cd9-9bec-4d01-b5d1-ef67f4f7d635,38bda6a4-1458-414b-a7cd-015882975ecc,c3,c4,875,?,p1,
1769473607.6807637,FORWARDED,16745cd9-9bec-4d01-b5d1-ef67f4f7d635,38bda6a4-1458-414b-a7cd-015882975ecc,c3,c4,875,?,p1,
1769473608.8286018,RECEIVED,292657d8-1f79-4dbf-ad4a-6e843ddd2a3c,3fc5becf-0c32-4e18-b903-24375e357d29,c3,c4,1252,i8,?,
1769473608.9583998,SENT,292657d8-1f79-4dbf-ad4a-6e843ddd2a3c,3fc5becf-0c32-4e18-b903-24375e357d29,c3,c4,867,?,p1,
1769473608.9585397,FORWARDED,292657d8-1f79-4dbf-ad4a-6e843ddd2a3c,3fc5becf-0c32-4e18-b903-24375e357d29,c3,c4,867,?,p1,
1769473609.6571896,RECEIVED,393a1426-4251-4d1c-a2c2-b94e0f91610b,2421d231-6367-4e89-9e4a-1319a70462a1,c3,c4,1256,i5,?,
1769473609.7631211,SENT,393a1426-4251-4d1c-a2c2-b94e0f91610b,2421d231-6367-4e89-9e4a-1319a70462a1,c3,c4,868,?,p1,
1769473609.7632558,FORWARDED,393a1426-4251-4d1c-a2c2-b94e0f91610b,2421d231-6367-4e89-9e4a-1319a70462a1,c3,c4,868,?,p1,
1769473610.1331873,RECEIVED,d6bd1c51-886c-4c5c-998a-bd12ab864c45,df693dcf-3d54-4cfe-a51f-b4621799c116,c1,c2,1259,i8,?,
1769473610.779509,SENT,d6bd1c51-886c-4c5c-998a-bd12ab864c45,df693dcf-3d54-4cfe-a51f-b4621799c116,c1,c2,871,?,p2,
1769473610.7796695,FORWARDED,d6bd1c51-886c-4c5c-998a-bd12ab864c45,df693dcf-3d54-4cfe-a51f-b4621799c116,c1,c2,871,?,p2,
1769473614.150232,RECEIVED,ed784e89-b0c9-4d50-a740-1e9748af3b6e,e03ac6c2-30b3-4538-a5a0-82f01d025239,c5,c4,1255,i6,?,
1769473614.6405349,SENT,ed784e89-b0c9-4d50-a740-1e9748af3b6e,e03ac6c2-30b3-4538-a5a0-82f01d025239,c5,c4,869,?,p1,
1769473614.6406047,FORWARDED,ed784e89-b0c9-4d50-a740-1e9748af3b6e,e03ac6c2-30b3-4538-a5a0-82f01d025239,c5,c4,869,?,p1,
1769473614.8364258,RECEIVED,e535864e-76fb-457c-bd05-de84a3444b45,15b66559-474f-4546-ab43-4d59c46b057e,c3,c4,1263,i11,?,
1769473614.851673,RECEIVED,29a14109-0376-40ee-9759-334da3f31547,a29881eb-0a68-4f81-8293-6bd42610bf20,c4,c1,1256,i2,?,
1769473614.8609798,RECEIVED,0930a52e-051c-4d3c-8839-7cfba69bdaf7,4d1ec14b-6d31-4920-88d3-5656a7d3a0ca,c1,c2,1251,i8,?,
1769473614.9448354,SENT,29a14109-0376-40ee-9759-334da3f31547,a29881eb-0a68-4f81-8293-6bd42610bf20,c4,c1,868,?,p1,
1769473614.9448895,FORWARDED,29a14109-0376-40ee-9759-334da3f31547,a29881eb-0a68-4f81-8293-6bd42610bf20,c4,c1,868,?,p1,
1769473615.025037,SENT,e535864e-76fb-457c-bd05-de84a3444b45,15b66559-474f-4546-ab43-4d59c46b057e,c3,c4,876,?,p1,
1769473615.0252502,FORWARDED,e535864e-76fb-457c-bd05-de84a3444b45,15b66559-474f-4546-ab43-4d59c46b057e,c3,c4,876,?,p1,
1769473615.2392442,RECEIVED,a96621e2-f61b-45ad-a17d-e17401f1d2a8,2265bbfa-8a76-491a-a7c1-8a6a2ac06f67,c3,c4,1263,i10,?,
1769473615.715912,SENT,a96621e2-f61b-45ad-a17d-e17401f1d2a8,2265bbfa-8a76-491a-a7c1-8a6a2ac06f67,c3,c4,875,?,p1,
1769473615.7160394,FORWARDED,a96621e2-f61b-45ad-a17d-e17401f1d2a8,2265bbfa-8a76-491a-a7c1-8a6a2ac06f67,c3,c4,875,?,p1,
1769473615.83102,RECEIVED,20dbc72f-e951-4405-9fd1-22f9edfd2dcd,1a79bf1f-85aa-4fb8-8b08-cedd697a3508,c5,c4,1256,i12,?,
1769473615.9796338,SENT,20dbc72f-e951-4405-9fd1-22f9edfd2dcd,1a79bf1f-85aa-4fb8-8b08-cedd697a3508,c5,c4,868,?,p1,
1769473615.9797637,FORWARDED,20dbc72f-e951-4405-9fd1-22f9edfd2dcd,1a79bf1f-85aa-4fb8-8b08-cedd697a3508,c5,c4,868,?,p1,
1769473616.0507774,RECEIVED,0e4cfacc-e375-4553-86c2-4c65e9b877ac,0470ee4d-b336-4069-89ad-d7fd790ed6d0,c4,c1,1260,i8,?,
1769473616.3184857,SENT,0e4cfacc-e375-4553-86c2-4c65e9b877ac,0470ee4d-b336-4069-89ad-d7fd790ed6d0,c4,c1,872,?,p1,
1769473616.3186252,FORWARDED,0e4cfacc-e375-4553-86c2-4c65e9b877ac,0470ee4d-b336-4069-89ad-d7fd790ed6d0,c4,c1,872,?,p1,
1769473616.433782,SENT,0930a52e-051c-4d3c-8839-7cfba69bdaf7,4d1ec14b-6d31-4920-88d3-5656a7d3a0ca,c1,c2,867,?,p2,
1769473616.4339104,FORWARDED,0930a52e-051c-4d3c-8839-7cfba69bdaf7,4d1ec14b-6d31-4920-88d3-5656a7d3a0ca,c1,c2,867,?,p2,
1769473617.3282712,RECEIVED,9e1982bf-1d2b-42fd-84f6-66a3993d512c,0871fa5e-1e5d-4ce3-aa60-5cbee35b40d2,c3,c4,1260,i4,?,
1769473617.5007012,SENT,9e1982bf-1d2b-42fd-84f6-66a3993d512c,0871fa5e-1e5d-4ce3-aa60-5cbee35b40d2,c3,c4,872,?,p1,
1769473617.5008328,FORWARDED,9e1982bf-1d2b-42fd-84f6-66a3993d512c,0871fa5e-1e5d-4ce3-aa60-5cbee35b40d2,c3,c4,872,?,p1,
1769473618.582138,RECEIVED,8bcdf19c-52ab-4c43-8b2d-62e6eae2f461,999568a0-8db0-44b7-a716-7d53f7a508aa,c2,c1,1256,i10,?,
1769473618.9863567,SENT,8bcdf19c-52ab-4c43-8b2d-62e6eae2f461,999568a0-8db0-44b7-a716-7d53f7a508aa,c2,c1,868,?,p1,
1769473618.986475,FORWARDED,8bcdf19c-52ab-4c43-8b2d-62e6eae2f461,999568a0-8db0-44b7-a716-7d53f7a508aa,c2,c1,868,?,p1,
1769473620.5193188,RECEIVED,b4dafee4-df20-49fe-b131-566cf058c42b,6d7aa8e8-313a-4737-9233-aee273c25d50,c4,c1,1259,i4,?,
1769473621.2687922,SENT,b4dafee4-df20-49fe-b131-566cf058c42b,6d7aa8e8-313a-4737-9233-aee273c25d50,c4,c1,871,?,p1,
1769473621.2689216,FORWARDED,b4dafee4-df20-49fe-b131-566cf058c42b,6d7aa8e8-313a-4737-9233-aee273c25d50,c4,c1,871,?,p1,
1769473622.0476608,RECEIVED,76dc4f28-052f-4386-975e-1c9c2b0d85f2,85d9cae9-f6f4-4181-b160-ba701c0b4020,c2,c1,1261,i10,?,
1769473622.0608065,SENT,76dc4f28-052f-4386-975e-1c9c2b0d85f2,85d9cae9-f6f4-4181-b160-ba701c0b4020,c2,c1,873,?,p1,
1769473622.060872,FORWARDED,76dc4f28-052f-4386-975e-1c9c2b0d85f2,85d9cae9-f6f4-4181-b160-ba701c0b4020,c2,c1,873,?,p1,
1769473622.1834424,RECEIVED,5d255d19-2530-47c3-b7d0-cdb87f7a8356,ce8a7f90-0e2e-4524-bd1e-d3605a67102c,c5,c4,1252,i8,?,
1769473622.5432212,SENT,5d255d19-2530-47c3-b7d0-cdb87f7a8356,ce8a7f90-0e2e-4524-bd1e-d3605a67102c,c5,c4,867,?,p1,
1769473622.5433433,FORWARDED,5d255d19-2530-47c3-b7d0-cdb87f7a8356,ce8a7f90-0e2e-4524-bd1e-d3605a67102c,c5,c4,867,?,p1,
1769473622.6829972,RECEIVED,c5e9e197-cd24-4616-9af0-ebb569fe01c8,cd4191d6-b5a2-4335-82d0-ec6a270f709c,c4,c1,1259,i2,?,
1769473624.0650673,SENT,c5e9e197-cd24-4616-9af0-ebb569fe01c8,cd4191d6-b5a2-4335-82d0-ec6a270f709c,c4,c1,871,?,p1,
1769473624.0651522,FORWARDED,c5e9e197-cd24-4616-9af0-ebb569fe01c8,cd4191d6-b5a2-4335-82d0-ec6a270f709c,c4,c1,871,?,p1,
1769473629.3321462,RECEIVED,f5858f46-bc40-4ed3-9455-6df5733ce079,9a6b6c81-cb74-4476-887a-ffc92dca95d9,c1,c2,1255,i10,?,
1769473629.4093976,RECEIVED,757012c2-b528-4f9c-b6cf-a6b964f2797c,174fdcc9-35d7-48a5-85fe-4149f6766eae,c1,c2,1259,i10,?,
1769473629.5606368,SENT,f5858f46-bc40-4ed3-9455-6df5733ce079,9a6b6c81-cb74-4476-887a-ffc92dca95d9,c1,c2,870,?,p2,
1769473629.5607257,FORWARDED,f5858f46-bc40-4ed3-9455-6df5733ce079,9a6b6c81-cb74-4476-887a-ffc92dca95d9,c1,c2,870,?,p2,
1769473629.6566973,RECEIVED,d9a2a3d2-9b0d-460d-b7bc-45fa088b9538,8e01b39b-a7fb-459c-8da8-ca7b9f4d4a8f,c1,c2,1252,i1,?,
1769473629.7223747,RECEIVED,67748ed6-4af8-4e49-b21a-00ecb6d51b81,fa8d68aa-9329-46bf-be3d-111eed4cb3fc,c4,c1,1256,i12,?,
1769473629.7359226,RECEIVED,4af77edc-f177-4e95-846b-da55b78d9a04,bb6bfd1d-cd20-48b8-88df-0c7d18bf2b85,c1,c2,1250,i8,?,
1769473629.7803662,RECEIVED,c0d2bc18-a75f-48a7-9674-c932e3ed95f0,86860a56-7758-41b7-9e2b-f594db5f8f03,c1,c2,1258,i2,?,
1769473629.83646,SENT,d9a2a3d2-9b0d-460d-b7bc-45fa088b9538,8e01b39b-a7fb-459c-8da8-ca7b9f4d4a8f,c1,c2,867,?,p2,
1769473629.836548,FORWARDED,d9a2a3d2-9b0d-460d-b7bc-45fa088b9538,8e01b39b-a7fb-459c-8da8-ca7b9f4d4a8f,c1,c2,867,?,p2,
1769473629.8494575,SENT,67748ed6-4af8-4e49-b21a-00ecb6d51b81,fa8d68aa-9329-46bf-be3d-111eed4cb3fc,c4,c1,868,?,p1,
1769473629.8495398,FORWARDED,67748ed6-4af8-4e49-b21a-00ecb6d51b81,fa8d68aa-9329-46bf-be3d-111eed4cb3fc,c4,c1,868,?,p1,
1769473629.8537192,SENT,c0d2bc18-a75f-48a7-9674-c932e3ed95f0,86860a56-7758-41b7-9e2b-f594db5f8f03,c1,c2,871,?,p2,
1769473629.8538032,FORWARDED,c0d2bc18-a75f-48a7-9674-c932e3ed95f0,86860a56-7758-41b7-9e2b-f594db5f8f03,c1,c2,871,?,p2,
1769473630.2087095,RECEIVED,62126503-1fb2-42e4-8de3-edc94083b07e,9dd1b77f-fea2-4f7a-9988-899d594b6236,c3,c4,1259,i6,?,
1769473630.2632911,SENT,757012c2-b528-4f9c-b6cf-a6b964f2797c,174fdcc9-35d7-48a5-85fe-4149f6766eae,c1,c2,872,?,p2,
1769473630.2633755,FORWARDED,757012c2-b528-4f9c-b6cf-a6b964f2797c,174fdcc9-35d7-48a5-85fe-4149f6766eae,c1,c2,872,?,p2,
1769473631.0922384,SENT,4af77edc-f177-4e95-846b-da55b78d9a04,bb6bfd1d-cd20-48b8-88df-0c7d18bf2b85,c1,c2,867,?,p2,
1769473631.0923266,FORWARDED,4af77edc-f177-4e95-846b-da55b78d9a04,bb6bfd1d-cd20-48b8-88df-0c7d18bf2b85,c1,c2,867,?,p2,
1769473631.4078927,SENT,62126503-1fb2-42e4-8de3-edc94083b07e,9dd1b77f-fea2-4f7a-9988-899d594b6236,c3,c4,872,?,p1,
1769473631.407982,FORWARDED,62126503-1fb2-42e4-8de3-edc94083b07e,9dd1b77f-fea2-4f7a-9988-899d594b6236,c3,c4,872,?,p1,
1769473633.8012445,RECEIVED,2258af6b-17b3-41eb-8687-1c6cbb17b9b0,9abae1b7-2908-4a31-8e4d-39efb53e9229,c2,c1,1252,i11,?,
1769473633.8360405,SENT,2258af6b-17b3-41eb-8687-1c6cbb17b9b0,9abae1b7-2908-4a31-8e4d-39efb53e9229,c2,c1,867,?,p1,
1769473633.836125,FORWARDED,2258af6b-17b3-41eb-8687-1c6cbb17b9b0,9abae1b7-2908-4a31-8e4d-39efb53e9229,c2,c1,867,?,p1,
1769473635.216656,RECEIVED,9fcc98ba-5af2-4888-a5e7-b80a6554cd3e,5089d948-5e30-40bf-8743-5a1654be62d8,c2,c1,1263,i5,?,
1769473635.418331,RECEIVED,f4a361cb-560a-48a6-a4c9-e1d28d0c2d5b,65e5e2ef-fc89-440d-ab8d-e3873da2612d,c1,c2,1255,i8,?,
1769473635.8008091,SENT,f4a361cb-560a-48a6-a4c9-e1d28d0c2d5b,65e5e2ef-fc89-440d-ab8d-e3873da2612d,c1,c2,870,?,p2,
1769473635.8008964,FORWARDED,f4a361cb-560a-48a6-a4c9-e1d28d0c2d5b,65e5e2ef-fc89-440d-ab8d-e3873da2612d,c1,c2,870,?,p2,
1769473635.9032075,SENT,9fcc98ba-5af2-4888-a5e7-b80a6554cd3e,5089d948-5e30-40bf-8743-5a1654be62d8,c2,c1,876,?,p1,
1769473635.9032962,FORWARDED,9fcc98ba-5af2-4888-a5e7-b80a6554cd3e,5089d948-5e30-40bf-8743-5a1654be62d8,c2,c1,876,?,p1,
1769473636.109989,RECEIVED,9fbe3539-d775-4c95-a806-0febd4bd25b3,fc7ff4fc-b7f2-4e03-86ec-686016b97b05,c2,c1,1251,i2,?,
1769473636.7208629,RECEIVED,94662d78-b3cd-4902-ae62-bc025791bd7b,4633b10b-2266-4328-9d26-44699b63967b,c3,c4,1259,i8,?,
1769473637.4634264,SENT,94662d78-b3cd-4902-ae62-bc025791bd7b,4633b10b-2266-4328-9d26-44699b63967b,c3,c4,872,?,p1,
1769473637.4635515,FORWARDED,94662d78-b3cd-4902-ae62-bc025791bd7b,4633b10b-2266-4328-9d26-44699b63967b,c3,c4,872,?,p1,
1769473638.2741861,RECEIVED,fcef9e14-d900-4e43-8099-4ee9a698ea1e,44917fe6-889a-4a9e-9bbc-9074d270fa72,c2,c1,1259,i3,?,
1769473638.3395689,SENT,9fbe3539-d775-4c95-a806-0febd4bd25b3,fc7ff4fc-b7f2-4e03-86ec-686016b97b05,c2,c1,867,?,p1,
1769473638.3397202,FORWARDED,9fbe3539-d775-4c95-a806-0febd4bd25b3,fc7ff4fc-b7f2-4e03-86ec-686016b97b05,c2,c1,867,?,p1,
1769473640.4567308,RECEIVED,8c3a6a0a-a748-4278-910c-55c789ff5b74,983a42f4-77a6-4db6-add0-27be8b81b408,c5,c4,1251,i3,?,
1769473640.83961,SENT,fcef9e14-d900-4e43-8099-4ee9a698ea1e,44917fe6-889a-4a9e-9bbc-9074d270fa72,c2,c1,871,?,p1,
1769473640.839738,FORWARDED,fcef9e14-d900-4e43-8099-4ee9a698ea1e,44917fe6-889a-4a9e-9bbc-9074d270fa72,c2,c1,871,?,p1,
1769473640.907826,SENT,8c3a6a0a-a748-4278-910c-55c789ff5b74,983a42f4-77a6-4db6-add0-27be8b81b408,c5,c4,867,?,p1,
1769473640.9080055,FORWARDED,8c3a6a0a-a748-4278-910c-55c789ff5b74,983a42f4-77a6-4db6-add0-27be8b81b408,c5,c4,867,?,p1,
1769473645.4193668,RECEIVED,254cd3ea-7dea-49dd-ad03-bb5a1f203199,1ceb2152-3d6c-4c74-b7b9-5cf54106e619,c5,c4,1255,i11,?,
1769473645.6755514,SENT,254cd3ea-7dea-49dd-ad03-bb5a1f203199,1ceb2152-3d6c-4c74-b7b9-5cf54106e619,c5,c4,868,?,p1,
1769473645.6761858,FORWARDED,254cd3ea-7dea-49dd-ad03-bb5a1f203199,1ceb2152-3d6c-4c74-b7b9-5cf54106e619,c5,c4,868,?,p1,
1769473645.9492905,RECEIVED,0762c5fc-b84c-437d-a782-765019c005eb,7d709bd4-a5cc-4300-b871-6e45c434ea15,c5,c4,1263,i11,?,
1769473646.1951368,RECEIVED,8c35ab5c-5c4d-46de-9a80-6a853df5c481,89198e32-4be1-46d1-ae02-d0739b8f0e37,c5,c4,1256,i1,?,
1769473646.404784,SENT,8c35ab5c-5c4d-46de-9a80-6a853df5c481,89198e32-4be1-46d1-ae02-d0739b8f0e37,c5,c4,868,?,p1,
1769473646.4048936,FORWARDED,8c35ab5c-5c4d-46de-9a80-6a853df5c481,89198e32-4be1-46d1-ae02-d0739b8f0e37,c5,c4,868,?,p1,
1769473647.0520196,SENT,0762c5fc-b84c-437d-a782-765019c005eb,7d709bd4-a5cc-4300-b871-6e45c434ea15,c5,c4,876,?,p1,
1769473647.0521643,FORWARDED,0762c5fc-b84c-437d-a782-765019c005eb,7d709bd4-a5cc-4300-b871-6e45c434ea15,c5,c4,876,?,p1,
1769473648.110961,RECEIVED,20761ffa-56c1-4a2c-bf5b-eca4bcf56dd9,e95cb57e-9901-4d5d-9088-79f40b408f39,c3,c4,1250,i12,?,
1769473648.6653316,RECEIVED,37675386-1b85-4be2-a4f5-44282a5e3a9b,eee701fc-27be-452f-a233-e8709c243cea,c5,c4,1255,i7,?,
1769473648.828016,SENT,37675386-1b85-4be2-a4f5-44282a5e3a9b,eee701fc-27be-452f-a233-e8709c243cea,c5,c4,868,?,p1,
1769473648.8281426,FORWARDED,37675386-1b85-4be2-a4f5-44282a5e3a9b,eee701fc-27be-452f-a233-e8709c243cea,c5,c4,868,?,p1,
1769473648.916028,SENT,20761ffa-56c1-4a2c-bf5b-eca4bcf56dd9,e95cb57e-9901-4d5d-9088-79f40b408f39,c3,c4,867,?,p1,
1769473648.9161477,FORWARDED,20761ffa-56c1-4a2c-bf5b-eca4bcf56dd9,e95cb57e-9901-4d5d-9088-79f40b408f39,c3,c4,867,?,p1,
1769473649.7214942,RECEIVED,e7047847-49d6-4b6c-9867-811dbfa26030,681860e9-ccce-42f7-b87b-0f7c8514dba3,c5,c4,1263,i12,?,
1769473649.8505173,RECEIVED,0ce4511c-99f7-40e3-8f5f-7e93deb189d7,36e801a4-810d-4420-95d6-65d25287f5e1,c1,c2,1263,i5,?,
1769473650.2266858,RECEIVED,5326c363-bd8e-4c83-9003-42b8d83e9b33,bc6e0fb7-4152-4ce2-856f-11bf40ecf35b,c3,c4,1258,i12,?,
1769473650.316243,SENT,e7047847-49d6-4b6c-9867-811dbfa26030,681860e9-ccce-42f7-b87b-0f7c8514dba3,c5,c4,875,?,p1,
1769473650.3163674,FORWARDED,e7047847-49d6-4b6c-9867-811dbfa26030,681860e9-ccce-42f7-b87b-0f7c8514dba3,c5,c4,875,?,p1,
1769473650.5529163,SENT,0ce4511c-99f7-40e3-8f5f-7e93deb189d7,36e801a4-810d-4420-95d6-65d25287f5e1,c1,c2,874,?,p2,
1769473650.5530236,FORWARDED,0ce4511c-99f7-40e3-8f5f-7e93deb189d7,36e801a4-810d-4420-95d6-65d25287f5e1,c1,c2,874,?,p2,
1769473650.5559533,RECEIVED,cbee5a45-c60e-4a55-8c11-9d8b64c01c69,1b416934-cb92-46d9-8267-3d1d6c169c18,c1,DROP,688,i12,?,
1769473650.9251277,RECEIVED,ffed8c7b-b6f8-47e7-be98-5b54fee842a5,a897f13b-fd2a-4a97-b264-dbc64ec1a299,c4,c1,1255,i9,?,
1769473650.986536,SENT,cbee5a45-c60e-4a55-8c11-9d8b64c01c69,1b416934-cb92-46d9-8267-3d1d6c169c18,c1,DROP,443,?,e7,
1769473650.986653,FORWARDED,cbee5a45-c60e-4a55-8c11-9d8b64c01c69,1b416934-cb92-46d9-8267-3d1d6c169c18,c1,DROP,443,?,e7,
1769473651.2577238,SENT,5326c363-bd8e-4c83-9003-42b8d83e9b33,bc6e0fb7-4152-4ce2-856f-11bf40ecf35b,c3,c4,872,?,p1,
1769473651.257832,FORWARDED,5326c363-bd8e-4c83-9003-42b8d83e9b33,bc6e0fb7-4152-4ce2-856f-11bf40ecf35b,c3,c4,872,?,p1,
1769473652.7636132,SENT,ffed8c7b-b6f8-47e7-be98-5b54fee842a5,a897f13b-fd2a-4a97-b264-dbc64ec1a299,c4,c1,868,?,p1,
1769473652.763733,FORWARDED,ffed8c7b-b6f8-47e7-be98-5b54fee842a5,a897f13b-fd2a-4a97-b264-dbc64ec1a299,c4,c1,868,?,p1,
1769473653.177115,RECEIVED,e970f57c-a734-43c3-b184-045a7a32a6e9,8dd958be-4588-4b18-aab4-ff6a29351e4c,c1,c2,1251,i11,?,
1769473653.4441013,RECEIVED,64458cfd-83d9-4b40-85c5-624ecbc162fc,0b73de23-17c1-45b2-b11e-7b5deadce1a7,c5,c4,1260,i12,?,
1769473653.7362607,SENT,64458cfd-83d9-4b40-85c5-624ecbc162fc,0b73de23-17c1-45b2-b11e-7b5deadce1a7,c5,c4,871,?,p1,
1769473653.7363913,FORWARDED,64458cfd-83d9-4b40-85c5-624ecbc162fc,0b73de23-17c1-45b2-b11e-7b5deadce1a7,c5,c4,871,?,p1,
1769473653.7782974,SENT,e970f57c-a734-43c3-b184-045a7a32a6e9,8dd958be-4588-4b18-aab4-ff6a29351e4c,c1,c2,867,?,p2,
1769473653.7784274,FORWARDED,e970f57c-a734-43c3-b184-045a7a32a6e9,8dd958be-4588-4b18-aab4-ff6a29351e4c,c1,c2,867,?,p2,
1769473654.722652,RECEIVED,de091a29-a450-4e51-9fcd-07442bbc801e,61747cc9-0103-4cb8-b83a-ee2011e4ad24,c4,c1,1251,i1,?,
1769473655.4264295,SENT,de091a29-a450-4e51-9fcd-07442bbc801e,61747cc9-0103-4cb8-b83a-ee2011e4ad24,c4,c1,867,?,p1,
1769473655.4265594,FORWARDED,de091a29-a450-4e51-9fcd-07442bbc801e,61747cc9-0103-4cb8-b83a-ee2011e4ad24,c4,c1,867,?,p1,
1769473655.4971101,RECEIVED,9b7e8fa3-31ac-487a-a647-23c9c08aef41,b41556aa-757b-498d-b89a-5270a0d689fa,c1,c2,1255,i4,?,
1769473655.6118302,SENT,9b7e8fa3-31ac-487a-a647-23c9c08aef41,b41556aa-757b-498d-b89a-5270a0d689fa,c1,c2,868,?,p2,
1769473655.6119506,FORWARDED,9b7e8fa3-31ac-487a-a647-23c9c08aef41,b41556aa-757b-498d-b89a-5270a0d689fa,c1,c2,868,?,p2,
1769473656.268044,RECEIVED,3da3e577-62dc-4754-ad87-64cec3c67c2a,9ad32630-c2ce-4bcb-be4c-6aa993c0c0b4,c2,c1,1264,i11,?,
1769473656.372163,SENT,3da3e577-62dc-4754-ad87-64cec3c67c2a,9ad32630-c2ce-4bcb-be4c-6aa993c0c0b4,c2,c1,875,?,p1,
1769473656.3722591,FORWARDED,3da3e577-62dc-4754-ad87-64cec3c67c2a,9ad32630-c2ce-4bcb-be4c-6aa993c0c0b4,c2,c1,875,?,p1,
1769473658.0546052,RECEIVED,1cf15fd9-b98a-458e-9de0-56de72a8fa79,238f1d18-384f-49f0-a299-59eb239b72ef,c2,c1,1255,i10,?,
1769473658.4000418,SENT,1cf15fd9-b98a-458e-9de0-56de72a8fa79,238f1d18-384f-49f0-a299-59eb239b72ef,c2,c1,868,?,p1,
1769473658.4001765,FORWARDED,1cf15fd9-b98a-458e-9de0-56de72a8fa79,238f1d18-384f-49f0-a299-59eb239b72ef,c2,c1,868,?,p1,
1769473658.5621803,RECEIVED,d240698f-718e-4b5b-8bf7-9942bb5560a7,82f0b555-893c-45eb-b8cc-6f3ea04009a1,c2,c1,1263,i4,?,
1769473659.4435778,SENT,d240698f-718e-4b5b-8bf7-9942bb5560a7,82f0b555-893c-45eb-b8cc-6f3ea04009a1,c2,c1,876,?,p1,
1769473659.443723,FORWARDED,d240698f-718e-4b5b-8bf7-9942bb5560a7,82f0b555-893c-45eb-b8cc-6f3ea04009a1,c2,c1,876,?,p1,
1769473659.584863,RECEIVED,0b7404b5-d7e3-4fb5-ad7d-5aede9b1d4d9,e1feff36-9b0b-418f-86cb-5e300445716b,c4,c1,1251,i12,?,
1769473659.6954834,RECEIVED,d9b1da70-ee60-4b08-bd14-7b13bfe96381,f700471e-6f0b-4a0a-9647-20f2a0a00871,c1,c2,1260,i9,?,
1769473659.9009354,SENT,d9b1da70-ee60-4b08-bd14-7b13bfe96381,f700471e-6f0b-4a0a-9647-20f2a0a00871,c1,c2,871,?,p2,
1769473659.9011707,FORWARDED,d9b1da70-ee60-4b08-bd14-7b13bfe96381,f700471e-6f0b-4a0a-9647-20f2a0a00871,c1,c2,871,?,p2,
1769473660.2625823,SENT,0b7404b5-d7e3-4fb5-ad7d-5aede9b1d4d9,e1feff36-9b0b-418f-86cb-5e300445716b,c4,c1,865,?,p1,
1769473660.2629356,FORWARDED,0b7404b5-d7e3-4fb5-ad7d-5aede9b1d4d9,e1feff36-9b0b-418f-86cb-5e300445716b,c4,c1,865,?,p1,
1769473660.3262136,RECEIVED,528f6388-21ee-48c8-a779-02e9539bf950,e09ee829-4843-4787-8b8e-e24951b4ebf1,c2,c1,1254,i10,?,
1769473662.5563269,SENT,528f6388-21ee-48c8-a779-02e9539bf950,e09ee829-4843-4787-8b8e-e24951b4ebf1,c2,c1,868,?,p1,
1769473662.556448,FORWARDED,528f6388-21ee-48c8-a779-02e9539bf950,e09ee829-4843-4787-8b8e-e24951b4ebf1,c2,c1,868,?,p1,
1769473663.0285835,RECEIVED,9bf2c60f-17cd-4b4a-8241-69d31d34b459,5982868a-c262-4a75-873e-ec820e2a7c62,c2,c1,1255,i2,?,
1769473663.244371,RECEIVED,0f71cceb-33b9-4567-a071-455f835fb67b,8b1dd5e1-14c1-430e-a581-213730ff9dbb,c3,c4,1252,i12,?,
1769473663.3379676,SENT,0f71cceb-33b9-4567-a071-455f835fb67b,8b1dd5e1-14c1-430e-a581-213730ff9dbb,c3,c4,867,?,p1,
1769473663.3381302,FORWARDED,0f71cceb-33b9-4567-a071-455f835fb67b,8b1dd5e1-14c1-430e-a581-213730ff9dbb,c3,c4,867,?,p1,
1769473663.3912344,RECEIVED,77af5f40-5ca6-4967-bba9-831e3023e241,44e315b1-5521-42a1-8bbd-7486aa16a944,c5,c4,1261,i10,?,
1769473664.055234,SENT,9bf2c60f-17cd-4b4a-8241-69d31d34b459,5982868a-c262-4a75-873e-ec820e2a7c62,c2,c1,868,?,p1,
1769473664.0553641,FORWARDED,9bf2c60f-17cd-4b4a-8241-69d31d34b459,5982868a-c262-4a75-873e-ec820e2a7c62,c2,c1,868,?,p1,
1769473664.15234,SENT,77af5f40-5ca6-4967-bba9-831e3023e241,44e315b1-5521-42a1-8bbd-7486aa16a944,c5,c4,875,?,p1,
1769473664.1524553,FORWARDED,77af5f40-5ca6-4967-bba9-831e3023e241,44e315b1-5521-42a1-8bbd-7486aa16a944,c5,c4,875,?,p1,
1769473664.2142243,RECEIVED,611626b5-1dae-4b79-8908-9f767104f246,9dfe38a2-c677-4c64-9dbb-a7a52504f0de,c3,c4,1263,i2,?,
1769473664.5190287,SENT,611626b5-1dae-4b79-8908-9f767104f246,9dfe38a2-c677-4c64-9dbb-a7a52504f0de,c3,c4,876,?,p1,
1769473664.5192318,FORWARDED,611626b5-1dae-4b79-8908-9f767104f246,9dfe38a2-c677-4c64-9dbb-a7a52504f0de,c3,c4,876,?,p1,
1769473665.744854,RECEIVED,9ae23510-99b6-4921-a54e-8559eb40fadb,b2d5a300-e37f-4cf3-9b44-ea2f0db1acad,c4,c1,1252,i12,?,
1769473665.9465077,SENT,9ae23510-99b6-4921-a54e-8559eb40fadb,b2d5a300-e37f-4cf3-9b44-ea2f0db1acad,c4,c1,866,?,p1,
1769473665.9466345,FORWARDED,9ae23510-99b6-4921-a54e-8559eb40fadb,b2d5a300-e37f-4cf3-9b44-ea2f0db1acad,c4,c1,866,?,p1,
1769473665.9718482,RECEIVED,d5a56a06-c329-4014-b13a-bcd95ad75782,11ad536a-7315-4aa2-a7d2-73fdac4e8912,c4,c1,1260,i10,?,
1769473666.0195444,RECEIVED,59fc6cce-462c-43bd-ac73-ef731cda9ab6,68783558-7346-49a8-9b9d-f908fd1a422e,c3,c4,1255,i1,?,
1769473666.1828492,RECEIVED,0e52fae4-155a-48dc-b129-41454483b4f4,74587d91-b448-439f-8011-97d321275e20,c3,c4,1255,i5,?,
1769473666.2179334,RECEIVED,277a3fad-5dff-4555-a17e-db1c70c63652,816411b8-b704-4ef5-a2d3-6cd6df8988f6,c1,c2,1263,i2,?,
1769473666.4714923,SENT,d5a56a06-c329-4014-b13a-bcd95ad75782,11ad536a-7315-4aa2-a7d2-73fdac4e8912,c4,c1,871,?,p1,
1769473666.4715967,FORWARDED,d5a56a06-c329-4014-b13a-bcd95ad75782,11ad536a-7315-4aa2-a7d2-73fdac4e8912,c4,c1,871,?,p1,
1769473666.4796543,SENT,0e52fae4-155a-48dc-b129-41454483b4f4,74587d91-b448-439f-8011-97d321275e20,c3,c4,868,?,p1,
1769473666.4797592,FORWARDED,0e52fae4-155a-48dc-b129-41454483b4f4,74587d91-b448-439f-8011-97d321275e20,c3,c4,868,?,p1,
1769473666.5716996,SENT,59fc6cce-462c-43bd-ac73-ef731cda9ab6,68783558-7346-49a8-9b9d-f908fd1a422e,c3,c4,868,?,p1,
1769473666.571828,FORWARDED,59fc6cce-462c-43bd-ac73-ef731cda9ab6,68783558-7346-49a8-9b9d-f908fd1a422e,c3,c4,868,?,p1,
1769473666.761106,RECEIVED,dfe1ef4e-1478-4c04-90d7-7065cf1c5157,8a81f0cd-1344-4893-8969-7b4b15af21fd,c5,c4,1260,i9,?,
1769473666.8441544,SENT,dfe1ef4e-1478-4c04-90d7-7065cf1c5157,8a81f0cd-1344-4893-8969-7b4b15af21fd,c5,c4,871,?,p1,
1769473666.8442864,FORWARDED,dfe1ef4e-1478-4c04-90d7-7065cf1c5157,8a81f0cd-1344-4893-8969-7b4b15af21fd,c5,c4,871,?,p1,
1769473666.89945,SENT,277a3fad-5dff-4555-a17e-db1c70c63652,816411b8-b704-4ef5-a2d3-6cd6df8988f6,c1,c2,875,?,p2,
1769473666.8995812,FORWARDED,277a3fad-5dff-4555-a17e-db1c70c63652,816411b8-b704-4ef5-a2d3-6cd6df8988f6,c1,c2,875,?,p2,
1769473667.9141836,RECEIVED,88b48cb1-5a8b-4b3e-b7bd-e27788863084,0cbbcedf-ee8c-4486-bb41-5263caf0555b,c4,c1,1254,i11,?,
1769473667.9264104,SENT,88b48cb1-5a8b-4b3e-b7bd-e27788863084,0cbbcedf-ee8c-4486-bb41-5263caf0555b,c4,c1,867,?,p1,
1769473667.9264998,FORWARDED,88b48cb1-5a8b-4b3e-b7bd-e27788863084,0cbbcedf-ee8c-4486-bb41-5263caf0555b,c4,c1,867,?,p1,
1769473667.9533432,RECEIVED,485786a9-a216-4382-9d54-c5bc7605aa15,3477ff07-5179-4777-a304-fd8659a901a2,c4,c1,1252,i2,?,
1769473668.0800872,SENT,485786a9-a216-4382-9d54-c5bc7605aa15,3477ff07-5179-4777-a304-fd8659a901a2,c4,c1,867,?,p1,
1769473668.0802164,FORWARDED,485786a9-a216-4382-9d54-c5bc7605aa15,3477ff07-5179-4777-a304-fd8659a901a2,c4,c1,867,?,p1,
1769473669.7330246,RECEIVED,e4b1e2b2-776e-4d20-9ea6-11b56631097f,7e9e9b55-872a-4ded-b802-fd4b933c8e91,c5,c4,1260,i3,?,
1769473669.913685,SENT,e4b1e2b2-776e-4d20-9ea6-11b56631097f,7e9e9b55-872a-4ded-b802-fd4b933c8e91,c5,c4,873,?,p1,
1769473669.9138134,FORWARDED,e4b1e2b2-776e-4d20-9ea6-11b56631097f,7e9e9b55-872a-4ded-b802-fd4b933c8e91,c5,c4,873,?,p1,
1769473670.1371193,RECEIVED,6881dbfd-a28f-4ef8-b9b0-7e7d3215c81c,d2844ece-b1d3-46e0-b44a-62c978ae6f5e,c2,c1,1259,i2,?,
1769473670.5919013,RECEIVED,74006ee9-576b-4e6e-8ee4-1caf49882f34,8edd4dd2-fc6d-434f-ac31-5d8d6e6746a9,c5,c4,1259,i7,?,
1769473670.7577562,SENT,6881dbfd-a28f-4ef8-b9b0-7e7d3215c81c,d2844ece-b1d3-46e0-b44a-62c978ae6f5e,c2,c1,871,?,p1,
1769473670.7578893,FORWARDED,6881dbfd-a28f-4ef8-b9b0-7e7d3215c81c,d2844ece-b1d3-46e0-b44a-62c978ae6f5e,c2,c1,871,?,p1,
1769473670.9582207,SENT,74006ee9-576b-4e6e-8ee4-1caf49882f34,8edd4dd2-fc6d-434f-ac31-5d8d6e6746a9,c5,c4,872,?,p1,
1769473670.9583573,FORWARDED,74006ee9-576b-4e6e-8ee4-1caf49882f34,8edd4dd2-fc6d-434f-ac31-5d8d6e6746a9,c5,c4,872,?,p1,
1769473671.6827006,RECEIVED,04cea928-3bcc-49cb-9232-cad7248a033c,565b95cd-2882-44a1-9e58-f86da46d6e8b,c4,c1,1256,i3,?,
1769473671.6970987,RECEIVED,0d60c72b-9189-42ab-baf5-4bec611a7fb3,606fe115-3a55-4b06-a9df-3fcb7db4d289,c1,c2,1260,i8,?,
1769473671.7926886,SENT,04cea928-3bcc-49cb-9232-cad7248a033c,565b95cd-2882-44a1-9e58-f86da46d6e8b,c4,c1,868,?,p1,
1769473671.7928202,FORWARDED,04cea928-3bcc-49cb-9232-cad7248a033c,565b95cd-2882-44a1-9e58-f86da46d6e8b,c4,c1,868,?,p1,
1769473672.1979327,SENT,0d60c72b-9189-42ab-baf5-4bec611a7fb3,606fe115-3a55-4b06-a9df-3fcb7db4d289,c1,c2,871,?,p2,
1769473672.1981013,FORWARDED,0d60c72b-9189-42ab-baf5-4bec611a7fb3,606fe115-3a55-4b06-a9df-3fcb7db4d289,c1,c2,871,?,p2,
1769473673.56455,RECEIVED,5693e773-4a10-4cb3-8492-9edc0e88eec7,6cd3ab65-4a39-49b3-955f-5816c2e4c8e1,c4,c1,1263,i1,?,
1769473673.5687182,RECEIVED,69de5f7a-f398-4254-b531-ea63393a65fa,c411bba4-9985-4709-8bc7-a8a03c7ca095,c1,c2,1263,i9,?,
1769473674.1218216,SENT,5693e773-4a10-4cb3-8492-9edc0e88eec7,6cd3ab65-4a39-49b3-955f-5816c2e4c8e1,c4,c1,875,?,p1,
1769473674.1219082,FORWARDED,5693e773-4a10-4cb3-8492-9edc0e88eec7,6cd3ab65-4a39-49b3-955f-5816c2e4c8e1,c4,c1,875,?,p1,
1769473674.4983263,SENT,69de5f7a-f398-4254-b531-ea63393a65fa,c411bba4-9985-4709-8bc7-a8a03c7ca095,c1,c2,874,?,p2,
1769473674.4984207,FORWARDED,69de5f7a-f398-4254-b531-ea63393a65fa,c411bba4-9985-4709-8bc7-a8a03c7ca095,c1,c2,874,?,p2,
1769473674.657925,RECEIVED,edc3e7ac-971f-44ee-82c5-372a61b60590,6c48e41b-5f2c-405d-9b4e-547d893a02f6,c1,c2,1264,i10,?,
1769473674.8384304,SENT,edc3e7ac-971f-44ee-82c5-372a61b60590,6c48e41b-5f2c-405d-9b4e-547d893a02f6,c1,c2,874,?,p2,
1769473674.8385782,FORWARDED,edc3e7ac-971f-44ee-82c5-372a61b60590,6c48e41b-5f2c-405d-9b4e-547d893a02f6,c1,c2,874,?,p2,
1769473675.0975306,RECEIVED,6697f8d8-d869-48d5-991e-176965af51c4,d2909f0b-0d9f-4d98-be2b-d9e0861f7408,c4,c1,1255,i4,?,
1769473675.9440417,SENT,6697f8d8-d869-48d5-991e-176965af51c4,d2909f0b-0d9f-4d98-be2b-d9e0861f7408,c4,c1,870,?,p1,
1769473675.9442163,FORWARDED,6697f8d8-d869-48d5-991e-176965af51c4,d2909f0b-0d9f-4d98-be2b-d9e0861f7408,c4,c1,870,?,p1,
1769473677.2282155,RECEIVED,59649813-2620-4ba9-95a8-4d707bc8a5ee,78138bfc-49ab-4ba2-b987-0f6dd6982388,c1,c2,1251,i5,?,
1769473677.442376,RECEIVED,1c3ac4bc-86b3-4018-b253-b62113816715,ed9b58be-f36a-4a7e-a584-5e8cac96badf,c5,c4,1255,i9,?,
1769473677.582199,RECEIVED,4cc79f47-978a-4057-ac59-853461d96a89,335c2aa0-e204-4f99-907e-f0145fcecc0a,c5,c4,1264,i12,?,
1769473677.583268,SENT,1c3ac4bc-86b3-4018-b253-b62113816715,ed9b58be-f36a-4a7e-a584-5e8cac96badf,c5,c4,868,?,p1,
1769473677.5833845,FORWARDED,1c3ac4bc-86b3-4018-b253-b62113816715,ed9b58be-f36a-4a7e-a584-5e8cac96badf,c5,c4,868,?,p1,
1769473677.635781,SENT,4cc79f47-978a-4057-ac59-853461d96a89,335c2aa0-e204-4f99-907e-f0145fcecc0a,c5,c4,876,?,p1,
1769473677.6360419,FORWARDED,4cc79f47-978a-4057-ac59-853461d96a89,335c2aa0-e204-4f99-907e-f0145fcecc0a,c5,c4,876,?,p1,
1769473677.9021978,RECEIVED,fe645a8f-d4d5-4d59-891c-b9902f687340,68947085-188c-46e4-9731-464b8e21f7e6,c1,c2,1255,i5,?,
1769473678.1278796,SENT,59649813-2620-4ba9-95a8-4d707bc8a5ee,78138bfc-49ab-4ba2-b987-0f6dd6982388,c1,c2,867,?,p2,
1769473678.12801,FORWARDED,59649813-2620-4ba9-95a8-4d707bc8a5ee,78138bfc-49ab-4ba2-b987-0f6dd6982388,c1,c2,867,?,p2,
1769473678.6014605,RECEIVED,9b82dacc-e016-457c-b58f-7cde113d8833,37f9f97c-5130-4a9b-aa0f-b9a37447e68c,c1,c2,1252,i7,?,
1769473678.7562945,SENT,9b82dacc-e016-457c-b58f-7cde113d8833,37f9f97c-5130-4a9b-aa0f-b9a37447e68c,c1,c2,867,?,p2,
1769473678.7564247,FORWARDED,9b82dacc-e016-457c-b58f-7cde113d8833,37f9f97c-5130-4a9b-aa0f-b9a37447e68c,c1,c2,867,?,p2,
1769473679.1480072,SENT,fe645a8f-d4d5-4d59-891c-b9902f687340,68947085-188c-46e4-9731-464b8e21f7e6,c1,c2,868,?,p2,
1769473679.148183,FORWARDED,fe645a8f-d4d5-4d59-891c-b9902f687340,68947085-188c-46e4-9731-464b8e21f7e6,c1,c2,868,?,p2,
1769473680.9376636,RECEIVED,0de98ff1-fa7a-4747-bf80-7a3eccf852e3,5cbf4add-0128-49ca-8ad1-22f9df7d955b,c4,c1,1259,i4,?,
1769473681.091197,RECEIVED,6c5f30ba-e5b7-4529-a45a-2940b03ffa72,f13ffe74-6e73-401c-8936-a572f856aeee,c2,c1,1252,i5,?,
1769473681.1460044,SENT,6c5f30ba-e5b7-4529-a45a-2940b03ffa72,f13ffe74-6e73-401c-8936-a572f856aeee,c2,c1,866,?,p1,
1769473681.1465163,FORWARDED,6c5f30ba-e5b7-4529-a45a-2940b03ffa72,f13ffe74-6e73-401c-8936-a572f856aeee,c2,c1,866,?,p1,
1769473681.69639,RECEIVED,ecd483e7-a3ab-46b5-9962-9a8999e88397,65930b8b-f164-4c8b-8b9b-6ffc3b40a6af,c3,c4,1263,i8,?,
1769473682.1572866,SENT,ecd483e7-a3ab-46b5-9962-9a8999e88397,65930b8b-f164-4c8b-8b9b-6ffc3b40a6af,c3,c4,875,?,p1,
1769473682.1573758,FORWARDED,ecd483e7-a3ab-46b5-9962-9a8999e88397,65930b8b-f164-4c8b-8b9b-6ffc3b40a6af,c3,c4,875,?,p1,
1769473682.7625544,RECEIVED,e3f6bf0b-c8bb-4fe8-afd7-b39d04299ffa,2fed599b-9fc7-4442-9615-f3b39ad9488a,c1,c2,1260,i4,?,
1769473683.1276152,SENT,e3f6bf0b-c8bb-4fe8-afd7-b39d04299ffa,2fed599b-9fc7-4442-9615-f3b39ad9488a,c1,c2,871,?,p2,
1769473683.127702,FORWARDED,e3f6bf0b-c8bb-4fe8-afd7-b39d04299ffa,2fed599b-9fc7-4442-9615-f3b39ad9488a,c1,c2,871,?,p2,
1769473683.1751292,RECEIVED,cbbd45e5-40fc-4e31-94dd-00be5d85f461,ed2d1106-d183-40e9-9daf-1addb4f599d1,c1,c2,1264,i8,?,
1769473683.5409632,SENT,cbbd45e5-40fc-4e31-94dd-00be5d85f461,ed2d1106-d183-40e9-9daf-1addb4f599d1,c1,c2,876,?,p2,
1769473683.5411904,FORWARDED,cbbd45e5-40fc-4e31-94dd-00be5d85f461,ed2d1106-d183-40e9-9daf-1addb4f599d1,c1,c2,876,?,p2,
1769473683.716023,SENT,0de98ff1-fa7a-4747-bf80-7a3eccf852e3,5cbf4add-0128-49ca-8ad1-22f9df7d955b,c4,c1,871,?,p1,
1769473683.7161338,FORWARDED,0de98ff1-fa7a-4747-bf80-7a3eccf852e3,5cbf4add-0128-49ca-8ad1-22f9df7d955b,c4,c1,871,?,p1,
1769473685.6845245,RECEIVED,49293730-0fb8-44ff-b45e-fdbe117bd967,1a72d46e-a630-4780-b029-a2929f18e7ce,c5,c4,1255,i8,?,
1769473686.4386373,RECEIVED,fdfdbe71-1cc9-40e7-99f5-11a4ce51ccee,a42bf388-f919-4095-8fa7-01e56e9c34b3,c3,c4,1255,i3,?,
1769473686.8832412,SENT,fdfdbe71-1cc9-40e7-99f5-11a4ce51ccee,a42bf388-f919-4095-8fa7-01e56e9c34b3,c3,c4,868,?,p1,
1769473686.883301,FORWARDED,fdfdbe71-1cc9-40e7-99f5-11a4ce51ccee,a42bf388-f919-4095-8fa7-01e56e9c34b3,c3,c4,868,?,p1,
1769473687.0015514,SENT,49293730-0fb8-44ff-b45e-fdbe117bd967,1a72d46e-a630-4780-b029-a2929f18e7ce,c5,c4,869,?,p1,
1769473687.0016806,FORWARDED,49293730-0fb8-44ff-b45e-fdbe117bd967,1a72d46e-a630-4780-b029-a2929f18e7ce,c5,c4,869,?,p1,
1769473687.875676,RECEIVED,6411a0c4-c921-4eb7-8d0b-62da85c40d3d,86412063-dc0e-4c3f-bc83-3ef8ecfef822,c2,c1,1263,i5,?,
1769473688.1568477,RECEIVED,5c8c412f-780d-4956-abee-bd00649cb256,3ae1b126-474e-49a5-a12d-e74b3e9d564d,c4,c1,1264,i10,?,
1769473688.2709901,RECEIVED,56baec2a-c6f5-4948-987e-1f8ff37b87ed,d89de4e2-9655-4957-a4ed-ea83043bec22,c3,c4,1252,i1,?,
1769473688.2838006,SENT,5c8c412f-780d-4956-abee-bd00649cb256,3ae1b126-474e-49a5-a12d-e74b3e9d564d,c4,c1,875,?,p1,
1769473688.2838538,FORWARDED,5c8c412f-780d-4956-abee-bd00649cb256,3ae1b126-474e-49a5-a12d-e74b3e9d564d,c4,c1,875,?,p1,
1769473688.3528433,SENT,56baec2a-c6f5-4948-987e-1f8ff37b87ed,d89de4e2-9655-4957-a4ed-ea83043bec22,c3,c4,867,?,p1,
1769473688.3529716,FORWARDED,56baec2a-c6f5-4948-987e-1f8ff37b87ed,d89de4e2-9655-4957-a4ed-ea83043bec22,c3,c4,867,?,p1,
1769473688.637523,SENT,6411a0c4-c921-4eb7-8d0b-62da85c40d3d,86412063-dc0e-4c3f-bc83-3ef8ecfef822,c2,c1,875,?,p1,
1769473688.637636,FORWARDED,6411a0c4-c921-4eb7-8d0b-62da85c40d3d,86412063-dc0e-4c3f-bc83-3ef8ecfef822,c2,c1,875,?,p1,
1769473689.1125305,RECEIVED,880620b8-50af-40dc-81d1-a96d858d536e,07738bcb-f1da-45dc-81b5-ad5c55a6a3fc,c3,c4,1264,i10,?,
1769473689.442091,SENT,880620b8-50af-40dc-81d1-a96d858d536e,07738bcb-f1da-45dc-81b5-ad5c55a6a3fc,c3,c4,875,?,p1,
1769473689.442226,FORWARDED,880620b8-50af-40dc-81d1-a96d858d536e,07738bcb-f1da-45dc-81b5-ad5c55a6a3fc,c3,c4,875,?,p1,
1769473690.539168,RECEIVED,e701f07b-39c4-4a3f-9e9a-4471ec9ca7a8,5b383bf8-9bc2-4da1-a747-ffd2b92fb842,c4,c1,1259,i6,?,
1769473691.1650312,SENT,e701f07b-39c4-4a3f-9e9a-4471ec9ca7a8,5b383bf8-9bc2-4da1-a747-ffd2b92fb842,c4,c1,872,?,p1,
1769473691.165903,FORWARDED,e701f07b-39c4-4a3f-9e9a-4471ec9ca7a8,5b383bf8-9bc2-4da1-a747-ffd2b92fb842,c4,c1,872,?,p1,
1769473692.6482987,RECEIVED,1b6c7ca0-4d41-4e99-b024-18fa21c1c20f,70b25e9b-731a-4c30-9def-cc8d2fd25970,c1,c2,1259,i12,?,
1769473692.7503078,SENT,1b6c7ca0-4d41-4e99-b024-18fa21c1c20f,70b25e9b-731a-4c30-9def-cc8d2fd25970,c1,c2,871,?,p2,
1769473692.7504215,FORWARDED,1b6c7ca0-4d41-4e99-b024-18fa21c1c20f,70b25e9b-731a-4c30-9def-cc8d2fd25970,c1,c2,871,?,p2,
1769473693.4162219,RECEIVED,31d3ac28-b428-439a-a2ed-465e5a045603,d3f6b929-daaf-46d5-839f-b3a7077aad5d,c2,c1,1263,i9,?,
1769473693.7874835,RECEIVED,6f9e44c3-c1d4-4d0a-863b-053c1010de08,aa5ff02e-ab63-4c52-a4ca-0d68b9f0e6d3,c3,c4,1251,i5,?,
1769473694.1826842,SENT,31d3ac28-b428-439a-a2ed-465e5a045603,d3f6b929-daaf-46d5-839f-b3a7077aad5d,c2,c1,875,?,p1,
1769473694.1828103,FORWARDED,31d3ac28-b428-439a-a2ed-465e5a045603,d3f6b929-daaf-46d5-839f-b3a7077aad5d,c2,c1,875,?,p1,
1769473694.4035723,SENT,6f9e44c3-c1d4-4d0a-863b-053c1010de08,aa5ff02e-ab63-4c52-a4ca-0d68b9f0e6d3,c3,c4,867,?,p1,
1769473694.4036238,FORWARDED,6f9e44c3-c1d4-4d0a-863b-053c1010de08,aa5ff02e-ab63-4c52-a4ca-0d68b9f0e6d3,c3,c4,867,?,p1,
1769473695.351015,RECEIVED,3fe0138a-ba90-4bdf-a978-dcd65e60228d,2967fa27-9af5-4863-a537-c3cb7ee6d19a,c4,c1,1259,i6,?,
1769473695.549539,SENT,3fe0138a-ba90-4bdf-a978-dcd65e60228d,2967fa27-9af5-4863-a537-c3cb7ee6d19a,c4,c1,872,?,p1,
1769473695.5495927,FORWARDED,3fe0138a-ba90-4bdf-a978-dcd65e60228d,2967fa27-9af5-4863-a537-c3cb7ee6d19a,c4,c1,872,?,p1,
1769473696.5626616,RECEIVED,37308ed4-3e5e-4e96-954b-b204b73f73eb,dabcff42-001f-4ff7-bd8e-9e405ad5e660,c4,DROP,447,x10,?,
1769473697.1319692,RECEIVED,e63c4ad4-309d-4f62-b2c1-af7c463335af,0406254b-d3ad-4f0a-ae32-5501c4c06c9a,c3,c4,1256,i7,?,
1769473697.2302074,RECEIVED,d59f99ab-0bc2-4468-8970-0ce558bea688,44b234c8-c5d7-4bd7-b7f6-1d1241444576,c2,c1,1251,i8,?,
1769473697.4012861,RECEIVED,80525875-e1d3-489f-a855-2d8982cdf271,cb9d2891-c199-4a57-a734-5ef906da546e,c2,c1,1259,i12,?,
1769473697.405725,SENT,e63c4ad4-309d-4f62-b2c1-af7c463335af,0406254b-d3ad-4f0a-ae32-5501c4c06c9a,c3,c4,868,?,p1,
1769473697.4058607,FORWARDED,e63c4ad4-309d-4f62-b2c1-af7c463335af,0406254b-d3ad-4f0a-ae32-5501c4c06c9a,c3,c4,868,?,p1,
1769473698.2547474,SENT,80525875-e1d3-489f-a855-2d8982cdf271,cb9d2891-c199-4a57-a734-5ef906da546e,c2,c1,872,?,p1,
1769473698.2548122,FORWARDED,80525875-e1d3-489f-a855-2d8982cdf271,cb9d2891-c199-4a57-a734-5ef906da546e,c2,c1,872,?,p1,
1769473698.7949274,SENT,d59f99ab-0bc2-4468-8970-0ce558bea688,44b234c8-c5d7-4bd7-b7f6-1d1241444576,c2,c1,867,?,p1,
1769473698.7950115,FORWARDED,d59f99ab-0bc2-4468-8970-0ce558bea688,44b234c8-c5d7-4bd7-b7f6-1d1241444576,c2,c1,867,?,p1,
1769473699.2699137,RECEIVED,2f16152c-8885-4762-8cdc-21cb5089b8e8,20b416db-e4c7-4018-a76f-06b293ee2f08,c2,c1,1260,i8,?,
1769473699.3744824,SENT,2f16152c-8885-4762-8cdc-21cb5089b8e8,20b416db-e4c7-4018-a76f-06b293ee2f08,c2,c1,872,?,p1,
1769473699.374645,FORWARDED,2f16152c-8885-4762-8cdc-21cb5089b8e8,20b416db-e4c7-4018-a76f-06b293ee2f08,c2,c1,872,?,p1,
1769473699.8423982,RECEIVED,55796c5f-5afa-4c51-9035-2b0727e2ac2b,b19a860d-7168-4d77-8cc9-25a0b3707b49,c5,c4,1264,i10,?,
1769473699.9193735,RECEIVED,660960df-5d6e-4e1f-bbfd-085d674cb52f,d730b0bb-4e76-4ad4-99a7-ad742782515e,c3,c4,1250,i12,?,
1769473700.2333446,SENT,55796c5f-5afa-4c51-9035-2b0727e2ac2b,b19a860d-7168-4d77-8cc9-25a0b3707b49,c5,c4,876,?,p1,
1769473700.2334754,FORWARDED,55796c5f-5afa-4c51-9035-2b0727e2ac2b,b19a860d-7168-4d77-8cc9-25a0b3707b49,c5,c4,876,?,p1,
1769473700.8465598,RECEIVED,c6ba684c-4a54-4588-affd-2cc675f08c09,d28cae48-1648-4230-af4d-3a5381e7385e,c2,c1,1251,i7,?,
1769473701.0843256,SENT,660960df-5d6e-4e1f-bbfd-085d674cb52f,d730b0bb-4e76-4ad4-99a7-ad742782515e,c3,c4,867,?,p1,
1769473701.0844588,FORWARDED,660960df-5d6e-4e1f-bbfd-085d674cb52f,d730b0bb-4e76-4ad4-99a7-ad742782515e,c3,c4,867,?,p1,
1769473701.6218603,SENT,c6ba684c-4a54-4588-affd-2cc675f08c09,d28cae48-1648-4230-af4d-3a5381e7385e,c2,c1,867,?,p1,
1769473701.6219847,FORWARDED,c6ba684c-4a54-4588-affd-2cc675f08c09,d28cae48-1648-4230-af4d-3a5381e7385e,c2,c1,867,?,p1,
1769473702.165885,RECEIVED,769fa27c-081d-4bef-8d74-24ed748d4e69,0aff3436-72dc-43b2-b8b5-d94a197c7cad,c5,c4,1261,i6,?,
1769473702.2218153,SENT,769fa27c-081d-4bef-8d74-24ed748d4e69,0aff3436-72dc-43b2-b8b5-d94a197c7cad,c5,c4,873,?,p1,
1769473702.2219436,FORWARDED,769fa27c-081d-4bef-8d74-24ed748d4e69,0aff3436-72dc-43b2-b8b5-d94a197c7cad,c5,c4,873,?,p1,
1769473702.4914603,RECEIVED,7f0b34c6-1e57-455f-826b-4e5dd1f2d2f0,0610ac88-30a4-4e5e-8a40-06d3e1114b2f,c2,c1,1263,i12,?,
1769473702.8245442,SENT,7f0b34c6-1e57-455f-826b-4e5dd1f2d2f0,0610ac88-30a4-4e5e-8a40-06d3e1114b2f,c2,c1,876,?,p1,
1769473702.8246775,FORWARDED,7f0b34c6-1e57-455f-826b-4e5dd1f2d2f0,0610ac88-30a4-4e5e-8a40-06d3e1114b2f,c2,c1,876,?,p1,
1769473704.8713868,RECEIVED,6d9f5dd8-d711-4a4b-810d-255b76162a15,75f7b355-5d99-464a-9e05-2ef7256d6cd6,c1,c2,1259,i8,?,
1769473705.4066317,SENT,6d9f5dd8-d711-4a4b-810d-255b76162a15,75f7b355-5d99-464a-9e05-2ef7256d6cd6,c1,c2,871,?,p2,
1769473705.406788,FORWARDED,6d9f5dd8-d711-4a4b-810d-255b76162a15,75f7b355-5d99-464a-9e05-2ef7256d6cd6,c1,c2,871,?,p2,
1769473707.3031967,RECEIVED,2229a06b-b3b6-474d-ba35-d25dcad5a2f6,5c80fe71-0601-4fc0-86f0-105684ed3508,c5,c4,1264,i8,?,
1769473707.3563077,RECEIVED,3189f54b-0a97-4a1a-b8b4-c67a93a09e48,89390926-3e2b-4685-8230-e36605ddaf7a,c1,c2,1252,i4,?,
1769473707.4524822,SENT,2229a06b-b3b6-474d-ba35-d25dcad5a2f6,5c80fe71-0601-4fc0-86f0-105684ed3508,c5,c4,876,?,p1,
1769473707.4525776,FORWARDED,2229a06b-b3b6-474d-ba35-d25dcad5a2f6,5c80fe71-0601-4fc0-86f0-105684ed3508,c5,c4,876,?,p1,
1769473707.6464815,SENT,3189f54b-0a97-4a1a-b8b4-c67a93a09e48,89390926-3e2b-4685-8230-e36605ddaf7a,c1,c2,867,?,p2,
1769473707.6466112,FORWARDED,3189f54b-0a97-4a1a-b8b4-c67a93a09e48,89390926-3e2b-4685-8230-e36605ddaf7a,c1,c2,867,?,p2,
1769473712.182771,RECEIVED,af255eba-6fd6-48e1-b7f4-c86fe188955d,e0680fa4-0eda-43f0-88ba-f261e5351c6f,c5,c4,1260,i12,?,
1769473712.5198646,SENT,af255eba-6fd6-48e1-b7f4-c86fe188955d,e0680fa4-0eda-43f0-88ba-f261e5351c6f,c5,c4,871,?,p1,
1769473712.5199976,FORWARDED,af255eba-6fd6-48e1-b7f4-c86fe188955d,e0680fa4-0eda-43f0-88ba-f261e5351c6f,c5,c4,871,?,p1,
1769473712.9696064,RECEIVED,2bcc96e3-df5e-4118-9c8a-493dfb7f9359,ebe78a36-2999-447e-ba19-e4a709856fee,c4,c1,1260,i10,?,
1769473713.268133,SENT,2bcc96e3-df5e-4118-9c8a-493dfb7f9359,ebe78a36-2999-447e-ba19-e4a709856fee,c4,c1,871,?,p1,
1769473713.2682908,FORWARDED,2bcc96e3-df5e-4118-9c8a-493dfb7f9359,ebe78a36-2999-447e-ba19-e4a709856fee,c4,c1,871,?,p1,
1769473714.4398375,RECEIVED,f7b96a4c-fb24-4561-a771-e5c42f7fb98d,3464a793-6a29-4fcd-a895-266cd188711b,c2,c1,1259,i8,?,
1769473714.9190218,SENT,f7b96a4c-fb24-4561-a771-e5c42f7fb98d,3464a793-6a29-4fcd-a895-266cd188711b,c2,c1,872,?,p1,
1769473714.919435,FORWARDED,f7b96a4c-fb24-4561-a771-e5c42f7fb98d,3464a793-6a29-4fcd-a895-266cd188711b,c2,c1,872,?,p1,
1769473716.3738942,RECEIVED,cc02836c-9840-4144-a4d6-88bba97ccad3,d653179c-ac85-4f62-9e66-101295982c82,c1,c2,1255,i1,?,
1769473717.2634928,RECEIVED,a966ce49-37a4-478e-9b11-18cc1bb9c116,ac796487-5d23-4fc1-94d7-7bc1b7f93995,c5,c4,1251,i3,?,
1769473717.714319,SENT,cc02836c-9840-4144-a4d6-88bba97ccad3,d653179c-ac85-4f62-9e66-101295982c82,c1,c2,868,?,p2,
1769473717.714386,FORWARDED,cc02836c-9840-4144-a4d6-88bba97ccad3,d653179c-ac85-4f62-9e66-101295982c82,c1,c2,868,?,p2,
1769473718.3417754,SENT,a966ce49-37a4-478e-9b11-18cc1bb9c116,ac796487-5d23-4fc1-94d7-7bc1b7f93995,c5,c4,867,?,p1,
1769473718.341947,FORWARDED,a966ce49-37a4-478e-9b11-18cc1bb9c116,ac796487-5d23-4fc1-94d7-7bc1b7f93995,c5,c4,867,?,p1,
1769473719.915781,RECEIVED,b7b21e2f-8798-4167-8a99-ce29348bc372,d29c13b7-d223-4c85-b818-394cca8e4807,c2,c1,1255,i9,?,
1769473720.3692343,RECEIVED,6ac8308d-435d-47eb-a533-59c6bf14313d,fce06306-bb63-4835-a27d-5d480e83d8f6,c1,c2,1251,i4,?,
1769473720.4911125,SENT,b7b21e2f-8798-4167-8a99-ce29348bc372,d29c13b7-d223-4c85-b818-394cca8e4807,c2,c1,868,?,p1,
1769473720.4912899,FORWARDED,b7b21e2f-8798-4167-8a99-ce29348bc372,d29c13b7-d223-4c85-b818-394cca8e4807,c2,c1,868,?,p1,
1769473720.7007086,RECEIVED,949042cf-7e61-46ba-987b-880f721cf568,ea2918d1-c103-43a3-bf0f-6cdbbf6b8d95,c3,c4,1255,i10,?,
1769473720.8369539,SENT,6ac8308d-435d-47eb-a533-59c6bf14313d,fce06306-bb63-4835-a27d-5d480e83d8f6,c1,c2,867,?,p2,
1769473720.8371081,FORWARDED,6ac8308d-435d-47eb-a533-59c6bf14313d,fce06306-bb63-4835-a27d-5d480e83d8f6,c1,c2,867,?,p2,
1769473720.9919145,RECEIVED,93d3dbe4-d5f0-43d0-8f7e-c13b9238fae1,b58a5eb3-1ab2-45e8-bbed-fce6e453dabd,c4,c1,1255,i7,?,
1769473721.195116,SENT,949042cf-7e61-46ba-987b-880f721cf568,ea2918d1-c103-43a3-bf0f-6cdbbf6b8d95,c3,c4,870,?,p1,
1769473721.1952024,FORWARDED,949042cf-7e61-46ba-987b-880f721cf568,ea2918d1-c103-43a3-bf0f-6cdbbf6b8d95,c3,c4,870,?,p1,
1769473721.7603657,RECEIVED,0d0526de-b5c6-4b6b-8950-8da7dd156614,5981a04c-8d14-4da5-85f1-2c40e7ae7d5f,c2,c1,1264,i11,?,
1769473721.800399,SENT,0d0526de-b5c6-4b6b-8950-8da7dd156614,5981a04c-8d14-4da5-85f1-2c40e7ae7d5f,c2,c1,876,?,p1,
1769473721.8005323,FORWARDED,0d0526de-b5c6-4b6b-8950-8da7dd156614,5981a04c-8d14-4da5-85f1-2c40e7ae7d5f,c2,c1,876,?,p1,
1769473722.5030344,SENT,93d3dbe4-d5f0-43d0-8f7e-c13b9238fae1,b58a5eb3-1ab2-45e8-bbed-fce6e453dabd,c4,c1,868,?,p1,
1769473722.5032117,FORWARDED,93d3dbe4-d5f0-43d0-8f7e-c13b9238fae1,b58a5eb3-1ab2-45e8-bbed-fce6e453dabd,c4,c1,868,?,p1,
1769473724.6745892,RECEIVED,41b845f9-7b02-40cb-84ef-83d21fa0d0f5,33904b77-1382-4e44-861c-5324087d5e68,c4,c1,1259,i12,?,
1769473725.8208992,SENT,41b845f9-7b02-40cb-84ef-83d21fa0d0f5,33904b77-1382-4e44-861c-5324087d5e68,c4,c1,871,?,p1,
1769473725.8209891,FORWARDED,41b845f9-7b02-40cb-84ef-83d21fa0d0f5,33904b77-1382-4e44-861c-5324087d5e68,c4,c1,871,?,p1,
1769473725.8445442,RECEIVED,c56efda8-9e35-4b5b-867c-928a5aba0a58,9f60c7ef-01ce-40da-9dcd-f92f7dc60aab,c5,c4,1263,i4,?,
1769473726.3554997,RECEIVED,1aa9c655-a84c-403a-820a-d02f33443002,6169df59-a3e7-47e1-a34e-e37ff4745b4f,c1,c2,1264,i11,?,
1769473726.4562192,SENT,1aa9c655-a84c-403a-820a-d02f33443002,6169df59-a3e7-47e1-a34e-e37ff4745b4f,c1,c2,875,?,p2,
1769473726.456332,FORWARDED,1aa9c655-a84c-403a-820a-d02f33443002,6169df59-a3e7-47e1-a34e-e37ff4745b4f,c1,c2,875,?,p2,
1769473727.4412713,SENT,c56efda8-9e35-4b5b-867c-928a5aba0a58,9f60c7ef-01ce-40da-9dcd-f92f7dc60aab,c5,c4,876,?,p1,
1769473727.4414048,FORWARDED,c56efda8-9e35-4b5b-867c-928a5aba0a58,9f60c7ef-01ce-40da-9dcd-f92f7dc60aab,c5,c4,876,?,p1,
1769473728.2355325,RECEIVED,69df1dd2-e6c6-43c9-a137-e69715af98bc,b84c77e9-8228-46a7-b7e3-d966ef149251,c2,c1,1260,i5,?,
1769473728.2543275,SENT,69df1dd2-e6c6-43c9-a137-e69715af98bc,b84c77e9-8228-46a7-b7e3-d966ef149251,c2,c1,871,?,p1,
1769473728.2544453,FORWARDED,69df1dd2-e6c6-43c9-a137-e69715af98bc,b84c77e9-8228-46a7-b7e3-d966ef149251,c2,c1,871,?,p1,
1769473730.5258687,RECEIVED,16efc7c7-e117-47f7-8327-7e21f1159699,a1e8222e-8456-4ddf-9f68-60ffa30406ee,c3,c4,1256,i1,?,
1769473730.7697408,SENT,16efc7c7-e117-47f7-8327-7e21f1159699,a1e8222e-8456-4ddf-9f68-60ffa30406ee,c3,c4,868,?,p1,
1769473730.7698734,FORWARDED,16efc7c7-e117-47f7-8327-7e21f1159699,a1e8222e-8456-4ddf-9f68-60ffa30406ee,c3,c4,868,?,p1,
1769473731.9328094,RECEIVED,bcb98f42-8bd1-4f6f-987f-2b2b1d7ad755,d1a3a312-7f63-4717-be65-bcbccd1ccf5e,c3,c4,1253,i1,?,
1769473731.946604,RECEIVED,afabd443-8d12-4734-937a-b8ea7cc90c36,e636383f-1b67-4faf-868f-5bab6c0c015b,c3,c4,1260,i5,?,
1769473731.9730244,SENT,bcb98f42-8bd1-4f6f-987f-2b2b1d7ad755,d1a3a312-7f63-4717-be65-bcbccd1ccf5e,c3,c4,867,?,p1,
1769473731.9731867,FORWARDED,bcb98f42-8bd1-4f6f-987f-2b2b1d7ad755,d1a3a312-7f63-4717-be65-bcbccd1ccf5e,c3,c4,867,?,p1,
1769473732.154368,RECEIVED,e044693d-473c-41a5-85c3-53701927be5c,00215f32-a354-40f1-ab6a-dae7ccd5a2bf,c3,c4,1254,i2,?,
1769473732.293658,SENT,e044693d-473c-41a5-85c3-53701927be5c,00215f32-a354-40f1-ab6a-dae7ccd5a2bf,c3,c4,868,?,p1,
1769473732.2937832,FORWARDED,e044693d-473c-41a5-85c3-53701927be5c,00215f32-a354-40f1-ab6a-dae7ccd5a2bf,c3,c4,868,?,p1,
1769473732.3657267,SENT,afabd443-8d12-4734-937a-b8ea7cc90c36,e636383f-1b67-4faf-868f-5bab6c0c015b,c3,c4,871,?,p1,
1769473732.3658593,FORWARDED,afabd443-8d12-4734-937a-b8ea7cc90c36,e636383f-1b67-4faf-868f-5bab6c0c015b,c3,c4,871,?,p1,
1769473732.4741418,RECEIVED,d66d076b-2ba6-4f15-a74b-ec3d49b4df11,dfc44ff6-8229-4d19-a99e-6b306b2674cb,c2,c1,1252,i1,?,
1769473732.516451,SENT,d66d076b-2ba6-4f15-a74b-ec3d49b4df11,dfc44ff6-8229-4d19-a99e-6b306b2674cb,c2,c1,867,?,p1,
1769473732.5165317,FORWARDED,d66d076b-2ba6-4f15-a74b-ec3d49b4df11,dfc44ff6-8229-4d19-a99e-6b306b2674cb,c2,c1,867,?,p1,
1769473733.069885,RECEIVED,b7ec857a-311e-4e2e-8fb8-631ab50f5a97,a86bdfc0-1eb6-4fd8-80d6-0a095a1d497d,c1,c2,1251,i6,?,
1769473733.8694935,SENT,b7ec857a-311e-4e2e-8fb8-631ab50f5a97,a86bdfc0-1eb6-4fd8-80d6-0a095a1d497d,c1,c2,867,?,p2,
1769473733.8695605,FORWARDED,b7ec857a-311e-4e2e-8fb8-631ab50f5a97,a86bdfc0-1eb6-4fd8-80d6-0a095a1d497d,c1,c2,867,?,p2,
1769473734.529759,RECEIVED,2700b04e-ff6b-4112-9470-2d438666d724,f52eabdc-a62a-4096-91c8-3a32d1431762,c4,c1,1252,i7,?,
1769473734.6595788,RECEIVED,e8c89679-e496-4d75-9e5a-2838e34331f6,9b3248d4-0a46-4b40-b62e-f557585fc716,c2,c1,1256,i7,?,
1769473734.8434656,SENT,e8c89679-e496-4d75-9e5a-2838e34331f6,9b3248d4-0a46-4b40-b62e-f557585fc716,c2,c1,868,?,p1,
1769473734.84362,FORWARDED,e8c89679-e496-4d75-9e5a-2838e34331f6,9b3248d4-0a46-4b40-b62e-f557585fc716,c2,c1,868,?,p1,
1769473734.9292529,SENT,2700b04e-ff6b-4112-9470-2d438666d724,f52eabdc-a62a-4096-91c8-3a32d1431762,c4,c1,867,?,p1,
1769473734.929387,FORWARDED,2700b04e-ff6b-4112-9470-2d438666d724,f52eabdc-a62a-4096-91c8-3a32d1431762,c4,c1,867,?,p1,
1769473734.93359,RECEIVED,bcff9459-d926-4089-966d-4de9e8bfa7ef,4505a46b-16fc-4e0b-93dd-bd90366d8f48,c5,c4,1263,i11,?,
1769473735.1359818,RECEIVED,b221a9d0-ca65-47db-b8cc-3569ba7265d2,1e329a87-7b7b-4323-b526-719e9927ff2e,c4,c1,1264,i11,?,
1769473735.189249,SENT,b221a9d0-ca65-47db-b8cc-3569ba7265d2,1e329a87-7b7b-4323-b526-719e9927ff2e,c4,c1,875,?,p1,
1769473735.1893823,FORWARDED,b221a9d0-ca65-47db-b8cc-3569ba7265d2,1e329a87-7b7b-4323-b526-719e9927ff2e,c4,c1,875,?,p1,
1769473735.6259763,SENT,bcff9459-d926-4089-966d-4de9e8bfa7ef,4505a46b-16fc-4e0b-93dd-bd90366d8f48,c5,c4,876,?,p1,
1769473735.6268587,FORWARDED,bcff9459-d926-4089-966d-4de9e8bfa7ef,4505a46b-16fc-4e0b-93dd-bd90366d8f48,c5,c4,876,?,p1,
1769473735.7512167,RECEIVED,ee57bb7d-d8dc-44e2-ad44-c3039acf394b,de682782-cdc3-485c-805b-af7af4947e71,c1,c2,1251,i7,?,
1769473735.9828703,RECEIVED,84b3ec9b-1169-470b-8aeb-8a6555da31c7,ef680ec1-a4a1-4fdc-8227-e58c5bd0eb5f,c5,c4,1259,i5,?,
1769473736.2732368,SENT,ee57bb7d-d8dc-44e2-ad44-c3039acf394b,de682782-cdc3-485c-805b-af7af4947e71,c1,c2,867,?,p2,
1769473736.2733645,FORWARDED,ee57bb7d-d8dc-44e2-ad44-c3039acf394b,de682782-cdc3-485c-805b-af7af4947e71,c1,c2,867,?,p2,
1769473737.4734335,SENT,84b3ec9b-1169-470b-8aeb-8a6555da31c7,ef680ec1-a4a1-4fdc-8227-e58c5bd0eb5f,c5,c4,871,?,p1,
1769473737.473552,FORWARDED,84b3ec9b-1169-470b-8aeb-8a6555da31c7,ef680ec1-a4a1-4fdc-8227-e58c5bd0eb5f,c5,c4,871,?,p1,
1769473737.986094,RECEIVED,8f089528-fdcb-4084-a207-6e0c5ccbed8b,9345845c-c7c5-4a73-a966-25f37585da3a,c5,c4,1256,i9,?,
1769473738.0499852,SENT,8f089528-fdcb-4084-a207-6e0c5ccbed8b,9345845c-c7c5-4a73-a966-25f37585da3a,c5,c4,870,?,p1,
1769473738.050091,FORWARDED,8f089528-fdcb-4084-a207-6e0c5ccbed8b,9345845c-c7c5-4a73-a966-25f37585da3a,c5,c4,870,?,p1,
1769473738.436428,RECEIVED,910bddbf-e98c-40cc-857f-294328bc86a6,ee49b3f1-ac17-4ae5-b725-e6de15a60024,c2,c1,1264,i2,?,
1769473738.4885979,RECEIVED,30ac0c05-2195-4fcb-acfb-d363743a13c7,f7b7cf94-cd01-47e6-ac57-dc7bb903f650,c5,c4,1252,i1,?,
1769473738.5950015,SENT,910bddbf-e98c-40cc-857f-294328bc86a6,ee49b3f1-ac17-4ae5-b725-e6de15a60024,c2,c1,876,?,p1,
1769473738.595149,FORWARDED,910bddbf-e98c-40cc-857f-294328bc86a6,ee49b3f1-ac17-4ae5-b725-e6de15a60024,c2,c1,876,?,p1,
1769473738.8413937,SENT,30ac0c05-2195-4fcb-acfb-d363743a13c7,f7b7cf94-cd01-47e6-ac57-dc7bb903f650,c5,c4,867,?,p1,
1769473738.841527,FORWARDED,30ac0c05-2195-4fcb-acfb-d363743a13c7,f7b7cf94-cd01-47e6-ac57-dc7bb903f650,c5,c4,867,?,p1,
1769473739.3640997,RECEIVED,d5ad249d-8d27-451f-a8fa-e0bf98d8d124,aa4023c9-0fea-42af-9fb9-92e8508046d3,c3,c4,1259,i5,?,
1769473739.4910374,RECEIVED,2314bdb3-6065-4a59-a44b-9245043acebb,8c756c65-df16-49ad-b11a-17b8443ad76b,c3,c4,1260,i6,?,
1769473739.5688565,SENT,2314bdb3-6065-4a59-a44b-9245043acebb,8c756c65-df16-49ad-b11a-17b8443ad76b,c3,c4,872,?,p1,
1769473739.568944,FORWARDED,2314bdb3-6065-4a59-a44b-9245043acebb,8c756c65-df16-49ad-b11a-17b8443ad76b,c3,c4,872,?,p1,
1769473739.8448594,SENT,d5ad249d-8d27-451f-a8fa-e0bf98d8d124,aa4023c9-0fea-42af-9fb9-92e8508046d3,c3,c4,872,?,p1,
1769473739.8449378,FORWARDED,d5ad249d-8d27-451f-a8fa-e0bf98d8d124,aa4023c9-0fea-42af-9fb9-92e8508046d3,c3,c4,872,?,p1,
1769473740.9183555,RECEIVED,20920706-8baf-477c-8742-f0e2f9f54ca9,2f7db30f-ec19-47b4-8eac-c49f068a2c0d,c1,c2,1259,i3,?,
1769473741.7359078,SENT,20920706-8baf-477c-8742-f0e2f9f54ca9,2f7db30f-ec19-47b4-8eac-c49f068a2c0d,c1,c2,871,?,p2,
1769473741.7359736,FORWARDED,20920706-8baf-477c-8742-f0e2f9f54ca9,2f7db30f-ec19-47b4-8eac-c49f068a2c0d,c1,c2,871,?,p2,
1769473742.5085316,RECEIVED,ceb4338f-63e3-4ab2-9e07-0e4b6138b50e,4826f32f-79a5-4306-8115-9ed3abe5ab20,c3,c4,1257,i3,?,
1769473742.5341816,SENT,ceb4338f-63e3-4ab2-9e07-0e4b6138b50e,4826f32f-79a5-4306-8115-9ed3abe5ab20,c3,c4,868,?,p1,
1769473742.5343134,FORWARDED,ceb4338f-63e3-4ab2-9e07-0e4b6138b50e,4826f32f-79a5-4306-8115-9ed3abe5ab20,c3,c4,868,?,p1,
1769473742.7447393,RECEIVED,a6cb1ea3-0680-4202-b498-5bb5f777ebd5,ed018f3a-c8d2-494a-a10b-940f2b8c6f7c,c2,c1,1256,i6,?,
1769473742.8448262,RECEIVED,9d20afbc-5506-42f4-a4cc-a04cc0abf59c,8270f661-86bf-45f6-b2c6-cc5fbe2c498b,c2,c1,1255,i2,?,
1769473742.9997056,SENT,a6cb1ea3-0680-4202-b498-5bb5f777ebd5,ed018f3a-c8d2-494a-a10b-940f2b8c6f7c,c2,c1,868,?,p1,
1769473742.9997602,FORWARDED,a6cb1ea3-0680-4202-b498-5bb5f777ebd5,ed018f3a-c8d2-494a-a10b-940f2b8c6f7c,c2,c1,868,?,p1,
1769473744.582447,SENT,9d20afbc-5506-42f4-a4cc-a04cc0abf59c,8270f661-86bf-45f6-b2c6-cc5fbe2c498b,c2,c1,868,?,p1,
1769473744.582582,FORWARDED,9d20afbc-5506-42f4-a4cc-a04cc0abf59c,8270f661-86bf-45f6-b2c6-cc5fbe2c498b,c2,c1,868,?,p1,
1769473744.654536,RECEIVED,afe9892c-91bb-4765-a39c-5d31a75d96f0,140f9960-f28e-4bab-a19e-703a36825408,c1,c2,1251,i8,?,
1769473745.233758,SENT,afe9892c-91bb-4765-a39c-5d31a75d96f0,140f9960-f28e-4bab-a19e-703a36825408,c1,c2,867,?,p2,
1769473745.234171,FORWARDED,afe9892c-91bb-4765-a39c-5d31a75d96f0,140f9960-f28e-4bab-a19e-703a36825408,c1,c2,867,?,p2,
1769473746.048976,RECEIVED,b2d4710f-b867-415f-af2f-e4ff2bed45e3,bf9ee273-391c-4b92-8438-625ef8430d89,c3,c4,1265,i6,?,
1769473746.0675468,SENT,b2d4710f-b867-415f-af2f-e4ff2bed45e3,bf9ee273-391c-4b92-8438-625ef8430d89,c3,c4,875,?,p1,
1769473746.0676796,FORWARDED,b2d4710f-b867-415f-af2f-e4ff2bed45e3,bf9ee273-391c-4b92-8438-625ef8430d89,c3,c4,875,?,p1,
1769473747.4993114,RECEIVED,e73c97a2-be46-4d39-9bee-1c9ef68e05d0,9fbeefc1-8ef3-45cc-9757-592895c3e2f5,c2,c1,1255,i6,?,
1769473747.684471,SENT,e73c97a2-be46-4d39-9bee-1c9ef68e05d0,9fbeefc1-8ef3-45cc-9757-592895c3e2f5,c2,c1,868,?,p1,
1769473747.6846046,FORWARDED,e73c97a2-be46-4d39-9bee-1c9ef68e05d0,9fbeefc1-8ef3-45cc-9757-592895c3e2f5,c2,c1,868,?,p1,
1769473747.8236368,RECEIVED,48a6c589-a954-4611-a8f6-6f5ee8fd1d5e,a526b48d-8be0-4714-a0c1-4b7078b690ab,c4,c1,1260,i9,?,
1769473748.0029051,RECEIVED,f32b4b49-216c-4c6a-bb21-649deb4b173d,148caa60-aadb-4c15-9bbc-4d5dfa78522a,c5,c4,1264,i11,?,
1769473748.070774,SENT,f32b4b49-216c-4c6a-bb21-649deb4b173d,148caa60-aadb-4c15-9bbc-4d5dfa78522a,c5,c4,875,?,p1,
1769473748.070835,FORWARDED,f32b4b49-216c-4c6a-bb21-649deb4b173d,148caa60-aadb-4c15-9bbc-4d5dfa78522a,c5,c4,875,?,p1,
1769473748.0825498,SENT,48a6c589-a954-4611-a8f6-6f5ee8fd1d5e,a526b48d-8be0-4714-a0c1-4b7078b690ab,c4,c1,871,?,p1,
1769473748.0826135,FORWARDED,48a6c589-a954-4611-a8f6-6f5ee8fd1d5e,a526b48d-8be0-4714-a0c1-4b7078b690ab,c4,c1,871,?,p1,
1769473748.3536148,RECEIVED,fd56d0ce-e2bf-475e-ab9c-4f08765ae14b,88bdc837-236c-4142-8612-384e3cd44e3d,c5,c4,1259,i4,?,
1769473748.6520352,SENT,fd56d0ce-e2bf-475e-ab9c-4f08765ae14b,88bdc837-236c-4142-8612-384e3cd44e3d,c5,c4,872,?,p1,
1769473748.6521835,FORWARDED,fd56d0ce-e2bf-475e-ab9c-4f08765ae14b,88bdc837-236c-4142-8612-384e3cd44e3d,c5,c4,872,?,p1,
1769473749.6579988,RECEIVED,02f1f516-6c4c-4dd0-a6f6-c0e638a19455,63d52711-7fda-4ac0-bf4a-a51b2637705e,c3,c4,1251,i2,?,
1769473750.3188262,SENT,02f1f516-6c4c-4dd0-a6f6-c0e638a19455,63d52711-7fda-4ac0-bf4a-a51b2637705e,c3,c4,867,?,p1,
1769473750.3189645,FORWARDED,02f1f516-6c4c-4dd0-a6f6-c0e638a19455,63d52711-7fda-4ac0-bf4a-a51b2637705e,c3,c4,867,?,p1,
1769473750.8455682,RECEIVED,7dc0b5a8-ae2c-4fdf-94a3-64f4a322ce38,5231acd6-29d3-4cbb-9970-08430960206a,c5,c4,1252,i10,?,
1769473750.9728453,SENT,7dc0b5a8-ae2c-4fdf-94a3-64f4a322ce38,5231acd6-29d3-4cbb-9970-08430960206a,c5,c4,867,?,p1,
1769473750.9729757,FORWARDED,7dc0b5a8-ae2c-4fdf-94a3-64f4a322ce38,5231acd6-29d3-4cbb-9970-08430960206a,c5,c4,867,?,p1,
1769473752.3733017,RECEIVED,88ca64d8-8972-4f2b-9c07-e4898591894f,bd84bc4b-7f74-4c5c-8906-130d43992777,c1,c2,1262,i10,?,
1769473753.6181166,RECEIVED,6e671ae9-358d-4f09-bd0f-8e641ae360a7,65ef232d-cacc-4c9b-9d82-64572758c17e,c5,c4,1251,i3,?,
1769473754.0558343,RECEIVED,de5ccc3a-8263-4826-bac0-19198644b60f,59481490-3bb0-4f55-9dff-837f53975420,c5,c4,1252,i12,?,
1769473754.1973703,RECEIVED,902989d5-5030-4b48-9e11-6fddb64a503a,f3fdef2a-524f-4713-9909-2bc6dd12e465,c3,c4,1254,i4,?,
1769473754.2302463,SENT,de5ccc3a-8263-4826-bac0-19198644b60f,59481490-3bb0-4f55-9dff-837f53975420,c5,c4,867,?,p1,
1769473754.230374,FORWARDED,de5ccc3a-8263-4826-bac0-19198644b60f,59481490-3bb0-4f55-9dff-837f53975420,c5,c4,867,?,p1,
1769473754.3231716,SENT,6e671ae9-358d-4f09-bd0f-8e641ae360a7,65ef232d-cacc-4c9b-9d82-64572758c17e,c5,c4,867,?,p1,
1769473754.323297,FORWARDED,6e671ae9-358d-4f09-bd0f-8e641ae360a7,65ef232d-cacc-4c9b-9d82-64572758c17e,c5,c4,867,?,p1,
1769473754.3362818,SENT,88ca64d8-8972-4f2b-9c07-e4898591894f,bd84bc4b-7f74-4c5c-8906-130d43992777,c1,c2,875,?,p2,
1769473754.3374217,FORWARDED,88ca64d8-8972-4f2b-9c07-e4898591894f,bd84bc4b-7f74-4c5c-8906-130d43992777,c1,c2,875,?,p2,
1769473754.9345508,RECEIVED,009121a2-4f01-4920-9e90-f808c71a0646,b058fbf7-95e1-4326-9731-fd7cda2af77e,c1,c2,1260,i6,?,
1769473755.0514002,SENT,902989d5-5030-4b48-9e11-6fddb64a503a,f3fdef2a-524f-4713-9909-2bc6dd12e465,c3,c4,868,?,p1,
1769473755.0514941,FORWARDED,902989d5-5030-4b48-9e11-6fddb64a503a,f3fdef2a-524f-4713-9909-2bc6dd12e465,c3,c4,868,?,p1,
1769473755.1725342,SENT,009121a2-4f01-4920-9e90-f808c71a0646,b058fbf7-95e1-4326-9731-fd7cda2af77e,c1,c2,873,?,p2,
1769473755.172631,FORWARDED,009121a2-4f01-4920-9e90-f808c71a0646,b058fbf7-95e1-4326-9731-fd7cda2af77e,c1,c2,873,?,p2,
1769473756.3368196,RECEIVED,e4f2374e-3ca8-4b8b-893e-408adab21b3c,4226ec4e-ea70-4980-b4b5-f24ad6925cb1,c3,c4,1256,i2,?,
1769473756.3806112,SENT,e4f2374e-3ca8-4b8b-893e-408adab21b3c,4226ec4e-ea70-4980-b4b5-f24ad6925cb1,c3,c4,868,?,p1,
1769473756.380713,FORWARDED,e4f2374e-3ca8-4b8b-893e-408adab21b3c,4226ec4e-ea70-4980-b4b5-f24ad6925cb1,c3,c4,868,?,p1,
1769473756.553893,RECEIVED,9d436e8d-f083-4c48-b54a-19de0aa56863,3bb885d4-c551-4b2c-be91-c56396184641,c1,c2,1255,i7,?,
1769473756.7689452,RECEIVED,14fb5a9a-3cf2-4ab6-8f29-6b841b1e4287,d360fc79-93aa-4786-8e1b-09b648b50944,c1,c2,1251,i7,?,
1769473757.2237217,RECEIVED,5190d560-1a23-4d1a-9518-840b949885c8,d7dac239-cf98-44a5-a028-7cc204b5467b,c3,c4,1260,i7,?,
1769473757.3001032,SENT,14fb5a9a-3cf2-4ab6-8f29-6b841b1e4287,d360fc79-93aa-4786-8e1b-09b648b50944,c1,c2,867,?,p2,
1769473757.300241,FORWARDED,14fb5a9a-3cf2-4ab6-8f29-6b841b1e4287,d360fc79-93aa-4786-8e1b-09b648b50944,c1,c2,867,?,p2,
1769473757.3237338,SENT,5190d560-1a23-4d1a-9518-840b949885c8,d7dac239-cf98-44a5-a028-7cc204b5467b,c3,c4,872,?,p1,
1769473757.323866,FORWARDED,5190d560-1a23-4d1a-9518-840b949885c8,d7dac239-cf98-44a5-a028-7cc204b5467b,c3,c4,872,?,p1,
1769473757.436582,RECEIVED,d8ad934d-2c49-449b-87fe-4d9d1e8114f7,aeefa443-ec3e-496a-97c9-e7747ac87b96,c2,c1,1252,i1,?,
1769473757.730664,SENT,d8ad934d-2c49-449b-87fe-4d9d1e8114f7,aeefa443-ec3e-496a-97c9-e7747ac87b96,c2,c1,867,?,p1,
1769473757.7307913,FORWARDED,d8ad934d-2c49-449b-87fe-4d9d1e8114f7,aeefa443-ec3e-496a-97c9-e7747ac87b96,c2,c1,867,?,p1,
1769473757.7777073,RECEIVED,033269a3-3a37-4705-9230-3929ea4379d2,2920a603-58cd-45c6-b853-93c09e467474,c5,c4,1259,i11,?,
1769473758.9291167,SENT,033269a3-3a37-4705-9230-3929ea4379d2,2920a603-58cd-45c6-b853-93c09e467474,c5,c4,871,?,p1,
1769473758.9292495,FORWARDED,033269a3-3a37-4705-9230-3929ea4379d2,2920a603-58cd-45c6-b853-93c09e467474,c5,c4,871,?,p1,
1769473759.3311555,SENT,9d436e8d-f083-4c48-b54a-19de0aa56863,3bb885d4-c551-4b2c-be91-c56396184641,c1,c2,868,?,p2,
1769473759.3312876,FORWARDED,9d436e8d-f083-4c48-b54a-19de0aa56863,3bb885d4-c551-4b2c-be91-c56396184641,c1,c2,868,?,p2,
1769473761.0567687,RECEIVED,cda7dbd8-aa12-492c-babf-7541bf986423,b892c5d5-d75a-48a9-ac61-ac225a1c6282,c3,c4,1256,i3,?,
1769473761.0839422,SENT,cda7dbd8-aa12-492c-babf-7541bf986423,b892c5d5-d75a-48a9-ac61-ac225a1c6282,c3,c4,870,?,p1,
1769473761.0840886,FORWARDED,cda7dbd8-aa12-492c-babf-7541bf986423,b892c5d5-d75a-48a9-ac61-ac225a1c6282,c3,c4,870,?,p1,
1769473761.303468,RECEIVED,a4baf91d-42c3-47ea-97a9-d29d0b8de9fa,a05237b7-8b3b-4744-8c50-8de7a0a8d375,c4,c1,1255,i9,?,
1769473761.969942,RECEIVED,d82e6987-3703-455d-b6c8-6786c0c2d243,e90c22ce-b3e0-4569-addd-a5425e559e3f,c1,c2,1259,i3,?,
1769473762.6584682,RECEIVED,6ad8a3cc-becd-443b-896b-6ee30dd3bd8e,fae73f66-bcb1-4027-ae8f-91b412b4e0f2,c4,c1,1255,i11,?,
1769473762.8656352,SENT,a4baf91d-42c3-47ea-97a9-d29d0b8de9fa,a05237b7-8b3b-4744-8c50-8de7a0a8d375,c4,c1,868,?,p1,
1769473762.8657875,FORWARDED,a4baf91d-42c3-47ea-97a9-d29d0b8de9fa,a05237b7-8b3b-4744-8c50-8de7a0a8d375,c4,c1,868,?,p1,
1769473762.9892392,SENT,d82e6987-3703-455d-b6c8-6786c0c2d243,e90c22ce-b3e0-4569-addd-a5425e559e3f,c1,c2,872,?,p2,
1769473762.9893687,FORWARDED,d82e6987-3703-455d-b6c8-6786c0c2d243,e90c22ce-b3e0-4569-addd-a5425e559e3f,c1,c2,872,?,p2,
1769473763.3178196,SENT,6ad8a3cc-becd-443b-896b-6ee30dd3bd8e,fae73f66-bcb1-4027-ae8f-91b412b4e0f2,c4,c1,868,?,p1,
1769473763.3179507,FORWARDED,6ad8a3cc-becd-443b-896b-6ee30dd3bd8e,fae73f66-bcb1-4027-ae8f-91b412b4e0f2,c4,c1,868,?,p1,
1769473763.7655737,RECEIVED,43376dd4-9e4b-4309-99b9-5ea6a628383d,6efea591-3ec5-4491-aab0-5453a692e636,c5,c4,1259,i11,?,
1769473764.4069073,RECEIVED,c1acc03a-070a-4721-a3bd-e3638381644a,58e9360a-5adf-4d00-81a8-33859d06a7d8,c4,c1,1259,i8,?,
1769473764.5039165,SENT,43376dd4-9e4b-4309-99b9-5ea6a628383d,6efea591-3ec5-4491-aab0-5453a692e636,c5,c4,872,?,p1,
1769473764.5040987,FORWARDED,43376dd4-9e4b-4309-99b9-5ea6a628383d,6efea591-3ec5-4491-aab0-5453a692e636,c5,c4,872,?,p1,
1769473765.673074,SENT,c1acc03a-070a-4721-a3bd-e3638381644a,58e9360a-5adf-4d00-81a8-33859d06a7d8,c4,c1,872,?,p1,
1769473765.673189,FORWARDED,c1acc03a-070a-4721-a3bd-e3638381644a,58e9360a-5adf-4d00-81a8-33859d06a7d8,c4,c1,872,?,p1,
1769473768.6595373,RECEIVED,5afde14f-aa1e-4448-864e-9b0bfcae015b,40d53103-f08b-4055-84f9-ed444914af60,c3,c4,1248,i6,?,
1769473768.7502165,RECEIVED,32311693-a226-4f34-b290-4deaaac6803f,2ed09283-b91c-4887-9992-54392e10492d,c5,c4,1259,i2,?,
1769473768.857533,SENT,5afde14f-aa1e-4448-864e-9b0bfcae015b,40d53103-f08b-4055-84f9-ed444914af60,c3,c4,863,?,p1,
1769473768.8576496,FORWARDED,5afde14f-aa1e-4448-864e-9b0bfcae015b,40d53103-f08b-4055-84f9-ed444914af60,c3,c4,863,?,p1,
1769473768.9089339,RECEIVED,9284a528-a214-41da-bc63-63d43a6ac077,7017c2c5-a78e-42e7-9354-5f30ec41a236,c3,c4,1259,i12,?,
1769473769.3277538,SENT,32311693-a226-4f34-b290-4deaaac6803f,2ed09283-b91c-4887-9992-54392e10492d,c5,c4,871,?,p1,
1769473769.327882,FORWARDED,32311693-a226-4f34-b290-4deaaac6803f,2ed09283-b91c-4887-9992-54392e10492d,c5,c4,871,?,p1,
1769473769.6444068,SENT,9284a528-a214-41da-bc63-63d43a6ac077,7017c2c5-a78e-42e7-9354-5f30ec41a236,c3,c4,871,?,p1,
1769473769.644495,FORWARDED,9284a528-a214-41da-bc63-63d43a6ac077,7017c2c5-a78e-42e7-9354-5f30ec41a236,c3,c4,871,?,p1,
1769473770.4654932,RECEIVED,4e8fcc60-dba8-4173-b422-0f69c52bf9f2,e98be52c-77d6-4b8e-90c1-0056f314965a,c3,c4,1252,i4,?,
1769473770.5639396,SENT,4e8fcc60-dba8-4173-b422-0f69c52bf9f2,e98be52c-77d6-4b8e-90c1-0056f314965a,c3,c4,867,?,p1,
1769473770.5640368,FORWARDED,4e8fcc60-dba8-4173-b422-0f69c52bf9f2,e98be52c-77d6-4b8e-90c1-0056f314965a,c3,c4,867,?,p1,
1769473771.5146139,RECEIVED,8fd0fb99-3d98-4958-a57d-d38ca3612d62,4291146e-3b5e-4f4b-ba3f-e8a7efbd46bc,c3,c4,1252,i9,?,
1769473771.6452281,RECEIVED,40f036ae-fdec-4368-a3dd-8920b2cb1a0d,7b7664cc-4eaf-480f-b95e-cb7fbc41eb86,c4,c1,1259,i6,?,
1769473771.67807,SENT,8fd0fb99-3d98-4958-a57d-d38ca3612d62,4291146e-3b5e-4f4b-ba3f-e8a7efbd46bc,c3,c4,866,?,p1,
1769473771.6781392,FORWARDED,8fd0fb99-3d98-4958-a57d-d38ca3612d62,4291146e-3b5e-4f4b-ba3f-e8a7efbd46bc,c3,c4,866,?,p1,
1769473772.161325,SENT,40f036ae-fdec-4368-a3dd-8920b2cb1a0d,7b7664cc-4eaf-480f-b95e-cb7fbc41eb86,c4,c1,871,?,p1,
1769473772.1614108,FORWARDED,40f036ae-fdec-4368-a3dd-8920b2cb1a0d,7b7664cc-4eaf-480f-b95e-cb7fbc41eb86,c4,c1,871,?,p1,
1769473772.282269,RECEIVED,910f3a14-d741-4319-83a8-a994e5417780,0cdb4bb3-50a7-450f-8d27-4adeb546dd3f,c5,c4,1259,i9,?,
1769473772.535099,RECEIVED,3217cabf-6d10-42f5-9082-320da68d94e5,997b4ecc-374d-4a34-9f04-3cedd2e9bbd4,c5,c4,1260,i8,?,
1769473772.952031,SENT,3217cabf-6d10-42f5-9082-320da68d94e5,997b4ecc-374d-4a34-9f04-3cedd2e9bbd4,c5,c4,872,?,p1,
1769473772.9521215,FORWARDED,3217cabf-6d10-42f5-9082-320da68d94e5,997b4ecc-374d-4a34-9f04-3cedd2e9bbd4,c5,c4,872,?,p1,
1769473773.2161849,RECEIVED,8f4d1186-0733-44da-b8f5-f439648c4b36,1529747c-7124-4476-bf95-5e2b444fc5f4,c5,c4,1263,i5,?,
1769473773.4323962,SENT,8f4d1186-0733-44da-b8f5-f439648c4b36,1529747c-7124-4476-bf95-5e2b444fc5f4,c5,c4,875,?,p1,
1769473773.4324615,FORWARDED,8f4d1186-0733-44da-b8f5-f439648c4b36,1529747c-7124-4476-bf95-5e2b444fc5f4,c5,c4,875,?,p1,
1769473773.5242321,SENT,910f3a14-d741-4319-83a8-a994e5417780,0cdb4bb3-50a7-450f-8d27-4adeb546dd3f,c5,c4,871,?,p1,
1769473773.5242984,FORWARDED,910f3a14-d741-4319-83a8-a994e5417780,0cdb4bb3-50a7-450f-8d27-4adeb546dd3f,c5,c4,871,?,p1,
1769473774.0033848,RECEIVED,c98a7b8e-1bcd-4c2b-8d1f-52119e2e651f,d8a0fed0-28fd-41e9-9647-1653309c096e,c3,c4,1256,i3,?,
1769473774.175012,SENT,c98a7b8e-1bcd-4c2b-8d1f-52119e2e651f,d8a0fed0-28fd-41e9-9647-1653309c096e,c3,c4,868,?,p1,
1769473774.1750808,FORWARDED,c98a7b8e-1bcd-4c2b-8d1f-52119e2e651f,d8a0fed0-28fd-41e9-9647-1653309c096e,c3,c4,868,?,p1,
1769473775.0330453,RECEIVED,e4685537-2285-4238-8bd1-2e4b5373ad2a,207a2429-77fd-4bf6-88aa-f834f0a63f17,c5,c4,1255,i11,?,
1769473775.222549,RECEIVED,719adb78-9447-4cf2-adfc-2a86d7677e14,b8de961a-2d92-49c1-a537-9451dce0c983,c5,c4,1255,i5,?,
1769473775.8494642,SENT,e4685537-2285-4238-8bd1-2e4b5373ad2a,207a2429-77fd-4bf6-88aa-f834f0a63f17,c5,c4,868,?,p1,
1769473775.8495584,FORWARDED,e4685537-2285-4238-8bd1-2e4b5373ad2a,207a2429-77fd-4bf6-88aa-f834f0a63f17,c5,c4,868,?,p1,
1769473776.3011765,RECEIVED,87487dd1-dc6a-4ba7-823a-43c22161de61,98de57ae-53a5-4cc7-b384-99d961d7bee0,c1,c2,1263,i1,?,
1769473776.3067744,RECEIVED,16c15a41-168a-40ea-9c87-14cbc1e0dbea,a059969d-243c-4246-818a-2f288ab7a370,c2,c1,1255,i3,?,
1769473776.3702314,RECEIVED,032d8aa6-5c06-4967-a4cd-34aa44c34911,46d04292-6fc0-4b26-8eda-a6693fe2fbe6,c3,c4,1258,i11,?,
1769473776.451007,SENT,719adb78-9447-4cf2-adfc-2a86d7677e14,b8de961a-2d92-49c1-a537-9451dce0c983,c5,c4,868,?,p1,
1769473776.4510956,FORWARDED,719adb78-9447-4cf2-adfc-2a86d7677e14,b8de961a-2d92-49c1-a537-9451dce0c983,c5,c4,868,?,p1,
1769473776.6488,SENT,16c15a41-168a-40ea-9c87-14cbc1e0dbea,a059969d-243c-4246-818a-2f288ab7a370,c2,c1,868,?,p1,
1769473776.6489038,FORWARDED,16c15a41-168a-40ea-9c87-14cbc1e0dbea,a059969d-243c-4246-818a-2f288ab7a370,c2,c1,868,?,p1,
1769473776.695025,RECEIVED,6e8e2261-87dc-4666-a20d-c024b4a07927,aef5e048-8ee7-485f-80f8-d420ef387953,c3,c4,1259,i8,?,
1769473776.7769094,SENT,6e8e2261-87dc-4666-a20d-c024b4a07927,aef5e048-8ee7-485f-80f8-d420ef387953,c3,c4,871,?,p1,
1769473776.7770169,FORWARDED,6e8e2261-87dc-4666-a20d-c024b4a07927,aef5e048-8ee7-485f-80f8-d420ef387953,c3,c4,871,?,p1,
1769473777.0060775,RECEIVED,9356e289-d506-4c56-bc63-f98a025b512a,aced3df3-5e5c-4038-b139-90f71fa978b7,c2,c1,1252,i4,?,
1769473777.0838604,SENT,9356e289-d506-4c56-bc63-f98a025b512a,aced3df3-5e5c-4038-b139-90f71fa978b7,c2,c1,867,?,p1,
1769473777.083967,FORWARDED,9356e289-d506-4c56-bc63-f98a025b512a,aced3df3-5e5c-4038-b139-90f71fa978b7,c2,c1,867,?,p1,
1769473777.1632404,SENT,032d8aa6-5c06-4967-a4cd-34aa44c34911,46d04292-6fc0-4b26-8eda-a6693fe2fbe6,c3,c4,871,?,p1,
1769473777.163296,FORWARDED,032d8aa6-5c06-4967-a4cd-34aa44c34911,46d04292-6fc0-4b26-8eda-a6693fe2fbe6,c3,c4,871,?,p1,
1769473777.230538,SENT,87487dd1-dc6a-4ba7-823a-43c22161de61,98de57ae-53a5-4cc7-b384-99d961d7bee0,c1,c2,875,?,p2,
1769473777.2306087,FORWARDED,87487dd1-dc6a-4ba7-823a-43c22161de61,98de57ae-53a5-4cc7-b384-99d961d7bee0,c1,c2,875,?,p2,
1769473777.269123,RECEIVED,e87c855b-9e73-4809-8f86-46886d3268e8,622b061f-9b45-4762-b2a7-829cca3251f6,c4,c1,1251,i9,?,
1769473777.5722365,RECEIVED,905eff41-2523-4c5b-8905-09e5d866153e,32aca452-1262-41e5-8e30-9851e631749f,c1,c2,1253,i6,?,
1769473777.6487675,SENT,905eff41-2523-4c5b-8905-09e5d866153e,32aca452-1262-41e5-8e30-9851e631749f,c1,c2,866,?,p2,
1769473777.6488445,FORWARDED,905eff41-2523-4c5b-8905-09e5d866153e,32aca452-1262-41e5-8e30-9851e631749f,c1,c2,866,?,p2,
1769473777.651123,RECEIVED,40baffba-5223-4750-b97b-6ab0e590ac1e,cd7adf3c-5d14-486d-b72f-327aa9d575bb,c5,c4,1256,i9,?,
1769473777.6526544,SENT,e87c855b-9e73-4809-8f86-46886d3268e8,622b061f-9b45-4762-b2a7-829cca3251f6,c4,c1,867,?,p1,
1769473777.652731,FORWARDED,e87c855b-9e73-4809-8f86-46886d3268e8,622b061f-9b45-4762-b2a7-829cca3251f6,c4,c1,867,?,p1,
1769473777.7272944,SENT,40baffba-5223-4750-b97b-6ab0e590ac1e,cd7adf3c-5d14-486d-b72f-327aa9d575bb,c5,c4,870,?,p1,
1769473777.7273748,FORWARDED,40baffba-5223-4750-b97b-6ab0e590ac1e,cd7adf3c-5d14-486d-b72f-327aa9d575bb,c5,c4,870,?,p1,
1769473778.0383608,RECEIVED,34a18e04-20cb-4df2-8a4c-8fa03e8aa0f6,3da06117-4105-4a21-a42a-e0300b1fa882,c5,c4,1264,i12,?,
1769473778.1932929,SENT,34a18e04-20cb-4df2-8a4c-8fa03e8aa0f6,3da06117-4105-4a21-a42a-e0300b1fa882,c5,c4,876,?,p1,
1769473778.1934254,FORWARDED,34a18e04-20cb-4df2-8a4c-8fa03e8aa0f6,3da06117-4105-4a21-a42a-e0300b1fa882,c5,c4,876,?,p1,
1769473778.6624103,RECEIVED,ab33db1d-5775-4955-a1ce-578973dfe3b1,7533974a-6cdb-46f6-89dd-6ed7a924b136,c2,c1,1249,i11,?,
1769473778.8072875,RECEIVED,157c814d-05be-4d09-bcc7-9303431c9805,9ce50730-db2c-43e3-bed9-b56896153bb1,c1,c2,1252,i1,?,
1769473778.928485,SENT,ab33db1d-5775-4955-a1ce-578973dfe3b1,7533974a-6cdb-46f6-89dd-6ed7a924b136,c2,c1,867,?,p1,
1769473778.9285717,FORWARDED,ab33db1d-5775-4955-a1ce-578973dfe3b1,7533974a-6cdb-46f6-89dd-6ed7a924b136,c2,c1,867,?,p1,
1769473779.0028915,SENT,157c814d-05be-4d09-bcc7-9303431c9805,9ce50730-db2c-43e3-bed9-b56896153bb1,c1,c2,867,?,p2,
1769473779.0029788,FORWARDED,157c814d-05be-4d09-bcc7-9303431c9805,9ce50730-db2c-43e3-bed9-b56896153bb1,c1,c2,867,?,p2,
1769473781.494905,RECEIVED,ca47b8a9-4a85-43f6-b0f0-a1f1167cfa74,f13ea8c5-1146-4a8c-b174-016409f92f9a,c2,c1,1255,i4,?,
1769473781.6109786,RECEIVED,9647a78e-a5ce-42cb-86f1-705d49b5d099,a2cbea35-fbce-41d4-be28-8a2c9bb02f68,c4,c1,1254,i9,?,
1769473781.708658,RECEIVED,24d23018-90a7-4072-a4ac-7aa5a3b91c13,a0921846-20b9-43cc-9b8a-45a3dfa8942b,c2,c1,1263,i12,?,
1769473781.7381284,SENT,ca47b8a9-4a85-43f6-b0f0-a1f1167cfa74,f13ea8c5-1146-4a8c-b174-016409f92f9a,c2,c1,868,?,p1,
1769473781.7382445,FORWARDED,ca47b8a9-4a85-43f6-b0f0-a1f1167cfa74,f13ea8c5-1146-4a8c-b174-016409f92f9a,c2,c1,868,?,p1,
1769473782.745677,SENT,24d23018-90a7-4072-a4ac-7aa5a3b91c13,a0921846-20b9-43cc-9b8a-45a3dfa8942b,c2,c1,876,?,p1,
1769473782.7458055,FORWARDED,24d23018-90a7-4072-a4ac-7aa5a3b91c13,a0921846-20b9-43cc-9b8a-45a3dfa8942b,c2,c1,876,?,p1,
1769473783.0668328,RECEIVED,226a1007-f778-451a-aa3c-25824616e7e3,3a508d0d-d149-409c-9607-27d26c1d6008,c4,c1,1263,i8,?,
1769473783.175814,SENT,9647a78e-a5ce-42cb-86f1-705d49b5d099,a2cbea35-fbce-41d4-be28-8a2c9bb02f68,c4,c1,869,?,p1,
1769473783.1759415,FORWARDED,9647a78e-a5ce-42cb-86f1-705d49b5d099,a2cbea35-fbce-41d4-be28-8a2c9bb02f68,c4,c1,869,?,p1,
1769473783.742449,RECEIVED,b5e0e537-dcb0-49f5-8739-8b5cffb9ffa6,97998a99-a6a9-459f-86a5-6152e9c9ebd2,c5,c4,1263,i11,?,
1769473783.9696858,SENT,226a1007-f778-451a-aa3c-25824616e7e3,3a508d0d-d149-409c-9607-27d26c1d6008,c4,c1,876,?,p1,
1769473783.969739,FORWARDED,226a1007-f778-451a-aa3c-25824616e7e3,3a508d0d-d149-409c-9607-27d26c1d6008,c4,c1,876,?,p1,
1769473784.037811,RECEIVED,77ef8ab0-c6f2-461d-8f4a-7f5f34c6aa11,c92d5249-5f00-4125-95fa-f76d33056bc3,c3,c4,1260,i11,?,
1769473784.3100288,SENT,b5e0e537-dcb0-49f5-8739-8b5cffb9ffa6,97998a99-a6a9-459f-86a5-6152e9c9ebd2,c5,c4,875,?,p1,
1769473784.3102016,FORWARDED,b5e0e537-dcb0-49f5-8739-8b5cffb9ffa6,97998a99-a6a9-459f-86a5-6152e9c9ebd2,c5,c4,875,?,p1,
1769473784.3407946,SENT,77ef8ab0-c6f2-461d-8f4a-7f5f34c6aa11,c92d5249-5f00-4125-95fa-f76d33056bc3,c3,c4,873,?,p1,
1769473784.3409283,FORWARDED,77ef8ab0-c6f2-461d-8f4a-7f5f34c6aa11,c92d5249-5f00-4125-95fa-f76d33056bc3,c3,c4,873,?,p1,
1769473785.4999192,RECEIVED,f9488f06-7380-4307-8991-4e6c8fe956fd,d7e5398f-962a-45dc-8418-eb3ab3a1dabb,c2,c1,1251,i7,?,
1769473786.2861128,SENT,f9488f06-7380-4307-8991-4e6c8fe956fd,d7e5398f-962a-45dc-8418-eb3ab3a1dabb,c2,c1,867,?,p1,
1769473786.286245,FORWARDED,f9488f06-7380-4307-8991-4e6c8fe956fd,d7e5398f-962a-45dc-8418-eb3ab3a1dabb,c2,c1,867,?,p1,
1769473787.2685537,RECEIVED,85c145df-d03a-4370-9d23-ed5c0191fca8,5c459782-616c-45c2-b504-3c81377f91de,c2,c1,1260,i2,?,
1769473787.3772027,SENT,85c145df-d03a-4370-9d23-ed5c0191fca8,5c459782-616c-45c2-b504-3c81377f91de,c2,c1,872,?,p1,
1769473787.3772967,FORWARDED,85c145df-d03a-4370-9d23-ed5c0191fca8,5c459782-616c-45c2-b504-3c81377f91de,c2,c1,872,?,p1,
1769473787.8711739,RECEIVED,f620248b-14ba-418b-a8de-389286add58f,160eb6ba-8040-4ca9-9682-7e941b067c52,c5,c4,1259,i5,?,
1769473788.472643,SENT,f620248b-14ba-418b-a8de-389286add58f,160eb6ba-8040-4ca9-9682-7e941b067c52,c5,c4,872,?,p1,
1769473788.4727736,FORWARDED,f620248b-14ba-418b-a8de-389286add58f,160eb6ba-8040-4ca9-9682-7e941b067c52,c5,c4,872,?,p1,
1769473788.610613,RECEIVED,10f697c8-a613-47d6-88b9-fa0b9864f8ca,48ba0b67-c7cd-4791-bf04-88ff06e8cd0b,c4,c1,1260,i5,?,
1769473788.6146266,RECEIVED,619ca016-75c7-482d-a249-c2e19191c2f4,4bb5a735-7e4d-4ccf-904c-051cad3c46a3,c5,c4,1259,i6,?,
1769473788.6425316,RECEIVED,30f62801-feff-4cda-9715-5cb600970234,4eda0dc4-1441-496f-9e70-8aeea282cc15,c4,c1,1260,i12,?,
1769473788.8195257,SENT,30f62801-feff-4cda-9715-5cb600970234,4eda0dc4-1441-496f-9e70-8aeea282cc15,c4,c1,871,?,p1,
1769473788.8196044,FORWARDED,30f62801-feff-4cda-9715-5cb600970234,4eda0dc4-1441-496f-9e70-8aeea282cc15,c4,c1,871,?,p1,
1769473788.928297,SENT,10f697c8-a613-47d6-88b9-fa0b9864f8ca,48ba0b67-c7cd-4791-bf04-88ff06e8cd0b,c4,c1,872,?,p1,
1769473788.928408,FORWARDED,10f697c8-a613-47d6-88b9-fa0b9864f8ca,48ba0b67-c7cd-4791-bf04-88ff06e8cd0b,c4,c1,872,?,p1,
1769473789.1702342,SENT,619ca016-75c7-482d-a249-c2e19191c2f4,4bb5a735-7e4d-4ccf-904c-051cad3c46a3,c5,c4,871,?,p1,
1769473789.1703646,FORWARDED,619ca016-75c7-482d-a249-c2e19191c2f4,4bb5a735-7e4d-4ccf-904c-051cad3c46a3,c5,c4,871,?,p1,
1769473789.4495392,RECEIVED,18f72f1a-152c-4b31-a016-f7b5739cc2ca,ad188c2d-e714-4665-b57c-dfe4aca6d435,c1,c2,1251,i12,?,
1769473789.5348318,RECEIVED,22d199b3-dcae-4774-9656-5a374a0aff81,f67c534f-fb9b-439c-a521-60ff74fea11b,c4,c1,1259,i1,?,
1769473789.5763738,RECEIVED,ae95ac42-4e9c-451e-b9cb-183d2bba0de9,b5810769-44f7-426b-b3ab-88c1433341ec,c3,c4,1263,i4,?,
1769473790.172353,SENT,18f72f1a-152c-4b31-a016-f7b5739cc2ca,ad188c2d-e714-4665-b57c-dfe4aca6d435,c1,c2,867,?,p2,
1769473790.172486,FORWARDED,18f72f1a-152c-4b31-a016-f7b5739cc2ca,ad188c2d-e714-4665-b57c-dfe4aca6d435,c1,c2,867,?,p2,
1769473790.713675,SENT,22d199b3-dcae-4774-9656-5a374a0aff81,f67c534f-fb9b-439c-a521-60ff74fea11b,c4,c1,872,?,p1,
1769473790.7138028,FORWARDED,22d199b3-dcae-4774-9656-5a374a0aff81,f67c534f-fb9b-439c-a521-60ff74fea11b,c4,c1,872,?,p1,
1769473790.7686021,SENT,ae95ac42-4e9c-451e-b9cb-183d2bba0de9,b5810769-44f7-426b-b3ab-88c1433341ec,c3,c4,876,?,p1,
1769473790.7687306,FORWARDED,ae95ac42-4e9c-451e-b9cb-183d2bba0de9,b5810769-44f7-426b-b3ab-88c1433341ec,c3,c4,876,?,p1,
1769473790.7805634,RECEIVED,93564ccc-fcaa-43a5-9744-58c2fc4f3d97,0286d3c0-9b7a-4f69-a432-54a57d30c28b,c5,c4,1260,i1,?,
1769473791.251172,SENT,93564ccc-fcaa-43a5-9744-58c2fc4f3d97,0286d3c0-9b7a-4f69-a432-54a57d30c28b,c5,c4,871,?,p1,
1769473791.251302,FORWARDED,93564ccc-fcaa-43a5-9744-58c2fc4f3d97,0286d3c0-9b7a-4f69-a432-54a57d30c28b,c5,c4,871,?,p1,
1769473791.391333,RECEIVED,54947095-4f01-4da7-96ed-a0182208b9fc,10e28c48-e795-4913-a5ac-647e4143c426,c5,c4,1258,i1,?,
1769473791.9544983,SENT,54947095-4f01-4da7-96ed-a0182208b9fc,10e28c48-e795-4913-a5ac-647e4143c426,c5,c4,872,?,p1,
1769473791.9546263,FORWARDED,54947095-4f01-4da7-96ed-a0182208b9fc,10e28c48-e795-4913-a5ac-647e4143c426,c5,c4,872,?,p1,
1769473792.9134126,RECEIVED,8a92ccf5-57fb-4088-8cd8-a2d1534ec8c1,0ce776c1-80f9-4c29-914e-995e5631e8e9,c5,c4,1263,i11,?,
1769473793.4749792,RECEIVED,3f2c1b5e-e904-4377-bca8-c43cd0f25aec,38fedfa5-6025-4738-8e47-9a9625d522c0,c4,c1,1261,i5,?,
1769473793.527121,SENT,3f2c1b5e-e904-4377-bca8-c43cd0f25aec,38fedfa5-6025-4738-8e47-9a9625d522c0,c4,c1,871,?,p1,
1769473793.527262,FORWARDED,3f2c1b5e-e904-4377-bca8-c43cd0f25aec,38fedfa5-6025-4738-8e47-9a9625d522c0,c4,c1,871,?,p1,
1769473793.5945885,SENT,8a92ccf5-57fb-4088-8cd8-a2d1534ec8c1,0ce776c1-80f9-4c29-914e-995e5631e8e9,c5,c4,876,?,p1,
1769473793.594724,FORWARDED,8a92ccf5-57fb-4088-8cd8-a2d1534ec8c1,0ce776c1-80f9-4c29-914e-995e5631e8e9,c5,c4,876,?,p1,
1769473793.9362354,RECEIVED,3552c6bb-f406-4426-9ee1-10cb88d2f33d,83ccbb8f-4d1b-491d-9b4c-e7355a8caa0d,c2,c1,1263,i5,?,
1769473794.411301,RECEIVED,61ffc3a7-3ea2-4842-9573-a172e0c422d5,6faf2272-4438-445c-9d9d-ca15e5f14f92,c2,c1,1263,i12,?,
1769473794.450692,RECEIVED,60c91654-9ff4-4ff7-bc35-30647dd1f8fb,bda35e4a-3851-4b4e-a90c-267956572428,c5,c4,1262,i10,?,
1769473794.4597604,RECEIVED,ad6e6874-b28b-4ef1-b27e-e11b7c5c2447,b9fa810b-ce19-48cd-838a-b156d1c3e4ff,c4,c1,1260,i7,?,
1769473794.5435739,SENT,60c91654-9ff4-4ff7-bc35-30647dd1f8fb,bda35e4a-3851-4b4e-a90c-267956572428,c5,c4,871,?,p1,
1769473794.543635,FORWARDED,60c91654-9ff4-4ff7-bc35-30647dd1f8fb,bda35e4a-3851-4b4e-a90c-267956572428,c5,c4,871,?,p1,
1769473794.5648396,SENT,61ffc3a7-3ea2-4842-9573-a172e0c422d5,6faf2272-4438-445c-9d9d-ca15e5f14f92,c2,c1,875,?,p1,
1769473794.5649078,FORWARDED,61ffc3a7-3ea2-4842-9573-a172e0c422d5,6faf2272-4438-445c-9d9d-ca15e5f14f92,c2,c1,875,?,p1,
1769473794.5871673,SENT,ad6e6874-b28b-4ef1-b27e-e11b7c5c2447,b9fa810b-ce19-48cd-838a-b156d1c3e4ff,c4,c1,873,?,p1,
1769473794.5872312,FORWARDED,ad6e6874-b28b-4ef1-b27e-e11b7c5c2447,b9fa810b-ce19-48cd-838a-b156d1c3e4ff,c4,c1,873,?,p1,
1769473794.9774196,SENT,3552c6bb-f406-4426-9ee1-10cb88d2f33d,83ccbb8f-4d1b-491d-9b4c-e7355a8caa0d,c2,c1,876,?,p1,
1769473794.9774833,FORWARDED,3552c6bb-f406-4426-9ee1-10cb88d2f33d,83ccbb8f-4d1b-491d-9b4c-e7355a8caa0d,c2,c1,876,?,p1,
1769473794.9803095,RECEIVED,459f4022-94f8-469c-a159-a47de70b8ce0,fe1a3188-9504-4774-b0fa-d5d2a5eba5f5,c2,c1,1258,i10,?,
1769473796.0469184,SENT,459f4022-94f8-469c-a159-a47de70b8ce0,fe1a3188-9504-4774-b0fa-d5d2a5eba5f5,c2,c1,872,?,p1,
1769473796.046978,FORWARDED,459f4022-94f8-469c-a159-a47de70b8ce0,fe1a3188-9504-4774-b0fa-d5d2a5eba5f5,c2,c1,872,?,p1,
1769473796.7578933,RECEIVED,4e1e9228-d7a6-47fa-bbcd-0cee19e8356d,994d8dc8-483c-4f44-b204-9497801343bc,c3,c4,1260,i8,?,
1769473796.957772,SENT,4e1e9228-d7a6-47fa-bbcd-0cee19e8356d,994d8dc8-483c-4f44-b204-9497801343bc,c3,c4,873,?,p1,
1769473796.9578457,FORWARDED,4e1e9228-d7a6-47fa-bbcd-0cee19e8356d,994d8dc8-483c-4f44-b204-9497801343bc,c3,c4,873,?,p1,
1769473797.8674977,RECEIVED,dcac8e39-fadc-44e7-bee4-190939b332cd,af15d38a-9b12-4877-888d-9e0ffd88f461,c1,c2,1262,i3,?,
1769473798.0055828,RECEIVED,a29f81e1-e5fb-49a5-b458-3e733deb2488,06822eeb-72da-47da-80b4-13ccd2024e5b,c1,c2,1256,i11,?,
1769473798.131422,RECEIVED,f894097a-f0dc-46dd-a1a1-277f1bc303dc,4143643d-da2d-4630-b7ea-2374cb4ae10a,c2,c1,1263,i10,?,
1769473798.147546,RECEIVED,30a1e95d-a5a4-481d-9109-52a8ee0a47d9,a19ea419-1c08-44c7-9348-6ea8bdd5008e,c1,c2,1260,i10,?,
1769473798.2003305,SENT,30a1e95d-a5a4-481d-9109-52a8ee0a47d9,a19ea419-1c08-44c7-9348-6ea8bdd5008e,c1,c2,872,?,p2,
1769473798.200462,FORWARDED,30a1e95d-a5a4-481d-9109-52a8ee0a47d9,a19ea419-1c08-44c7-9348-6ea8bdd5008e,c1,c2,872,?,p2,
1769473798.2141924,SENT,a29f81e1-e5fb-49a5-b458-3e733deb2488,06822eeb-72da-47da-80b4-13ccd2024e5b,c1,c2,868,?,p2,
1769473798.2143211,FORWARDED,a29f81e1-e5fb-49a5-b458-3e733deb2488,06822eeb-72da-47da-80b4-13ccd2024e5b,c1,c2,868,?,p2,
1769473798.254977,SENT,f894097a-f0dc-46dd-a1a1-277f1bc303dc,4143643d-da2d-4630-b7ea-2374cb4ae10a,c2,c1,875,?,p1,
1769473798.2551353,FORWARDED,f894097a-f0dc-46dd-a1a1-277f1bc303dc,4143643d-da2d-4630-b7ea-2374cb4ae10a,c2,c1,875,?,p1,
1769473798.3775666,SENT,dcac8e39-fadc-44e7-bee4-190939b332cd,af15d38a-9b12-4877-888d-9e0ffd88f461,c1,c2,875,?,p2,
1769473798.3777146,FORWARDED,dcac8e39-fadc-44e7-bee4-190939b332cd,af15d38a-9b12-4877-888d-9e0ffd88f461,c1,c2,875,?,p2,
1769473798.63292,RECEIVED,c6e2461c-4bc9-4d57-8591-5d0d2cd41a3f,c1711dc5-cded-4e38-9489-d592286427c2,c4,c1,1260,i10,?,
1769473798.8444965,SENT,c6e2461c-4bc9-4d57-8591-5d0d2cd41a3f,c1711dc5-cded-4e38-9489-d592286427c2,c4,c1,871,?,p1,
1769473798.8447628,FORWARDED,c6e2461c-4bc9-4d57-8591-5d0d2cd41a3f,c1711dc5-cded-4e38-9489-d592286427c2,c4,c1,871,?,p1,
1769473799.0425248,RECEIVED,d3d476e8-954d-4ddb-a6ec-a806eb35870e,869b9f66-d5cd-48a5-b4b6-3e37782ab29e,c5,c4,1264,i12,?,
1769473799.1224413,SENT,d3d476e8-954d-4ddb-a6ec-a806eb35870e,869b9f66-d5cd-48a5-b4b6-3e37782ab29e,c5,c4,876,?,p1,
1769473799.1224945,FORWARDED,d3d476e8-954d-4ddb-a6ec-a806eb35870e,869b9f66-d5cd-48a5-b4b6-3e37782ab29e,c5,c4,876,?,p1,
1769473800.750289,RECEIVED,b520f5c7-bb1a-4c44-9e08-fe50eacdee01,13865cbf-f40d-4b36-aad5-355e034e43ec,c4,c1,1256,i8,?,
1769473800.830012,RECEIVED,80cea783-4719-49a7-a565-6f42e83f71f9,850caad6-6225-4545-9801-856f88ddfd52,c5,c4,1260,i12,?,
1769473800.9005985,SENT,b520f5c7-bb1a-4c44-9e08-fe50eacdee01,13865cbf-f40d-4b36-aad5-355e034e43ec,c4,c1,868,?,p1,
1769473800.9007273,FORWARDED,b520f5c7-bb1a-4c44-9e08-fe50eacdee01,13865cbf-f40d-4b36-aad5-355e034e43ec,c4,c1,868,?,p1,
1769473801.2428503,SENT,80cea783-4719-49a7-a565-6f42e83f71f9,850caad6-6225-4545-9801-856f88ddfd52,c5,c4,871,?,p1,
1769473801.2429695,FORWARDED,80cea783-4719-49a7-a565-6f42e83f71f9,850caad6-6225-4545-9801-856f88ddfd52,c5,c4,871,?,p1,
1769473801.424931,RECEIVED,cb63789a-c383-4adb-a317-835ad5bb2be6,e6cfe2e7-08d6-446e-816a-d7ec1687791c,c3,c4,1264,i10,?,
1769473801.7351692,RECEIVED,4af20150-6d58-4919-9b00-3c48d2c77353,66b180ae-547b-4cfb-8a98-c3c1e3cf8674,c4,c1,1255,i8,?,
1769473801.8080025,SENT,cb63789a-c383-4adb-a317-835ad5bb2be6,e6cfe2e7-08d6-446e-816a-d7ec1687791c,c3,c4,876,?,p1,
1769473801.8081508,FORWARDED,cb63789a-c383-4adb-a317-835ad5bb2be6,e6cfe2e7-08d6-446e-816a-d7ec1687791c,c3,c4,876,?,p1,
1769473802.3786626,RECEIVED,63a0ee9a-e39b-49e9-8824-3d0cc7ba987b,d03df7ce-a5cd-47af-9901-d20e99688542,c1,c2,1255,i9,?,
1769473802.7559655,SENT,4af20150-6d58-4919-9b00-3c48d2c77353,66b180ae-547b-4cfb-8a98-c3c1e3cf8674,c4,c1,868,?,p1,
1769473802.756086,FORWARDED,4af20150-6d58-4919-9b00-3c48d2c77353,66b180ae-547b-4cfb-8a98-c3c1e3cf8674,c4,c1,868,?,p1,
1769473802.808403,SENT,63a0ee9a-e39b-49e9-8824-3d0cc7ba987b,d03df7ce-a5cd-47af-9901-d20e99688542,c1,c2,868,?,p2,
1769473802.808452,FORWARDED,63a0ee9a-e39b-49e9-8824-3d0cc7ba987b,d03df7ce-a5cd-47af-9901-d20e99688542,c1,c2,868,?,p2,
1769473803.1028075,RECEIVED,44483e76-889b-418f-8f8f-7aa2918a9b18,57cec67b-6bad-4298-b589-95cbc783e700,c5,c4,1254,i4,?,
1769473803.2374554,SENT,44483e76-889b-418f-8f8f-7aa2918a9b18,57cec67b-6bad-4298-b589-95cbc783e700,c5,c4,870,?,p1,
1769473803.2375846,FORWARDED,44483e76-889b-418f-8f8f-7aa2918a9b18,57cec67b-6bad-4298-b589-95cbc783e700,c5,c4,870,?,p1,
1769473805.0657403,RECEIVED,feff9c25-6cd0-47b6-a7ca-0b9cf216d703,087b6024-43fb-463d-8a1b-336af1b6f860,c5,c4,1251,i4,?,
1769473805.2158198,SENT,feff9c25-6cd0-47b6-a7ca-0b9cf216d703,087b6024-43fb-463d-8a1b-336af1b6f860,c5,c4,866,?,p1,
1769473805.2158725,FORWARDED,feff9c25-6cd0-47b6-a7ca-0b9cf216d703,087b6024-43fb-463d-8a1b-336af1b6f860,c5,c4,866,?,p1,
1769473805.8526602,RECEIVED,05206961-9e30-4288-bd8c-4f3967b6bb00,34cb30b7-5567-47bd-bb9e-8e5eb5f99945,c4,c1,1263,i3,?,
1769473805.8771818,RECEIVED,aa4873e4-8879-4d27-adb1-d3be2c9f295c,4159a52f-11ec-44cb-b5ef-ef6a0fa71de0,c3,c4,1259,i9,?,
1769473806.197985,SENT,05206961-9e30-4288-bd8c-4f3967b6bb00,34cb30b7-5567-47bd-bb9e-8e5eb5f99945,c4,c1,875,?,p1,
1769473806.1981506,FORWARDED,05206961-9e30-4288-bd8c-4f3967b6bb00,34cb30b7-5567-47bd-bb9e-8e5eb5f99945,c4,c1,875,?,p1,
1769473806.391665,SENT,aa4873e4-8879-4d27-adb1-d3be2c9f295c,4159a52f-11ec-44cb-b5ef-ef6a0fa71de0,c3,c4,872,?,p1,
1769473806.3917568,FORWARDED,aa4873e4-8879-4d27-adb1-d3be2c9f295c,4159a52f-11ec-44cb-b5ef-ef6a0fa71de0,c3,c4,872,?,p1,
1769473806.8845677,RECEIVED,232fe8e9-69cc-491c-aa47-7df5d859ec9f,b0a744dd-da71-46bc-954c-828c564ae9f4,c5,c4,1252,i3,?,
1769473806.9700913,SENT,232fe8e9-69cc-491c-aa47-7df5d859ec9f,b0a744dd-da71-46bc-954c-828c564ae9f4,c5,c4,867,?,p1,
1769473806.9701433,FORWARDED,232fe8e9-69cc-491c-aa47-7df5d859ec9f,b0a744dd-da71-46bc-954c-828c564ae9f4,c5,c4,867,?,p1,
1769473808.3826497,RECEIVED,43d4c4b5-ebc1-4ca3-bcf9-4ff9cd3cecfc,84fe6231-08f0-44bf-ae30-b83ef3f6d468,c2,c1,1263,i11,?,
1769473809.280304,RECEIVED,aa545b51-6960-4f94-826d-86ac6b658d70,2b33d14f-e907-4b68-85d7-a92dcd4b8bea,c1,c2,1256,i1,?,
1769473809.6479158,SENT,aa545b51-6960-4f94-826d-86ac6b658d70,2b33d14f-e907-4b68-85d7-a92dcd4b8bea,c1,c2,868,?,p2,
1769473809.6480715,FORWARDED,aa545b51-6960-4f94-826d-86ac6b658d70,2b33d14f-e907-4b68-85d7-a92dcd4b8bea,c1,c2,868,?,p2,
1769473809.7237153,SENT,43d4c4b5-ebc1-4ca3-bcf9-4ff9cd3cecfc,84fe6231-08f0-44bf-ae30-b83ef3f6d468,c2,c1,875,?,p1,
1769473809.7238407,FORWARDED,43d4c4b5-ebc1-4ca3-bcf9-4ff9cd3cecfc,84fe6231-08f0-44bf-ae30-b83ef3f6d468,c2,c1,875,?,p1,
1769473810.2766745,RECEIVED,b9f9cacf-9521-46dc-8173-fb56ed98ba96,da992729-a1a3-486c-a1ff-917302840760,c4,c1,1255,i12,?,
1769473810.8066616,SENT,b9f9cacf-9521-46dc-8173-fb56ed98ba96,da992729-a1a3-486c-a1ff-917302840760,c4,c1,868,?,p1,
1769473810.8067396,FORWARDED,b9f9cacf-9521-46dc-8173-fb56ed98ba96,da992729-a1a3-486c-a1ff-917302840760,c4,c1,868,?,p1,
1769473810.9093432,RECEIVED,17c632de-4e86-4cf1-9079-ebcdb5eb536f,648f1f18-f475-4a43-9de7-5604bb5c95ff,c3,c4,1252,i10,?,
1769473811.137442,SENT,17c632de-4e86-4cf1-9079-ebcdb5eb536f,648f1f18-f475-4a43-9de7-5604bb5c95ff,c3,c4,867,?,p1,
1769473811.1375196,FORWARDED,17c632de-4e86-4cf1-9079-ebcdb5eb536f,648f1f18-f475-4a43-9de7-5604bb5c95ff,c3,c4,867,?,p1,
1769473812.0653927,RECEIVED,f7ff635d-7594-4cf1-84d6-fb6b04e58537,0ae41af7-9e67-44bd-b4b8-92528c637feb,c2,c1,1256,i10,?,
1769473812.1198506,SENT,f7ff635d-7594-4cf1-84d6-fb6b04e58537,0ae41af7-9e67-44bd-b4b8-92528c637feb,c2,c1,868,?,p1,
1769473812.119937,FORWARDED,f7ff635d-7594-4cf1-84d6-fb6b04e58537,0ae41af7-9e67-44bd-b4b8-92528c637feb,c2,c1,868,?,p1,
1769473815.081416,RECEIVED,1e9d1e27-e6f2-4535-8779-9c500b47a141,c4e969ba-de27-4dac-932d-1d5a981e1bd9,c2,c1,1263,i1,?,
1769473815.5997834,SENT,1e9d1e27-e6f2-4535-8779-9c500b47a141,c4e969ba-de27-4dac-932d-1d5a981e1bd9,c2,c1,876,?,p1,
1769473815.5999186,FORWARDED,1e9d1e27-e6f2-4535-8779-9c500b47a141,c4e969ba-de27-4dac-932d-1d5a981e1bd9,c2,c1,876,?,p1,
1769473816.0048144,RECEIVED,3a094ba8-87a0-4611-aeac-d9f140f9f50e,5f24c3a1-6597-465c-bacb-3ff42241bdd5,c4,c1,1261,i5,?,
1769473816.0467615,SENT,3a094ba8-87a0-4611-aeac-d9f140f9f50e,5f24c3a1-6597-465c-bacb-3ff42241bdd5,c4,c1,871,?,p1,
1769473816.0468233,FORWARDED,3a094ba8-87a0-4611-aeac-d9f140f9f50e,5f24c3a1-6597-465c-bacb-3ff42241bdd5,c4,c1,871,?,p1,
1769473817.2756646,RECEIVED,c618c67e-b41e-4035-97b4-c037793e5aa4,8afec2e8-b94b-4e31-9232-78b063fd9426,c4,c1,1252,i1,?,
1769473817.5756562,SENT,c618c67e-b41e-4035-97b4-c037793e5aa4,8afec2e8-b94b-4e31-9232-78b063fd9426,c4,c1,867,?,p1,
1769473817.5757809,FORWARDED,c618c67e-b41e-4035-97b4-c037793e5aa4,8afec2e8-b94b-4e31-9232-78b063fd9426,c4,c1,867,?,p1,
1769473817.6755352,RECEIVED,dff214ef-0970-4d06-9aac-6939c826779d,eca478d9-f68f-4ec8-86f3-9fa018f122bb,c3,c4,1264,i9,?,
1769473818.1749938,SENT,dff214ef-0970-4d06-9aac-6939c826779d,eca478d9-f68f-4ec8-86f3-9fa018f122bb,c3,c4,875,?,p1,
1769473818.175155,FORWARDED,dff214ef-0970-4d06-9aac-6939c826779d,eca478d9-f68f-4ec8-86f3-9fa018f122bb,c3,c4,875,?,p1,
1769473818.5298696,RECEIVED,0b07ee30-904a-485c-9875-59a4396e6529,e28758a6-8cf5-46a7-9087-3c3c293508fb,c3,c4,1263,i10,?,
1769473818.8232436,SENT,0b07ee30-904a-485c-9875-59a4396e6529,e28758a6-8cf5-46a7-9087-3c3c293508fb,c3,c4,875,?,p1,
1769473818.8233736,FORWARDED,0b07ee30-904a-485c-9875-59a4396e6529,e28758a6-8cf5-46a7-9087-3c3c293508fb,c3,c4,875,?,p1,
1769473819.0146177,RECEIVED,739382a5-072a-4171-85c0-6959566daba3,3ee019c5-dc47-44f9-9c29-182ca366b1ed,c2,c1,1264,i10,?,
1769473819.0225403,RECEIVED,5d8bad96-8436-42c3-b750-a719968abf0b,440e0012-b680-4388-95d1-5eddffa799dc,c2,c1,1261,i8,?,
1769473819.121364,SENT,5d8bad96-8436-42c3-b750-a719968abf0b,440e0012-b680-4388-95d1-5eddffa799dc,c2,c1,873,?,p1,
1769473819.1215212,FORWARDED,5d8bad96-8436-42c3-b750-a719968abf0b,440e0012-b680-4388-95d1-5eddffa799dc,c2,c1,873,?,p1,
1769473819.156541,SENT,739382a5-072a-4171-85c0-6959566daba3,3ee019c5-dc47-44f9-9c29-182ca366b1ed,c2,c1,875,?,p1,
1769473819.15667,FORWARDED,739382a5-072a-4171-85c0-6959566daba3,3ee019c5-dc47-44f9-9c29-182ca366b1ed,c2,c1,875,?,p1,
1769473819.2912927,RECEIVED,5d9304d1-83a3-48fa-b21f-836ff902f0a7,0045ba17-e2b4-47f1-a95e-35aa00afd345,c5,c4,1255,i3,?,
1769473819.8432364,SENT,5d9304d1-83a3-48fa-b21f-836ff902f0a7,0045ba17-e2b4-47f1-a95e-35aa00afd345,c5,c4,870,?,p1,
1769473819.8433514,FORWARDED,5d9304d1-83a3-48fa-b21f-836ff902f0a7,0045ba17-e2b4-47f1-a95e-35aa00afd345,c5,c4,870,?,p1,
1769473820.8363912,RECEIVED,2a4a571c-5b56-4834-a117-6eedd1d651a1,546c4bcd-e56c-4130-a111-baa63a58dd43,c5,c4,1263,i2,?,
1769473820.9389408,RECEIVED,e79d139e-694f-4463-965e-1621c23f1514,6e928750-4396-4169-b76b-e84bb67d7c74,c3,c4,1251,i5,?,
1769473821.0779934,RECEIVED,ff08eac4-d442-4b48-be58-d08a108b5306,85c82e66-dd58-467d-ad1e-1999eff6aa2e,c3,c4,1260,i1,?,
1769473821.211198,SENT,ff08eac4-d442-4b48-be58-d08a108b5306,85c82e66-dd58-467d-ad1e-1999eff6aa2e,c3,c4,871,?,p1,
1769473821.2115297,FORWARDED,ff08eac4-d442-4b48-be58-d08a108b5306,85c82e66-dd58-467d-ad1e-1999eff6aa2e,c3,c4,871,?,p1,
1769473821.562637,RECEIVED,5b634219-eb51-43c4-9b45-15b15b9b7744,5cd6a7ce-be10-4f3a-9c56-c4a5759dbba9,c2,c1,1264,i10,?,
1769473821.7128863,SENT,5b634219-eb51-43c4-9b45-15b15b9b7744,5cd6a7ce-be10-4f3a-9c56-c4a5759dbba9,c2,c1,875,?,p1,
1769473821.712952,FORWARDED,5b634219-eb51-43c4-9b45-15b15b9b7744,5cd6a7ce-be10-4f3a-9c56-c4a5759dbba9,c2,c1,875,?,p1,
1769473821.834896,RECEIVED,ffbb40b7-9b92-46b4-bb4b-3413d9c38601,d269b792-6e86-4362-ba23-d9ab0f085a4f,c1,c2,1265,i7,?,
1769473821.916838,SENT,ffbb40b7-9b92-46b4-bb4b-3413d9c38601,d269b792-6e86-4362-ba23-d9ab0f085a4f,c1,c2,875,?,p2,
1769473821.9169567,FORWARDED,ffbb40b7-9b92-46b4-bb4b-3413d9c38601,d269b792-6e86-4362-ba23-d9ab0f085a4f,c1,c2,875,?,p2,
1769473821.973143,SENT,2a4a571c-5b56-4834-a117-6eedd1d651a1,546c4bcd-e56c-4130-a111-baa63a58dd43,c5,c4,875,?,p1,
1769473821.973248,FORWARDED,2a4a571c-5b56-4834-a117-6eedd1d651a1,546c4bcd-e56c-4130-a111-baa63a58dd43,c5,c4,875,?,p1,
1769473822.201831,SENT,e79d139e-694f-4463-965e-1621c23f1514,6e928750-4396-4169-b76b-e84bb67d7c74,c3,c4,867,?,p1,
1769473822.2019024,FORWARDED,e79d139e-694f-4463-965e-1621c23f1514,6e928750-4396-4169-b76b-e84bb67d7c74,c3,c4,867,?,p1,
1769473822.5353336,RECEIVED,78617f9a-d596-4355-9a6c-0e7e1a00b588,5061c675-b879-4301-a8f6-a46e15d25b50,c4,c1,1259,i12,?,
1769473822.7418516,RECEIVED,79c8ccf4-2ace-4ab2-9c63-e746b7e9d595,3f120a12-dc6a-4b64-b3c7-efb262de55b5,c1,c2,1261,i11,?,
1769473822.841246,SENT,79c8ccf4-2ace-4ab2-9c63-e746b7e9d595,3f120a12-dc6a-4b64-b3c7-efb262de55b5,c1,c2,872,?,p2,
1769473822.84138,FORWARDED,79c8ccf4-2ace-4ab2-9c63-e746b7e9d595,3f120a12-dc6a-4b64-b3c7-efb262de55b5,c1,c2,872,?,p2,
1769473822.8729649,SENT,78617f9a-d596-4355-9a6c-0e7e1a00b588,5061c675-b879-4301-a8f6-a46e15d25b50,c4,c1,871,?,p1,
1769473822.873171,FORWARDED,78617f9a-d596-4355-9a6c-0e7e1a00b588,5061c675-b879-4301-a8f6-a46e15d25b50,c4,c1,871,?,p1,
1769473823.1342742,RECEIVED,9d26a9e6-f70a-41ec-aec7-e213ef69021e,57248f70-652c-438c-ae4e-ab16b6eba5af,c3,c4,1244,i9,?,
1769473823.218754,RECEIVED,d57b0576-34a0-4a9d-90c6-c9730bf796eb,3c9a6b01-399d-40ed-90af-261d9da484cb,c4,c1,1260,i8,?,
1769473823.3058455,RECEIVED,d64c04fc-ee68-4f7c-9c60-bcc7749719b6,fb263e39-4e8c-4666-b8bb-0c9f10c34524,c3,c4,1255,i12,?,
1769473823.3760152,SENT,9d26a9e6-f70a-41ec-aec7-e213ef69021e,57248f70-652c-438c-ae4e-ab16b6eba5af,c3,c4,860,?,p1,
1769473823.376073,FORWARDED,9d26a9e6-f70a-41ec-aec7-e213ef69021e,57248f70-652c-438c-ae4e-ab16b6eba5af,c3,c4,860,?,p1,
1769473823.397481,RECEIVED,45bd5105-260a-459f-ab3c-83a65f32841c,14194f7d-b989-4781-981a-25432c86b158,c1,c2,1264,i11,?,
1769473823.4139209,SENT,d57b0576-34a0-4a9d-90c6-c9730bf796eb,3c9a6b01-399d-40ed-90af-261d9da484cb,c4,c1,871,?,p1,
1769473823.4139981,FORWARDED,d57b0576-34a0-4a9d-90c6-c9730bf796eb,3c9a6b01-399d-40ed-90af-261d9da484cb,c4,c1,871,?,p1,
1769473823.5576046,SENT,45bd5105-260a-459f-ab3c-83a65f32841c,14194f7d-b989-4781-981a-25432c86b158,c1,c2,875,?,p2,
1769473823.5577183,FORWARDED,45bd5105-260a-459f-ab3c-83a65f32841c,14194f7d-b989-4781-981a-25432c86b158,c1,c2,875,?,p2,
1769473824.6578372,SENT,d64c04fc-ee68-4f7c-9c60-bcc7749719b6,fb263e39-4e8c-4666-b8bb-0c9f10c34524,c3,c4,868,?,p1,
1769473824.6579955,FORWARDED,d64c04fc-ee68-4f7c-9c60-bcc7749719b6,fb263e39-4e8c-4666-b8bb-0c9f10c34524,c3,c4,868,?,p1,
1769473825.434236,RECEIVED,957b5f57-a8e6-402d-ab41-12ad76caa5ab,2aca9785-e7a5-41d5-9fe4-773248549f87,c1,c2,1260,i4,?,
1769473825.8864794,SENT,957b5f57-a8e6-402d-ab41-12ad76caa5ab,2aca9785-e7a5-41d5-9fe4-773248549f87,c1,c2,871,?,p2,
1769473825.886613,FORWARDED,957b5f57-a8e6-402d-ab41-12ad76caa5ab,2aca9785-e7a5-41d5-9fe4-773248549f87,c1,c2,871,?,p2,
1769473825.950621,RECEIVED,cc32c797-e49c-488e-ad58-5f56c8fa4254,f3a08ca3-6c0d-4eb8-8f1e-36b1d8bb4123,c2,c1,1259,i5,?,
1769473826.747585,SENT,cc32c797-e49c-488e-ad58-5f56c8fa4254,f3a08ca3-6c0d-4eb8-8f1e-36b1d8bb4123,c2,c1,872,?,p1,
1769473826.747648,FORWARDED,cc32c797-e49c-488e-ad58-5f56c8fa4254,f3a08ca3-6c0d-4eb8-8f1e-36b1d8bb4123,c2,c1,872,?,p1,
1769473827.6867716,RECEIVED,fef4ec0c-0b06-4dce-a7ab-f61162bf051a,270cc86c-35ca-4a28-83e4-c9b4ac759d3a,c3,c4,1256,i11,?,
1769473827.8830123,SENT,fef4ec0c-0b06-4dce-a7ab-f61162bf051a,270cc86c-35ca-4a28-83e4-c9b4ac759d3a,c3,c4,868,?,p1,
1769473827.8831282,FORWARDED,fef4ec0c-0b06-4dce-a7ab-f61162bf051a,270cc86c-35ca-4a28-83e4-c9b4ac759d3a,c3,c4,868,?,p1,
1769473827.9231231,RECEIVED,870bd1ba-cd28-4938-b355-a8f94d96ca4a,338977cb-5c08-4ecf-8522-773853e14970,c2,c1,1260,i2,?,
1769473828.0562842,SENT,870bd1ba-cd28-4938-b355-a8f94d96ca4a,338977cb-5c08-4ecf-8522-773853e14970,c2,c1,871,?,p1,
1769473828.0563726,FORWARDED,870bd1ba-cd28-4938-b355-a8f94d96ca4a,338977cb-5c08-4ecf-8522-773853e14970,c2,c1,871,?,p1,
1769473828.0689356,RECEIVED,7bd23f96-3d1c-48ac-83dc-cef83d60e88d,d62bdb0f-6617-4943-9afa-414ae61ce5ed,c2,c1,1259,i7,?,
1769473828.73085,SENT,7bd23f96-3d1c-48ac-83dc-cef83d60e88d,d62bdb0f-6617-4943-9afa-414ae61ce5ed,c2,c1,871,?,p1,
1769473828.7309752,FORWARDED,7bd23f96-3d1c-48ac-83dc-cef83d60e88d,d62bdb0f-6617-4943-9afa-414ae61ce5ed,c2,c1,871,?,p1,
1769473828.9940379,RECEIVED,ab2f0573-82b4-4af2-bb19-d98baa6d17bf,a1005629-45e4-4fc2-b877-c660b46dfb82,c3,c4,1256,i4,?,
1769473829.065506,SENT,ab2f0573-82b4-4af2-bb19-d98baa6d17bf,a1005629-45e4-4fc2-b877-c660b46dfb82,c3,c4,868,?,p1,
1769473829.0656028,FORWARDED,ab2f0573-82b4-4af2-bb19-d98baa6d17bf,a1005629-45e4-4fc2-b877-c660b46dfb82,c3,c4,868,?,p1,
1769473830.1497402,RECEIVED,5fa88ac8-3420-418b-9c50-aa64ca962183,177b5915-35e7-4ef1-8aed-71f577cdee2c,c2,c1,1268,i7,?,
1769473830.371554,SENT,5fa88ac8-3420-418b-9c50-aa64ca962183,177b5915-35e7-4ef1-8aed-71f577cdee2c,c2,c1,877,?,p1,
1769473830.3716757,FORWARDED,5fa88ac8-3420-418b-9c50-aa64ca962183,177b5915-35e7-4ef1-8aed-71f577cdee2c,c2,c1,877,?,p1,
1769473832.916676,RECEIVED,76438cd7-4097-4325-a7a2-10c20a95c71a,1edcfdf9-e098-4bf1-99f3-89ddd00f88f7,c1,c2,1251,i10,?,
1769473833.1959038,RECEIVED,88e5bf4d-9b48-40b6-823c-4ef767bc158e,af0e3d09-5d6e-46fa-b6c3-ffe720a6e657,c3,c4,1252,i4,?,
1769473833.4785733,RECEIVED,9faf8706-8d88-45a5-8aac-badc6f04a93e,38bd62c4-5d05-4527-9619-5a862b10adbb,c5,c4,1251,i6,?,
1769473833.5226378,SENT,88e5bf4d-9b48-40b6-823c-4ef767bc158e,af0e3d09-5d6e-46fa-b6c3-ffe720a6e657,c3,c4,867,?,p1,
1769473833.522729,FORWARDED,88e5bf4d-9b48-40b6-823c-4ef767bc158e,af0e3d09-5d6e-46fa-b6c3-ffe720a6e657,c3,c4,867,?,p1,
1769473833.9138966,SENT,9faf8706-8d88-45a5-8aac-badc6f04a93e,38bd62c4-5d05-4527-9619-5a862b10adbb,c5,c4,867,?,p1,
1769473833.9139931,FORWARDED,9faf8706-8d88-45a5-8aac-badc6f04a93e,38bd62c4-5d05-4527-9619-5a862b10adbb,c5,c4,867,?,p1,
1769473834.0681062,SENT,76438cd7-4097-4325-a7a2-10c20a95c71a,1edcfdf9-e098-4bf1-99f3-89ddd00f88f7,c1,c2,867,?,p2,
1769473834.0682366,FORWARDED,76438cd7-4097-4325-a7a2-10c20a95c71a,1edcfdf9-e098-4bf1-99f3-89ddd00f88f7,c1,c2,867,?,p2,
1769473834.2786796,RECEIVED,9611809a-3470-4fbb-8ca3-3a16a005fffe,49fdc5b4-5bfc-416c-afe9-b17ad79ce51d,c4,c1,1263,i10,?,
1769473834.3903794,RECEIVED,3c3089a9-da0c-42b0-a93f-4db714892df7,c3b659f7-bb6e-4dad-bf25-ea7835630378,c5,c4,1255,i9,?,
1769473835.0681808,SENT,3c3089a9-da0c-42b0-a93f-4db714892df7,c3b659f7-bb6e-4dad-bf25-ea7835630378,c5,c4,869,?,p1,
1769473835.0683146,FORWARDED,3c3089a9-da0c-42b0-a93f-4db714892df7,c3b659f7-bb6e-4dad-bf25-ea7835630378,c5,c4,869,?,p1,
1769473835.9651904,SENT,9611809a-3470-4fbb-8ca3-3a16a005fffe,49fdc5b4-5bfc-416c-afe9-b17ad79ce51d,c4,c1,876,?,p1,
1769473835.9653218,FORWARDED,9611809a-3470-4fbb-8ca3-3a16a005fffe,49fdc5b4-5bfc-416c-afe9-b17ad79ce51d,c4,c1,876,?,p1,
1769473836.6961026,RECEIVED,fe3f1a99-9352-49a5-802c-9f3809599324,82976268-853c-4282-97df-540451b0dca2,c1,c2,1263,i9,?,
1769473837.2049935,RECEIVED,e25e2797-787a-4213-9c65-0592e88b78f1,6b80b5bb-f2d3-4269-b947-4a51b6c25038,c3,c4,1251,i12,?,
1769473837.5951345,SENT,fe3f1a99-9352-49a5-802c-9f3809599324,82976268-853c-4282-97df-540451b0dca2,c1,c2,875,?,p2,
1769473837.5952709,FORWARDED,fe3f1a99-9352-49a5-802c-9f3809599324,82976268-853c-4282-97df-540451b0dca2,c1,c2,875,?,p2,
1769473838.0092518,RECEIVED,5da3e5dd-931a-49c8-a405-9aa2066bcd5c,411dd659-aa79-4690-81e4-edbe317f8ab7,c4,c1,1254,i8,?,
1769473838.3732648,RECEIVED,36d67a8b-79e4-477a-9707-a667282e8ea4,0499b09d-73bf-41cb-a089-5fdabf7b89de,c3,c4,1260,i2,?,
1769473838.405804,SENT,e25e2797-787a-4213-9c65-0592e88b78f1,6b80b5bb-f2d3-4269-b947-4a51b6c25038,c3,c4,867,?,p1,
1769473838.40589,FORWARDED,e25e2797-787a-4213-9c65-0592e88b78f1,6b80b5bb-f2d3-4269-b947-4a51b6c25038,c3,c4,867,?,p1,
1769473838.5360978,SENT,36d67a8b-79e4-477a-9707-a667282e8ea4,0499b09d-73bf-41cb-a089-5fdabf7b89de,c3,c4,872,?,p1,
1769473838.5361884,FORWARDED,36d67a8b-79e4-477a-9707-a667282e8ea4,0499b09d-73bf-41cb-a089-5fdabf7b89de,c3,c4,872,?,p1,
1769473838.5577865,SENT,5da3e5dd-931a-49c8-a405-9aa2066bcd5c,411dd659-aa79-4690-81e4-edbe317f8ab7,c4,c1,868,?,p1,
1769473838.5578718,FORWARDED,5da3e5dd-931a-49c8-a405-9aa2066bcd5c,411dd659-aa79-4690-81e4-edbe317f8ab7,c4,c1,868,?,p1,
1769473839.7285557,RECEIVED,19c8aa0f-e49d-4831-9412-40cf5992aee3,472d7c1c-4df9-492c-ab8f-775b5f991065,c1,c2,1255,i4,?,
1769473840.6403837,RECEIVED,6da0db47-80e2-4bb7-aea3-3be512336096,0478a4f0-2d5c-4433-bc0f-528a2cf763ef,c1,c2,1260,i4,?,
1769473840.7466943,SENT,6da0db47-80e2-4bb7-aea3-3be512336096,0478a4f0-2d5c-4433-bc0f-528a2cf763ef,c1,c2,871,?,p2,
1769473840.7468257,FORWARDED,6da0db47-80e2-4bb7-aea3-3be512336096,0478a4f0-2d5c-4433-bc0f-528a2cf763ef,c1,c2,871,?,p2,
1769473840.77239,RECEIVED,d46f253a-ef26-42b6-bb67-634f0f6dc4c9,ea9d5a43-6082-46e9-be5e-8ee0809139f5,c1,c2,1256,i12,?,
1769473841.0348568,RECEIVED,4df86783-f546-43fa-84ae-281b900a2edd,2a53ca5a-faed-4d8f-9f15-0d22ea43447d,c1,c2,1259,i10,?,
1769473841.1877759,SENT,d46f253a-ef26-42b6-bb67-634f0f6dc4c9,ea9d5a43-6082-46e9-be5e-8ee0809139f5,c1,c2,868,?,p2,
1769473841.187843,FORWARDED,d46f253a-ef26-42b6-bb67-634f0f6dc4c9,ea9d5a43-6082-46e9-be5e-8ee0809139f5,c1,c2,868,?,p2,
1769473841.607944,SENT,19c8aa0f-e49d-4831-9412-40cf5992aee3,472d7c1c-4df9-492c-ab8f-775b5f991065,c1,c2,868,?,p2,
1769473841.6080053,FORWARDED,19c8aa0f-e49d-4831-9412-40cf5992aee3,472d7c1c-4df9-492c-ab8f-775b5f991065,c1,c2,868,?,p2,
1769473842.188011,RECEIVED,17977ec4-1402-4a1b-992d-76047be441c0,467c9290-e590-4f22-954d-399062c271bb,c4,c1,1264,i11,?,
1769473842.5356867,SENT,17977ec4-1402-4a1b-992d-76047be441c0,467c9290-e590-4f22-954d-399062c271bb,c4,c1,875,?,p1,
1769473842.5358064,FORWARDED,17977ec4-1402-4a1b-992d-76047be441c0,467c9290-e590-4f22-954d-399062c271bb,c4,c1,875,?,p1,
1769473843.0525372,SENT,4df86783-f546-43fa-84ae-281b900a2edd,2a53ca5a-faed-4d8f-9f15-0d22ea43447d,c1,c2,871,?,p2,
1769473843.0527656,FORWARDED,4df86783-f546-43fa-84ae-281b900a2edd,2a53ca5a-faed-4d8f-9f15-0d22ea43447d,c1,c2,871,?,p2,
1769473844.3569782,RECEIVED,22bb633b-92ac-4c7f-b5fb-d719c95063bf,6ea5e6c1-9a76-41f6-a638-5bed9a9af660,c2,c1,1264,i12,?,
1769473844.4899666,SENT,22bb633b-92ac-4c7f-b5fb-d719c95063bf,6ea5e6c1-9a76-41f6-a638-5bed9a9af660,c2,c1,875,?,p1,
1769473844.4901412,FORWARDED,22bb633b-92ac-4c7f-b5fb-d719c95063bf,6ea5e6c1-9a76-41f6-a638-5bed9a9af660,c2,c1,875,?,p1,
1769473844.6641483,RECEIVED,bfe4b8b8-40bd-46d0-8dba-38d6ca138d43,3bef2f71-51b1-4c78-9d6a-7b3a107648c4,c3,c4,1265,i10,?,
1769473844.6906502,SENT,bfe4b8b8-40bd-46d0-8dba-38d6ca138d43,3bef2f71-51b1-4c78-9d6a-7b3a107648c4,c3,c4,876,?,p1,
1769473844.6907353,FORWARDED,bfe4b8b8-40bd-46d0-8dba-38d6ca138d43,3bef2f71-51b1-4c78-9d6a-7b3a107648c4,c3,c4,876,?,p1,
1769473845.458748,RECEIVED,63265ae0-07b6-40de-ab73-f380bd48bea1,c006a9ed-6e96-4d08-a23a-f99efd499f51,c1,c2,1260,i6,?,
1769473845.567921,RECEIVED,0c626d87-c921-4532-b096-dd4df95940c0,aaca00e2-b4aa-4d9e-9e13-3f99a316eecd,c2,c1,1264,i6,?,
1769473845.6054816,SENT,0c626d87-c921-4532-b096-dd4df95940c0,aaca00e2-b4aa-4d9e-9e13-3f99a316eecd,c2,c1,876,?,p1,
1769473845.6056101,FORWARDED,0c626d87-c921-4532-b096-dd4df95940c0,aaca00e2-b4aa-4d9e-9e13-3f99a316eecd,c2,c1,876,?,p1,
1769473845.611402,SENT,63265ae0-07b6-40de-ab73-f380bd48bea1,c006a9ed-6e96-4d08-a23a-f99efd499f51,c1,c2,872,?,p2,
1769473845.6115303,FORWARDED,63265ae0-07b6-40de-ab73-f380bd48bea1,c006a9ed-6e96-4d08-a23a-f99efd499f51,c1,c2,872,?,p2,
1769473845.8515317,RECEIVED,87352c29-1e7c-4ad7-a9f6-ef72ebf57689,d4ac1e9d-613d-49ed-b6e0-145c0b9b6186,c3,c4,1260,i4,?,
1769473845.903659,RECEIVED,5237a29d-c564-428f-92a0-377ece989298,23f08a29-86ea-465b-a122-e7a688c4b501,c2,c1,1257,i2,?,
1769473845.9676101,SENT,5237a29d-c564-428f-92a0-377ece989298,23f08a29-86ea-465b-a122-e7a688c4b501,c2,c1,868,?,p1,
1769473845.968004,FORWARDED,5237a29d-c564-428f-92a0-377ece989298,23f08a29-86ea-465b-a122-e7a688c4b501,c2,c1,868,?,p1,
1769473846.082534,RECEIVED,cc50886c-9696-4e02-830d-f7a6ed4db485,7e3327fa-c1ad-4e40-9af6-9dbe51edf087,c5,c4,1251,i3,?,
1769473846.0983036,SENT,87352c29-1e7c-4ad7-a9f6-ef72ebf57689,d4ac1e9d-613d-49ed-b6e0-145c0b9b6186,c3,c4,872,?,p1,
1769473846.0984313,FORWARDED,87352c29-1e7c-4ad7-a9f6-ef72ebf57689,d4ac1e9d-613d-49ed-b6e0-145c0b9b6186,c3,c4,872,?,p1,
1769473846.2144172,RECEIVED,182a376f-1250-4d22-acab-38d24781801e,6efee986-99e4-4461-b935-4f6404af9744,c2,c1,1256,i5,?,
1769473846.3739364,SENT,182a376f-1250-4d22-acab-38d24781801e,6efee986-99e4-4461-b935-4f6404af9744,c2,c1,868,?,p1,
1769473846.3740957,FORWARDED,182a376f-1250-4d22-acab-38d24781801e,6efee986-99e4-4461-b935-4f6404af9744,c2,c1,868,?,p1,
1769473846.4786668,RECEIVED,a1cc2c03-24a2-4864-be75-506947ac6012,d95313a5-df48-4d2a-a7db-b9212edeebd5,c4,c1,1267,i10,?,
1769473846.7565567,SENT,cc50886c-9696-4e02-830d-f7a6ed4db485,7e3327fa-c1ad-4e40-9af6-9dbe51edf087,c5,c4,867,?,p1,
1769473846.756688,FORWARDED,cc50886c-9696-4e02-830d-f7a6ed4db485,7e3327fa-c1ad-4e40-9af6-9dbe51edf087,c5,c4,867,?,p1,
1769473847.0303743,RECEIVED,343d7bce-bb9a-4013-823e-43e6098184ba,bf83fe68-084b-475b-b018-c4139164dfdd,c1,c2,1252,i5,?,
1769473847.187841,SENT,343d7bce-bb9a-4013-823e-43e6098184ba,bf83fe68-084b-475b-b018-c4139164dfdd,c1,c2,867,?,p2,
1769473847.1879692,FORWARDED,343d7bce-bb9a-4013-823e-43e6098184ba,bf83fe68-084b-475b-b018-c4139164dfdd,c1,c2,867,?,p2,
1769473847.2125623,RECEIVED,126095a9-9e68-485a-8bae-66c322fb9b97,7e8606bd-ec5b-4d2f-844b-6b47952a730c,c3,c4,1251,i5,?,
1769473847.4389024,SENT,a1cc2c03-24a2-4864-be75-506947ac6012,d95313a5-df48-4d2a-a7db-b9212edeebd5,c4,c1,877,?,p1,
1769473847.4390311,FORWARDED,a1cc2c03-24a2-4864-be75-506947ac6012,d95313a5-df48-4d2a-a7db-b9212edeebd5,c4,c1,877,?,p1,
1769473847.5445516,SENT,126095a9-9e68-485a-8bae-66c322fb9b97,7e8606bd-ec5b-4d2f-844b-6b47952a730c,c3,c4,867,?,p1,
1769473847.544741,FORWARDED,126095a9-9e68-485a-8bae-66c322fb9b97,7e8606bd-ec5b-4d2f-844b-6b47952a730c,c3,c4,867,?,p1,
1769473848.4848876,RECEIVED,0f9c2fe9-c1ab-4058-97f3-fac2900d6f6e,f1a6461c-d557-4338-9ebc-75143b47a73e,c2,c1,1248,i4,?,
1769473848.8402414,SENT,0f9c2fe9-c1ab-4058-97f3-fac2900d6f6e,f1a6461c-d557-4338-9ebc-75143b47a73e,c2,c1,864,?,p1,
1769473848.8403723,FORWARDED,0f9c2fe9-c1ab-4058-97f3-fac2900d6f6e,f1a6461c-d557-4338-9ebc-75143b47a73e,c2,c1,864,?,p1,
1769473849.5388398,RECEIVED,b7ff7f88-2cc6-4b23-a7a1-b895070031f3,fde4110d-85c5-4d31-a531-8adcf6a5e1dd,c2,c1,1255,i4,?,
1769473849.7208698,RECEIVED,e88e7682-3e48-43f0-82b0-e5ff5fb815a4,a0df802c-65d2-4b3e-8b6e-194ab17d4c04,c2,c1,1259,i3,?,
1769473849.870071,RECEIVED,3317ac55-5f49-4ab7-a52e-37e13a77c523,d2288760-f188-43f9-9c12-78be6d345d75,c1,c2,1260,i1,?,
1769473850.0765595,SENT,3317ac55-5f49-4ab7-a52e-37e13a77c523,d2288760-f188-43f9-9c12-78be6d345d75,c1,c2,872,?,p2,
1769473850.07669,FORWARDED,3317ac55-5f49-4ab7-a52e-37e13a77c523,d2288760-f188-43f9-9c12-78be6d345d75,c1,c2,872,?,p2,
1769473850.2366917,SENT,e88e7682-3e48-43f0-82b0-e5ff5fb815a4,a0df802c-65d2-4b3e-8b6e-194ab17d4c04,c2,c1,871,?,p1,
1769473850.2367728,FORWARDED,e88e7682-3e48-43f0-82b0-e5ff5fb815a4,a0df802c-65d2-4b3e-8b6e-194ab17d4c04,c2,c1,871,?,p1,
1769473850.2838793,RECEIVED,1d6640ea-375f-499e-8500-a4facca2df0b,1bd90c4b-871e-4475-85c3-324c5d71affd,c4,c1,1250,i6,?,
1769473850.9229262,SENT,1d6640ea-375f-499e-8500-a4facca2df0b,1bd90c4b-871e-4475-85c3-324c5d71affd,c4,c1,867,?,p1,
1769473850.9234626,FORWARDED,1d6640ea-375f-499e-8500-a4facca2df0b,1bd90c4b-871e-4475-85c3-324c5d71affd,c4,c1,867,?,p1,
1769473851.3507636,RECEIVED,dba8b01f-cb15-4370-9358-50154231eb90,9e213fd2-1aa6-4346-bf16-55df96f5bef1,c4,c1,1252,i1,?,
1769473851.6931024,SENT,b7ff7f88-2cc6-4b23-a7a1-b895070031f3,fde4110d-85c5-4d31-a531-8adcf6a5e1dd,c2,c1,868,?,p1,
1769473851.693237,FORWARDED,b7ff7f88-2cc6-4b23-a7a1-b895070031f3,fde4110d-85c5-4d31-a531-8adcf6a5e1dd,c2,c1,868,?,p1,
1769473851.7192824,SENT,dba8b01f-cb15-4370-9358-50154231eb90,9e213fd2-1aa6-4346-bf16-55df96f5bef1,c4,c1,867,?,p1,
1769473851.7193909,FORWARDED,dba8b01f-cb15-4370-9358-50154231eb90,9e213fd2-1aa6-4346-bf16-55df96f5bef1,c4,c1,867,?,p1,
1769473851.8643515,RECEIVED,acfaabe6-1451-45a2-b3c0-b776cf560135,4bd4ba4f-74bf-4586-a9a3-21c89bed67ab,c2,c1,1264,i7,?,
1769473852.3395686,SENT,acfaabe6-1451-45a2-b3c0-b776cf560135,4bd4ba4f-74bf-4586-a9a3-21c89bed67ab,c2,c1,876,?,p1,
1769473852.3396862,FORWARDED,acfaabe6-1451-45a2-b3c0-b776cf560135,4bd4ba4f-74bf-4586-a9a3-21c89bed67ab,c2,c1,876,?,p1,
1769473853.0345385,RECEIVED,fdcaa171-512e-47a9-aea2-a521e202dfa0,d01ecf33-7a9f-4f84-b33e-ff8bda127b06,c3,c4,1256,i11,?,
1769473853.5381827,SENT,fdcaa171-512e-47a9-aea2-a521e202dfa0,d01ecf33-7a9f-4f84-b33e-ff8bda127b06,c3,c4,868,?,p1,
1769473853.5383217,FORWARDED,fdcaa171-512e-47a9-aea2-a521e202dfa0,d01ecf33-7a9f-4f84-b33e-ff8bda127b06,c3,c4,868,?,p1,
1769473854.5653634,RECEIVED,8297616f-e4e2-4f4a-bace-6c0265a1b1f8,c35ddfce-e478-459d-83d6-52fed53b7052,c2,c1,1259,i9,?,
1769473854.664257,RECEIVED,46a6bad9-d4be-4c19-bdeb-5c3d8597814d,4508f0b1-8916-4868-ba5e-9598876845b8,c4,c1,1254,i12,?,
1769473854.7477965,RECEIVED,3e766ea7-2555-4cc6-bc0c-af6e2e833ad7,5f8be56c-5068-43d8-9136-dee3a39253a7,c3,c4,1264,i12,?,
1769473854.7694857,RECEIVED,0bdcf63b-37a7-46ec-903e-82cf35af09b9,7fda586c-7cec-4197-94b9-4e02289a54b8,c5,c4,1252,i2,?,
1769473854.8162918,SENT,0bdcf63b-37a7-46ec-903e-82cf35af09b9,7fda586c-7cec-4197-94b9-4e02289a54b8,c5,c4,867,?,p1,
1769473854.8163953,FORWARDED,0bdcf63b-37a7-46ec-903e-82cf35af09b9,7fda586c-7cec-4197-94b9-4e02289a54b8,c5,c4,867,?,p1,
1769473855.0708575,RECEIVED,194df3f3-023e-4a05-ab93-7b7164c994d1,340b3203-18f6-4503-9162-aff046508a7f,c3,c4,1251,i1,?,
1769473855.1254869,SENT,3e766ea7-2555-4cc6-bc0c-af6e2e833ad7,5f8be56c-5068-43d8-9136-dee3a39253a7,c3,c4,876,?,p1,
1769473855.125581,FORWARDED,3e766ea7-2555-4cc6-bc0c-af6e2e833ad7,5f8be56c-5068-43d8-9136-dee3a39253a7,c3,c4,876,?,p1,
1769473855.4574723,SENT,8297616f-e4e2-4f4a-bace-6c0265a1b1f8,c35ddfce-e478-459d-83d6-52fed53b7052,c2,c1,872,?,p1,
1769473855.4575624,FORWARDED,8297616f-e4e2-4f4a-bace-6c0265a1b1f8,c35ddfce-e478-459d-83d6-52fed53b7052,c2,c1,872,?,p1,
1769473855.4862232,SENT,46a6bad9-d4be-4c19-bdeb-5c3d8597814d,4508f0b1-8916-4868-ba5e-9598876845b8,c4,c1,869,?,p1,
1769473855.4863179,FORWARDED,46a6bad9-d4be-4c19-bdeb-5c3d8597814d,4508f0b1-8916-4868-ba5e-9598876845b8,c4,c1,869,?,p1,
1769473855.5264554,RECEIVED,c067059d-78b9-4ba4-95ea-758a1319de7f,17d3d182-ee6a-4cb7-932f-12d1bb966ec5,c2,c1,1260,i4,?,
1769473855.6008325,SENT,c067059d-78b9-4ba4-95ea-758a1319de7f,17d3d182-ee6a-4cb7-932f-12d1bb966ec5,c2,c1,872,?,p1,
1769473855.6009276,FORWARDED,c067059d-78b9-4ba4-95ea-758a1319de7f,17d3d182-ee6a-4cb7-932f-12d1bb966ec5,c2,c1,872,?,p1,
1769473855.9079325,SENT,194df3f3-023e-4a05-ab93-7b7164c994d1,340b3203-18f6-4503-9162-aff046508a7f,c3,c4,867,?,p1,
1769473855.9080203,FORWARDED,194df3f3-023e-4a05-ab93-7b7164c994d1,340b3203-18f6-4503-9162-aff046508a7f,c3,c4,867,?,p1,
1769473857.486077,RECEIVED,9f8e8934-b565-456d-a0b8-7f414b1e69d7,83a51075-67e6-4643-80e1-6d92993801cb,c3,c4,1255,i5,?,
1769473857.7045422,RECEIVED,5be99679-118d-49cd-98ea-621080ba6e1a,137bbf3b-b79d-471c-8de1-99007bd1977b,c4,c1,1258,i6,?,
1769473858.0866952,SENT,9f8e8934-b565-456d-a0b8-7f414b1e69d7,83a51075-67e6-4643-80e1-6d92993801cb,c3,c4,868,?,p1,
1769473858.0874517,FORWARDED,9f8e8934-b565-456d-a0b8-7f414b1e69d7,83a51075-67e6-4643-80e1-6d92993801cb,c3,c4,868,?,p1,
1769473858.2780042,SENT,5be99679-118d-49cd-98ea-621080ba6e1a,137bbf3b-b79d-471c-8de1-99007bd1977b,c4,c1,871,?,p1,
1769473858.2785907,FORWARDED,5be99679-118d-49cd-98ea-621080ba6e1a,137bbf3b-b79d-471c-8de1-99007bd1977b,c4,c1,871,?,p1,
1769473858.4550874,RECEIVED,ce64ef12-aede-4785-a631-08ac742e0da6,85bb39a5-a274-4af2-8614-994e9ad1f48a,c1,c2,1254,i7,?,
1769473859.1667986,RECEIVED,7bbadeaa-6932-45a3-96a7-bd8a6b157f93,a04b9589-5f53-434d-a25e-c7d88ba14e78,c4,c1,1251,i11,?,
1769473859.4674773,SENT,7bbadeaa-6932-45a3-96a7-bd8a6b157f93,a04b9589-5f53-434d-a25e-c7d88ba14e78,c4,c1,867,?,p1,
1769473859.4675922,FORWARDED,7bbadeaa-6932-45a3-96a7-bd8a6b157f93,a04b9589-5f53-434d-a25e-c7d88ba14e78,c4,c1,867,?,p1,
1769473860.694459,SENT,ce64ef12-aede-4785-a631-08ac742e0da6,85bb39a5-a274-4af2-8614-994e9ad1f48a,c1,c2,868,?,p2,
1769473860.694589,FORWARDED,ce64ef12-aede-4785-a631-08ac742e0da6,85bb39a5-a274-4af2-8614-994e9ad1f48a,c1,c2,868,?,p2,
1769473861.8055456,RECEIVED,9cef94b7-84ea-4245-ac49-483ea3d66444,2f2366b7-3a0f-4826-9048-21bf4b658031,c4,c1,1254,i2,?,
1769473863.0238047,RECEIVED,6f8e9734-56d6-4fdc-8c42-8c69f4f96f52,5b0d6c28-84d5-4dc7-89fb-bbf13983d8cf,c1,c2,1263,i8,?,
1769473863.4641762,RECEIVED,fe5e2715-6227-44e9-947b-07b0f27b4ae4,1134ecaf-49ee-48a9-ae9c-f0c2c574ee10,c1,c2,1255,i2,?,
1769473863.7423956,SENT,fe5e2715-6227-44e9-947b-07b0f27b4ae4,1134ecaf-49ee-48a9-ae9c-f0c2c574ee10,c1,c2,869,?,p2,
1769473863.742502,FORWARDED,fe5e2715-6227-44e9-947b-07b0f27b4ae4,1134ecaf-49ee-48a9-ae9c-f0c2c574ee10,c1,c2,869,?,p2,
1769473864.056022,SENT,9cef94b7-84ea-4245-ac49-483ea3d66444,2f2366b7-3a0f-4826-9048-21bf4b658031,c4,c1,868,?,p1,
1769473864.0561664,FORWARDED,9cef94b7-84ea-4245-ac49-483ea3d66444,2f2366b7-3a0f-4826-9048-21bf4b658031,c4,c1,868,?,p1,
1769473864.3337824,SENT,6f8e9734-56d6-4fdc-8c42-8c69f4f96f52,5b0d6c28-84d5-4dc7-89fb-bbf13983d8cf,c1,c2,875,?,p2,
1769473864.334071,FORWARDED,6f8e9734-56d6-4fdc-8c42-8c69f4f96f52,5b0d6c28-84d5-4dc7-89fb-bbf13983d8cf,c1,c2,875,?,p2,
1769473864.4141943,RECEIVED,3cdfc3ca-eb0c-4c1c-b5ed-a834009e2a9d,112b8e1c-4258-4a60-8471-92ccf91fc80b,c5,c4,1265,i10,?,
1769473864.4489064,SENT,3cdfc3ca-eb0c-4c1c-b5ed-a834009e2a9d,112b8e1c-4258-4a60-8471-92ccf91fc80b,c5,c4,876,?,p1,
1769473864.4489853,FORWARDED,3cdfc3ca-eb0c-4c1c-b5ed-a834009e2a9d,112b8e1c-4258-4a60-8471-92ccf91fc80b,c5,c4,876,?,p1,
1769473866.8341603,RECEIVED,32bda50a-c8fb-49d9-ab97-e455f1ca054d,b394cadf-ff9a-4d09-a397-2af645e8e4f9,c4,c1,1256,i4,?,
1769473866.8834002,SENT,32bda50a-c8fb-49d9-ab97-e455f1ca054d,b394cadf-ff9a-4d09-a397-2af645e8e4f9,c4,c1,869,?,p1,
1769473866.8834655,FORWARDED,32bda50a-c8fb-49d9-ab97-e455f1ca054d,b394cadf-ff9a-4d09-a397-2af645e8e4f9,c4,c1,869,?,p1,
1769473868.7801073,RECEIVED,532f41d8-449e-4fe6-be95-af1c84bc16e2,2ae8ca5f-36a8-4b55-a1dd-abceaee590bc,c2,c1,1251,i8,?,
1769473869.1967964,SENT,532f41d8-449e-4fe6-be95-af1c84bc16e2,2ae8ca5f-36a8-4b55-a1dd-abceaee590bc,c2,c1,867,?,p1,
1769473869.1968586,FORWARDED,532f41d8-449e-4fe6-be95-af1c84bc16e2,2ae8ca5f-36a8-4b55-a1dd-abceaee590bc,c2,c1,867,?,p1,
1769473870.6037683,RECEIVED,94a74bb3-1bd9-4ea3-9b9e-b3fedf293378,21497ea6-cba4-44b3-8af1-ccf51c5d305c,c5,c4,1251,i3,?,
1769473870.9993305,RECEIVED,aa56e49a-180b-4a5e-90e0-02d7339ecd35,c57102af-8db6-4b0f-9811-2d4555725db9,c2,c1,1248,i1,?,
1769473871.0660388,SENT,aa56e49a-180b-4a5e-90e0-02d7339ecd35,c57102af-8db6-4b0f-9811-2d4555725db9,c2,c1,863,?,p1,
1769473871.0661852,FORWARDED,aa56e49a-180b-4a5e-90e0-02d7339ecd35,c57102af-8db6-4b0f-9811-2d4555725db9,c2,c1,863,?,p1,
1769473871.3111143,SENT,94a74bb3-1bd9-4ea3-9b9e-b3fedf293378,21497ea6-cba4-44b3-8af1-ccf51c5d305c,c5,c4,867,?,p1,
1769473871.3112462,FORWARDED,94a74bb3-1bd9-4ea3-9b9e-b3fedf293378,21497ea6-cba4-44b3-8af1-ccf51c5d305c,c5,c4,867,?,p1,
1769473872.4525788,RECEIVED,bb29a073-fa5e-455e-9ef3-59ddc735c106,6d5aaf6d-7181-4e79-a88e-daac93e44b2a,c2,c1,1259,i11,?,
1769473873.371683,RECEIVED,78d13ed6-aeb2-4f86-ad68-79684dacc1a3,4a790280-e32f-45f7-b9a2-9584f5577a86,c1,c2,1263,i9,?,
1769473873.4528687,RECEIVED,0503181e-748e-490f-a191-62a4bf61fa98,4ea5de4c-cda2-410a-a410-964351302d4c,c1,c2,1251,i7,?,
1769473873.491727,SENT,bb29a073-fa5e-455e-9ef3-59ddc735c106,6d5aaf6d-7181-4e79-a88e-daac93e44b2a,c2,c1,872,?,p1,
1769473873.4918132,FORWARDED,bb29a073-fa5e-455e-9ef3-59ddc735c106,6d5aaf6d-7181-4e79-a88e-daac93e44b2a,c2,c1,872,?,p1,
1769473874.1605728,SENT,0503181e-748e-490f-a191-62a4bf61fa98,4ea5de4c-cda2-410a-a410-964351302d4c,c1,c2,866,?,p2,
1769473874.1606815,FORWARDED,0503181e-748e-490f-a191-62a4bf61fa98,4ea5de4c-cda2-410a-a410-964351302d4c,c1,c2,866,?,p2,
1769473874.1687396,SENT,78d13ed6-aeb2-4f86-ad68-79684dacc1a3,4a790280-e32f-45f7-b9a2-9584f5577a86,c1,c2,876,?,p2,
1769473874.16886,FORWARDED,78d13ed6-aeb2-4f86-ad68-79684dacc1a3,4a790280-e32f-45f7-b9a2-9584f5577a86,c1,c2,876,?,p2,
1769473874.2349792,RECEIVED,a3e2aa1a-8a9c-4318-8bfa-1f82ab011c73,8c39f60c-740d-4761-8c45-a132f75ba5f4,c4,c1,1263,i12,?,
1769473875.6418827,SENT,a3e2aa1a-8a9c-4318-8bfa-1f82ab011c73,8c39f60c-740d-4761-8c45-a132f75ba5f4,c4,c1,875,?,p1,
1769473875.6419644,FORWARDED,a3e2aa1a-8a9c-4318-8bfa-1f82ab011c73,8c39f60c-740d-4761-8c45-a132f75ba5f4,c4,c1,875,?,p1,
1769473878.093096,RECEIVED,fccb641d-b8e1-4857-90fa-63963ba10aff,343d7e10-348c-4294-83bc-c5d2287eb533,c4,c1,1256,i8,?,
1769473878.3610444,SENT,fccb641d-b8e1-4857-90fa-63963ba10aff,343d7e10-348c-4294-83bc-c5d2287eb533,c4,c1,868,?,p1,
1769473878.3622258,FORWARDED,fccb641d-b8e1-4857-90fa-63963ba10aff,343d7e10-348c-4294-83bc-c5d2287eb533,c4,c1,868,?,p1,
1769473879.2803996,RECEIVED,b72bec13-e928-4e30-8496-f23326191896,207c7937-42c0-4f5e-9e04-e3c59b127c70,c5,c4,1251,i8,?,
1769473880.5023594,SENT,b72bec13-e928-4e30-8496-f23326191896,207c7937-42c0-4f5e-9e04-e3c59b127c70,c5,c4,867,?,p1,
1769473880.5024247,FORWARDED,b72bec13-e928-4e30-8496-f23326191896,207c7937-42c0-4f5e-9e04-e3c59b127c70,c5,c4,867,?,p1,
1769473881.1038709,RECEIVED,7deae925-3358-49e7-afbf-3891541e2be4,df2f6247-f3bb-4bff-ac02-55b987e1dc78,c2,c1,1252,i3,?,
1769473881.1821017,SENT,7deae925-3358-49e7-afbf-3891541e2be4,df2f6247-f3bb-4bff-ac02-55b987e1dc78,c2,c1,867,?,p1,
1769473881.1822402,FORWARDED,7deae925-3358-49e7-afbf-3891541e2be4,df2f6247-f3bb-4bff-ac02-55b987e1dc78,c2,c1,867,?,p1,
1769473881.8610032,RECEIVED,b42ef8fb-f9d8-4db3-a013-eeb129a2177e,138e6d4c-e29f-4b98-88f4-bb842ad1ff6a,c5,c4,1250,i4,?,
1769473882.2037616,RECEIVED,0887a06f-a19b-470a-80fa-7cea3050c102,33b282ba-decd-4447-b0db-8c9c899ed331,c5,c4,1263,i5,?,
1769473882.3047984,SENT,0887a06f-a19b-470a-80fa-7cea3050c102,33b282ba-decd-4447-b0db-8c9c899ed331,c5,c4,876,?,p1,
1769473882.3049254,FORWARDED,0887a06f-a19b-470a-80fa-7cea3050c102,33b282ba-decd-4447-b0db-8c9c899ed331,c5,c4,876,?,p1,
1769473884.1627867,SENT,b42ef8fb-f9d8-4db3-a013-eeb129a2177e,138e6d4c-e29f-4b98-88f4-bb842ad1ff6a,c5,c4,867,?,p1,
1769473884.1629105,FORWARDED,b42ef8fb-f9d8-4db3-a013-eeb129a2177e,138e6d4c-e29f-4b98-88f4-bb842ad1ff6a,c5,c4,867,?,p1,
1769473884.6135352,RECEIVED,af12b174-8350-4ffe-bb24-3a115b650f0a,797599c1-2a75-4508-835b-2bc97dd9d622,c1,c2,1256,i5,?,
1769473884.65481,SENT,af12b174-8350-4ffe-bb24-3a115b650f0a,797599c1-2a75-4508-835b-2bc97dd9d622,c1,c2,868,?,p2,
1769473884.6549435,FORWARDED,af12b174-8350-4ffe-bb24-3a115b650f0a,797599c1-2a75-4508-835b-2bc97dd9d622,c1,c2,868,?,p2,
1769473885.7594001,RECEIVED,603ee684-0ad3-4b0d-a1c7-f1ac7bea46e6,41389d55-20d4-485b-998a-864e54600e34,c3,c4,1260,i2,?,
1769473885.9879508,SENT,603ee684-0ad3-4b0d-a1c7-f1ac7bea46e6,41389d55-20d4-485b-998a-864e54600e34,c3,c4,871,?,p1,
1769473885.9881215,FORWARDED,603ee684-0ad3-4b0d-a1c7-f1ac7bea46e6,41389d55-20d4-485b-998a-864e54600e34,c3,c4,871,?,p1,
1769473887.4414747,RECEIVED,d74ba889-66ba-40aa-98d3-e82de83e436a,e3eb513f-d62e-4be4-867f-9b1c68df72c6,c5,c4,1255,i1,?,
1769473887.9779737,RECEIVED,a87a4e10-2407-494d-9af5-8ab63b8d230a,b97b1468-23fa-4d6d-abdd-e74b28f3242d,c4,c1,1255,i8,?,
1769473888.1653788,SENT,d74ba889-66ba-40aa-98d3-e82de83e436a,e3eb513f-d62e-4be4-867f-9b1c68df72c6,c5,c4,868,?,p1,
1769473888.1654835,FORWARDED,d74ba889-66ba-40aa-98d3-e82de83e436a,e3eb513f-d62e-4be4-867f-9b1c68df72c6,c5,c4,868,?,p1,
1769473888.8039694,SENT,a87a4e10-2407-494d-9af5-8ab63b8d230a,b97b1468-23fa-4d6d-abdd-e74b28f3242d,c4,c1,870,?,p1,
1769473888.8041027,FORWARDED,a87a4e10-2407-494d-9af5-8ab63b8d230a,b97b1468-23fa-4d6d-abdd-e74b28f3242d,c4,c1,870,?,p1,
1769473892.3945537,RECEIVED,d47ab507-798e-498b-ab0c-b72fea94d22a,81dcfe77-c01b-4927-8631-64c82350b08d,c5,c4,1273,i9,?,
1769473892.4535136,SENT,d47ab507-798e-498b-ab0c-b72fea94d22a,81dcfe77-c01b-4927-8631-64c82350b08d,c5,c4,880,?,p1,
1769473892.453607,FORWARDED,d47ab507-798e-498b-ab0c-b72fea94d22a,81dcfe77-c01b-4927-8631-64c82350b08d,c5,c4,880,?,p1,
1769473892.6346078,RECEIVED,d795a7aa-94e1-44da-a40a-3b49ea490a4b,f9a0b216-6db4-490f-b2eb-3d7a45bfcb78,c5,c4,1253,i7,?,
1769473892.6743312,SENT,d795a7aa-94e1-44da-a40a-3b49ea490a4b,f9a0b216-6db4-490f-b2eb-3d7a45bfcb78,c5,c4,867,?,p1,
1769473892.6744578,FORWARDED,d795a7aa-94e1-44da-a40a-3b49ea490a4b,f9a0b216-6db4-490f-b2eb-3d7a45bfcb78,c5,c4,867,?,p1,
1769473893.0342894,RECEIVED,8f52ab81-c59d-4b89-b04e-8de57ccc6fc0,41071406-0eba-4cbd-afe1-dac0d9510776,c4,c1,1264,i11,?,
1769473893.1657572,SENT,8f52ab81-c59d-4b89-b04e-8de57ccc6fc0,41071406-0eba-4cbd-afe1-dac0d9510776,c4,c1,876,?,p1,
1769473893.1658878,FORWARDED,8f52ab81-c59d-4b89-b04e-8de57ccc6fc0,41071406-0eba-4cbd-afe1-dac0d9510776,c4,c1,876,?,p1,
1769473893.454766,RECEIVED,68fa4fbc-a072-4ec6-aff8-249df41a134d,17ec466b-ff55-4b13-8e00-54210dcc741e,c1,c2,1253,i5,?,
1769473893.480727,SENT,68fa4fbc-a072-4ec6-aff8-249df41a134d,17ec466b-ff55-4b13-8e00-54210dcc741e,c1,c2,867,?,p2,
1769473893.480845,FORWARDED,68fa4fbc-a072-4ec6-aff8-249df41a134d,17ec466b-ff55-4b13-8e00-54210dcc741e,c1,c2,867,?,p2,
1769473894.8024275,RECEIVED,10f9aca8-9ad4-4301-8119-150e9c21161c,ba89acc3-5f5a-40ef-b54b-857a0ccbfc85,c1,c2,1255,i6,?,
1769473894.953792,SENT,10f9aca8-9ad4-4301-8119-150e9c21161c,ba89acc3-5f5a-40ef-b54b-857a0ccbfc85,c1,c2,870,?,p2,
1769473894.953923,FORWARDED,10f9aca8-9ad4-4301-8119-150e9c21161c,ba89acc3-5f5a-40ef-b54b-857a0ccbfc85,c1,c2,870,?,p2,
1769473897.905551,RECEIVED,aaf6105b-7a8e-4fbc-b74e-6acbb5f706f1,1318a92b-a11f-4ffa-8c14-5036b5033fe0,c1,c2,1251,i12,?,
1769473898.1252751,RECEIVED,db3b8903-d986-4cdd-be33-64f1124f569e,5727b42c-abd5-429c-a546-6d6a7f8c0f69,c1,c2,1259,i6,?,
1769473898.5352108,SENT,aaf6105b-7a8e-4fbc-b74e-6acbb5f706f1,1318a92b-a11f-4ffa-8c14-5036b5033fe0,c1,c2,867,?,p2,
1769473898.5353425,FORWARDED,aaf6105b-7a8e-4fbc-b74e-6acbb5f706f1,1318a92b-a11f-4ffa-8c14-5036b5033fe0,c1,c2,867,?,p2,
1769473898.6765578,SENT,db3b8903-d986-4cdd-be33-64f1124f569e,5727b42c-abd5-429c-a546-6d6a7f8c0f69,c1,c2,871,?,p2,
1769473898.6766846,FORWARDED,db3b8903-d986-4cdd-be33-64f1124f569e,5727b42c-abd5-429c-a546-6d6a7f8c0f69,c1,c2,871,?,p2,
1769473898.7244153,RECEIVED,1c372275-80a4-4a47-b68e-ae5f7239d3f8,f80cbde7-2629-4846-bbf0-81ae29df5ac0,c2,c1,1258,i3,?,
1769473898.9350693,RECEIVED,c18791ed-47d3-4edb-b103-850ece7824b0,f0200cc9-211f-4e64-b71a-299a5bc1ed95,c2,c1,1265,i12,?,
1769473898.9770677,SENT,c18791ed-47d3-4edb-b103-850ece7824b0,f0200cc9-211f-4e64-b71a-299a5bc1ed95,c2,c1,876,?,p1,
1769473898.9771245,FORWARDED,c18791ed-47d3-4edb-b103-850ece7824b0,f0200cc9-211f-4e64-b71a-299a5bc1ed95,c2,c1,876,?,p1,
1769473898.979241,SENT,1c372275-80a4-4a47-b68e-ae5f7239d3f8,f80cbde7-2629-4846-bbf0-81ae29df5ac0,c2,c1,871,?,p1,
1769473898.9792964,FORWARDED,1c372275-80a4-4a47-b68e-ae5f7239d3f8,f80cbde7-2629-4846-bbf0-81ae29df5ac0,c2,c1,871,?,p1,
1769473899.838284,RECEIVED,ba6a463f-13aa-41f3-ad08-8d7ac9d4fb79,b2255b2b-bf3b-42d9-8973-b4b7ef45be46,c5,c4,1251,i2,?,
1769473900.2286215,SENT,ba6a463f-13aa-41f3-ad08-8d7ac9d4fb79,b2255b2b-bf3b-42d9-8973-b4b7ef45be46,c5,c4,867,?,p1,
1769473900.2288284,FORWARDED,ba6a463f-13aa-41f3-ad08-8d7ac9d4fb79,b2255b2b-bf3b-42d9-8973-b4b7ef45be46,c5,c4,867,?,p1,
1769473902.0401695,RECEIVED,6ac8d186-7673-449d-afad-3b5791b02699,de174294-e151-480e-a83d-b8cbb3210a18,c2,c1,1259,i12,?,
1769473902.3274503,RECEIVED,ab721261-1785-48cc-b654-77d7f86016a9,fef9be7f-2f60-49ec-978a-9b8625e5aead,c1,c2,1253,i2,?,
1769473902.3637812,SENT,ab721261-1785-48cc-b654-77d7f86016a9,fef9be7f-2f60-49ec-978a-9b8625e5aead,c1,c2,867,?,p2,
1769473902.3639154,FORWARDED,ab721261-1785-48cc-b654-77d7f86016a9,fef9be7f-2f60-49ec-978a-9b8625e5aead,c1,c2,867,?,p2,
1769473902.6857138,SENT,6ac8d186-7673-449d-afad-3b5791b02699,de174294-e151-480e-a83d-b8cbb3210a18,c2,c1,871,?,p1,
1769473902.6858406,FORWARDED,6ac8d186-7673-449d-afad-3b5791b02699,de174294-e151-480e-a83d-b8cbb3210a18,c2,c1,871,?,p1,
1769473902.8151362,RECEIVED,06f575f3-c008-4aea-a6f0-c5e99d61fc83,a0db7c72-596d-4750-9e00-fc4302f2bdbc,c1,c2,1256,i1,?,
1769473902.8508966,RECEIVED,e69a0cfe-041d-46ab-bbcd-3cd5f5016e64,ad1d669a-08f1-4e16-bcd0-dc3c87ed8ee8,c5,c4,1258,i10,?,
1769473903.0931365,SENT,06f575f3-c008-4aea-a6f0-c5e99d61fc83,a0db7c72-596d-4750-9e00-fc4302f2bdbc,c1,c2,870,?,p2,
1769473903.0932727,FORWARDED,06f575f3-c008-4aea-a6f0-c5e99d61fc83,a0db7c72-596d-4750-9e00-fc4302f2bdbc,c1,c2,870,?,p2,
1769473903.242445,RECEIVED,1d0756c9-1ffc-4b13-9108-24ab1b0f0ed0,b3dd5b34-78b6-4b6c-a9ee-dee41aaf6bf9,c3,c4,1255,i5,?,
1769473904.214236,RECEIVED,e21eef0c-5ea0-4e2c-8952-27283f729eff,07984dba-bf49-4473-ab32-8121cff1f8eb,c3,c4,1251,i1,?,
1769473904.4958677,SENT,e69a0cfe-041d-46ab-bbcd-3cd5f5016e64,ad1d669a-08f1-4e16-bcd0-dc3c87ed8ee8,c5,c4,872,?,p1,
1769473904.4960384,FORWARDED,e69a0cfe-041d-46ab-bbcd-3cd5f5016e64,ad1d669a-08f1-4e16-bcd0-dc3c87ed8ee8,c5,c4,872,?,p1,
1769473904.7922513,SENT,1d0756c9-1ffc-4b13-9108-24ab1b0f0ed0,b3dd5b34-78b6-4b6c-a9ee-dee41aaf6bf9,c3,c4,868,?,p1,
1769473904.7923865,FORWARDED,1d0756c9-1ffc-4b13-9108-24ab1b0f0ed0,b3dd5b34-78b6-4b6c-a9ee-dee41aaf6bf9,c3,c4,868,?,p1,
1769473904.8123865,RECEIVED,460fb832-6fa4-414e-b033-395f904d7dbc,f852c89a-926d-46fd-8966-88d6311c288f,c5,c4,1255,i7,?,
1769473904.8143632,RECEIVED,59e444b3-4b50-426b-9b1e-729abbeeadcb,fbfe3907-c25a-4c1b-96df-29b6ccf64ff3,c2,c1,1262,i5,?,
1769473905.0941713,SENT,e21eef0c-5ea0-4e2c-8952-27283f729eff,07984dba-bf49-4473-ab32-8121cff1f8eb,c3,c4,867,?,p1,
1769473905.0943615,FORWARDED,e21eef0c-5ea0-4e2c-8952-27283f729eff,07984dba-bf49-4473-ab32-8121cff1f8eb,c3,c4,867,?,p1,
1769473905.2399957,RECEIVED,bb392cbb-fe65-425a-9261-e626597a4439,18a51f40-6c2d-4345-8b79-4f91ca1d82bb,c3,c4,1255,i10,?,
1769473905.3504894,SENT,59e444b3-4b50-426b-9b1e-729abbeeadcb,fbfe3907-c25a-4c1b-96df-29b6ccf64ff3,c2,c1,875,?,p1,
1769473905.3506227,FORWARDED,59e444b3-4b50-426b-9b1e-729abbeeadcb,fbfe3907-c25a-4c1b-96df-29b6ccf64ff3,c2,c1,875,?,p1,
1769473905.70521,SENT,460fb832-6fa4-414e-b033-395f904d7dbc,f852c89a-926d-46fd-8966-88d6311c288f,c5,c4,868,?,p1,
1769473905.7053406,FORWARDED,460fb832-6fa4-414e-b033-395f904d7dbc,f852c89a-926d-46fd-8966-88d6311c288f,c5,c4,868,?,p1,
1769473905.8226922,SENT,bb392cbb-fe65-425a-9261-e626597a4439,18a51f40-6c2d-4345-8b79-4f91ca1d82bb,c3,c4,868,?,p1,
1769473905.8228235,FORWARDED,bb392cbb-fe65-425a-9261-e626597a4439,18a51f40-6c2d-4345-8b79-4f91ca1d82bb,c3,c4,868,?,p1,
1769473909.1437085,RECEIVED,09d8736f-c2ad-4945-b2f5-5d801e0dc24f,ec7f305c-72a6-4d70-8677-c554ddbe08a4,c2,c1,1253,i2,?,
1769473909.1707518,SENT,09d8736f-c2ad-4945-b2f5-5d801e0dc24f,ec7f305c-72a6-4d70-8677-c554ddbe08a4,c2,c1,867,?,p1,
1769473909.1708424,FORWARDED,09d8736f-c2ad-4945-b2f5-5d801e0dc24f,ec7f305c-72a6-4d70-8677-c554ddbe08a4,c2,c1,867,?,p1,
1769473911.985425,RECEIVED,7e415de6-b6c1-41c4-a0c3-bdd02af539d5,b5c9731b-eecb-4b77-8a0c-a16e80793244,c5,c4,1263,i12,?,
1769473912.5903518,SENT,7e415de6-b6c1-41c4-a0c3-bdd02af539d5,b5c9731b-eecb-4b77-8a0c-a16e80793244,c5,c4,875,?,p1,
1769473912.590474,FORWARDED,7e415de6-b6c1-41c4-a0c3-bdd02af539d5,b5c9731b-eecb-4b77-8a0c-a16e80793244,c5,c4,875,?,p1,
1769473913.790735,RECEIVED,45b474ef-658c-4397-8373-d42cc40cd398,192a8a71-3699-4083-82dc-041698836c1a,c3,c4,1252,i8,?,
1769473913.9072006,SENT,45b474ef-658c-4397-8373-d42cc40cd398,192a8a71-3699-4083-82dc-041698836c1a,c3,c4,867,?,p1,
1769473913.907287,FORWARDED,45b474ef-658c-4397-8373-d42cc40cd398,192a8a71-3699-4083-82dc-041698836c1a,c3,c4,867,?,p1,
1769473914.7072124,RECEIVED,869b8f1c-ef75-4def-980a-9f982a93f998,77cd5070-fadd-46bc-8529-26d0962406cb,c1,c2,1259,i10,?,
1769473915.2102125,RECEIVED,f2d32b1f-bea2-43aa-a7cc-bff996e9c332,7a992367-81e1-4d43-bfdd-ab80ace486ef,c3,c4,1264,i7,?,
1769473915.3843577,SENT,f2d32b1f-bea2-43aa-a7cc-bff996e9c332,7a992367-81e1-4d43-bfdd-ab80ace486ef,c3,c4,875,?,p1,
1769473915.3844237,FORWARDED,f2d32b1f-bea2-43aa-a7cc-bff996e9c332,7a992367-81e1-4d43-bfdd-ab80ace486ef,c3,c4,875,?,p1,
1769473915.4062371,RECEIVED,c97761ed-23c2-4624-9afe-31da85fc06e2,eb1f5b3e-81cc-4bc6-893f-088dd27e56be,c2,c1,1259,i4,?,
1769473915.8414502,SENT,869b8f1c-ef75-4def-980a-9f982a93f998,77cd5070-fadd-46bc-8529-26d0962406cb,c1,c2,871,?,p2,
1769473915.8415525,FORWARDED,869b8f1c-ef75-4def-980a-9f982a93f998,77cd5070-fadd-46bc-8529-26d0962406cb,c1,c2,871,?,p2,
1769473916.098538,SENT,c97761ed-23c2-4624-9afe-31da85fc06e2,eb1f5b3e-81cc-4bc6-893f-088dd27e56be,c2,c1,872,?,p1,
1769473916.098674,FORWARDED,c97761ed-23c2-4624-9afe-31da85fc06e2,eb1f5b3e-81cc-4bc6-893f-088dd27e56be,c2,c1,872,?,p1,
1769473916.2290027,RECEIVED,bfc5b5eb-3403-4be0-8442-7254be75053a,e378d5e8-8d03-4b4e-a33e-dc615b430bc2,c4,c1,1260,i5,?,
1769473916.3120024,SENT,bfc5b5eb-3403-4be0-8442-7254be75053a,e378d5e8-8d03-4b4e-a33e-dc615b430bc2,c4,c1,872,?,p1,
1769473916.3121605,FORWARDED,bfc5b5eb-3403-4be0-8442-7254be75053a,e378d5e8-8d03-4b4e-a33e-dc615b430bc2,c4,c1,872,?,p1,
1769473917.1140094,RECEIVED,ebc5d4b4-0795-4c38-885c-7bcb6967bcae,c3226763-b465-4261-869d-fb5fb5d9b2b7,c3,c4,1261,i2,?,
1769473917.1496744,SENT,ebc5d4b4-0795-4c38-885c-7bcb6967bcae,c3226763-b465-4261-869d-fb5fb5d9b2b7,c3,c4,871,?,p1,
1769473917.1498017,FORWARDED,ebc5d4b4-0795-4c38-885c-7bcb6967bcae,c3226763-b465-4261-869d-fb5fb5d9b2b7,c3,c4,871,?,p1,
1769473918.1715586,RECEIVED,f736f5b5-72f9-4367-95e9-942b449e90bd,d8f130bb-ec5b-486b-a316-482e066440da,c2,c1,1251,i1,?,
1769473918.2429037,RECEIVED,a9f92ebc-9daa-410a-b9ea-97ecdac45d8e,7c26af72-da85-486e-b384-38386be3031d,c3,c4,1252,i2,?,
1769473918.3414667,SENT,a9f92ebc-9daa-410a-b9ea-97ecdac45d8e,7c26af72-da85-486e-b384-38386be3031d,c3,c4,867,?,p1,
1769473918.3415341,FORWARDED,a9f92ebc-9daa-410a-b9ea-97ecdac45d8e,7c26af72-da85-486e-b384-38386be3031d,c3,c4,867,?,p1,
1769473918.9271235,RECEIVED,1f7e49d7-5dcf-4c8c-888d-c4879f97d8dc,45dbf2c1-2a7a-42b1-ac86-7eb793a0a107,c1,c2,1254,i4,?,
1769473919.0033045,RECEIVED,4d373370-2ad2-4f01-b61d-3f5d56d24e39,11f314d4-a3d7-4a25-9a9b-edb11de632d8,c5,c4,1259,i2,?,
1769473919.4968977,RECEIVED,16a18c72-8958-47a3-b498-f80a0f220951,84109b71-433b-4153-92e6-6a624e0372fa,c3,c4,1251,i9,?,
1769473919.508182,SENT,1f7e49d7-5dcf-4c8c-888d-c4879f97d8dc,45dbf2c1-2a7a-42b1-ac86-7eb793a0a107,c1,c2,868,?,p2,
1769473919.5082715,FORWARDED,1f7e49d7-5dcf-4c8c-888d-c4879f97d8dc,45dbf2c1-2a7a-42b1-ac86-7eb793a0a107,c1,c2,868,?,p2,
1769473919.7299645,RECEIVED,0c9ed046-bd53-4610-9c76-38143f0dce4e,a2b0efd0-8278-4ea0-a37a-f2cc261e80b2,c1,c2,1263,i8,?,
1769473919.9113402,SENT,f736f5b5-72f9-4367-95e9-942b449e90bd,d8f130bb-ec5b-486b-a316-482e066440da,c2,c1,867,?,p1,
1769473919.9115152,FORWARDED,f736f5b5-72f9-4367-95e9-942b449e90bd,d8f130bb-ec5b-486b-a316-482e066440da,c2,c1,867,?,p1,
1769473920.0169744,SENT,0c9ed046-bd53-4610-9c76-38143f0dce4e,a2b0efd0-8278-4ea0-a37a-f2cc261e80b2,c1,c2,876,?,p2,
1769473920.0171392,FORWARDED,0c9ed046-bd53-4610-9c76-38143f0dce4e,a2b0efd0-8278-4ea0-a37a-f2cc261e80b2,c1,c2,876,?,p2,
1769473920.2987232,SENT,16a18c72-8958-47a3-b498-f80a0f220951,84109b71-433b-4153-92e6-6a624e0372fa,c3,c4,866,?,p1,
1769473920.298849,FORWARDED,16a18c72-8958-47a3-b498-f80a0f220951,84109b71-433b-4153-92e6-6a624e0372fa,c3,c4,866,?,p1,
1769473920.4972038,RECEIVED,1f26aab0-6219-407d-bb80-551be1272dee,e7f31c72-b51d-4505-8f8e-eefe193d9f7e,c3,c4,1251,i6,?,
1769473920.5255303,RECEIVED,39ef44cb-c1f7-4d81-bce4-bc07f7879215,7349eccd-ee95-4184-bfd9-c8e31accd96a,c4,c1,1255,i9,?,
1769473920.795847,SENT,39ef44cb-c1f7-4d81-bce4-bc07f7879215,7349eccd-ee95-4184-bfd9-c8e31accd96a,c4,c1,868,?,p1,
1769473920.795978,FORWARDED,39ef44cb-c1f7-4d81-bce4-bc07f7879215,7349eccd-ee95-4184-bfd9-c8e31accd96a,c4,c1,868,?,p1,
1769473920.8847084,SENT,4d373370-2ad2-4f01-b61d-3f5d56d24e39,11f314d4-a3d7-4a25-9a9b-edb11de632d8,c5,c4,872,?,p1,
1769473920.8848422,FORWARDED,4d373370-2ad2-4f01-b61d-3f5d56d24e39,11f314d4-a3d7-4a25-9a9b-edb11de632d8,c5,c4,872,?,p1,
1769473921.1853096,SENT,1f26aab0-6219-407d-bb80-551be1272dee,e7f31c72-b51d-4505-8f8e-eefe193d9f7e,c3,c4,867,?,p1,
1769473921.1853986,FORWARDED,1f26aab0-6219-407d-bb80-551be1272dee,e7f31c72-b51d-4505-8f8e-eefe193d9f7e,c3,c4,867,?,p1,
1769473921.3403897,RECEIVED,dbb98745-2df0-4176-87e3-dd66f5c3bc16,3212e837-6a4e-4ef6-a1b9-e11f35993d15,c4,c1,1263,i6,?,
1769473921.8580112,RECEIVED,bfb79092-4f48-4315-9aa4-21a2dc27f75b,19a8cae5-a098-4601-a232-f9bd657e5022,c4,c1,1263,i10,?,
1769473921.9546766,RECEIVED,b989764e-103e-4123-8d86-9730a27d3231,639ddb02-767d-40d8-b40a-fdd56e720e89,c3,c4,1263,i12,?,
1769473922.162661,SENT,dbb98745-2df0-4176-87e3-dd66f5c3bc16,3212e837-6a4e-4ef6-a1b9-e11f35993d15,c4,c1,876,?,p1,
1769473922.1627965,FORWARDED,dbb98745-2df0-4176-87e3-dd66f5c3bc16,3212e837-6a4e-4ef6-a1b9-e11f35993d15,c4,c1,876,?,p1,
1769473922.2871737,RECEIVED,a1409821-a17f-4b14-beba-a3477c08ba0e,d619f2b1-3a5f-4a4a-b9b3-18199b620a28,c4,c1,1263,i12,?,
1769473922.5449157,SENT,a1409821-a17f-4b14-beba-a3477c08ba0e,d619f2b1-3a5f-4a4a-b9b3-18199b620a28,c4,c1,874,?,p1,
1769473922.5451024,FORWARDED,a1409821-a17f-4b14-beba-a3477c08ba0e,d619f2b1-3a5f-4a4a-b9b3-18199b620a28,c4,c1,874,?,p1,
1769473922.5517745,SENT,b989764e-103e-4123-8d86-9730a27d3231,639ddb02-767d-40d8-b40a-fdd56e720e89,c3,c4,875,?,p1,
1769473922.5519023,FORWARDED,b989764e-103e-4123-8d86-9730a27d3231,639ddb02-767d-40d8-b40a-fdd56e720e89,c3,c4,875,?,p1,
1769473922.6737442,RECEIVED,8d0c02a0-c350-4490-b62f-d4a5bf747066,7d3112ac-ef31-49fa-820c-742db43e7bcf,c4,c1,1260,i7,?,
1769473922.8376408,SENT,bfb79092-4f48-4315-9aa4-21a2dc27f75b,19a8cae5-a098-4601-a232-f9bd657e5022,c4,c1,876,?,p1,
1769473922.8377025,FORWARDED,bfb79092-4f48-4315-9aa4-21a2dc27f75b,19a8cae5-a098-4601-a232-f9bd657e5022,c4,c1,876,?,p1,
1769473922.9633758,SENT,8d0c02a0-c350-4490-b62f-d4a5bf747066,7d3112ac-ef31-49fa-820c-742db43e7bcf,c4,c1,873,?,p1,
1769473922.963468,FORWARDED,8d0c02a0-c350-4490-b62f-d4a5bf747066,7d3112ac-ef31-49fa-820c-742db43e7bcf,c4,c1,873,?,p1,
1769473923.1224785,RECEIVED,18b622f5-66cc-4728-a6d7-dbf4ea438708,2ea3b860-778b-4c99-a1c9-faaeebed9619,c4,c1,1259,i5,?,
1769473923.4177613,SENT,18b622f5-66cc-4728-a6d7-dbf4ea438708,2ea3b860-778b-4c99-a1c9-faaeebed9619,c4,c1,871,?,p1,
1769473923.4178905,FORWARDED,18b622f5-66cc-4728-a6d7-dbf4ea438708,2ea3b860-778b-4c99-a1c9-faaeebed9619,c4,c1,871,?,p1,
1769473923.8733582,RECEIVED,50077061-3a8a-46eb-b4ca-a9fde090ea95,af918f04-898e-4ff7-adf6-059ed946fa11,c4,c1,1259,i12,?,
1769473925.4844384,SENT,50077061-3a8a-46eb-b4ca-a9fde090ea95,af918f04-898e-4ff7-adf6-059ed946fa11,c4,c1,871,?,p1,
1769473925.4845712,FORWARDED,50077061-3a8a-46eb-b4ca-a9fde090ea95,af918f04-898e-4ff7-adf6-059ed946fa11,c4,c1,871,?,p1,
1769473925.8279173,RECEIVED,8e8689c5-d924-4e17-95dc-90fa58c1b33c,aefd6541-4fab-4ff3-91ff-df64d23b6347,c3,c4,1255,i2,?,
1769473926.2126365,RECEIVED,00cc2f40-ced0-4514-b0cd-775c4487a076,0b8a015e-76a7-4912-bac2-e52a89ca1d50,c3,c4,1256,i2,?,
1769473926.2348807,SENT,00cc2f40-ced0-4514-b0cd-775c4487a076,0b8a015e-76a7-4912-bac2-e52a89ca1d50,c3,c4,869,?,p1,
1769473926.2350154,FORWARDED,00cc2f40-ced0-4514-b0cd-775c4487a076,0b8a015e-76a7-4912-bac2-e52a89ca1d50,c3,c4,869,?,p1,
1769473926.6839538,RECEIVED,b9714e4c-b499-437d-81f3-97d49b325664,e311262c-88cc-458a-a0e2-b738d362bb3a,c1,c2,1260,i4,?,
1769473926.852867,SENT,b9714e4c-b499-437d-81f3-97d49b325664,e311262c-88cc-458a-a0e2-b738d362bb3a,c1,c2,871,?,p2,
1769473926.8529375,FORWARDED,b9714e4c-b499-437d-81f3-97d49b325664,e311262c-88cc-458a-a0e2-b738d362bb3a,c1,c2,871,?,p2,
1769473927.8714554,RECEIVED,92b2d839-c105-44ac-b10a-9c86eafef04c,799d3349-5c95-434a-bdfe-3e3d5d106ce9,c5,c4,1255,i3,?,
1769473927.8988578,SENT,8e8689c5-d924-4e17-95dc-90fa58c1b33c,aefd6541-4fab-4ff3-91ff-df64d23b6347,c3,c4,870,?,p1,
1769473927.8989806,FORWARDED,8e8689c5-d924-4e17-95dc-90fa58c1b33c,aefd6541-4fab-4ff3-91ff-df64d23b6347,c3,c4,870,?,p1,
1769473927.9259133,RECEIVED,d948510a-7c51-46e2-adaf-eb4648220fb6,e7682314-288d-4afb-ab3e-379cba53ce39,c3,c4,1264,i4,?,
1769473928.0034268,SENT,d948510a-7c51-46e2-adaf-eb4648220fb6,e7682314-288d-4afb-ab3e-379cba53ce39,c3,c4,875,?,p1,
1769473928.003557,FORWARDED,d948510a-7c51-46e2-adaf-eb4648220fb6,e7682314-288d-4afb-ab3e-379cba53ce39,c3,c4,875,?,p1,
1769473928.454898,RECEIVED,17830197-945d-4461-ae6d-2237d3566b76,44f6ca0d-d445-401f-a0b2-6b4269598156,c3,c4,1264,i5,?,
1769473928.533464,SENT,92b2d839-c105-44ac-b10a-9c86eafef04c,799d3349-5c95-434a-bdfe-3e3d5d106ce9,c5,c4,869,?,p1,
1769473928.5336103,FORWARDED,92b2d839-c105-44ac-b10a-9c86eafef04c,799d3349-5c95-434a-bdfe-3e3d5d106ce9,c5,c4,869,?,p1,
1769473928.5606453,SENT,17830197-945d-4461-ae6d-2237d3566b76,44f6ca0d-d445-401f-a0b2-6b4269598156,c3,c4,874,?,p1,
1769473928.5607343,FORWARDED,17830197-945d-4461-ae6d-2237d3566b76,44f6ca0d-d445-401f-a0b2-6b4269598156,c3,c4,874,?,p1,
1769473928.6412985,RECEIVED,0db7ca5f-63e9-494a-926b-2abdbc7c5c46,344a11c0-8119-463f-9bcb-4cadfd109270,c3,c4,1264,i10,?,
1769473928.7671666,SENT,0db7ca5f-63e9-494a-926b-2abdbc7c5c46,344a11c0-8119-463f-9bcb-4cadfd109270,c3,c4,876,?,p1,
1769473928.7673135,FORWARDED,0db7ca5f-63e9-494a-926b-2abdbc7c5c46,344a11c0-8119-463f-9bcb-4cadfd109270,c3,c4,876,?,p1,
1769473930.5956576,RECEIVED,f7cb18ff-cd09-46e0-b9b0-3fbedb827215,bc3da815-b255-4d15-920f-76b42fd12080,c5,c4,1259,i12,?,
1769473931.099767,SENT,f7cb18ff-cd09-46e0-b9b0-3fbedb827215,bc3da815-b255-4d15-920f-76b42fd12080,c5,c4,872,?,p1,
1769473931.0998328,FORWARDED,f7cb18ff-cd09-46e0-b9b0-3fbedb827215,bc3da815-b255-4d15-920f-76b42fd12080,c5,c4,872,?,p1,
1769473931.7849689,RECEIVED,ad09b740-76bb-49e7-87e2-bdc0dff69208,fa82e273-a8c8-42e7-8bdc-77e8044c822b,c1,c2,1259,i3,?,
1769473931.9835184,SENT,ad09b740-76bb-49e7-87e2-bdc0dff69208,fa82e273-a8c8-42e7-8bdc-77e8044c822b,c1,c2,871,?,p2,
1769473931.9836512,FORWARDED,ad09b740-76bb-49e7-87e2-bdc0dff69208,fa82e273-a8c8-42e7-8bdc-77e8044c822b,c1,c2,871,?,p2,
1769473933.1027956,RECEIVED,1dc6caaa-4f3d-4ab6-ba13-36ea7e8ace55,1ebc2e7f-53c3-4c4d-a21f-5abd022ba2b6,c5,c4,1259,i9,?,
1769473933.6891341,SENT,1dc6caaa-4f3d-4ab6-ba13-36ea7e8ace55,1ebc2e7f-53c3-4c4d-a21f-5abd022ba2b6,c5,c4,871,?,p1,
1769473933.6892629,FORWARDED,1dc6caaa-4f3d-4ab6-ba13-36ea7e8ace55,1ebc2e7f-53c3-4c4d-a21f-5abd022ba2b6,c5,c4,871,?,p1,
1769473934.5857975,RECEIVED,0bfd44f3-6645-48be-9a9d-cf181007cfed,db7f2194-b644-488d-82c3-d5f0dcc395a6,c5,c4,1260,i10,?,
1769473934.897419,SENT,0bfd44f3-6645-48be-9a9d-cf181007cfed,db7f2194-b644-488d-82c3-d5f0dcc395a6,c5,c4,872,?,p1,
1769473934.8975527,FORWARDED,0bfd44f3-6645-48be-9a9d-cf181007cfed,db7f2194-b644-488d-82c3-d5f0dcc395a6,c5,c4,872,?,p1,
1769473935.8487525,RECEIVED,9d7ab02c-db2f-4c24-b4fb-e24e6db0418e,0124eeff-6b5d-48ac-92a1-1bfb4c096184,c3,c4,1264,i12,?,
1769473936.1879895,RECEIVED,d0feeaa8-e7c4-446e-b56e-3215adb1a191,9b66b2b2-7a15-481b-b967-e4d8898afa2a,c2,c1,1258,i5,?,
1769473936.201548,SENT,d0feeaa8-e7c4-446e-b56e-3215adb1a191,9b66b2b2-7a15-481b-b967-e4d8898afa2a,c2,c1,870,?,p1,
1769473936.201601,FORWARDED,d0feeaa8-e7c4-446e-b56e-3215adb1a191,9b66b2b2-7a15-481b-b967-e4d8898afa2a,c2,c1,870,?,p1,
1769473936.20342,SENT,9d7ab02c-db2f-4c24-b4fb-e24e6db0418e,0124eeff-6b5d-48ac-92a1-1bfb4c096184,c3,c4,874,?,p1,
1769473936.2034721,FORWARDED,9d7ab02c-db2f-4c24-b4fb-e24e6db0418e,0124eeff-6b5d-48ac-92a1-1bfb4c096184,c3,c4,874,?,p1,
1769473937.4548864,RECEIVED,dc42c652-5f64-445d-b5e3-f11eefd431cf,dc7983ab-6207-4bf4-acb7-fb220da0a7c6,c1,c2,1262,i11,?,
1769473937.469634,SENT,dc42c652-5f64-445d-b5e3-f11eefd431cf,dc7983ab-6207-4bf4-acb7-fb220da0a7c6,c1,c2,872,?,p2,
1769473937.4697914,FORWARDED,dc42c652-5f64-445d-b5e3-f11eefd431cf,dc7983ab-6207-4bf4-acb7-fb220da0a7c6,c1,c2,872,?,p2,
1769473938.1521945,RECEIVED,5c62f890-0855-4999-be1f-665284d08946,fdf51fe3-c2a7-4691-80c1-338e55f5b538,c1,c2,1252,i5,?,
1769473938.3269835,RECEIVED,b1aa0caa-aa4d-4886-b9f0-0a06de0ac486,c966e769-8f96-4c71-9eb4-226407de8c6b,c2,c1,1251,i6,?,
1769473938.50192,SENT,5c62f890-0855-4999-be1f-665284d08946,fdf51fe3-c2a7-4691-80c1-338e55f5b538,c1,c2,867,?,p2,
1769473938.5021167,FORWARDED,5c62f890-0855-4999-be1f-665284d08946,fdf51fe3-c2a7-4691-80c1-338e55f5b538,c1,c2,867,?,p2,
1769473939.8333719,RECEIVED,ce0be6f2-f918-493a-8c0f-b8e7548c257b,3e51dc85-27f9-4777-a924-f0486014f1c4,c4,c1,1256,i8,?,
1769473939.837461,SENT,b1aa0caa-aa4d-4886-b9f0-0a06de0ac486,c966e769-8f96-4c71-9eb4-226407de8c6b,c2,c1,867,?,p1,
1769473939.8375413,FORWARDED,b1aa0caa-aa4d-4886-b9f0-0a06de0ac486,c966e769-8f96-4c71-9eb4-226407de8c6b,c2,c1,867,?,p1,
1769473939.9052448,SENT,ce0be6f2-f918-493a-8c0f-b8e7548c257b,3e51dc85-27f9-4777-a924-f0486014f1c4,c4,c1,868,?,p1,
1769473939.90532,FORWARDED,ce0be6f2-f918-493a-8c0f-b8e7548c257b,3e51dc85-27f9-4777-a924-f0486014f1c4,c4,c1,868,?,p1,
1769473940.1244721,RECEIVED,e2949ddf-0419-41b9-b451-b5a7deadd90e,5252e47f-7b3c-444e-906a-5e1c5ed3b361,c4,c1,1264,i11,?,
1769473940.2142901,SENT,e2949ddf-0419-41b9-b451-b5a7deadd90e,5252e47f-7b3c-444e-906a-5e1c5ed3b361,c4,c1,876,?,p1,
1769473940.2143927,FORWARDED,e2949ddf-0419-41b9-b451-b5a7deadd90e,5252e47f-7b3c-444e-906a-5e1c5ed3b361,c4,c1,876,?,p1,
1769473940.5357878,RECEIVED,c19f2872-f16a-4c20-857e-44422a1cb14f,f6c6001f-fc3b-494c-9127-127021b5e613,c5,c4,1260,i6,?,
1769473940.6311164,SENT,c19f2872-f16a-4c20-857e-44422a1cb14f,f6c6001f-fc3b-494c-9127-127021b5e613,c5,c4,871,?,p1,
1769473940.6312244,FORWARDED,c19f2872-f16a-4c20-857e-44422a1cb14f,f6c6001f-fc3b-494c-9127-127021b5e613,c5,c4,871,?,p1,
1769473941.9500177,RECEIVED,67fa6d76-2176-4316-8538-2b0ccc6d03bc,97acb62e-5282-4a42-8af0-62495123a260,c3,c4,1256,i1,?,
1769473942.0387177,SENT,67fa6d76-2176-4316-8538-2b0ccc6d03bc,97acb62e-5282-4a42-8af0-62495123a260,c3,c4,869,?,p1,
1769473942.0388334,FORWARDED,67fa6d76-2176-4316-8538-2b0ccc6d03bc,97acb62e-5282-4a42-8af0-62495123a260,c3,c4,869,?,p1,
1769473942.0768008,RECEIVED,d925b846-4e2e-461e-9216-433e2419f7ee,6738bd0c-86fe-4803-9d17-8b3f0bcc5094,c4,c1,1263,i8,?,
1769473942.6113207,RECEIVED,da674ee7-9e2b-4405-aeaa-23277daa1023,7256acd3-cb62-402a-98e9-e3a139fcfe18,c5,c4,1259,i6,?,
1769473942.9289339,RECEIVED,93e299ad-cc37-41ba-b61c-1c8b65cb3583,5626e128-f173-4a72-adef-35ebb09e7cba,c5,c4,1255,i4,?,
1769473942.935337,SENT,d925b846-4e2e-461e-9216-433e2419f7ee,6738bd0c-86fe-4803-9d17-8b3f0bcc5094,c4,c1,875,?,p1,
1769473942.9354181,FORWARDED,d925b846-4e2e-461e-9216-433e2419f7ee,6738bd0c-86fe-4803-9d17-8b3f0bcc5094,c4,c1,875,?,p1,
1769473942.976421,SENT,da674ee7-9e2b-4405-aeaa-23277daa1023,7256acd3-cb62-402a-98e9-e3a139fcfe18,c5,c4,872,?,p1,
1769473942.9764824,FORWARDED,da674ee7-9e2b-4405-aeaa-23277daa1023,7256acd3-cb62-402a-98e9-e3a139fcfe18,c5,c4,872,?,p1,
1769473943.8111055,SENT,93e299ad-cc37-41ba-b61c-1c8b65cb3583,5626e128-f173-4a72-adef-35ebb09e7cba,c5,c4,868,?,p1,
1769473943.811239,FORWARDED,93e299ad-cc37-41ba-b61c-1c8b65cb3583,5626e128-f173-4a72-adef-35ebb09e7cba,c5,c4,868,?,p1,
1769473943.8516326,RECEIVED,a31bc1d1-9b42-4777-84c3-f3c0d25b7faf,f9d7f6c5-1024-479a-9054-3a0a7ed3618c,c1,c2,1259,i12,?,
1769473944.0481331,RECEIVED,4107bf6f-6c65-48b9-b409-a21be124b068,4247b655-1b79-4639-b891-f7e85da65187,c5,c4,1268,i10,?,
1769473944.249874,SENT,4107bf6f-6c65-48b9-b409-a21be124b068,4247b655-1b79-4639-b891-f7e85da65187,c5,c4,877,?,p1,
1769473944.2500076,FORWARDED,4107bf6f-6c65-48b9-b409-a21be124b068,4247b655-1b79-4639-b891-f7e85da65187,c5,c4,877,?,p1,
1769473944.2702832,RECEIVED,cfafd378-fff4-4355-8365-c41d6b8e89d0,4a13cfed-f8d7-49fb-9d4d-273fa9cd80ce,c4,c1,1255,i2,?,
1769473945.1030939,SENT,cfafd378-fff4-4355-8365-c41d6b8e89d0,4a13cfed-f8d7-49fb-9d4d-273fa9cd80ce,c4,c1,868,?,p1,
1769473945.103217,FORWARDED,cfafd378-fff4-4355-8365-c41d6b8e89d0,4a13cfed-f8d7-49fb-9d4d-273fa9cd80ce,c4,c1,868,?,p1,
1769473945.4869366,SENT,a31bc1d1-9b42-4777-84c3-f3c0d25b7faf,f9d7f6c5-1024-479a-9054-3a0a7ed3618c,c1,c2,871,?,p2,
1769473945.487088,FORWARDED,a31bc1d1-9b42-4777-84c3-f3c0d25b7faf,f9d7f6c5-1024-479a-9054-3a0a7ed3618c,c1,c2,871,?,p2,
1769473946.6975672,RECEIVED,f975be71-eea0-49f0-8ab8-cf7ee9ecaec3,4d2b620d-38d0-4d6f-a2fc-8f54ec4dc75d,c4,c1,1256,i7,?,
1769473946.934099,SENT,f975be71-eea0-49f0-8ab8-cf7ee9ecaec3,4d2b620d-38d0-4d6f-a2fc-8f54ec4dc75d,c4,c1,870,?,p1,
1769473946.934236,FORWARDED,f975be71-eea0-49f0-8ab8-cf7ee9ecaec3,4d2b620d-38d0-4d6f-a2fc-8f54ec4dc75d,c4,c1,870,?,p1,
1769473947.9341683,RECEIVED,6606c142-b553-4b02-a586-bbbc8d89f2c4,878ef906-6d8b-4d5e-a09a-1cb37e3299dd,c1,c2,1251,i9,?,
1769473948.050926,RECEIVED,63fa3221-1a6d-45d1-98ab-af147aadf42b,859cd7b9-2691-477a-ad42-0abb7bf374c7,c4,c1,1251,i4,?,
1769473948.1404793,SENT,63fa3221-1a6d-45d1-98ab-af147aadf42b,859cd7b9-2691-477a-ad42-0abb7bf374c7,c4,c1,867,?,p1,
1769473948.1406076,FORWARDED,63fa3221-1a6d-45d1-98ab-af147aadf42b,859cd7b9-2691-477a-ad42-0abb7bf374c7,c4,c1,867,?,p1,
1769473949.3074813,RECEIVED,634e9d29-eaa5-4b54-9dfe-97dee3ddf37c,238c6c3d-a4c7-432e-952b-db16b56a74d3,c2,c1,1260,i12,?,
1769473949.3992615,SENT,634e9d29-eaa5-4b54-9dfe-97dee3ddf37c,238c6c3d-a4c7-432e-952b-db16b56a74d3,c2,c1,871,?,p1,
1769473949.3993654,FORWARDED,634e9d29-eaa5-4b54-9dfe-97dee3ddf37c,238c6c3d-a4c7-432e-952b-db16b56a74d3,c2,c1,871,?,p1,
1769473950.464949,SENT,6606c142-b553-4b02-a586-bbbc8d89f2c4,878ef906-6d8b-4d5e-a09a-1cb37e3299dd,c1,c2,867,?,p2,
1769473950.465109,FORWARDED,6606c142-b553-4b02-a586-bbbc8d89f2c4,878ef906-6d8b-4d5e-a09a-1cb37e3299dd,c1,c2,867,?,p2,
1769473950.4797025,RECEIVED,58cb9505-72b5-445e-9380-6ddf76db2274,20e81270-1233-401f-ba24-f5f3bd1d4527,c5,c4,1251,i5,?,
1769473951.1178322,SENT,58cb9505-72b5-445e-9380-6ddf76db2274,20e81270-1233-401f-ba24-f5f3bd1d4527,c5,c4,866,?,p1,
1769473951.117927,FORWARDED,58cb9505-72b5-445e-9380-6ddf76db2274,20e81270-1233-401f-ba24-f5f3bd1d4527,c5,c4,866,?,p1,
1769473951.698883,RECEIVED,227bad45-c54d-40fe-9237-75aa5e5642e8,1664dcee-e12f-433a-93ba-e57243ba0e91,c5,c4,1250,i7,?,
1769473952.417617,SENT,227bad45-c54d-40fe-9237-75aa5e5642e8,1664dcee-e12f-433a-93ba-e57243ba0e91,c5,c4,866,?,p1,
1769473952.4176707,FORWARDED,227bad45-c54d-40fe-9237-75aa5e5642e8,1664dcee-e12f-433a-93ba-e57243ba0e91,c5,c4,866,?,p1,
1769473952.8964026,RECEIVED,74c96070-ecab-4940-b91b-cfe9272c6140,e7f04ae8-2ac2-4591-954e-cc45b4119f61,c1,c2,1263,i9,?,
1769473953.9901268,SENT,74c96070-ecab-4940-b91b-cfe9272c6140,e7f04ae8-2ac2-4591-954e-cc45b4119f61,c1,c2,875,?,p2,
1769473953.9902625,FORWARDED,74c96070-ecab-4940-b91b-cfe9272c6140,e7f04ae8-2ac2-4591-954e-cc45b4119f61,c1,c2,875,?,p2,
1769473954.0289574,RECEIVED,0f018e51-df92-4d2a-8b08-d49aa4c8f6ab,64581723-1a47-4e12-92be-11c11159bcf7,c3,c4,1255,i1,?,
1769473954.2051337,RECEIVED,683707cd-8a5f-4a47-b376-7b59b0b5e61e,ea79b46d-7a14-4cf9-a2f3-3bc9c2b4d9dd,c5,c4,1263,i12,?,
1769473954.7076437,RECEIVED,70154172-3c15-4684-98d0-20bd9d849686,4f7747be-7f79-44ce-a651-00cf91467712,c5,c4,1256,i11,?,
1769473954.83225,SENT,683707cd-8a5f-4a47-b376-7b59b0b5e61e,ea79b46d-7a14-4cf9-a2f3-3bc9c2b4d9dd,c5,c4,875,?,p1,
1769473954.8323932,FORWARDED,683707cd-8a5f-4a47-b376-7b59b0b5e61e,ea79b46d-7a14-4cf9-a2f3-3bc9c2b4d9dd,c5,c4,875,?,p1,
1769473955.0538116,SENT,70154172-3c15-4684-98d0-20bd9d849686,4f7747be-7f79-44ce-a651-00cf91467712,c5,c4,868,?,p1,
1769473955.0544448,FORWARDED,70154172-3c15-4684-98d0-20bd9d849686,4f7747be-7f79-44ce-a651-00cf91467712,c5,c4,868,?,p1,
1769473955.4798539,SENT,0f018e51-df92-4d2a-8b08-d49aa4c8f6ab,64581723-1a47-4e12-92be-11c11159bcf7,c3,c4,868,?,p1,
1769473955.4799404,FORWARDED,0f018e51-df92-4d2a-8b08-d49aa4c8f6ab,64581723-1a47-4e12-92be-11c11159bcf7,c3,c4,868,?,p1,
1769473957.5832355,RECEIVED,88035139-e6bd-4ec8-b5e3-043e6c7e3c46,6a462ae4-ce1c-41f9-abf2-359778375b80,c1,c2,1251,i7,?,
1769473957.6521301,RECEIVED,5317796d-9751-49ce-815c-35186310fc7e,4136f81b-8704-460a-bd63-1126dfc6bab8,c5,c4,1254,i5,?,
1769473957.7439477,RECEIVED,50b28a25-18a9-4ae0-9b5b-865a0b155b74,2a76e7cd-35c6-4e68-bed4-5767efd415ea,c4,c1,1256,i2,?,
1769473957.8742554,SENT,50b28a25-18a9-4ae0-9b5b-865a0b155b74,2a76e7cd-35c6-4e68-bed4-5767efd415ea,c4,c1,870,?,p1,
1769473957.8743763,FORWARDED,50b28a25-18a9-4ae0-9b5b-865a0b155b74,2a76e7cd-35c6-4e68-bed4-5767efd415ea,c4,c1,870,?,p1,
1769473957.9198513,RECEIVED,f04b8516-2b7f-4475-ad6c-84748c75f53a,667bfc41-7d7a-45a6-86d2-acffd79ffa6f,c4,c1,1255,i1,?,
1769473958.1180792,SENT,88035139-e6bd-4ec8-b5e3-043e6c7e3c46,6a462ae4-ce1c-41f9-abf2-359778375b80,c1,c2,866,?,p2,
1769473958.1182141,FORWARDED,88035139-e6bd-4ec8-b5e3-043e6c7e3c46,6a462ae4-ce1c-41f9-abf2-359778375b80,c1,c2,866,?,p2,
1769473958.5418346,SENT,f04b8516-2b7f-4475-ad6c-84748c75f53a,667bfc41-7d7a-45a6-86d2-acffd79ffa6f,c4,c1,870,?,p1,
1769473958.541969,FORWARDED,f04b8516-2b7f-4475-ad6c-84748c75f53a,667bfc41-7d7a-45a6-86d2-acffd79ffa6f,c4,c1,870,?,p1,
1769473958.678429,SENT,5317796d-9751-49ce-815c-35186310fc7e,4136f81b-8704-460a-bd63-1126dfc6bab8,c5,c4,868,?,p1,
1769473958.6784816,FORWARDED,5317796d-9751-49ce-815c-35186310fc7e,4136f81b-8704-460a-bd63-1126dfc6bab8,c5,c4,868,?,p1,
1769473961.0395064,RECEIVED,c585f381-6e93-4ecd-8b45-a07a9b052491,650c7dea-e861-40c2-8595-b852b20f164c,c3,c4,1252,i7,?,
1769473961.143099,SENT,c585f381-6e93-4ecd-8b45-a07a9b052491,650c7dea-e861-40c2-8595-b852b20f164c,c3,c4,867,?,p1,
1769473961.143153,FORWARDED,c585f381-6e93-4ecd-8b45-a07a9b052491,650c7dea-e861-40c2-8595-b852b20f164c,c3,c4,867,?,p1,
1769473961.71071,RECEIVED,4e68dc10-278b-4563-934e-48beaac1911f,e1dfcdf1-7b12-49de-a82a-b002faf8eae0,c5,c4,1254,i7,?,
1769473962.2332866,RECEIVED,70e63192-7f55-4282-8429-cf0811e2a7da,8fdbe34c-7499-4608-95dd-879c1c733df9,c5,c4,1264,i11,?,
1769473962.2886086,RECEIVED,1fd36699-c8ec-4dfc-ae01-af7e3d49c107,59985902-84b9-4143-89bf-7d6a29ec1ee7,c4,c1,1255,i3,?,
1769473962.5303483,RECEIVED,31ca1aa0-edff-4560-ae10-69c5475e536b,5ceff071-618b-4306-bff5-4ea2e9e1123d,c1,c2,1260,i8,?,
1769473962.5814185,SENT,1fd36699-c8ec-4dfc-ae01-af7e3d49c107,59985902-84b9-4143-89bf-7d6a29ec1ee7,c4,c1,868,?,p1,
1769473962.5815063,FORWARDED,1fd36699-c8ec-4dfc-ae01-af7e3d49c107,59985902-84b9-4143-89bf-7d6a29ec1ee7,c4,c1,868,?,p1,
1769473962.6285186,SENT,70e63192-7f55-4282-8429-cf0811e2a7da,8fdbe34c-7499-4608-95dd-879c1c733df9,c5,c4,875,?,p1,
1769473962.6286077,FORWARDED,70e63192-7f55-4282-8429-cf0811e2a7da,8fdbe34c-7499-4608-95dd-879c1c733df9,c5,c4,875,?,p1,
1769473962.6410367,SENT,31ca1aa0-edff-4560-ae10-69c5475e536b,5ceff071-618b-4306-bff5-4ea2e9e1123d,c1,c2,872,?,p2,
1769473962.6412075,FORWARDED,31ca1aa0-edff-4560-ae10-69c5475e536b,5ceff071-618b-4306-bff5-4ea2e9e1123d,c1,c2,872,?,p2,
1769473963.0916052,SENT,4e68dc10-278b-4563-934e-48beaac1911f,e1dfcdf1-7b12-49de-a82a-b002faf8eae0,c5,c4,868,?,p1,
1769473963.0917366,FORWARDED,4e68dc10-278b-4563-934e-48beaac1911f,e1dfcdf1-7b12-49de-a82a-b002faf8eae0,c5,c4,868,?,p1,
1769473964.040085,RECEIVED,535633e3-daf0-4cb9-ba4a-310322bbfde8,5ea4abd5-2e4c-4a3c-96e5-43fe0f53aa34,c2,c1,1259,i5,?,
1769473964.0911648,RECEIVED,52962f30-7a8a-4a96-87bd-0ce45bed4262,892c6bdb-d0d8-4b89-972a-162234420e5d,c1,c2,1259,i4,?,
1769473964.3508282,SENT,535633e3-daf0-4cb9-ba4a-310322bbfde8,5ea4abd5-2e4c-4a3c-96e5-43fe0f53aa34,c2,c1,871,?,p1,
1769473964.350962,FORWARDED,535633e3-daf0-4cb9-ba4a-310322bbfde8,5ea4abd5-2e4c-4a3c-96e5-43fe0f53aa34,c2,c1,871,?,p1,
1769473964.500744,RECEIVED,b705233d-d324-4efd-b0d2-7846e13f6958,eff8dc09-6618-4a8d-bbe6-9d3423017f97,c2,c1,1263,i12,?,
1769473964.716996,SENT,52962f30-7a8a-4a96-87bd-0ce45bed4262,892c6bdb-d0d8-4b89-972a-162234420e5d,c1,c2,871,?,p2,
1769473964.71708,FORWARDED,52962f30-7a8a-4a96-87bd-0ce45bed4262,892c6bdb-d0d8-4b89-972a-162234420e5d,c1,c2,871,?,p2,
1769473965.1716833,RECEIVED,fd1ce47c-e128-47ec-855c-9cd806a5572e,8c4242f6-8188-41ce-90b0-dc2585c6c31d,c3,c4,1251,i7,?,
1769473965.2838001,SENT,b705233d-d324-4efd-b0d2-7846e13f6958,eff8dc09-6618-4a8d-bbe6-9d3423017f97,c2,c1,875,?,p1,
1769473965.2838614,FORWARDED,b705233d-d324-4efd-b0d2-7846e13f6958,eff8dc09-6618-4a8d-bbe6-9d3423017f97,c2,c1,875,?,p1,
1769473965.5609527,SENT,fd1ce47c-e128-47ec-855c-9cd806a5572e,8c4242f6-8188-41ce-90b0-dc2585c6c31d,c3,c4,867,?,p1,
1769473965.5611873,FORWARDED,fd1ce47c-e128-47ec-855c-9cd806a5572e,8c4242f6-8188-41ce-90b0-dc2585c6c31d,c3,c4,867,?,p1,
1769473967.052756,RECEIVED,5219c896-1263-455b-9979-c683aceee660,0b15b23c-c445-4ce2-9b9c-38942ce08070,c5,c4,1260,i10,?,
1769473967.164416,SENT,5219c896-1263-455b-9979-c683aceee660,0b15b23c-c445-4ce2-9b9c-38942ce08070,c5,c4,873,?,p1,
1769473967.164504,FORWARDED,5219c896-1263-455b-9979-c683aceee660,0b15b23c-c445-4ce2-9b9c-38942ce08070,c5,c4,873,?,p1,
1769473968.1152678,RECEIVED,7f429084-ed09-4d40-a11b-308e1b90e82f,66713042-771a-42e6-a697-48a82382688a,c1,c2,1259,i8,?,
1769473968.164913,RECEIVED,cf2f226a-496f-46e1-b0aa-ff0014f6e764,52c995af-56e4-4d74-8f35-acba9aa309d0,c1,c2,1249,i4,?,
1769473968.211639,RECEIVED,79af0841-d841-4fba-b723-fbd8a027db15,b50fecfa-e9ba-49a7-9c18-ef077bc9d733,c2,c1,1259,i8,?,
1769473968.225526,SENT,cf2f226a-496f-46e1-b0aa-ff0014f6e764,52c995af-56e4-4d74-8f35-acba9aa309d0,c1,c2,864,?,p2,
1769473968.2263093,FORWARDED,cf2f226a-496f-46e1-b0aa-ff0014f6e764,52c995af-56e4-4d74-8f35-acba9aa309d0,c1,c2,864,?,p2,
1769473968.2259693,RECEIVED,913fef89-94a9-4315-af95-5e9f7f60b791,15c96ae3-088b-4ec1-a8db-b05b055e60a8,c1,c2,1262,i11,?,
1769473968.2787225,SENT,79af0841-d841-4fba-b723-fbd8a027db15,b50fecfa-e9ba-49a7-9c18-ef077bc9d733,c2,c1,871,?,p1,
1769473968.278853,FORWARDED,79af0841-d841-4fba-b723-fbd8a027db15,b50fecfa-e9ba-49a7-9c18-ef077bc9d733,c2,c1,871,?,p1,
1769473968.9130747,SENT,7f429084-ed09-4d40-a11b-308e1b90e82f,66713042-771a-42e6-a697-48a82382688a,c1,c2,871,?,p2,
1769473968.91322,FORWARDED,7f429084-ed09-4d40-a11b-308e1b90e82f,66713042-771a-42e6-a697-48a82382688a,c1,c2,871,?,p2,
1769473969.1053538,RECEIVED,42c052bf-62fd-4a14-ad92-8edfe5668669,a633013e-6380-4b61-8c44-bac85b3e2e13,c5,c4,1251,i5,?,
1769473969.147155,RECEIVED,52fbda41-f952-4c2a-ae53-5fa2195a75bb,d8e2599f-0f38-431c-9237-66419acb31e5,c4,c1,1256,i12,?,
1769473969.1882172,RECEIVED,7906a09c-e43b-4041-b2ef-904795b86ca7,8ad943d5-f854-4f8f-983d-223313dbb624,c1,c2,1257,i12,?,
1769473969.229309,SENT,7906a09c-e43b-4041-b2ef-904795b86ca7,8ad943d5-f854-4f8f-983d-223313dbb624,c1,c2,870,?,p2,
1769473969.2293894,FORWARDED,7906a09c-e43b-4041-b2ef-904795b86ca7,8ad943d5-f854-4f8f-983d-223313dbb624,c1,c2,870,?,p2,
1769473969.4113219,SENT,52fbda41-f952-4c2a-ae53-5fa2195a75bb,d8e2599f-0f38-431c-9237-66419acb31e5,c4,c1,868,?,p1,
1769473969.4114017,FORWARDED,52fbda41-f952-4c2a-ae53-5fa2195a75bb,d8e2599f-0f38-431c-9237-66419acb31e5,c4,c1,868,?,p1,
1769473969.7525892,SENT,42c052bf-62fd-4a14-ad92-8edfe5668669,a633013e-6380-4b61-8c44-bac85b3e2e13,c5,c4,867,?,p1,
1769473969.7527373,FORWARDED,42c052bf-62fd-4a14-ad92-8edfe5668669,a633013e-6380-4b61-8c44-bac85b3e2e13,c5,c4,867,?,p1,
1769473970.3590753,RECEIVED,888464bf-2f26-48a8-82e3-d0d87fc61aed,157ae46a-12a8-4d4b-831b-61bc4875ef4a,c3,c4,1250,i4,?,
1769473970.469532,SENT,913fef89-94a9-4315-af95-5e9f7f60b791,15c96ae3-088b-4ec1-a8db-b05b055e60a8,c1,c2,876,?,p2,
1769473970.4696205,FORWARDED,913fef89-94a9-4315-af95-5e9f7f60b791,15c96ae3-088b-4ec1-a8db-b05b055e60a8,c1,c2,876,?,p2,
1769473970.489845,SENT,888464bf-2f26-48a8-82e3-d0d87fc61aed,157ae46a-12a8-4d4b-831b-61bc4875ef4a,c3,c4,867,?,p1,
1769473970.4899302,FORWARDED,888464bf-2f26-48a8-82e3-d0d87fc61aed,157ae46a-12a8-4d4b-831b-61bc4875ef4a,c3,c4,867,?,p1,
1769473971.6143649,RECEIVED,964bfa05-06bc-41b0-8b1b-fada7bce90fa,9a9e8179-5db0-4d7e-a017-bc861c9ab5ba,c2,c1,1259,i10,?,
1769473971.7965307,SENT,964bfa05-06bc-41b0-8b1b-fada7bce90fa,9a9e8179-5db0-4d7e-a017-bc861c9ab5ba,c2,c1,871,?,p1,
1769473971.7966428,FORWARDED,964bfa05-06bc-41b0-8b1b-fada7bce90fa,9a9e8179-5db0-4d7e-a017-bc861c9ab5ba,c2,c1,871,?,p1,
1769473971.9985452,RECEIVED,932adcf4-a4b6-4e79-8d7a-ed92233bc98f,349f6e0c-1e8d-4f71-a650-56f21d59bb92,c1,c2,1259,i9,?,
1769473972.4969442,SENT,932adcf4-a4b6-4e79-8d7a-ed92233bc98f,349f6e0c-1e8d-4f71-a650-56f21d59bb92,c1,c2,872,?,p2,
1769473972.497097,FORWARDED,932adcf4-a4b6-4e79-8d7a-ed92233bc98f,349f6e0c-1e8d-4f71-a650-56f21d59bb92,c1,c2,872,?,p2,
1769473973.2102475,RECEIVED,bfeb3e88-ddd1-44d6-8846-c6c4268609c0,b73de0c4-c2cb-4452-aad0-86c2ca239aa3,c4,c1,1259,i7,?,
1769473974.0020823,RECEIVED,00f4f53c-ea08-4c3f-a647-374eb4cb36d4,b1554cf3-5322-4699-99c1-722c73497dc6,c5,c4,1259,i1,?,
1769473974.4993048,RECEIVED,04b3074d-f6d1-4186-9d10-13f08affce5b,72f59a1e-bfac-4b15-8a2e-d42f28271a72,c5,c4,1251,i9,?,
1769473974.6686032,SENT,bfeb3e88-ddd1-44d6-8846-c6c4268609c0,b73de0c4-c2cb-4452-aad0-86c2ca239aa3,c4,c1,873,?,p1,
1769473974.6687138,FORWARDED,bfeb3e88-ddd1-44d6-8846-c6c4268609c0,b73de0c4-c2cb-4452-aad0-86c2ca239aa3,c4,c1,873,?,p1,
1769473974.788245,RECEIVED,bf7b61a6-e62e-4515-a260-32183b34a427,2d59f918-bcc7-46f0-b5c0-427875775a4f,c3,c4,1264,i10,?,
1769473974.985367,SENT,bf7b61a6-e62e-4515-a260-32183b34a427,2d59f918-bcc7-46f0-b5c0-427875775a4f,c3,c4,876,?,p1,
1769473974.9854789,FORWARDED,bf7b61a6-e62e-4515-a260-32183b34a427,2d59f918-bcc7-46f0-b5c0-427875775a4f,c3,c4,876,?,p1,
1769473975.0732505,SENT,00f4f53c-ea08-4c3f-a647-374eb4cb36d4,b1554cf3-5322-4699-99c1-722c73497dc6,c5,c4,872,?,p1,
1769473975.0733016,FORWARDED,00f4f53c-ea08-4c3f-a647-374eb4cb36d4,b1554cf3-5322-4699-99c1-722c73497dc6,c5,c4,872,?,p1,
1769473975.4161189,RECEIVED,fed80d7e-aee1-49de-95b6-bfd9e33d4506,d4f4fc4f-9c2b-4664-bc97-60267709b72d,c2,c1,1258,i6,?,
1769473975.8387327,SENT,04b3074d-f6d1-4186-9d10-13f08affce5b,72f59a1e-bfac-4b15-8a2e-d42f28271a72,c5,c4,866,?,p1,
1769473975.8388264,FORWARDED,04b3074d-f6d1-4186-9d10-13f08affce5b,72f59a1e-bfac-4b15-8a2e-d42f28271a72,c5,c4,866,?,p1,
1769473975.903838,SENT,fed80d7e-aee1-49de-95b6-bfd9e33d4506,d4f4fc4f-9c2b-4664-bc97-60267709b72d,c2,c1,871,?,p1,
1769473975.9039323,FORWARDED,fed80d7e-aee1-49de-95b6-bfd9e33d4506,d4f4fc4f-9c2b-4664-bc97-60267709b72d,c2,c1,871,?,p1,
1769473976.262423,RECEIVED,3ce626fc-ef33-4e63-b7c5-d928d0b0ca26,94225703-7a74-47a9-953d-2b658b37b3c1,c3,c4,1257,i8,?,
1769473976.283278,SENT,3ce626fc-ef33-4e63-b7c5-d928d0b0ca26,94225703-7a74-47a9-953d-2b658b37b3c1,c3,c4,868,?,p1,
1769473976.2833729,FORWARDED,3ce626fc-ef33-4e63-b7c5-d928d0b0ca26,94225703-7a74-47a9-953d-2b658b37b3c1,c3,c4,868,?,p1,
1769473976.595419,RECEIVED,4341e6c4-1df2-466e-855d-53b82d2d7a10,4e4addfe-1fb7-430e-98c8-9561a40ae56a,c5,c4,1263,i12,?,
1769473977.1208186,SENT,4341e6c4-1df2-466e-855d-53b82d2d7a10,4e4addfe-1fb7-430e-98c8-9561a40ae56a,c5,c4,876,?,p1,
1769473977.1209521,FORWARDED,4341e6c4-1df2-466e-855d-53b82d2d7a10,4e4addfe-1fb7-430e-98c8-9561a40ae56a,c5,c4,876,?,p1,
1769473983.5015042,RECEIVED,ccab35ed-e03e-4d64-a062-e8248378dcef,60b2e5d3-608d-4923-a6d3-62cf3f0cd301,c4,c1,1252,i7,?,
1769473983.6820831,SENT,ccab35ed-e03e-4d64-a062-e8248378dcef,60b2e5d3-608d-4923-a6d3-62cf3f0cd301,c4,c1,867,?,p1,
1769473983.6822162,FORWARDED,ccab35ed-e03e-4d64-a062-e8248378dcef,60b2e5d3-608d-4923-a6d3-62cf3f0cd301,c4,c1,867,?,p1,
1769473984.0573235,RECEIVED,7d25c7aa-c47f-4fb7-a088-e194a4e3299b,3e94ee00-0f3e-468a-a4e5-7320fd49082d,c2,c1,1259,i2,?,
1769473984.3018296,RECEIVED,86634794-1f31-4f6b-b936-b058b4a502dc,8a70551e-42ec-4d3f-a758-feb9923faab8,c2,c1,1257,i3,?,
1769473984.3607473,SENT,86634794-1f31-4f6b-b936-b058b4a502dc,8a70551e-42ec-4d3f-a758-feb9923faab8,c2,c1,870,?,p1,
1769473984.3608325,FORWARDED,86634794-1f31-4f6b-b936-b058b4a502dc,8a70551e-42ec-4d3f-a758-feb9923faab8,c2,c1,870,?,p1,
1769473984.490827,SENT,7d25c7aa-c47f-4fb7-a088-e194a4e3299b,3e94ee00-0f3e-468a-a4e5-7320fd49082d,c2,c1,872,?,p1,
1769473984.4909146,FORWARDED,7d25c7aa-c47f-4fb7-a088-e194a4e3299b,3e94ee00-0f3e-468a-a4e5-7320fd49082d,c2,c1,872,?,p1,
1769473984.7793965,RECEIVED,eb7a6064-b1e6-497b-a5f5-b0e9ab41dedf,db06dc0d-77a4-4e47-854d-9b61cfd60e9b,c5,c4,1251,i6,?,
1769473984.81721,RECEIVED,4bb40028-18aa-400b-a2a4-cf9493f9b040,2aaab026-4e18-4b69-91f8-d8c02cd77e27,c5,c4,1259,i3,?,
1769473984.9029932,RECEIVED,195146a0-ee45-4e80-93bb-99d641e5f69b,a0a031b8-928b-4b6e-9cb4-8d1180a66798,c2,c1,1259,i9,?,
1769473985.8951535,SENT,4bb40028-18aa-400b-a2a4-cf9493f9b040,2aaab026-4e18-4b69-91f8-d8c02cd77e27,c5,c4,871,?,p1,
1769473985.895279,FORWARDED,4bb40028-18aa-400b-a2a4-cf9493f9b040,2aaab026-4e18-4b69-91f8-d8c02cd77e27,c5,c4,871,?,p1,
1769473986.280849,RECEIVED,05a0ab94-ce33-4622-8c5e-89d859bf6420,021192e4-6059-4b56-8ba7-a5f8c5ccef90,c2,c1,1264,i2,?,
1769473986.283253,SENT,eb7a6064-b1e6-497b-a5f5-b0e9ab41dedf,db06dc0d-77a4-4e47-854d-9b61cfd60e9b,c5,c4,867,?,p1,
1769473986.2833793,FORWARDED,eb7a6064-b1e6-497b-a5f5-b0e9ab41dedf,db06dc0d-77a4-4e47-854d-9b61cfd60e9b,c5,c4,867,?,p1,
1769473986.5338597,SENT,195146a0-ee45-4e80-93bb-99d641e5f69b,a0a031b8-928b-4b6e-9cb4-8d1180a66798,c2,c1,872,?,p1,
1769473986.5339901,FORWARDED,195146a0-ee45-4e80-93bb-99d641e5f69b,a0a031b8-928b-4b6e-9cb4-8d1180a66798,c2,c1,872,?,p1,
1769473986.5774689,SENT,05a0ab94-ce33-4622-8c5e-89d859bf6420,021192e4-6059-4b56-8ba7-a5f8c5ccef90,c2,c1,875,?,p1,
1769473986.5775971,FORWARDED,05a0ab94-ce33-4622-8c5e-89d859bf6420,021192e4-6059-4b56-8ba7-a5f8c5ccef90,c2,c1,875,?,p1,
1769473987.658835,RECEIVED,40714a1e-b1c3-49be-bad7-4cec1842dba4,188afde8-7f25-44a7-81a2-a8aa5980a721,c3,c4,1259,i7,?,
1769473988.3556025,SENT,40714a1e-b1c3-49be-bad7-4cec1842dba4,188afde8-7f25-44a7-81a2-a8aa5980a721,c3,c4,871,?,p1,
1769473988.3557317,FORWARDED,40714a1e-b1c3-49be-bad7-4cec1842dba4,188afde8-7f25-44a7-81a2-a8aa5980a721,c3,c4,871,?,p1,
1769473988.8830192,RECEIVED,bde41265-577d-4d1f-aae0-3f34b983f00c,e0d4c4d1-975b-44bd-91b6-2b7eb92edfe6,c1,c2,1259,i12,?,
1769473989.2360735,RECEIVED,f51b19f5-449a-4918-a4af-5abdad0890a4,93d58e55-81ca-46b6-b72b-c753cbd70220,c2,c1,1254,i5,?,
1769473989.3915458,SENT,f51b19f5-449a-4918-a4af-5abdad0890a4,93d58e55-81ca-46b6-b72b-c753cbd70220,c2,c1,870,?,p1,
1769473989.3916914,FORWARDED,f51b19f5-449a-4918-a4af-5abdad0890a4,93d58e55-81ca-46b6-b72b-c753cbd70220,c2,c1,870,?,p1,
1769473989.7416503,SENT,bde41265-577d-4d1f-aae0-3f34b983f00c,e0d4c4d1-975b-44bd-91b6-2b7eb92edfe6,c1,c2,871,?,p2,
1769473989.7417805,FORWARDED,bde41265-577d-4d1f-aae0-3f34b983f00c,e0d4c4d1-975b-44bd-91b6-2b7eb92edfe6,c1,c2,871,?,p2,
1769473990.2363703,RECEIVED,64c26231-029f-4011-a344-93be463668c5,06c96c8b-82df-47bf-a177-5aca8c054110,c2,c1,1260,i1,?,
1769473990.718717,SENT,64c26231-029f-4011-a344-93be463668c5,06c96c8b-82df-47bf-a177-5aca8c054110,c2,c1,872,?,p1,
1769473990.7188466,FORWARDED,64c26231-029f-4011-a344-93be463668c5,06c96c8b-82df-47bf-a177-5aca8c054110,c2,c1,872,?,p1,
1769473990.7255967,RECEIVED,ce7bdb45-2f5b-4ad8-bcc9-d6523b5e2496,a24e8e81-4ee4-4612-9c2e-34aecaedfe71,c5,c4,1264,i6,?,
1769473990.9114532,SENT,ce7bdb45-2f5b-4ad8-bcc9-d6523b5e2496,a24e8e81-4ee4-4612-9c2e-34aecaedfe71,c5,c4,875,?,p1,
1769473990.911626,FORWARDED,ce7bdb45-2f5b-4ad8-bcc9-d6523b5e2496,a24e8e81-4ee4-4612-9c2e-34aecaedfe71,c5,c4,875,?,p1,
1769473991.267607,RECEIVED,511a752b-7546-491f-83e5-bb9514a02e08,53881cab-f5e1-4b2b-b73a-1b0e7f29f036,c3,c4,1263,i3,?,
1769473991.4255779,RECEIVED,1cc3b3df-220e-4192-9061-9a66f7d5b6fb,7e458bde-197c-41af-b7a0-77e1be646f4d,c2,c1,1256,i6,?,
1769473991.5317907,SENT,1cc3b3df-220e-4192-9061-9a66f7d5b6fb,7e458bde-197c-41af-b7a0-77e1be646f4d,c2,c1,869,?,p1,
1769473991.5319233,FORWARDED,1cc3b3df-220e-4192-9061-9a66f7d5b6fb,7e458bde-197c-41af-b7a0-77e1be646f4d,c2,c1,869,?,p1,
1769473991.9573956,SENT,511a752b-7546-491f-83e5-bb9514a02e08,53881cab-f5e1-4b2b-b73a-1b0e7f29f036,c3,c4,876,?,p1,
1769473991.9574995,FORWARDED,511a752b-7546-491f-83e5-bb9514a02e08,53881cab-f5e1-4b2b-b73a-1b0e7f29f036,c3,c4,876,?,p1,
1769473994.5154727,RECEIVED,844ec582-1497-4e76-9ea7-cda883a31670,ef446e14-5279-4e8f-8cba-5e016a42ec4b,c2,c1,1254,i12,?,
1769473994.994598,RECEIVED,77c8b3c7-514b-4f5e-83f2-ec3bffe0ca1d,7822b67c-1ac4-4b32-afd5-928435a9d36b,c3,c4,1263,i10,?,
1769473995.3163712,SENT,77c8b3c7-514b-4f5e-83f2-ec3bffe0ca1d,7822b67c-1ac4-4b32-afd5-928435a9d36b,c3,c4,876,?,p1,
1769473995.3164377,FORWARDED,77c8b3c7-514b-4f5e-83f2-ec3bffe0ca1d,7822b67c-1ac4-4b32-afd5-928435a9d36b,c3,c4,876,?,p1,
1769473995.3361304,RECEIVED,51cbd865-97d6-4404-bb6a-9e2b69fc1993,527cbdc6-f7f0-411f-b3f0-86d54de5a512,c2,c1,1259,i6,?,
1769473995.4406354,SENT,51cbd865-97d6-4404-bb6a-9e2b69fc1993,527cbdc6-f7f0-411f-b3f0-86d54de5a512,c2,c1,872,?,p1,
1769473995.4407413,FORWARDED,51cbd865-97d6-4404-bb6a-9e2b69fc1993,527cbdc6-f7f0-411f-b3f0-86d54de5a512,c2,c1,872,?,p1,
1769473996.1703079,SENT,844ec582-1497-4e76-9ea7-cda883a31670,ef446e14-5279-4e8f-8cba-5e016a42ec4b,c2,c1,868,?,p1,
1769473996.1704974,FORWARDED,844ec582-1497-4e76-9ea7-cda883a31670,ef446e14-5279-4e8f-8cba-5e016a42ec4b,c2,c1,868,?,p1,
1769473996.398389,RECEIVED,4a3ac40d-089f-4181-9cf6-0b23373879ae,bd84e433-b952-471e-be4c-ab46e3d7ee0f,c4,c1,1255,i2,?,
1769473996.6449728,SENT,4a3ac40d-089f-4181-9cf6-0b23373879ae,bd84e433-b952-471e-be4c-ab46e3d7ee0f,c4,c1,869,?,p1,
1769473996.645068,FORWARDED,4a3ac40d-089f-4181-9cf6-0b23373879ae,bd84e433-b952-471e-be4c-ab46e3d7ee0f,c4,c1,869,?,p1,
1769473996.8946946,RECEIVED,cef9fc41-5b1d-4848-93fc-6241ba0c7e0f,3385c461-28ec-48eb-ae3b-dc498840be7d,c5,c4,1263,i8,?,
1769473997.1038454,RECEIVED,cc6401fb-d261-420e-a63a-c5f3dfdb788b,f0bb773f-8ebb-4f64-91fb-e474c1784ad8,c2,c1,1255,i3,?,
1769473997.2016795,RECEIVED,e2d0ca1a-2660-40dc-b159-8c7eb25441a7,c285b53b-f29f-41a9-aa80-ba1c11f4f3cb,c5,c4,1259,i8,?,
1769473997.2226057,SENT,cef9fc41-5b1d-4848-93fc-6241ba0c7e0f,3385c461-28ec-48eb-ae3b-dc498840be7d,c5,c4,876,?,p1,
1769473997.2227354,FORWARDED,cef9fc41-5b1d-4848-93fc-6241ba0c7e0f,3385c461-28ec-48eb-ae3b-dc498840be7d,c5,c4,876,?,p1,
1769473998.2503102,RECEIVED,4e8896e4-ea0d-47b8-9a09-7f190b0a9d26,d82f26ac-71bb-4c97-bcfb-3f2572a9bfb6,c2,c1,1264,i3,?,
1769473998.4325807,SENT,e2d0ca1a-2660-40dc-b159-8c7eb25441a7,c285b53b-f29f-41a9-aa80-ba1c11f4f3cb,c5,c4,872,?,p1,
1769473998.4327164,FORWARDED,e2d0ca1a-2660-40dc-b159-8c7eb25441a7,c285b53b-f29f-41a9-aa80-ba1c11f4f3cb,c5,c4,872,?,p1,
1769473998.4553745,SENT,4e8896e4-ea0d-47b8-9a09-7f190b0a9d26,d82f26ac-71bb-4c97-bcfb-3f2572a9bfb6,c2,c1,875,?,p1,
1769473998.455441,FORWARDED,4e8896e4-ea0d-47b8-9a09-7f190b0a9d26,d82f26ac-71bb-4c97-bcfb-3f2572a9bfb6,c2,c1,875,?,p1,
1769473998.8375134,SENT,cc6401fb-d261-420e-a63a-c5f3dfdb788b,f0bb773f-8ebb-4f64-91fb-e474c1784ad8,c2,c1,868,?,p1,
1769473998.8376527,FORWARDED,cc6401fb-d261-420e-a63a-c5f3dfdb788b,f0bb773f-8ebb-4f64-91fb-e474c1784ad8,c2,c1,868,?,p1,
1769473998.864886,RECEIVED,99b9c25f-1147-4eab-bf29-4efccae4d816,57a7dbc0-d280-49dd-a49d-fe02bce90e91,c1,c2,1252,i1,?,
1769473998.8896542,SENT,99b9c25f-1147-4eab-bf29-4efccae4d816,57a7dbc0-d280-49dd-a49d-fe02bce90e91,c1,c2,867,?,p2,
1769473998.889786,FORWARDED,99b9c25f-1147-4eab-bf29-4efccae4d816,57a7dbc0-d280-49dd-a49d-fe02bce90e91,c1,c2,867,?,p2,
1769474000.3550375,RECEIVED,bbcc1484-297d-4fd7-a851-ae14d0f5daeb,1674eaab-28c7-4e97-bf92-586f4c384d36,c1,c2,1251,i11,?,
1769474000.58308,RECEIVED,14122ff8-83c9-40ad-9c8e-2907f62c05ce,18282ffc-c0fc-48b5-a025-9e1cf9750b28,c3,DROP,683,i1,?,
1769474001.1741695,SENT,14122ff8-83c9-40ad-9c8e-2907f62c05ce,18282ffc-c0fc-48b5-a025-9e1cf9750b28,c3,DROP,441,?,i4,
1769474001.1742394,FORWARDED,14122ff8-83c9-40ad-9c8e-2907f62c05ce,18282ffc-c0fc-48b5-a025-9e1cf9750b28,c3,DROP,441,?,i4,
1769474001.288909,SENT,bbcc1484-297d-4fd7-a851-ae14d0f5daeb,1674eaab-28c7-4e97-bf92-586f4c384d36,c1,c2,867,?,p2,
1769474001.2890368,FORWARDED,bbcc1484-297d-4fd7-a851-ae14d0f5daeb,1674eaab-28c7-4e97-bf92-586f4c384d36,c1,c2,867,?,p2,
1769474002.5263038,RECEIVED,572c620b-64a4-40fe-a090-54a50b38c9f9,67260ca6-86e4-4637-9166-09d348699373,c1,c2,1252,i6,?,
1769474002.5774705,SENT,572c620b-64a4-40fe-a090-54a50b38c9f9,67260ca6-86e4-4637-9166-09d348699373,c1,c2,867,?,p2,
1769474002.5775557,FORWARDED,572c620b-64a4-40fe-a090-54a50b38c9f9,67260ca6-86e4-4637-9166-09d348699373,c1,c2,867,?,p2,
1769474003.0807595,RECEIVED,925c9010-0c76-479f-846a-6bca6fb616ce,8abfc259-2703-492d-9af1-40cf9ba7ce7d,c2,c1,1268,i12,?,
1769474003.2084782,RECEIVED,4eb20b2c-b764-4f94-ae43-ae12d4b469ca,1033b42d-7498-42a1-8545-d1cf3d1fd50d,c2,c1,1251,i8,?,
1769474003.224684,SENT,925c9010-0c76-479f-846a-6bca6fb616ce,8abfc259-2703-492d-9af1-40cf9ba7ce7d,c2,c1,879,?,p1,
1769474003.2248228,FORWARDED,925c9010-0c76-479f-846a-6bca6fb616ce,8abfc259-2703-492d-9af1-40cf9ba7ce7d,c2,c1,879,?,p1,
1769474004.4852862,SENT,4eb20b2c-b764-4f94-ae43-ae12d4b469ca,1033b42d-7498-42a1-8545-d1cf3d1fd50d,c2,c1,867,?,p1,
1769474004.4853756,FORWARDED,4eb20b2c-b764-4f94-ae43-ae12d4b469ca,1033b42d-7498-42a1-8545-d1cf3d1fd50d,c2,c1,867,?,p1,
1769474004.9418802,RECEIVED,71ff721a-ccaf-460b-adc3-814e98bceb5f,18cbf5af-dd9e-461b-aed3-b22baef4b6f8,c1,c2,1258,i11,?,
1769474005.724453,RECEIVED,44968186-50a3-44a1-8dfa-f0cc38f54aa0,7fe2c042-abb3-45c8-9f90-b85f4b4c1467,c5,c4,1255,i1,?,
1769474006.1078048,SENT,44968186-50a3-44a1-8dfa-f0cc38f54aa0,7fe2c042-abb3-45c8-9f90-b85f4b4c1467,c5,c4,868,?,p1,
1769474006.1079073,FORWARDED,44968186-50a3-44a1-8dfa-f0cc38f54aa0,7fe2c042-abb3-45c8-9f90-b85f4b4c1467,c5,c4,868,?,p1,
1769474006.3004289,SENT,71ff721a-ccaf-460b-adc3-814e98bceb5f,18cbf5af-dd9e-461b-aed3-b22baef4b6f8,c1,c2,871,?,p2,
1769474006.3005302,FORWARDED,71ff721a-ccaf-460b-adc3-814e98bceb5f,18cbf5af-dd9e-461b-aed3-b22baef4b6f8,c1,c2,871,?,p2,
1769474008.3124168,RECEIVED,2022d525-78d5-4de2-a40a-6d31c0439569,0e789af5-bb5d-4379-a2e4-1a001a4235ca,c4,c1,1255,i10,?,
1769474009.14999,SENT,2022d525-78d5-4de2-a40a-6d31c0439569,0e789af5-bb5d-4379-a2e4-1a001a4235ca,c4,c1,868,?,p1,
1769474009.1502717,FORWARDED,2022d525-78d5-4de2-a40a-6d31c0439569,0e789af5-bb5d-4379-a2e4-1a001a4235ca,c4,c1,868,?,p1,
1769474010.9926214,RECEIVED,bb478cfb-880c-4138-ba8d-40f961ab63c1,7f1c40a8-f4b3-43bc-8dd3-1c684ff93f98,c1,c2,1252,i8,?,
1769474011.0346603,SENT,bb478cfb-880c-4138-ba8d-40f961ab63c1,7f1c40a8-f4b3-43bc-8dd3-1c684ff93f98,c1,c2,867,?,p2,
1769474011.0347476,FORWARDED,bb478cfb-880c-4138-ba8d-40f961ab63c1,7f1c40a8-f4b3-43bc-8dd3-1c684ff93f98,c1,c2,867,?,p2,
1769474011.0857456,RECEIVED,31b15baa-1fc1-411e-b8bb-d7a1f9787637,22ef0a4b-1474-4b8d-b502-b03cb09a896a,c3,c4,1258,i2,?,
1769474011.2233675,RECEIVED,d16de6bf-3844-4282-96ab-2a53c0ceafd5,58441d52-1893-4c93-8e83-80cc4d059fe1,c4,c1,1260,i4,?,
1769474011.2301366,SENT,31b15baa-1fc1-411e-b8bb-d7a1f9787637,22ef0a4b-1474-4b8d-b502-b03cb09a896a,c3,c4,871,?,p1,
1769474011.2302139,FORWARDED,31b15baa-1fc1-411e-b8bb-d7a1f9787637,22ef0a4b-1474-4b8d-b502-b03cb09a896a,c3,c4,871,?,p1,
1769474011.3894506,SENT,d16de6bf-3844-4282-96ab-2a53c0ceafd5,58441d52-1893-4c93-8e83-80cc4d059fe1,c4,c1,872,?,p1,
1769474011.3895173,FORWARDED,d16de6bf-3844-4282-96ab-2a53c0ceafd5,58441d52-1893-4c93-8e83-80cc4d059fe1,c4,c1,872,?,p1,
1769474012.0706582,RECEIVED,467cfba3-8747-4ae9-87c1-ceb7ac3d337d,c6afe19e-fbef-4659-b213-c9f9671f187f,c5,c4,1256,i7,?,
1769474012.4861562,SENT,467cfba3-8747-4ae9-87c1-ceb7ac3d337d,c6afe19e-fbef-4659-b213-c9f9671f187f,c5,c4,868,?,p1,
1769474012.4862895,FORWARDED,467cfba3-8747-4ae9-87c1-ceb7ac3d337d,c6afe19e-fbef-4659-b213-c9f9671f187f,c5,c4,868,?,p1,
1769474013.8384316,RECEIVED,8531944a-61d7-48e3-b6d6-45f18421fccb,ad2c8b8b-3c94-463f-8ad1-4783f75f4675,c2,c1,1252,i3,?,
1769474014.0112238,RECEIVED,d269b342-25fb-475b-b6aa-560a2e2e38ca,e9feeb14-ffb0-48b6-b2cf-fec3ae14e635,c2,c1,1252,i5,?,
1769474014.06185,SENT,8531944a-61d7-48e3-b6d6-45f18421fccb,ad2c8b8b-3c94-463f-8ad1-4783f75f4675,c2,c1,867,?,p1,
1769474014.0619836,FORWARDED,8531944a-61d7-48e3-b6d6-45f18421fccb,ad2c8b8b-3c94-463f-8ad1-4783f75f4675,c2,c1,867,?,p1,
1769474014.1914134,SENT,d269b342-25fb-475b-b6aa-560a2e2e38ca,e9feeb14-ffb0-48b6-b2cf-fec3ae14e635,c2,c1,867,?,p1,
1769474014.191546,FORWARDED,d269b342-25fb-475b-b6aa-560a2e2e38ca,e9feeb14-ffb0-48b6-b2cf-fec3ae14e635,c2,c1,867,?,p1,
1769474014.9927526,RECEIVED,fcabedd5-8b3e-484e-80fe-3d9cf8f3b681,50b37310-b09b-4ee3-8e45-f53da6e96bde,c1,c2,1259,i4,?,
1769474015.5499701,SENT,fcabedd5-8b3e-484e-80fe-3d9cf8f3b681,50b37310-b09b-4ee3-8e45-f53da6e96bde,c1,c2,873,?,p2,
1769474015.55012,FORWARDED,fcabedd5-8b3e-484e-80fe-3d9cf8f3b681,50b37310-b09b-4ee3-8e45-f53da6e96bde,c1,c2,873,?,p2,
1769474016.4769526,RECEIVED,cd2afaee-12bc-4d09-a17c-ee87c891911c,7650381b-960a-467d-9ad7-7decd5ef4178,c2,c1,1257,i7,?,
1769474016.5187366,SENT,cd2afaee-12bc-4d09-a17c-ee87c891911c,7650381b-960a-467d-9ad7-7decd5ef4178,c2,c1,868,?,p1,
1769474016.5188122,FORWARDED,cd2afaee-12bc-4d09-a17c-ee87c891911c,7650381b-960a-467d-9ad7-7decd5ef4178,c2,c1,868,?,p1,
1769474020.1318314,RECEIVED,67d0e587-deb2-4f30-bf24-ceb1b361bc1f,46c409c3-ac7e-4085-b974-e8c28fcd68ae,c2,c1,1251,i9,?,
1769474021.2501512,SENT,67d0e587-deb2-4f30-bf24-ceb1b361bc1f,46c409c3-ac7e-4085-b974-e8c28fcd68ae,c2,c1,867,?,p1,
1769474021.2503977,FORWARDED,67d0e587-deb2-4f30-bf24-ceb1b361bc1f,46c409c3-ac7e-4085-b974-e8c28fcd68ae,c2,c1,867,?,p1,
1769474021.3797896,RECEIVED,7fd5a66d-a5ab-4b6b-a393-68652b30537f,80a02472-ddc3-478d-ad6e-a148157370d9,c4,c1,1255,i2,?,
1769474021.8381472,RECEIVED,a391a1a9-ddc7-474b-af27-4af2334073e0,28e45bec-83d5-4abe-9e40-df18c32d7012,c1,c2,1255,i7,?,
1769474022.1940994,SENT,a391a1a9-ddc7-474b-af27-4af2334073e0,28e45bec-83d5-4abe-9e40-df18c32d7012,c1,c2,868,?,p2,
1769474022.194276,FORWARDED,a391a1a9-ddc7-474b-af27-4af2334073e0,28e45bec-83d5-4abe-9e40-df18c32d7012,c1,c2,868,?,p2,
1769474022.2044096,SENT,7fd5a66d-a5ab-4b6b-a393-68652b30537f,80a02472-ddc3-478d-ad6e-a148157370d9,c4,c1,868,?,p1,
1769474022.204539,FORWARDED,7fd5a66d-a5ab-4b6b-a393-68652b30537f,80a02472-ddc3-478d-ad6e-a148157370d9,c4,c1,868,?,p1,
1769474023.8025672,RECEIVED,616050fd-920d-42ce-90fb-68351bfd6489,ee1c274f-a262-46d9-9f4f-94f1f4a9cedc,c5,c4,1260,i8,?,
1769474023.8973997,SENT,616050fd-920d-42ce-90fb-68351bfd6489,ee1c274f-a262-46d9-9f4f-94f1f4a9cedc,c5,c4,871,?,p1,
1769474023.8975303,FORWARDED,616050fd-920d-42ce-90fb-68351bfd6489,ee1c274f-a262-46d9-9f4f-94f1f4a9cedc,c5,c4,871,?,p1,
1769474025.838997,RECEIVED,d5cbd06d-7055-4115-a341-f5c200578bf5,96187d2a-4942-459b-896c-62d890fa1007,c3,c4,1260,i5,?,
1769474025.8724306,RECEIVED,6f10df0b-9092-44f3-aa31-cb52845df7fb,af72aa3a-897a-4059-a1d9-45c52a7e23ac,c1,c2,1257,i7,?,
1769474025.8894923,RECEIVED,b6a3013e-addb-4174-ad8a-afb5e17e55c1,3a0e987f-998b-42d2-a6e9-fc859211ce08,c2,c1,1263,i12,?,
1769474025.8954265,SENT,d5cbd06d-7055-4115-a341-f5c200578bf5,96187d2a-4942-459b-896c-62d890fa1007,c3,c4,872,?,p1,
1769474025.8955605,FORWARDED,d5cbd06d-7055-4115-a341-f5c200578bf5,96187d2a-4942-459b-896c-62d890fa1007,c3,c4,872,?,p1,
1769474025.9330132,SENT,6f10df0b-9092-44f3-aa31-cb52845df7fb,af72aa3a-897a-4059-a1d9-45c52a7e23ac,c1,c2,868,?,p2,
1769474025.9332309,FORWARDED,6f10df0b-9092-44f3-aa31-cb52845df7fb,af72aa3a-897a-4059-a1d9-45c52a7e23ac,c1,c2,868,?,p2,
1769474026.9609232,RECEIVED,bce1717c-4a67-4fb6-8a00-04602887410d,b7f88afa-9ac9-42ea-b86a-a5bffdb55039,c5,c4,1251,i4,?,
1769474027.0412407,SENT,bce1717c-4a67-4fb6-8a00-04602887410d,b7f88afa-9ac9-42ea-b86a-a5bffdb55039,c5,c4,867,?,p1,
1769474027.0418296,FORWARDED,bce1717c-4a67-4fb6-8a00-04602887410d,b7f88afa-9ac9-42ea-b86a-a5bffdb55039,c5,c4,867,?,p1,
1769474027.1303222,SENT,b6a3013e-addb-4174-ad8a-afb5e17e55c1,3a0e987f-998b-42d2-a6e9-fc859211ce08,c2,c1,875,?,p1,
1769474027.130413,FORWARDED,b6a3013e-addb-4174-ad8a-afb5e17e55c1,3a0e987f-998b-42d2-a6e9-fc859211ce08,c2,c1,875,?,p1,
1769474027.2894568,RECEIVED,9ad563a6-9173-4a6b-95b5-390aa588bbff,c263b212-5d75-4b5f-a161-a39d5b984d04,c5,c4,1257,i6,?,
1769474027.2995274,SENT,9ad563a6-9173-4a6b-95b5-390aa588bbff,c263b212-5d75-4b5f-a161-a39d5b984d04,c5,c4,868,?,p1,
1769474027.2996132,FORWARDED,9ad563a6-9173-4a6b-95b5-390aa588bbff,c263b212-5d75-4b5f-a161-a39d5b984d04,c5,c4,868,?,p1,
1769474028.1000113,RECEIVED,10c7af80-7caf-4ad3-b0eb-64b7b5bedf9b,8cb69280-74b5-4a83-a3b0-c2cc77bcb5da,c2,c1,1256,i10,?,
1769474028.2026727,SENT,10c7af80-7caf-4ad3-b0eb-64b7b5bedf9b,8cb69280-74b5-4a83-a3b0-c2cc77bcb5da,c2,c1,868,?,p1,
1769474028.2028112,FORWARDED,10c7af80-7caf-4ad3-b0eb-64b7b5bedf9b,8cb69280-74b5-4a83-a3b0-c2cc77bcb5da,c2,c1,868,?,p1,
1769474029.1292348,RECEIVED,f3a0907b-4052-4b4c-b810-ba6e258aa905,9463b2eb-6bec-44e1-bde7-bae77a31bcdc,c2,c1,1251,i2,?,
1769474029.8403168,RECEIVED,97e3b278-ea7b-41c5-820d-af86e35751e9,1e89478f-0d07-4772-b4fa-0076841fc0a5,c2,c1,1255,i12,?,
1769474029.870619,RECEIVED,a12951a9-7c85-40b7-be66-d85fcedfb8fe,79850a21-4c98-49d6-b56e-a65391597299,c3,c4,1260,i8,?,
1769474030.0785472,SENT,a12951a9-7c85-40b7-be66-d85fcedfb8fe,79850a21-4c98-49d6-b56e-a65391597299,c3,c4,871,?,p1,
1769474030.0786753,FORWARDED,a12951a9-7c85-40b7-be66-d85fcedfb8fe,79850a21-4c98-49d6-b56e-a65391597299,c3,c4,871,?,p1,
1769474030.12724,SENT,f3a0907b-4052-4b4c-b810-ba6e258aa905,9463b2eb-6bec-44e1-bde7-bae77a31bcdc,c2,c1,867,?,p1,
1769474030.1273859,FORWARDED,f3a0907b-4052-4b4c-b810-ba6e258aa905,9463b2eb-6bec-44e1-bde7-bae77a31bcdc,c2,c1,867,?,p1,
1769474030.1954124,SENT,97e3b278-ea7b-41c5-820d-af86e35751e9,1e89478f-0d07-4772-b4fa-0076841fc0a5,c2,c1,870,?,p1,
1769474030.1955802,FORWARDED,97e3b278-ea7b-41c5-820d-af86e35751e9,1e89478f-0d07-4772-b4fa-0076841fc0a5,c2,c1,870,?,p1,
1769474032.601372,RECEIVED,fba39890-f78b-44e0-b0fe-4c8a62ca35c1,3fd0488e-3d82-4e49-ad4d-d3e8bbd816c9,c1,c2,1259,i7,?,
1769474033.121829,SENT,fba39890-f78b-44e0-b0fe-4c8a62ca35c1,3fd0488e-3d82-4e49-ad4d-d3e8bbd816c9,c1,c2,871,?,p2,
1769474033.1219673,FORWARDED,fba39890-f78b-44e0-b0fe-4c8a62ca35c1,3fd0488e-3d82-4e49-ad4d-d3e8bbd816c9,c1,c2,871,?,p2,
1769474034.585325,RECEIVED,c3acbfe8-705d-409b-b92a-f468be895fdb,c8d0f3a2-0616-4930-8abf-f01a84abda08,c1,c2,1259,i8,?,
1769474035.3707614,RECEIVED,5ad4f13c-4154-426c-a581-8ce60507b5c5,162691af-1a70-46dc-97fd-b0f9a35334f8,c1,c2,1257,i1,?,
1769474035.3969126,SENT,5ad4f13c-4154-426c-a581-8ce60507b5c5,162691af-1a70-46dc-97fd-b0f9a35334f8,c1,c2,868,?,p2,
1769474035.3969777,FORWARDED,5ad4f13c-4154-426c-a581-8ce60507b5c5,162691af-1a70-46dc-97fd-b0f9a35334f8,c1,c2,868,?,p2,
1769474036.2051418,SENT,c3acbfe8-705d-409b-b92a-f468be895fdb,c8d0f3a2-0616-4930-8abf-f01a84abda08,c1,c2,871,?,p2,
1769474036.2052755,FORWARDED,c3acbfe8-705d-409b-b92a-f468be895fdb,c8d0f3a2-0616-4930-8abf-f01a84abda08,c1,c2,871,?,p2,
1769474036.2304726,RECEIVED,98e2a739-4bda-4654-8fce-57f23748becc,6ac4effa-350d-4ce6-abbc-1c43e4e0b5f3,c5,c4,1260,i8,?,
1769474036.4783921,SENT,98e2a739-4bda-4654-8fce-57f23748becc,6ac4effa-350d-4ce6-abbc-1c43e4e0b5f3,c5,c4,871,?,p1,
1769474036.4785283,FORWARDED,98e2a739-4bda-4654-8fce-57f23748becc,6ac4effa-350d-4ce6-abbc-1c43e4e0b5f3,c5,c4,871,?,p1,
1769474036.558317,RECEIVED,3714f146-86a1-40cf-bb62-81d55f78c2c8,4602cd1e-fadb-41ea-912b-582e093d72e8,c1,c2,1259,i3,?,
1769474036.7794194,RECEIVED,6c755779-bbdf-4c30-9762-0e6bfd42732f,d332b1a4-6d1d-4c72-a158-4e0aefef3bd9,c1,c2,1263,i12,?,
1769474037.3145804,SENT,3714f146-86a1-40cf-bb62-81d55f78c2c8,4602cd1e-fadb-41ea-912b-582e093d72e8,c1,c2,871,?,p2,
1769474037.3147116,FORWARDED,3714f146-86a1-40cf-bb62-81d55f78c2c8,4602cd1e-fadb-41ea-912b-582e093d72e8,c1,c2,871,?,p2,
1769474037.5533788,SENT,6c755779-bbdf-4c30-9762-0e6bfd42732f,d332b1a4-6d1d-4c72-a158-4e0aefef3bd9,c1,c2,875,?,p2,
1769474037.5535116,FORWARDED,6c755779-bbdf-4c30-9762-0e6bfd42732f,d332b1a4-6d1d-4c72-a158-4e0aefef3bd9,c1,c2,875,?,p2,
1769474040.660644,RECEIVED,9e65e425-6b22-44a7-ab64-06fff74205d3,b290441c-5daa-40c6-ab1c-08eae6ed4518,c2,c1,1260,i4,?,
1769474040.7527068,RECEIVED,a90000e6-77b0-4a6b-95f3-6f3e55d85bc9,be03bfd5-df8d-441f-a2ca-04f902a72a14,c5,c4,1256,i12,?,
1769474041.16336,SENT,9e65e425-6b22-44a7-ab64-06fff74205d3,b290441c-5daa-40c6-ab1c-08eae6ed4518,c2,c1,871,?,p1,
1769474041.1634905,FORWARDED,9e65e425-6b22-44a7-ab64-06fff74205d3,b290441c-5daa-40c6-ab1c-08eae6ed4518,c2,c1,871,?,p1,
1769474041.1881185,SENT,a90000e6-77b0-4a6b-95f3-6f3e55d85bc9,be03bfd5-df8d-441f-a2ca-04f902a72a14,c5,c4,868,?,p1,
1769474041.1882486,FORWARDED,a90000e6-77b0-4a6b-95f3-6f3e55d85bc9,be03bfd5-df8d-441f-a2ca-04f902a72a14,c5,c4,868,?,p1,
1769474041.3795097,RECEIVED,237c74dd-6330-4ca6-80c0-f1ca320964d8,5793c462-4aad-4935-8d4b-65b1fe5396ff,c1,c2,1256,i3,?,
1769474041.7936842,SENT,237c74dd-6330-4ca6-80c0-f1ca320964d8,5793c462-4aad-4935-8d4b-65b1fe5396ff,c1,c2,868,?,p2,
1769474041.7938156,FORWARDED,237c74dd-6330-4ca6-80c0-f1ca320964d8,5793c462-4aad-4935-8d4b-65b1fe5396ff,c1,c2,868,?,p2,
1769474042.2588067,RECEIVED,5715d8ad-6c7a-481c-bf58-5bb722e0299f,1d41f3fa-6b67-48a8-867f-4c2e151ec87f,c5,c4,1250,i9,?,
1769474042.8682716,SENT,5715d8ad-6c7a-481c-bf58-5bb722e0299f,1d41f3fa-6b67-48a8-867f-4c2e151ec87f,c5,c4,867,?,p1,
1769474042.8683462,FORWARDED,5715d8ad-6c7a-481c-bf58-5bb722e0299f,1d41f3fa-6b67-48a8-867f-4c2e151ec87f,c5,c4,867,?,p1,
1769474043.2226,RECEIVED,dde111d2-9f78-4357-8f1c-1b3d0a357059,33f36245-09de-428b-ac1c-01fee25123d3,c5,c4,1252,i9,?,
1769474043.245646,RECEIVED,5b819cd5-0ed9-4912-b833-f71175bd5e03,5ca27faa-012c-4228-b485-273ea7646901,c3,c4,1256,i10,?,
1769474043.251571,SENT,dde111d2-9f78-4357-8f1c-1b3d0a357059,33f36245-09de-428b-ac1c-01fee25123d3,c5,c4,867,?,p1,
1769474043.2517097,FORWARDED,dde111d2-9f78-4357-8f1c-1b3d0a357059,33f36245-09de-428b-ac1c-01fee25123d3,c5,c4,867,?,p1,
1769474043.3255515,SENT,5b819cd5-0ed9-4912-b833-f71175bd5e03,5ca27faa-012c-4228-b485-273ea7646901,c3,c4,868,?,p1,
1769474043.325684,FORWARDED,5b819cd5-0ed9-4912-b833-f71175bd5e03,5ca27faa-012c-4228-b485-273ea7646901,c3,c4,868,?,p1,
1769474045.256852,RECEIVED,ee93b884-ba3a-4d74-abec-4e3dfe097d69,b24f4272-9cda-4bda-9883-53182bd0537c,c2,c1,1263,i11,?,
1769474046.0048697,SENT,ee93b884-ba3a-4d74-abec-4e3dfe097d69,b24f4272-9cda-4bda-9883-53182bd0537c,c2,c1,876,?,p1,
1769474046.0050013,FORWARDED,ee93b884-ba3a-4d74-abec-4e3dfe097d69,b24f4272-9cda-4bda-9883-53182bd0537c,c2,c1,876,?,p1,
1769474046.3152359,RECEIVED,91b2e269-fea8-4a72-b451-87df2b256bcf,2bf58c5e-fac1-405a-904b-a68c2ccb2abc,c4,c1,1263,i6,?,
1769474047.358795,SENT,91b2e269-fea8-4a72-b451-87df2b256bcf,2bf58c5e-fac1-405a-904b-a68c2ccb2abc,c4,c1,874,?,p1,
1769474047.3589213,FORWARDED,91b2e269-fea8-4a72-b451-87df2b256bcf,2bf58c5e-fac1-405a-904b-a68c2ccb2abc,c4,c1,874,?,p1,
1769474047.8921187,RECEIVED,23f62bd7-5258-48b2-88c3-5aaa9f69b890,fa837186-ea57-4ce9-8e0d-94386977efe3,c4,c1,1252,i7,?,
1769474047.940203,SENT,23f62bd7-5258-48b2-88c3-5aaa9f69b890,fa837186-ea57-4ce9-8e0d-94386977efe3,c4,c1,867,?,p1,
1769474047.94029,FORWARDED,23f62bd7-5258-48b2-88c3-5aaa9f69b890,fa837186-ea57-4ce9-8e0d-94386977efe3,c4,c1,867,?,p1,
1769474052.3552518,RECEIVED,488dfb36-3faa-4444-a6a7-eb27bd618813,2e47c92a-aae8-47c8-aff8-c8b131046b14,c1,c2,1252,i7,?,
1769474052.4697165,SENT,488dfb36-3faa-4444-a6a7-eb27bd618813,2e47c92a-aae8-47c8-aff8-c8b131046b14,c1,c2,867,?,p2,
1769474052.4698575,FORWARDED,488dfb36-3faa-4444-a6a7-eb27bd618813,2e47c92a-aae8-47c8-aff8-c8b131046b14,c1,c2,867,?,p2,
1769474053.2801867,RECEIVED,232b302d-c0ab-4838-93e9-7571c13e3039,f6c92e35-6e38-4a02-9d99-2357918e0f8b,c1,c2,1251,i11,?,
1769474053.6267583,RECEIVED,13d5beb6-b4b5-423d-95e5-bab8a2de87c6,89d1c178-7f6f-4d7f-9e1e-436de0f91660,c2,c1,1256,i2,?,
1769474053.8634388,SENT,13d5beb6-b4b5-423d-95e5-bab8a2de87c6,89d1c178-7f6f-4d7f-9e1e-436de0f91660,c2,c1,868,?,p1,
1769474053.863554,FORWARDED,13d5beb6-b4b5-423d-95e5-bab8a2de87c6,89d1c178-7f6f-4d7f-9e1e-436de0f91660,c2,c1,868,?,p1,
1769474054.3683333,RECEIVED,9a81e9a8-66e3-4f58-89de-608dc5308055,6883e388-fed4-4639-aca1-22e9b0750a0e,c5,c4,1252,i9,?,
1769474054.4683506,SENT,9a81e9a8-66e3-4f58-89de-608dc5308055,6883e388-fed4-4639-aca1-22e9b0750a0e,c5,c4,867,?,p1,
1769474054.4684753,FORWARDED,9a81e9a8-66e3-4f58-89de-608dc5308055,6883e388-fed4-4639-aca1-22e9b0750a0e,c5,c4,867,?,p1,
1769474055.1911764,SENT,232b302d-c0ab-4838-93e9-7571c13e3039,f6c92e35-6e38-4a02-9d99-2357918e0f8b,c1,c2,866,?,p2,
1769474055.1912417,FORWARDED,232b302d-c0ab-4838-93e9-7571c13e3039,f6c92e35-6e38-4a02-9d99-2357918e0f8b,c1,c2,866,?,p2,
1769474055.513235,RECEIVED,f966cc0f-090c-45c3-b437-2249ad31e90e,de068c2e-137d-4e36-b862-6d87b397fdc5,c2,c1,1264,i12,?,
1769474055.5547118,SENT,f966cc0f-090c-45c3-b437-2249ad31e90e,de068c2e-137d-4e36-b862-6d87b397fdc5,c2,c1,876,?,p1,
1769474055.5548415,FORWARDED,f966cc0f-090c-45c3-b437-2249ad31e90e,de068c2e-137d-4e36-b862-6d87b397fdc5,c2,c1,876,?,p1,
1769474056.7703395,RECEIVED,7fa2bf22-b552-48e3-a9f2-3f9265208278,9c5fde70-0e30-4bc1-997d-2cd8b2347388,c2,c1,1258,i11,?,
1769474057.0501997,RECEIVED,05b2d71c-b53d-469c-bbb3-14fbb6fb974b,21100fab-924b-465c-80df-322425f8dafe,c4,c1,1260,i2,?,
1769474057.1533372,RECEIVED,7e00ec3d-cc4d-4fd5-8931-07cf311b96b4,69107e73-a3f1-4d5a-9773-9f3a14101ede,c1,c2,1255,i2,?,
1769474057.4600248,SENT,7e00ec3d-cc4d-4fd5-8931-07cf311b96b4,69107e73-a3f1-4d5a-9773-9f3a14101ede,c1,c2,870,?,p2,
1769474057.4603038,FORWARDED,7e00ec3d-cc4d-4fd5-8931-07cf311b96b4,69107e73-a3f1-4d5a-9773-9f3a14101ede,c1,c2,870,?,p2,
1769474057.5240204,SENT,05b2d71c-b53d-469c-bbb3-14fbb6fb974b,21100fab-924b-465c-80df-322425f8dafe,c4,c1,872,?,p1,
1769474057.5241246,FORWARDED,05b2d71c-b53d-469c-bbb3-14fbb6fb974b,21100fab-924b-465c-80df-322425f8dafe,c4,c1,872,?,p1,
1769474057.914918,RECEIVED,b68e3000-cc1a-4300-a9f6-3f88b1ef4adb,898e9e06-1531-429d-9d8e-89bf331605e2,c2,c1,1251,i4,?,
1769474058.0041957,RECEIVED,7e831761-99b7-4892-8062-105f21be5632,94ec6f5b-bd03-4f6a-b441-efdbbe7f64e3,c1,c2,1263,i12,?,
1769474058.0679002,SENT,b68e3000-cc1a-4300-a9f6-3f88b1ef4adb,898e9e06-1531-429d-9d8e-89bf331605e2,c2,c1,866,?,p1,
1769474058.0680304,FORWARDED,b68e3000-cc1a-4300-a9f6-3f88b1ef4adb,898e9e06-1531-429d-9d8e-89bf331605e2,c2,c1,866,?,p1,
1769474058.7531147,SENT,7e831761-99b7-4892-8062-105f21be5632,94ec6f5b-bd03-4f6a-b441-efdbbe7f64e3,c1,c2,876,?,p2,
1769474058.7532456,FORWARDED,7e831761-99b7-4892-8062-105f21be5632,94ec6f5b-bd03-4f6a-b441-efdbbe7f64e3,c1,c2,876,?,p2,
1769474058.9819021,SENT,7fa2bf22-b552-48e3-a9f2-3f9265208278,9c5fde70-0e30-4bc1-997d-2cd8b2347388,c2,c1,871,?,p1,
1769474058.982138,FORWARDED,7fa2bf22-b552-48e3-a9f2-3f9265208278,9c5fde70-0e30-4bc1-997d-2cd8b2347388,c2,c1,871,?,p1,
1769474059.6991062,RECEIVED,2f578ba7-218f-4a9a-8ec9-be6032dc87bf,0a5aa634-a892-44a1-a68c-229e70539725,c2,c1,1256,i7,?,
1769474060.1241777,SENT,2f578ba7-218f-4a9a-8ec9-be6032dc87bf,0a5aa634-a892-44a1-a68c-229e70539725,c2,c1,868,?,p1,
1769474060.1244512,FORWARDED,2f578ba7-218f-4a9a-8ec9-be6032dc87bf,0a5aa634-a892-44a1-a68c-229e70539725,c2,c1,868,?,p1,
1769474063.0104687,RECEIVED,d01f9588-9f36-4f1d-aeb4-11102dc11d97,df4b5a5d-c4a5-4314-b07a-eb8b5d24ef03,c1,c2,1264,i2,?,
1769474063.0723693,SENT,d01f9588-9f36-4f1d-aeb4-11102dc11d97,df4b5a5d-c4a5-4314-b07a-eb8b5d24ef03,c1,c2,875,?,p2,
1769474063.0725036,FORWARDED,d01f9588-9f36-4f1d-aeb4-11102dc11d97,df4b5a5d-c4a5-4314-b07a-eb8b5d24ef03,c1,c2,875,?,p2,
1769474063.1783388,RECEIVED,27c0cc86-62ad-4892-b08c-b1761647bce5,bff110f3-32e8-4989-a379-f9d3c0613b3b,c4,c1,1250,i5,?,
1769474063.2344053,SENT,27c0cc86-62ad-4892-b08c-b1761647bce5,bff110f3-32e8-4989-a379-f9d3c0613b3b,c4,c1,867,?,p1,
1769474063.2344708,FORWARDED,27c0cc86-62ad-4892-b08c-b1761647bce5,bff110f3-32e8-4989-a379-f9d3c0613b3b,c4,c1,867,?,p1,
1769474065.320732,RECEIVED,31683992-aba8-4bfa-8820-f2d723eba9cf,aced75f8-3388-4da4-b1af-c2d61e4369bd,c2,c1,1251,i8,?,
1769474065.4085226,SENT,31683992-aba8-4bfa-8820-f2d723eba9cf,aced75f8-3388-4da4-b1af-c2d61e4369bd,c2,c1,867,?,p1,
1769474065.4086099,FORWARDED,31683992-aba8-4bfa-8820-f2d723eba9cf,aced75f8-3388-4da4-b1af-c2d61e4369bd,c2,c1,867,?,p1,
1769474066.0227287,RECEIVED,cdebd211-628a-472a-9218-3ebe6187e786,73519648-3288-4841-9891-a69ed646ccca,c5,c4,1251,i3,?,
1769474066.5951464,SENT,cdebd211-628a-472a-9218-3ebe6187e786,73519648-3288-4841-9891-a69ed646ccca,c5,c4,867,?,p1,
1769474066.5953112,FORWARDED,cdebd211-628a-472a-9218-3ebe6187e786,73519648-3288-4841-9891-a69ed646ccca,c5,c4,867,?,p1,
1769474066.9988139,RECEIVED,79ea703f-0a43-4952-b039-42c7e8808be4,9637c223-18e0-4ad6-a9e7-837ab51be0de,c3,c4,1256,i12,?,
1769474067.1226025,RECEIVED,a1bb2fd6-fde3-4a70-baf6-66adeea7247d,64e7d6fc-4cdb-47f8-856a-6d67190c0ee1,c3,c4,1259,i4,?,
1769474067.2843752,SENT,79ea703f-0a43-4952-b039-42c7e8808be4,9637c223-18e0-4ad6-a9e7-837ab51be0de,c3,c4,868,?,p1,
1769474067.2845035,FORWARDED,79ea703f-0a43-4952-b039-42c7e8808be4,9637c223-18e0-4ad6-a9e7-837ab51be0de,c3,c4,868,?,p1,
1769474067.3883502,RECEIVED,eb2551d1-0867-470a-9f4f-6294d638bb8f,a42c68ee-bb82-45a1-a3d0-289e9ca84d4c,c4,c1,1256,i3,?,
1769474067.4886084,SENT,eb2551d1-0867-470a-9f4f-6294d638bb8f,a42c68ee-bb82-45a1-a3d0-289e9ca84d4c,c4,c1,868,?,p1,
1769474067.488743,FORWARDED,eb2551d1-0867-470a-9f4f-6294d638bb8f,a42c68ee-bb82-45a1-a3d0-289e9ca84d4c,c4,c1,868,?,p1,
1769474067.7484982,SENT,a1bb2fd6-fde3-4a70-baf6-66adeea7247d,64e7d6fc-4cdb-47f8-856a-6d67190c0ee1,c3,c4,871,?,p1,
1769474067.7486315,FORWARDED,a1bb2fd6-fde3-4a70-baf6-66adeea7247d,64e7d6fc-4cdb-47f8-856a-6d67190c0ee1,c3,c4,871,?,p1,
1769474069.0045333,RECEIVED,24a7ef33-defa-465b-9a33-6dff8f6b616e,aaa4bbc4-ce56-4a42-9de3-1a3387265e51,c5,c4,1250,i6,?,
1769474069.819193,SENT,24a7ef33-defa-465b-9a33-6dff8f6b616e,aaa4bbc4-ce56-4a42-9de3-1a3387265e51,c5,c4,866,?,p1,
1769474069.8193088,FORWARDED,24a7ef33-defa-465b-9a33-6dff8f6b616e,aaa4bbc4-ce56-4a42-9de3-1a3387265e51,c5,c4,866,?,p1,
1769474070.0089517,RECEIVED,91fadd79-ae25-413f-af1f-c52f2870a09a,992ac12f-4173-4dff-a5d6-ecec741165c7,c5,c4,1258,i5,?,
1769474070.2651799,RECEIVED,eee13779-4a77-44fd-b078-38dfa3d4c152,688e3ec2-e33f-4c4c-8f96-66ff7f96ad6f,c4,c1,1252,i6,?,
1769474070.7365553,SENT,eee13779-4a77-44fd-b078-38dfa3d4c152,688e3ec2-e33f-4c4c-8f96-66ff7f96ad6f,c4,c1,867,?,p1,
1769474070.736681,FORWARDED,eee13779-4a77-44fd-b078-38dfa3d4c152,688e3ec2-e33f-4c4c-8f96-66ff7f96ad6f,c4,c1,867,?,p1,
1769474070.8532345,SENT,91fadd79-ae25-413f-af1f-c52f2870a09a,992ac12f-4173-4dff-a5d6-ecec741165c7,c5,c4,871,?,p1,
1769474070.8533652,FORWARDED,91fadd79-ae25-413f-af1f-c52f2870a09a,992ac12f-4173-4dff-a5d6-ecec741165c7,c5,c4,871,?,p1,
1769474071.8619783,RECEIVED,036cc5e7-2d32-477e-94d2-a1ede5095e3c,920ae346-260e-42e7-8b09-62ca34901c46,c1,c2,1264,i3,?,
1769474071.889651,RECEIVED,a467b6fd-a5f1-48fa-b3dc-5ee721ab3811,d03f0a9a-7358-4f25-9e04-3401d2d1e212,c3,c4,1264,i2,?,
1769474071.9182582,RECEIVED,f27837b2-ead3-4430-b659-5eeb69328cb6,ad4a4b13-a6fd-4cc5-a5e6-a77c0fd4fa8d,c1,c2,1254,i12,?,
1769474072.0607064,SENT,036cc5e7-2d32-477e-94d2-a1ede5095e3c,920ae346-260e-42e7-8b09-62ca34901c46,c1,c2,875,?,p2,
1769474072.0607843,FORWARDED,036cc5e7-2d32-477e-94d2-a1ede5095e3c,920ae346-260e-42e7-8b09-62ca34901c46,c1,c2,875,?,p2,
1769474072.3821468,SENT,a467b6fd-a5f1-48fa-b3dc-5ee721ab3811,d03f0a9a-7358-4f25-9e04-3401d2d1e212,c3,c4,875,?,p1,
1769474072.3822656,FORWARDED,a467b6fd-a5f1-48fa-b3dc-5ee721ab3811,d03f0a9a-7358-4f25-9e04-3401d2d1e212,c3,c4,875,?,p1,
1769474072.7350667,SENT,f27837b2-ead3-4430-b659-5eeb69328cb6,ad4a4b13-a6fd-4cc5-a5e6-a77c0fd4fa8d,c1,c2,870,?,p2,
1769474072.7351358,FORWARDED,f27837b2-ead3-4430-b659-5eeb69328cb6,ad4a4b13-a6fd-4cc5-a5e6-a77c0fd4fa8d,c1,c2,870,?,p2,
1769474073.1361434,RECEIVED,8a0dfbbe-2bce-46f1-be87-cd79fe2e46f8,0c013dd8-f3e6-4c26-acae-421d62d5c7b8,c4,c1,1263,i9,?,
1769474073.831776,SENT,8a0dfbbe-2bce-46f1-be87-cd79fe2e46f8,0c013dd8-f3e6-4c26-acae-421d62d5c7b8,c4,c1,875,?,p1,
1769474073.8319085,FORWARDED,8a0dfbbe-2bce-46f1-be87-cd79fe2e46f8,0c013dd8-f3e6-4c26-acae-421d62d5c7b8,c4,c1,875,?,p1,
1769474074.171958,RECEIVED,a639990d-0bb2-4c2c-9e4b-86939678ac03,097ec70c-3921-45a9-87df-492734eac409,c2,c1,1263,i10,?,
1769474074.4417322,RECEIVED,54ae68e4-098f-48cd-b1d5-a34687cbb783,6ca05eb8-554f-45c1-a9ba-a4f05dd63091,c1,c2,1245,i1,?,
1769474074.4653463,SENT,a639990d-0bb2-4c2c-9e4b-86939678ac03,097ec70c-3921-45a9-87df-492734eac409,c2,c1,875,?,p1,
1769474074.4654958,FORWARDED,a639990d-0bb2-4c2c-9e4b-86939678ac03,097ec70c-3921-45a9-87df-492734eac409,c2,c1,875,?,p1,
1769474074.6833503,SENT,54ae68e4-098f-48cd-b1d5-a34687cbb783,6ca05eb8-554f-45c1-a9ba-a4f05dd63091,c1,c2,864,?,p2,
1769474074.6834667,FORWARDED,54ae68e4-098f-48cd-b1d5-a34687cbb783,6ca05eb8-554f-45c1-a9ba-a4f05dd63091,c1,c2,864,?,p2,
1769474075.573475,RECEIVED,22a7997d-a7a1-4dbf-910b-6e283bc9179d,98e4267b-daba-4abd-98d8-aa40b062d6b2,c2,c1,1259,i3,?,
1769474076.0619075,RECEIVED,7da100b8-7b00-482d-b16f-46abb0e97aaf,7e30ed04-e65c-4a26-bc0d-6c7c170327e2,c5,c4,1254,i6,?,
1769474076.628979,SENT,7da100b8-7b00-482d-b16f-46abb0e97aaf,7e30ed04-e65c-4a26-bc0d-6c7c170327e2,c5,c4,870,?,p1,
1769474076.629381,FORWARDED,7da100b8-7b00-482d-b16f-46abb0e97aaf,7e30ed04-e65c-4a26-bc0d-6c7c170327e2,c5,c4,870,?,p1,
1769474077.5036209,RECEIVED,e1afe8a2-e8a8-4faa-aa09-596c38d199df,02bf6acb-5ceb-416d-9d91-c0975b6ad7b5,c2,c1,1255,i1,?,
1769474077.989853,RECEIVED,60d1e524-a38f-45f0-8f42-6a7baffbd6b8,8455733d-3c85-4f4b-b3bc-93b5dd63c5ef,c5,c4,1264,i4,?,
1769474078.006016,SENT,e1afe8a2-e8a8-4faa-aa09-596c38d199df,02bf6acb-5ceb-416d-9d91-c0975b6ad7b5,c2,c1,870,?,p1,
1769474078.006196,FORWARDED,e1afe8a2-e8a8-4faa-aa09-596c38d199df,02bf6acb-5ceb-416d-9d91-c0975b6ad7b5,c2,c1,870,?,p1,
1769474078.1491327,SENT,60d1e524-a38f-45f0-8f42-6a7baffbd6b8,8455733d-3c85-4f4b-b3bc-93b5dd63c5ef,c5,c4,875,?,p1,
1769474078.1491864,FORWARDED,60d1e524-a38f-45f0-8f42-6a7baffbd6b8,8455733d-3c85-4f4b-b3bc-93b5dd63c5ef,c5,c4,875,?,p1,
1769474078.8298278,RECEIVED,c141ace0-a4a2-4b53-8585-8a6a4fe6db13,10aaf426-4f30-4ca4-b4eb-33de02246ead,c2,c1,1260,i2,?,
1769474079.0988448,SENT,22a7997d-a7a1-4dbf-910b-6e283bc9179d,98e4267b-daba-4abd-98d8-aa40b062d6b2,c2,c1,871,?,p1,
1769474079.098972,FORWARDED,22a7997d-a7a1-4dbf-910b-6e283bc9179d,98e4267b-daba-4abd-98d8-aa40b062d6b2,c2,c1,871,?,p1,
1769474079.1684127,SENT,c141ace0-a4a2-4b53-8585-8a6a4fe6db13,10aaf426-4f30-4ca4-b4eb-33de02246ead,c2,c1,872,?,p1,
1769474079.1685524,FORWARDED,c141ace0-a4a2-4b53-8585-8a6a4fe6db13,10aaf426-4f30-4ca4-b4eb-33de02246ead,c2,c1,872,?,p1,
1769474079.2519436,RECEIVED,de5f56f8-87b6-4820-abc0-a2601ea90988,3cb86c9e-4252-4dee-b64c-278ed5623305,c3,c4,1256,i7,?,
1769474079.3996148,SENT,de5f56f8-87b6-4820-abc0-a2601ea90988,3cb86c9e-4252-4dee-b64c-278ed5623305,c3,c4,869,?,p1,
1769474079.399749,FORWARDED,de5f56f8-87b6-4820-abc0-a2601ea90988,3cb86c9e-4252-4dee-b64c-278ed5623305,c3,c4,869,?,p1,
1769474080.3929596,RECEIVED,05f253d9-3130-41e5-9d89-e7a1038c6b6e,65e37953-40da-41c9-af89-73aca288cad5,c2,c1,1247,i8,?,
1769474080.906236,SENT,05f253d9-3130-41e5-9d89-e7a1038c6b6e,65e37953-40da-41c9-af89-73aca288cad5,c2,c1,864,?,p1,
1769474080.9063137,FORWARDED,05f253d9-3130-41e5-9d89-e7a1038c6b6e,65e37953-40da-41c9-af89-73aca288cad5,c2,c1,864,?,p1,
1769474081.3126745,RECEIVED,95c83cf7-ba48-4fc9-b5fc-2ea446ddb4f0,53e432af-4f2b-4152-941b-001d2ff78c76,c3,c4,1255,i5,?,
1769474081.7690067,RECEIVED,524230a2-fd5c-4a0a-9bd7-d67724907479,f53ecc40-3b80-4d25-a93b-2520ec4da954,c1,c2,1248,i2,?,
1769474081.9857757,SENT,95c83cf7-ba48-4fc9-b5fc-2ea446ddb4f0,53e432af-4f2b-4152-941b-001d2ff78c76,c3,c4,870,?,p1,
1769474081.9859004,FORWARDED,95c83cf7-ba48-4fc9-b5fc-2ea446ddb4f0,53e432af-4f2b-4152-941b-001d2ff78c76,c3,c4,870,?,p1,
1769474082.083241,SENT,524230a2-fd5c-4a0a-9bd7-d67724907479,f53ecc40-3b80-4d25-a93b-2520ec4da954,c1,c2,863,?,p2,
1769474082.0833638,FORWARDED,524230a2-fd5c-4a0a-9bd7-d67724907479,f53ecc40-3b80-4d25-a93b-2520ec4da954,c1,c2,863,?,p2,
1769474082.4052846,RECEIVED,37927c28-61ad-4c00-855e-472701a209ff,593df610-4996-4b2f-b261-948ef85d5d80,c3,c4,1251,i5,?,
1769474083.5230021,RECEIVED,79e4fdb5-8541-49ce-a3bd-ab8adaf4aa97,6fda7662-f3e0-4d02-9a72-648934bb852d,c3,c4,1264,i12,?,
1769474083.7274814,SENT,79e4fdb5-8541-49ce-a3bd-ab8adaf4aa97,6fda7662-f3e0-4d02-9a72-648934bb852d,c3,c4,874,?,p1,
1769474083.727564,FORWARDED,79e4fdb5-8541-49ce-a3bd-ab8adaf4aa97,6fda7662-f3e0-4d02-9a72-648934bb852d,c3,c4,874,?,p1,
1769474084.0305157,RECEIVED,a724fc62-bec5-4cc7-b8af-fe510e7dcf7a,2b7c16e5-7829-4c3d-9909-743447afde3f,c1,c2,1252,i3,?,
1769474084.1854486,SENT,a724fc62-bec5-4cc7-b8af-fe510e7dcf7a,2b7c16e5-7829-4c3d-9909-743447afde3f,c1,c2,866,?,p2,
1769474084.1855283,FORWARDED,a724fc62-bec5-4cc7-b8af-fe510e7dcf7a,2b7c16e5-7829-4c3d-9909-743447afde3f,c1,c2,866,?,p2,
1769474084.9110975,SENT,37927c28-61ad-4c00-855e-472701a209ff,593df610-4996-4b2f-b261-948ef85d5d80,c3,c4,867,?,p1,
1769474084.9112248,FORWARDED,37927c28-61ad-4c00-855e-472701a209ff,593df610-4996-4b2f-b261-948ef85d5d80,c3,c4,867,?,p1,
1769474085.107078,RECEIVED,7895a7fd-de56-4d98-8cf7-d8db37c2e0fc,9f6bddca-2fb2-4de8-adbb-c12dc47fa9a1,c1,c2,1259,i6,?,
1769474085.6426857,SENT,7895a7fd-de56-4d98-8cf7-d8db37c2e0fc,9f6bddca-2fb2-4de8-adbb-c12dc47fa9a1,c1,c2,871,?,p2,
1769474085.64275,FORWARDED,7895a7fd-de56-4d98-8cf7-d8db37c2e0fc,9f6bddca-2fb2-4de8-adbb-c12dc47fa9a1,c1,c2,871,?,p2,
1769474087.2099354,RECEIVED,89634592-e527-4fca-bf19-6b4e0a320c01,def85ba7-28ee-4c6c-ba47-544f05ee1cc3,c3,c4,1259,i12,?,
1769474087.4776988,SENT,89634592-e527-4fca-bf19-6b4e0a320c01,def85ba7-28ee-4c6c-ba47-544f05ee1cc3,c3,c4,871,?,p1,
1769474087.477782,FORWARDED,89634592-e527-4fca-bf19-6b4e0a320c01,def85ba7-28ee-4c6c-ba47-544f05ee1cc3,c3,c4,871,?,p1,
1769474088.7258227,RECEIVED,18767d09-eddb-41d2-bcb5-3d60724d80a0,b8fadd37-2e2f-484b-a8cc-97887c22f371,c2,c1,1259,i1,?,
1769474089.994031,RECEIVED,37a33ff2-ad30-4ea5-94fd-e2023770d2d4,a36b0478-9edf-4d50-8737-4b94f2762bdd,c3,c4,1261,i2,?,
1769474090.0412505,SENT,37a33ff2-ad30-4ea5-94fd-e2023770d2d4,a36b0478-9edf-4d50-8737-4b94f2762bdd,c3,c4,871,?,p1,
1769474090.0413494,FORWARDED,37a33ff2-ad30-4ea5-94fd-e2023770d2d4,a36b0478-9edf-4d50-8737-4b94f2762bdd,c3,c4,871,?,p1,
1769474090.1609461,SENT,18767d09-eddb-41d2-bcb5-3d60724d80a0,b8fadd37-2e2f-484b-a8cc-97887c22f371,c2,c1,872,?,p1,
1769474090.161035,FORWARDED,18767d09-eddb-41d2-bcb5-3d60724d80a0,b8fadd37-2e2f-484b-a8cc-97887c22f371,c2,c1,872,?,p1,
1769474090.3758774,RECEIVED,bd87c2f3-5c6d-4a48-ac76-10e37c8eefa8,161bb3b5-3d88-45ea-b8c8-89d62233a2f3,c4,c1,1259,i2,?,
1769474090.6142325,SENT,bd87c2f3-5c6d-4a48-ac76-10e37c8eefa8,161bb3b5-3d88-45ea-b8c8-89d62233a2f3,c4,c1,871,?,p1,
1769474090.6143646,FORWARDED,bd87c2f3-5c6d-4a48-ac76-10e37c8eefa8,161bb3b5-3d88-45ea-b8c8-89d62233a2f3,c4,c1,871,?,p1,
1769474090.6166656,RECEIVED,e7045c0a-c966-4b34-a4ba-3132f16240c0,1f7494d4-d66f-4115-971f-27a15a2b856b,c4,c1,1260,i1,?,
1769474090.7162588,RECEIVED,8cf2603b-916f-42e7-baef-edf966ed45db,4219c442-6743-45de-90b3-e421456d659c,c1,c2,1260,i11,?,
1769474090.860987,SENT,8cf2603b-916f-42e7-baef-edf966ed45db,4219c442-6743-45de-90b3-e421456d659c,c1,c2,871,?,p2,
1769474090.8611574,FORWARDED,8cf2603b-916f-42e7-baef-edf966ed45db,4219c442-6743-45de-90b3-e421456d659c,c1,c2,871,?,p2,
1769474091.0393164,SENT,e7045c0a-c966-4b34-a4ba-3132f16240c0,1f7494d4-d66f-4115-971f-27a15a2b856b,c4,c1,872,?,p1,
1769474091.0394497,FORWARDED,e7045c0a-c966-4b34-a4ba-3132f16240c0,1f7494d4-d66f-4115-971f-27a15a2b856b,c4,c1,872,?,p1,
