{
    "avg_entropy": 2.305086117105253,
    "avg_prob_correct": 0.20555392631422342,
    "avg_rank": 1.748502994011976,
    "num_samples": 334
}